Date-Time	Dx(10)	Dx(50)	Dx(90)	Cv(%)	D[4][3]	D[3][2]	Transmission	0.10000020	0.11659167	0.13593590	0.15848963	0.18478534	0.21544389	0.25118914	0.29286504	0.34145555	0.39810795	0.46415979	0.54117060	0.63095856	0.73564368	0.85769761	1.00000191	1.16591668	1.35935903	1.58489633	1.84785342	2.15443897	2.51189137	2.92865038	3.41455555	3.98107958	4.64159775	5.41170597	6.30958605	7.35643721	8.57697582	10.00002003	11.65916729	13.59359074	15.84896278	18.47853470	21.54438972	25.11891365	29.28650284	34.14555740	39.81079483	46.41598129	54.11705780	63.09585953	73.56436920	85.76976013	100.00019836	116.59166718	135.93591309	158.48962402	184.78533936	215.44389343	251.18913269	292.86502075	341.45556641	398.10794067	464.15979004	541.17059326	630.95855713	735.64367676	857.69757080	1000.00195313
Feb 22 2023 18:03:26	87.7202301025	92.6304779053	97.8059234619	0.00398226687685	92.6120529175	92.6120529175	87.7006759644	-	0	0	0	0	0	0	0	0	0	0	0	0	0	0	0	0	0	0	0	0	0	0	0	0	0	0	0	0	0	0	0	0	0	0	0	0	0	0	0	0	0	0	0	0	100	0	0	0	0	0	0	0	0	0	0	0	0	0	0	0
Feb 22 2023 18:03:27	87.7202301025	92.6304779053	97.8059234619	0.00465533509851	92.6120529175	92.6120529175	85.7767333984	-	0	0	0	0	0	0	0	0	0	0	0	0	0	0	0	0	0	0	0	0	0	0	0	0	0	0	0	0	0	0	0	0	0	0	0	0	0	0	0	0	0	0	0	0	100	0	0	0	0	0	0	0	0	0	0	0	0	0	0	0
Feb 22 2023 18:03:28	-1.00000001505e+30	-1.00000001505e+30	-1.00000001505e+30	-1.00000002538e+26	-1.00000001505e+30	-1.00000001505e+30	99.0270385742	-	0	0	0	0	0	0	0	0	0	0	0	0	0	0	0	0	0	0	0	0	0	0	0	0	0	0	0	0	0	0	0	0	0	0	0	0	0	0	0	0	0	0	0	0	0	0	0	0	0	0	0	0	0	0	0	0	0	0	0	0
Feb 22 2023 18:03:29	87.7202301025	92.6304779053	97.8059234619	0.00379728758708	92.6120529175	92.6120529175	88.2369537354	-	0	0	0	0	0	0	0	0	0	0	0	0	0	0	0	0	0	0	0	0	0	0	0	0	0	0	0	0	0	0	0	0	0	0	0	0	0	0	0	0	0	0	0	0	100	0	0	0	0	0	0	0	0	0	0	0	0	0	0	0
Feb 22 2023 18:03:30	87.7202301025	92.6304779053	97.8059234619	0.00526559725404	92.6120529175	92.6120529175	84.0688323975	-	0	0	0	0	0	0	0	0	0	0	0	0	0	0	0	0	0	0	0	0	0	0	0	0	0	0	0	0	0	0	0	0	0	0	0	0	0	0	0	0	0	0	0	0	100	0	0	0	0	0	0	0	0	0	0	0	0	0	0	0
Feb 22 2023 18:03:31	87.7202301025	92.6304779053	97.8059234619	0.0077299666591	92.6120529175	92.6120529175	77.5109710693	-	0	0	0	0	0	0	0	0	0	0	0	0	0	0	0	0	0	0	0	0	0	0	0	0	0	0	0	0	0	0	0	0	0	0	0	0	0	0	0	0	0	0	0	0	100	0	0	0	0	0	0	0	0	0	0	0	0	0	0	0
Feb 22 2023 18:03:32	87.7202301025	92.6304779053	97.8059234619	0.00786811392754	92.6120529175	92.6120529175	77.1588821411	-	0	0	0	0	0	0	0	0	0	0	0	0	0	0	0	0	0	0	0	0	0	0	0	0	0	0	0	0	0	0	0	0	0	0	0	0	0	0	0	0	0	0	0	0	100	0	0	0	0	0	0	0	0	0	0	0	0	0	0	0
Feb 22 2023 18:03:33	87.7202301025	92.6304779053	97.8059234619	0.00939187500626	92.6120529175	92.6120529175	73.3798370361	-	0	0	0	0	0	0	0	0	0	0	0	0	0	0	0	0	0	0	0	0	0	0	0	0	0	0	0	0	0	0	0	0	0	0	0	0	0	0	0	0	0	0	0	0	100	0	0	0	0	0	0	0	0	0	0	0	0	0	0	0
Feb 22 2023 18:03:34	87.7202301025	92.6304779053	97.8059234619	0.00871899817139	92.6120529175	92.6120529175	75.0252456665	-	0	0	0	0	0	0	0	0	0	0	0	0	0	0	0	0	0	0	0	0	0	0	0	0	0	0	0	0	0	0	0	0	0	0	0	0	0	0	0	0	0	0	1.22813016667e-30	4.52696121691e-13	100	0	0	0	0	0	0	0	0	0	0	0	0	0	0	0
Feb 22 2023 18:03:35	87.7202301025	92.6304779053	97.8059234619	0.00778551399708	92.6120529175	92.6120529175	77.3692092896	-	0	0	0	0	0	0	0	0	0	0	0	0	0	0	0	0	0	0	0	0	0	0	0	0	0	0	0	0	0	0	0	0	0	0	0	0	0	0	0	0	0	0	0	0	100	0	0	0	0	0	0	0	0	0	0	0	0	0	0	0
Feb 22 2023 18:03:36	87.7202301025	92.6304779053	97.8059234619	0.00867774896324	92.6120529175	92.6120529175	75.1273117065	-	0	0	0	0	0	0	0	0	0	0	0	0	0	0	0	0	0	0	0	0	0	0	0	0	0	0	0	0	0	0	0	0	0	0	0	0	0	0	0	0	0	0	0	0	100	0	0	0	0	0	0	0	0	0	0	0	0	0	0	0
Feb 22 2023 18:03:37	87.7202301025	92.6304779053	97.8059234619	0.00935589149594	92.6120529175	92.6120529175	73.4669113159	-	0	0	0	0	0	0	0	0	0	0	0	0	0	0	0	0	0	0	0	0	0	0	0	0	0	0	0	0	0	0	0	0	0	0	0	0	0	0	0	0	0	0	1.84395331935e-31	3.23171475474e-13	100	0	0	0	0	0	0	0	0	0	0	0	0	0	0	0
Feb 22 2023 18:03:38	87.7202301025	92.6304779053	97.8059234619	0.00789184495807	92.6120529175	92.6120529175	77.0985565186	-	0	0	0	0	0	0	0	0	0	0	0	0	0	0	0	0	0	0	0	0	0	0	0	0	0	0	0	0	0	0	0	0	0	0	0	0	0	0	0	0	0	0	0	0	100	0	0	0	0	0	0	0	0	0	0	0	0	0	0	0
Feb 22 2023 18:03:39	87.7202301025	92.6304779053	97.8059234619	0.00529103679582	92.6120529175	92.6120529175	83.998374939	-	0	0	0	0	0	0	0	0	0	0	0	0	0	0	0	0	0	0	0	0	0	0	0	0	0	0	0	0	0	0	0	0	0	0	0	0	0	0	0	0	0	0	4.4062149431e-33	6.17424947974e-14	100	0	0	0	0	0	0	0	0	0	0	0	0	0	0	0
Feb 22 2023 18:03:40	87.7202301025	92.6304779053	97.8059234619	0.00740883778781	92.6120529175	92.6120529175	78.3356399536	-	0	0	0	0	0	0	0	0	0	0	0	0	0	0	0	0	0	0	0	0	0	0	0	0	0	0	0	0	0	0	0	0	0	0	0	0	0	0	0	0	0	0	0	0	100	0	0	0	0	0	0	0	0	0	0	0	0	0	0	0
Feb 22 2023 18:03:41	87.7202301025	92.6304779053	97.8059234619	0.00874947756529	92.6120529175	92.6120529175	74.9499282837	-	0	0	0	0	0	0	0	0	0	0	0	0	0	0	0	0	0	0	0	0	0	0	0	0	0	0	0	0	0	0	0	0	0	0	0	0	0	0	0	0	0	0	0	4.27317776786e-28	100	0	0	0	0	0	0	0	0	0	0	0	0	0	0	0
Feb 22 2023 18:03:42	87.7202301025	92.6304779053	97.8059234619	0.0132873887196	92.6120529175	92.6120529175	64.5388717651	-	0	0	0	0	0	0	0	0	0	0	0	0	0	0	0	0	0	0	0	0	0	0	0	0	0	0	0	0	0	0	0	0	0	0	0	0	0	0	0	0	0	0	0	0	100	0	0	0	0	0	0	0	0	0	0	0	0	0	0	0
Feb 22 2023 18:03:43	87.7202301025	92.6304779053	97.8059234619	0.00889538507909	92.6120529175	92.6120529175	74.5903930664	-	0	0	0	0	0	0	0	0	0	0	0	0	0	0	0	0	0	0	0	0	0	0	0	0	0	0	0	0	0	0	0	0	0	0	0	0	0	0	0	0	0	0	0	0	100	0	0	0	0	0	0	0	0	0	0	0	0	0	0	0
Feb 22 2023 18:03:44	87.7202301025	92.6304779053	97.8059234619	0.00720801623538	92.6120529175	92.6120529175	78.8558120728	-	0	0	0	0	0	0	0	0	0	0	0	0	0	0	0	0	0	0	0	0	0	0	0	0	0	0	0	0	0	0	0	0	0	0	0	0	0	0	0	0	0	0	0	0	100	0	0	0	0	0	0	0	0	0	0	0	0	0	0	0
Feb 22 2023 18:03:45	87.7202301025	92.6304779053	97.8059234619	0.00876202620566	92.6120529175	92.6120529175	74.9189376831	-	0	0	0	0	0	0	0	0	0	0	0	0	0	0	0	0	0	0	0	0	0	0	0	0	0	0	0	0	0	0	0	0	0	0	0	0	0	0	0	0	0	0	0	0	100	0	0	0	0	0	0	0	0	0	0	0	0	0	0	0
Feb 22 2023 18:03:46	87.7202301025	92.6304779053	97.8059234619	0.00502652628347	92.6120529175	92.6120529175	84.7338104248	-	0	0	0	0	0	0	0	0	0	0	0	0	0	0	0	0	0	0	0	0	0	0	0	0	0	0	0	0	0	0	0	0	0	0	0	0	0	0	0	0	0	0	0	0	100	0	0	0	0	0	0	0	0	0	0	0	0	0	0	0
Feb 22 2023 18:03:47	87.7202301025	92.6304779053	97.8059234619	0.0066409711726	92.6120529175	92.6120529175	80.3432998657	-	0	0	0	0	0	0	0	0	0	0	0	0	0	0	0	0	0	0	0	0	0	0	0	0	0	0	0	0	0	0	0	0	0	0	0	0	0	0	0	0	0	0	2.38786019785e-31	1.8613989473e-13	100	0	0	0	0	0	0	0	0	0	0	0	0	0	0	0
Feb 22 2023 18:03:48	87.7202301025	92.6304779053	97.8059234619	0.00641054846346	92.6120529175	92.6120529175	80.9557342529	-	0	0	0	0	0	0	0	0	0	0	0	0	0	0	0	0	0	0	0	0	0	0	0	0	0	0	0	0	0	0	0	0	0	0	0	0	0	0	0	0	0	0	5.93427788596e-33	3.49485319699e-14	100	0	0	0	0	0	0	0	0	0	0	0	0	0	0	0
Feb 22 2023 18:03:49	1.97029292583	2.21973729134	79.2133255005	0.00037037167931	16.8347358704	2.6432185173	65.40234375	-	0	0	0	0	0	0	0	0	0	0	0	0	0	0	0	2.76946260989e-36	5.60145204125e-18	1.63353234939e-07	0.106024473906	38.8309326172	41.7712516785	0.309725105762	2.27443633776e-05	1.69506058495e-11	1.01029662206e-19	2.72535186701e-30	1.40129846432e-43	0	0	0	0	0	0	0	0	0	0	0	0	0	0	0	0	18.9820575714	0	0	0	0	0	0	0	0	0	0	0	0	0	0	0	0
Feb 22 2023 18:03:50	87.7202301025	92.6304779053	97.8059234619	0.00754844397306	92.6120529175	92.6120529175	77.9760513306	-	0	0	0	0	0	0	0	0	0	0	0	0	0	0	0	0	0	0	0	0	0	0	0	0	0	0	0	0	0	0	0	0	0	0	0	0	0	0	0	0	0	0	0	0	100	0	0	0	0	0	0	0	0	0	0	0	0	0	0	0
Feb 22 2023 18:03:51	87.7202301025	92.6304779053	97.8059234619	0.0106811737642	92.6120529175	92.6120529175	70.3272094727	-	0	0	0	0	0	0	0	0	0	0	0	0	0	0	0	0	0	0	0	0	0	0	0	0	0	0	0	0	0	0	0	0	0	0	0	0	0	0	0	0	0	0	3.85748792063e-31	2.97534647744e-13	100	0	0	0	0	0	0	0	0	0	0	0	0	0	0	0
Feb 22 2023 18:03:52	87.7202301025	92.6304779053	97.8059234619	0.0126245981082	92.6120529175	92.6120529175	65.9641113281	-	0	0	0	0	0	0	0	0	0	0	0	0	0	0	0	0	0	0	0	0	0	0	0	0	0	0	0	0	0	0	0	0	0	0	0	0	0	0	0	0	0	0	0	0	100	0	0	0	0	0	0	0	0	0	0	0	0	0	0	0
Feb 22 2023 18:03:53	87.7202301025	92.6304779053	97.8059234619	0.0141444746405	92.6120529175	92.6120529175	62.741394043	-	0	0	0	0	0	0	0	0	0	0	0	0	0	0	0	0	0	0	0	0	0	0	0	0	0	0	0	0	0	0	0	0	0	0	0	0	0	0	0	0	0	0	0	0	100	0	0	0	0	0	0	0	0	0	0	0	0	0	0	0
Feb 22 2023 18:03:54	87.7202301025	92.6304779053	97.8059234619	0.0138925919309	92.6120529175	92.6120529175	63.2643814087	-	0	0	0	0	0	0	0	0	0	0	0	0	0	0	0	0	0	0	0	0	0	0	0	0	0	0	0	0	0	0	0	0	0	0	0	0	0	0	0	0	0	0	0	0	100	0	0	0	0	0	0	0	0	0	0	0	0	0	0	0
Feb 22 2023 18:03:55	87.7202301025	92.6304779053	97.8059234619	0.0148286325857	92.6120529175	92.6120529175	61.3425750732	-	0	0	0	0	0	0	0	0	0	0	0	0	0	0	0	0	0	0	0	0	0	0	0	0	0	0	0	0	0	0	0	0	0	0	0	0	0	0	0	0	0	0	0	0	100	0	0	0	0	0	0	0	0	0	0	0	0	0	0	0
Feb 22 2023 18:03:56	87.7202301025	92.6304779053	97.8059234619	0.0166161768138	92.6120529175	92.6120529175	57.8332176208	-	0	0	0	0	0	0	0	0	0	0	0	0	0	0	0	0	0	0	0	0	0	0	0	0	0	0	0	0	0	0	0	0	0	0	0	0	0	0	0	0	0	0	0	0	100	0	0	0	0	0	0	0	0	0	0	0	0	0	0	0
Feb 22 2023 18:03:57	87.7202301025	92.6304779053	97.8059234619	0.013420432806	92.6120529175	92.6120529175	64.2565155029	-	0	0	0	0	0	0	0	0	0	0	0	0	0	0	0	0	0	0	0	0	0	0	0	0	0	0	0	0	0	0	0	0	0	0	0	0	0	0	0	0	0	0	0	0	100	0	0	0	0	0	0	0	0	0	0	0	0	0	0	0
Feb 22 2023 18:03:58	87.7202301025	92.6304779053	97.8059234619	0.0112297721207	92.6120529175	92.6120529175	69.0671386719	-	0	0	0	0	0	0	0	0	0	0	0	0	0	0	0	0	0	0	0	0	0	0	0	0	0	0	0	0	0	0	0	0	0	0	0	0	0	0	0	0	0	0	0	0	100	0	0	0	0	0	0	0	0	0	0	0	0	0	0	0
Feb 22 2023 18:03:59	87.7202301025	92.6304779053	97.8059234619	0.00763924699277	92.6120529175	92.6120529175	77.743057251	-	0	0	0	0	0	0	0	0	0	0	0	0	0	0	0	0	0	0	0	0	0	0	0	0	0	0	0	0	0	0	0	0	0	0	0	0	0	0	0	0	0	0	0	0	100	0	0	0	0	0	0	0	0	0	0	0	0	0	0	0
Feb 22 2023 18:04:00	87.7202301025	92.6304779053	97.8059234619	0.00348117598332	92.6120529175	92.6120529175	89.1609954834	-	0	0	0	0	0	0	0	0	0	0	0	0	0	0	0	0	0	0	0	0	0	0	0	0	0	0	0	0	0	0	0	0	0	0	0	0	0	0	0	0	0	0	0	0	100	0	0	0	0	0	0	0	0	0	0	0	0	0	0	0
Feb 22 2023 18:04:01	87.7202301025	92.6304779053	97.8059234619	0.00459266174585	92.6120529175	92.6120529175	85.9540863037	-	0	0	0	0	0	0	0	0	0	0	0	0	0	0	0	0	0	0	0	0	0	0	0	0	0	0	0	0	0	0	0	0	0	0	0	0	0	0	0	0	0	0	1.88130300665e-31	4.95439843665e-13	100	0	0	0	0	0	0	0	0	0	0	0	0	0	0	0
Feb 22 2023 18:04:02	87.7202301025	92.6304779053	97.8059234619	0.00577290542424	92.6120529175	92.6120529175	82.6749649048	-	0	0	0	0	0	0	0	0	0	0	0	0	0	0	0	0	0	0	0	0	0	0	0	0	0	0	0	0	0	0	0	0	0	0	0	0	0	0	0	0	0	0	0	0	100	0	0	0	0	0	0	0	0	0	0	0	0	0	0	0
Feb 22 2023 18:04:03	87.7202301025	92.6304779053	97.8059234619	0.00618283869699	92.6120529175	92.6120529175	81.5655517578	-	0	0	0	0	0	0	0	0	0	0	0	0	0	0	0	0	0	0	0	0	0	0	0	0	0	0	0	0	0	0	0	0	0	0	0	0	0	0	0	0	0	0	0	0	100	0	0	0	0	0	0	0	0	0	0	0	0	0	0	0
Feb 22 2023 18:04:04	87.7202301025	92.6304779053	97.8059234619	0.0123064285144	92.6120529175	92.6120529175	66.6594238281	-	0	0	0	0	0	0	0	0	0	0	0	0	0	0	0	0	0	0	0	0	0	0	0	0	0	0	0	0	0	0	0	0	0	0	0	0	0	0	0	0	0	0	0	0	100	0	0	0	0	0	0	0	0	0	0	0	0	0	0	0
Feb 22 2023 18:04:05	87.7202301025	92.6304779053	97.8059234619	0.0130760343745	92.6120529175	92.6120529175	64.989982605	-	0	0	0	0	0	0	0	0	0	0	0	0	0	0	0	0	0	0	0	0	0	0	0	0	0	0	0	0	0	0	0	0	0	0	0	0	0	0	0	0	0	0	0	0	100	0	0	0	0	0	0	0	0	0	0	0	0	0	0	0
Feb 22 2023 18:04:06	87.7202301025	92.6304779053	97.8059234619	0.00905857142061	92.6120529175	92.6120529175	74.1903152466	-	0	0	0	0	0	0	0	0	0	0	0	0	0	0	0	0	0	0	0	0	0	0	0	0	0	0	0	0	0	0	0	0	0	0	0	0	0	0	0	0	0	0	0	0	100	0	0	0	0	0	0	0	0	0	0	0	0	0	0	0
Feb 22 2023 18:04:07	87.7202301025	92.6304779053	97.8059234619	0.00939023401588	92.6120529175	92.6120529175	73.3838043213	-	0	0	0	0	0	0	0	0	0	0	0	0	0	0	0	0	0	0	0	0	0	0	0	0	0	0	0	0	0	0	0	0	0	0	0	0	0	0	0	0	0	0	0	0	100	0	0	0	0	0	0	0	0	0	0	0	0	0	0	0
Feb 22 2023 18:04:08	87.7202301025	92.6304779053	97.8059234619	0.00789976678789	92.6120529175	92.6120529175	77.0784301758	-	0	0	0	0	0	0	0	0	0	0	0	0	0	0	0	0	0	0	0	0	0	0	0	0	0	0	0	0	0	0	0	0	0	0	0	0	0	0	0	0	0	0	0	0	100	0	0	0	0	0	0	0	0	0	0	0	0	0	0	0
Feb 22 2023 18:04:09	87.7202301025	92.6304779053	97.8059234619	0.00956852175295	92.6120529175	92.6120529175	72.9538879395	-	0	0	0	0	0	0	0	0	0	0	0	0	0	0	0	0	0	0	0	0	0	0	0	0	0	0	0	0	0	0	0	0	0	0	0	0	0	0	0	0	0	0	0	0	100	0	0	0	0	0	0	0	0	0	0	0	0	0	0	0
Feb 22 2023 18:04:10	87.7202301025	92.6304779053	97.8059234619	0.0129733197391	92.6120529175	92.6120529175	65.210357666	-	0	0	0	0	0	0	0	0	0	0	0	0	0	0	0	0	0	0	0	0	0	0	0	0	0	0	0	0	0	0	0	0	0	0	0	0	0	0	0	0	0	0	0	0	100	0	0	0	0	0	0	0	0	0	0	0	0	0	0	0
Feb 22 2023 18:04:11	1.98268091679	2.2410223484	78.3550338745	0.000254304031841	16.6622390747	2.65745234489	75.0024185181	-	0	0	0	0	0	0	0	0	0	0	0	0	0	0	0	1.08190008002e-31	9.17832725546e-16	1.29064267185e-06	0.170964688063	34.8440284729	45.4521102905	0.793312191963	0.000253549136687	1.51682832961e-09	1.38388851727e-16	1.17904568379e-25	3.56866729302e-37	0	0	0	0	0	0	0	0	0	0	0	0	0	0	0	0	18.7393188477	0	0	0	0	0	0	0	0	0	0	0	0	0	0	0	0
Feb 22 2023 18:04:12	1.98205435276	2.23561191559	78.2897033691	0.000223441020353	16.4734630585	2.64546728134	77.57371521	-	0	0	0	0	0	0	0	0	0	0	0	0	0	0	0	1.18005572306e-36	2.94105390282e-18	1.04481081564e-07	0.0817040279508	35.6812095642	45.3434333801	0.394242316484	3.38040699717e-05	2.94305101123e-11	2.06377465703e-19	6.66671182679e-30	2.80259692865e-43	0	0	0	0	0	0	0	0	0	0	0	0	0	0	0	0	18.4993782043	0	0	0	0	0	0	0	0	0	0	0	0	0	0	0	0
Feb 22 2023 18:04:13	87.7202301025	92.6304779053	97.8059234619	0.00741298869252	92.6120529175	92.6120529175	78.3249282837	-	0	0	0	0	0	0	0	0	0	0	0	0	0	0	0	0	0	0	0	0	0	0	0	0	0	0	0	0	0	0	0	0	0	0	0	0	0	0	0	0	0	0	0	0	100	0	0	0	0	0	0	0	0	0	0	0	0	0	0	0
Feb 22 2023 18:04:14	87.7202301025	92.6304779053	97.8059234619	0.0081613464281	92.6120529175	92.6120529175	76.4168167114	-	0	0	0	0	0	0	0	0	0	0	0	0	0	0	0	0	0	0	0	0	0	0	0	0	0	0	0	0	0	0	0	0	0	0	0	0	0	0	0	0	0	0	0	0	100	0	0	0	0	0	0	0	0	0	0	0	0	0	0	0
Feb 22 2023 18:04:15	87.7202301025	92.6304779053	97.8059234619	0.00716673256829	92.6120529175	92.6120529175	78.9631729126	-	0	0	0	0	0	0	0	0	0	0	0	0	0	0	0	0	0	0	0	0	0	0	0	0	0	0	0	0	0	0	0	0	0	0	0	0	0	0	0	0	0	0	1.98605695063e-31	1.70554149688e-13	100	0	0	0	0	0	0	0	0	0	0	0	0	0	0	0
Feb 22 2023 18:04:16	87.7202301025	92.6304779053	97.8059234619	0.0100648533553	92.6120529175	92.6120529175	71.7702713013	-	0	0	0	0	0	0	0	0	0	0	0	0	0	0	0	0	0	0	0	0	0	0	0	0	0	0	0	0	0	0	0	0	0	0	0	0	0	0	0	0	0	0	0	3.1458019341e-30	100	0	0	0	0	0	0	0	0	0	0	0	0	0	0	0
Feb 22 2023 18:04:17	87.7202301025	92.6304779053	97.8059234619	0.00545257190242	92.6120529175	92.6120529175	83.5523910522	-	0	0	0	0	0	0	0	0	0	0	0	0	0	0	0	0	0	0	0	0	0	0	0	0	0	0	0	0	0	0	0	0	0	0	0	0	0	0	0	0	0	0	7.78055155769e-33	3.99671615248e-14	100	0	0	0	0	0	0	0	0	0	0	0	0	0	0	0
Feb 22 2023 18:04:18	87.7202301025	92.6304779053	97.8059234619	0.00767527613789	92.6120529175	92.6120529175	77.6508026123	-	0	0	0	0	0	0	0	0	0	0	0	0	0	0	0	0	0	0	0	0	0	0	0	0	0	0	0	0	0	0	0	0	0	0	0	0	0	0	0	0	0	0	0	0	100	0	0	0	0	0	0	0	0	0	0	0	0	0	0	0
Feb 22 2023 18:04:19	87.7202301025	92.6304779053	97.8059234619	0.011675552465	92.6120529175	92.6120529175	68.0598754883	-	0	0	0	0	0	0	0	0	0	0	0	0	0	0	0	0	0	0	0	0	0	0	0	0	0	0	0	0	0	0	0	0	0	0	0	0	0	0	0	0	0	0	0	0	100	0	0	0	0	0	0	0	0	0	0	0	0	0	0	0
Feb 22 2023 18:04:20	1.9627610445	2.19989132881	78.4832305908	0.000186327233678	17.0124912262	2.63295006752	80.5791702271	-	0	0	0	0	0	0	0	0	0	0	0	0	0	0	0	0	2.44504084914e-25	1.04695183079e-10	0.0128074530512	42.303024292	38.4241638184	0.0318645574152	4.01611863765e-08	7.95927743777e-17	1.77319744053e-28	1.40129846432e-43	0	0	0	0	0	0	0	0	0	0	0	0	0	0	0	0	0	19.2281398773	0	0	0	0	0	0	0	0	0	0	0	0	0	0	0	0
Feb 22 2023 18:04:21	1.99126136303	2.24994158745	79.2874526978	0.000151317290147	17.0874042511	2.68249177933	84.4618988037	-	0	0	0	0	0	0	0	0	0	0	0	0	0	0	0	1.79109688526e-33	1.03363682016e-16	4.51102096122e-07	0.11617628485	33.1456108093	46.7492027283	0.705424129963	0.000157673814101	5.30814781019e-10	2.15032482376e-17	6.16639203657e-27	4.40694354046e-39	0	0	0	0	0	0	0	0	0	0	0	0	0	0	0	0	19.2834320068	0	0	0	0	0	0	0	0	0	0	0	0	0	0	0	0
Feb 22 2023 18:04:22	87.7202301025	92.6304779053	97.8059234619	0.00656035589054	92.6120529175	92.6120529175	80.5570373535	-	0	0	0	0	0	0	0	0	0	0	0	0	0	0	0	0	0	0	0	0	0	0	0	0	0	0	0	0	0	0	0	0	0	0	0	0	0	0	0	0	0	0	0	0	100	0	0	0	0	0	0	0	0	0	0	0	0	0	0	0
Feb 22 2023 18:04:23	87.7202301025	92.6304779053	97.8059234619	0.00622918782756	92.6120529175	92.6120529175	81.4410552979	-	0	0	0	0	0	0	0	0	0	0	0	0	0	0	0	0	0	0	0	0	0	0	0	0	0	0	0	0	0	0	0	0	0	0	0	0	0	0	0	0	0	0	0	0	100	0	0	0	0	0	0	0	0	0	0	0	0	0	0	0
Feb 22 2023 18:04:24	87.7202301025	92.6304779053	97.8059234619	0.00543780252337	92.6120529175	92.6120529175	83.5930709839	-	0	0	0	0	0	0	0	0	0	0	0	0	0	0	0	0	0	0	0	0	0	0	0	0	0	0	0	0	0	0	0	0	0	0	0	0	0	0	0	0	0	0	0	0	100	0	0	0	0	0	0	0	0	0	0	0	0	0	0	0
Feb 22 2023 18:04:25	87.7202301025	92.6304779053	97.8059234619	0.00645223585889	92.6120529175	92.6120529175	80.8445892334	-	0	0	0	0	0	0	0	0	0	0	0	0	0	0	0	0	0	0	0	0	0	0	0	0	0	0	0	0	0	0	0	0	0	0	0	0	0	0	0	0	0	0	0	0	100	0	0	0	0	0	0	0	0	0	0	0	0	0	0	0
Feb 22 2023 18:04:26	1.9779343605	2.23447704315	79.3809738159	0.000335566379363	17.3795528412	2.67698454857	68.5197906494	-	0	0	0	0	0	0	0	0	0	0	0	0	0	0	0	8.0447596169e-35	2.63699289756e-17	2.88968408313e-07	0.115201018751	36.3025245667	43.4607772827	0.444268584251	5.45066213817e-05	8.1544486441e-11	1.17242367315e-18	9.24586123597e-29	1.33123354111e-41	0	0	0	0	0	0	0	0	0	0	0	0	0	0	0	0	19.6771736145	0	0	0	0	0	0	0	0	0	0	0	0	0	0	0	0
Feb 22 2023 18:04:27	87.7202301025	92.6304779053	97.8059234619	0.00788748357445	92.6120529175	92.6120529175	77.1096420288	-	0	0	0	0	0	0	0	0	0	0	0	0	0	0	0	0	0	0	0	0	0	0	0	0	0	0	0	0	0	0	0	0	0	0	0	0	0	0	0	0	0	0	0	0	100	0	0	0	0	0	0	0	0	0	0	0	0	0	0	0
Feb 22 2023 18:04:28	87.7202301025	92.6304779053	97.8059234619	0.00530043663457	92.6120529175	92.6120529175	83.9723587036	-	0	0	0	0	0	0	0	0	0	0	0	0	0	0	0	0	0	0	0	0	0	0	0	0	0	0	0	0	0	0	0	0	0	0	0	0	0	0	0	0	0	0	1.00822370875e-32	4.75546793784e-14	100	0	0	0	0	0	0	0	0	0	0	0	0	0	0	0
Feb 22 2023 18:04:29	87.7202301025	92.6304779053	97.8059234619	0.00522118993104	92.6120529175	92.6120529175	84.1919555664	-	0	0	0	0	0	0	0	0	0	0	0	0	0	0	0	0	0	0	0	0	0	0	0	0	0	0	0	0	0	0	0	0	0	0	0	0	0	0	0	0	0	0	2.5875658735e-31	1.92007569783e-13	100	0	0	0	0	0	0	0	0	0	0	0	0	0	0	0
Feb 22 2023 18:04:30	1.9654815197	2.20613574982	78.5945739746	0.000169999635546	17.3590049744	2.65104937553	82.2601547241	-	0	0	0	0	0	0	0	0	0	0	0	0	0	0	0	0	3.83239182153e-31	2.6570220091e-13	0.00200200453401	41.2732887268	39.04429245	0.00726490747184	4.91196250341e-10	1.24662435257e-20	7.79398155769e-35	0	0	0	0	0	0	0	0	0	0	0	0	0	0	0	0	0	0	19.6731529236	0	0	0	0	0	0	0	0	0	0	0	0	0	0	0	0
Feb 22 2023 18:04:31	87.7202301025	92.6304779053	97.8059234619	0.00601738132536	92.6120529175	92.6120529175	82.0115356445	-	0	0	0	0	0	0	0	0	0	0	0	0	0	0	0	0	0	0	0	0	0	0	0	0	0	0	0	0	0	0	0	0	0	0	0	0	0	0	0	0	0	0	6.03378311541e-33	3.51120025524e-14	100	0	0	0	0	0	0	0	0	0	0	0	0	0	0	0
Feb 22 2023 18:04:32	87.7202301025	92.6304779053	97.8059234619	0.00576069718227	92.6120529175	92.6120529175	82.7082366943	-	0	0	0	0	0	0	0	0	0	0	0	0	0	0	0	0	0	0	0	0	0	0	0	0	0	0	0	0	0	0	0	0	0	0	0	0	0	0	0	0	0	0	0	0	100	0	0	0	0	0	0	0	0	0	0	0	0	0	0	0
Feb 22 2023 18:04:33	87.7202301025	92.6304779053	97.8059234619	0.00489273341373	92.6120529175	92.6120529175	85.108253479	-	0	0	0	0	0	0	0	0	0	0	0	0	0	0	0	0	0	0	0	0	0	0	0	0	0	0	0	0	0	0	0	0	0	0	0	0	0	0	0	0	0	0	0	0	100	0	0	0	0	0	0	0	0	0	0	0	0	0	0	0
Feb 22 2023 18:04:34	87.7202301025	92.6304779053	97.8059234619	0.0057984390296	92.6120529175	92.6120529175	82.605430603	-	0	0	0	0	0	0	0	0	0	0	0	0	0	0	0	0	0	0	0	0	0	0	0	0	0	0	0	0	0	0	0	0	0	0	0	0	0	0	0	0	0	0	0	0	100	0	0	0	0	0	0	0	0	0	0	0	0	0	0	0
Feb 22 2023 18:04:35	87.7202301025	92.6304779053	97.8059234619	0.00618088291958	92.6120529175	92.6120529175	81.5708084106	-	0	0	0	0	0	0	0	0	0	0	0	0	0	0	0	0	0	0	0	0	0	0	0	0	0	0	0	0	0	0	0	0	0	0	0	0	0	0	0	0	0	0	2.46322748835e-31	1.88527253704e-13	100	0	0	0	0	0	0	0	0	0	0	0	0	0	0	0
Feb 22 2023 18:04:36	87.7202301025	92.6304779053	97.8059234619	0.00680254446343	92.6120529175	92.6120529175	79.9166183472	-	0	0	0	0	0	0	0	0	0	0	0	0	0	0	0	0	0	0	0	0	0	0	0	0	0	0	0	0	0	0	0	0	0	0	0	0	0	0	0	0	0	0	0	0	100	0	0	0	0	0	0	0	0	0	0	0	0	0	0	0
Feb 22 2023 18:04:37	87.7202301025	92.6304779053	97.8059234619	0.00669131521136	92.6120529175	92.6120529175	80.210105896	-	0	0	0	0	0	0	0	0	0	0	0	0	0	0	0	0	0	0	0	0	0	0	0	0	0	0	0	0	0	0	0	0	0	0	0	0	0	0	0	0	0	0	1.69728354139e-29	1.3346773773e-12	100	0	0	0	0	0	0	0	0	0	0	0	0	0	0	0
Feb 22 2023 18:04:38	87.7202301025	92.6304779053	97.8059234619	0.00541275413707	92.6120529175	92.6120529175	83.6621017456	-	0	0	0	0	0	0	0	0	0	0	0	0	0	0	0	0	0	0	0	0	0	0	0	0	0	0	0	0	0	0	0	0	0	0	0	0	0	0	0	0	0	0	0	0	100	0	0	0	0	0	0	0	0	0	0	0	0	0	0	0
Feb 22 2023 18:04:39	87.7202301025	92.6304779053	97.8059234619	0.0089365914464	92.6120529175	92.6120529175	74.4891662598	-	0	0	0	0	0	0	0	0	0	0	0	0	0	0	0	0	0	0	0	0	0	0	0	0	0	0	0	0	0	0	0	0	0	0	0	0	0	0	0	0	0	0	0	0	100	0	0	0	0	0	0	0	0	0	0	0	0	0	0	0
Feb 22 2023 18:04:40	87.7202301025	92.6304779053	97.8059234619	0.00636765826494	92.6120529175	92.6120529175	81.0702514648	-	0	0	0	0	0	0	0	0	0	0	0	0	0	0	0	0	0	0	0	0	0	0	0	0	0	0	0	0	0	0	0	0	0	0	0	0	0	0	0	0	0	0	0	0	100	0	0	0	0	0	0	0	0	0	0	0	0	0	0	0
Feb 22 2023 18:04:41	87.7202301025	92.6304779053	97.8059234619	0.0100085381418	92.6120529175	92.6120529175	71.9035949707	-	0	0	0	0	0	0	0	0	0	0	0	0	0	0	0	0	0	0	0	0	0	0	0	0	0	0	0	0	0	0	0	0	0	0	0	0	0	0	0	0	0	0	0	0	100	0	0	0	0	0	0	0	0	0	0	0	0	0	0	0
Feb 22 2023 18:04:42	87.7202301025	92.6304779053	97.8059234619	0.00560406269506	92.6120529175	92.6120529175	83.1362915039	-	0	0	0	0	0	0	0	0	0	0	0	0	0	0	0	0	0	0	0	0	0	0	0	0	0	0	0	0	0	0	0	0	0	0	0	0	0	0	0	0	0	0	0	0	100	0	0	0	0	0	0	0	0	0	0	0	0	0	0	0
Feb 22 2023 18:04:43	87.7202301025	92.6304779053	97.8059234619	0.0109593728557	92.6120529175	92.6120529175	69.6853713989	-	0	0	0	0	0	0	0	0	0	0	0	0	0	0	0	0	0	0	0	0	0	0	0	0	0	0	0	0	0	0	0	0	0	0	0	0	0	0	0	0	0	0	0	0	100	0	0	0	0	0	0	0	0	0	0	0	0	0	0	0
Feb 22 2023 18:04:44	87.7202301025	92.6304779053	97.8059234619	0.00652202032506	92.6120529175	92.6120529175	80.6588745117	-	0	0	0	0	0	0	0	0	0	0	0	0	0	0	0	0	0	0	0	0	0	0	0	0	0	0	0	0	0	0	0	0	0	0	0	0	0	0	0	0	0	0	0	0	100	0	0	0	0	0	0	0	0	0	0	0	0	0	0	0
Feb 22 2023 18:04:45	87.7202301025	92.6304779053	97.8059234619	0.00570054724813	92.6120529175	92.6120529175	82.8723526001	-	0	0	0	0	0	0	0	0	0	0	0	0	0	0	0	0	0	0	0	0	0	0	0	0	0	0	0	0	0	0	0	0	0	0	0	0	0	0	0	0	0	0	0	0	100	0	0	0	0	0	0	0	0	0	0	0	0	0	0	0
Feb 22 2023 18:04:46	87.7202301025	92.6304779053	97.8059234619	0.00560970650986	92.6120529175	92.6120529175	83.1208267212	-	0	0	0	0	0	0	0	0	0	0	0	0	0	0	0	0	0	0	0	0	0	0	0	0	0	0	0	0	0	0	0	0	0	0	0	0	0	0	0	0	0	0	0	0	100	0	0	0	0	0	0	0	0	0	0	0	0	0	0	0
Feb 22 2023 18:04:47	2.00795555115	2.26194572449	78.3449935913	0.000282647582935	16.6492614746	2.68048357964	73.0950088501	-	0	0	0	0	0	0	0	0	0	0	0	0	0	0	0	8.95206630912e-34	6.00270743023e-17	3.04558227526e-07	0.0912691876292	30.3429908752	49.9795455933	0.883891046047	0.000232880352996	9.32529609088e-10	4.555833543e-17	1.60990086425e-26	1.46961176446e-38	0	0	0	0	0	0	0	0	0	0	0	0	0	0	0	0	18.7020797729	0	0	0	0	0	0	0	0	0	0	0	0	0	0	0	0
Feb 22 2023 18:04:48	87.7202301025	92.6304779053	97.8059234619	0.0106248566881	92.6120529175	92.6120529175	70.4578552246	-	0	0	0	0	0	0	0	0	0	0	0	0	0	0	0	0	0	0	0	0	0	0	0	0	0	0	0	0	0	0	0	0	0	0	0	0	0	0	0	0	0	0	0	0	100	0	0	0	0	0	0	0	0	0	0	0	0	0	0	0
Feb 22 2023 18:04:49	87.7202301025	92.6304779053	97.8059234619	0.00582581711933	92.6120529175	92.6120529175	82.5309295654	-	0	0	0	0	0	0	0	0	0	0	0	0	0	0	0	0	0	0	0	0	0	0	0	0	0	0	0	0	0	0	0	0	0	0	0	0	0	0	0	0	0	0	0	0	100	0	0	0	0	0	0	0	0	0	0	0	0	0	0	0
Feb 22 2023 18:04:50	87.7202301025	92.6304779053	97.8059234619	0.00608368078247	92.6120529175	92.6120529175	81.83253479	-	0	0	0	0	0	0	0	0	0	0	0	0	0	0	0	0	0	0	0	0	0	0	0	0	0	0	0	0	0	0	0	0	0	0	0	0	0	0	0	0	0	0	0	0	100	0	0	0	0	0	0	0	0	0	0	0	0	0	0	0
Feb 22 2023 18:04:51	87.7202301025	92.6304779053	97.8059234619	0.00655021192506	92.6120529175	92.6120529175	80.5839691162	-	0	0	0	0	0	0	0	0	0	0	0	0	0	0	0	0	0	0	0	0	0	0	0	0	0	0	0	0	0	0	0	0	0	0	0	0	0	0	0	0	0	0	0	0	100	0	0	0	0	0	0	0	0	0	0	0	0	0	0	0
Feb 22 2023 18:04:52	87.7202301025	92.6304779053	97.8059234619	0.00682918401435	92.6120529175	92.6120529175	79.8464889526	-	0	0	0	0	0	0	0	0	0	0	0	0	0	0	0	0	0	0	0	0	0	0	0	0	0	0	0	0	0	0	0	0	0	0	0	0	0	0	0	0	0	0	5.70771200275e-33	3.42925659386e-14	100	0	0	0	0	0	0	0	0	0	0	0	0	0	0	0
Feb 22 2023 18:04:53	87.7202301025	92.6304779053	97.8059234619	0.00869303476065	92.6120529175	92.6120529175	75.0894699097	-	0	0	0	0	0	0	0	0	0	0	0	0	0	0	0	0	0	0	0	0	0	0	0	0	0	0	0	0	0	0	0	0	0	0	0	0	0	0	0	0	0	0	0	0	100	0	0	0	0	0	0	0	0	0	0	0	0	0	0	0
Feb 22 2023 18:04:54	87.7202301025	92.6304779053	97.8059234619	0.00940633192658	92.6120529175	92.6120529175	73.3448867798	-	0	0	0	0	0	0	0	0	0	0	0	0	0	0	0	0	0	0	0	0	0	0	0	0	0	0	0	0	0	0	0	0	0	0	0	0	0	0	0	0	0	0	2.73610573354e-35	5.69563334349e-15	100	0	0	0	0	0	0	0	0	0	0	0	0	0	0	0
Feb 22 2023 18:04:55	87.7202301025	92.6304779053	97.8059234619	0.00716070923954	92.6120529175	92.6120529175	78.9788513184	-	0	0	0	0	0	0	0	0	0	0	0	0	0	0	0	0	0	0	0	0	0	0	0	0	0	0	0	0	0	0	0	0	0	0	0	0	0	0	0	0	0	0	0	0	100	0	0	0	0	0	0	0	0	0	0	0	0	0	0	0
Feb 22 2023 18:04:56	87.7202301025	92.6304779053	97.8059234619	0.00836763624102	92.6120529175	92.6120529175	75.899055481	-	0	0	0	0	0	0	0	0	0	0	0	0	0	0	0	0	0	0	0	0	0	0	0	0	0	0	0	0	0	0	0	0	0	0	0	0	0	0	0	0	0	0	0	0	100	0	0	0	0	0	0	0	0	0	0	0	0	0	0	0
Feb 22 2023 18:04:57	87.7202301025	92.6304779053	97.8059234619	0.00731769902632	92.6120529175	92.6120529175	78.5712814331	-	0	0	0	0	0	0	0	0	0	0	0	0	0	0	0	0	0	0	0	0	0	0	0	0	0	0	0	0	0	0	0	0	0	0	0	0	0	0	0	0	0	0	0	0	100	0	0	0	0	0	0	0	0	0	0	0	0	0	0	0
Feb 22 2023 18:04:58	87.7202301025	92.6304779053	97.8059234619	0.00608499348164	92.6120529175	92.6120529175	81.828994751	-	0	0	0	0	0	0	0	0	0	0	0	0	0	0	0	0	0	0	0	0	0	0	0	0	0	0	0	0	0	0	0	0	0	0	0	0	0	0	0	0	0	0	0	0	100	0	0	0	0	0	0	0	0	0	0	0	0	0	0	0
Feb 22 2023 18:04:59	87.7202301025	92.6304779053	97.8059234619	0.0067042587325	92.6120529175	92.6120529175	80.1759033203	-	0	0	0	0	0	0	0	0	0	0	0	0	0	0	0	0	0	0	0	0	0	0	0	0	0	0	0	0	0	0	0	0	0	0	0	0	0	0	0	0	0	0	0	3.14554050416e-30	100	0	0	0	0	0	0	0	0	0	0	0	0	0	0	0
Feb 22 2023 18:05:00	87.7202301025	92.6304779053	97.8059234619	0.00901805795729	92.6120529175	92.6120529175	74.2894439697	-	0	0	0	0	0	0	0	0	0	0	0	0	0	0	0	0	0	0	0	0	0	0	0	0	0	0	0	0	0	0	0	0	0	0	0	0	0	0	0	0	0	0	0	0	100	0	0	0	0	0	0	0	0	0	0	0	0	0	0	0
Feb 22 2023 18:05:01	87.7202301025	92.6304779053	97.8059234619	0.00928072072566	92.6120529175	92.6120529175	73.6491394043	-	0	0	0	0	0	0	0	0	0	0	0	0	0	0	0	0	0	0	0	0	0	0	0	0	0	0	0	0	0	0	0	0	0	0	0	0	0	0	0	0	0	0	1.5351295688e-29	1.24071673074e-12	100	0	0	0	0	0	0	0	0	0	0	0	0	0	0	0
Feb 22 2023 18:05:02	1.97359764576	2.22932052612	79.4986495972	0.00021946860943	17.7752532959	2.68661236763	78.1029281616	-	0	0	0	0	0	0	0	0	0	0	0	0	0	0	0	1.05678319671e-34	3.2680939855e-17	3.37368163628e-07	0.126473352313	37.394115448	41.8849105835	0.399090528488	4.54046130471e-05	6.25292179146e-11	8.18751021726e-19	5.78463531041e-29	7.28675201449e-42	0	0	0	0	0	0	0	0	0	0	0	0	0	0	0	0	20.1953620911	0	0	0	0	0	0	0	0	0	0	0	0	0	0	0	0
Feb 22 2023 18:05:03	1.8045617342	2.21945500374	92.5178375244	0.000257128558587	19.8738708496	2.61223626137	71.7670059204	-	0	0	0	0	0	0	0	0	0	0	0	0	0	0	1.46809241196e-13	2.2583781174e-06	0.00867748446763	0.907226860523	11.1967353821	31.1365661621	27.1466732025	8.81029891968	1.14670145512	0.060349021107	0.00123105791863	8.76626654644e-06	1.77188397288e-08	7.03749732101e-12	2.68541525652e-16	1.91531716986e-22	1.06256196368e-32	0	0	0	0	0	0	0	0	0	0	0	0	0	19.58552742	0	0	0	0	0	0	0	0	0	0	0	0	0	0	0
Feb 22 2023 18:05:04	2.01566720009	2.26901507378	79.3535995483	0.000334959157044	17.3153266907	2.71321249008	69.3416519165	-	0	0	0	0	0	0	0	0	0	0	0	0	0	0	0	6.40379338038e-34	4.68320512983e-17	2.56913324392e-07	0.0824992582202	29.1065311432	50.3280639648	0.92232888937	0.000247731601121	9.89467396906e-10	4.67760875668e-17	1.52943658969e-26	1.20208987464e-38	0	0	0	0	0	0	0	0	0	0	0	0	0	0	0	0	19.5603275299	0	0	0	0	0	0	0	0	0	0	0	0	0	0	0	0
Feb 22 2023 18:05:05	87.7202301025	92.6304779053	97.8059234619	0.00818547140807	92.6120529175	92.6120529175	76.356086731	-	0	0	0	0	0	0	0	0	0	0	0	0	0	0	0	0	0	0	0	0	0	0	0	0	0	0	0	0	0	0	0	0	0	0	0	0	0	0	0	0	0	0	0	0	100	0	0	0	0	0	0	0	0	0	0	0	0	0	0	0
Feb 22 2023 18:05:06	87.7202301025	92.6304779053	97.8059234619	0.0072151129134	92.6120529175	92.6120529175	78.8373718262	-	0	0	0	0	0	0	0	0	0	0	0	0	0	0	0	0	0	0	0	0	0	0	0	0	0	0	0	0	0	0	0	0	0	0	0	0	0	0	0	0	0	0	0	0	100	0	0	0	0	0	0	0	0	0	0	0	0	0	0	0
Feb 22 2023 18:05:07	87.7202301025	92.6304779053	97.8059234619	0.00696263695136	92.6120529175	92.6120529175	79.4960861206	-	0	0	0	0	0	0	0	0	0	0	0	0	0	0	0	0	0	0	0	0	0	0	0	0	0	0	0	0	0	0	0	0	0	0	0	0	0	0	0	0	0	0	0	0	100	0	0	0	0	0	0	0	0	0	0	0	0	0	0	0
Feb 22 2023 18:05:08	87.7202301025	92.6304779053	97.8059234619	0.00799192674458	92.6120529175	92.6120529175	76.8446807861	-	0	0	0	0	0	0	0	0	0	0	0	0	0	0	0	0	0	0	0	0	0	0	0	0	0	0	0	0	0	0	0	0	0	0	0	0	0	0	0	0	0	0	0	0	100	0	0	0	0	0	0	0	0	0	0	0	0	0	0	0
Feb 22 2023 18:05:09	87.7202301025	92.6304779053	97.8059234619	0.00839254632592	92.6120529175	92.6120529175	75.8367767334	-	0	0	0	0	0	0	0	0	0	0	0	0	0	0	0	0	0	0	0	0	0	0	0	0	0	0	0	0	0	0	0	0	0	0	0	0	0	0	0	0	0	0	0	0	100	0	0	0	0	0	0	0	0	0	0	0	0	0	0	0
Feb 22 2023 18:05:10	87.7202301025	92.6304779053	97.8059234619	0.00734521402046	92.6120529175	92.6120529175	78.5000686646	-	0	0	0	0	0	0	0	0	0	0	0	0	0	0	0	0	0	0	0	0	0	0	0	0	0	0	0	0	0	0	0	0	0	0	0	0	0	0	0	0	0	0	0	0	100	0	0	0	0	0	0	0	0	0	0	0	0	0	0	0
Feb 22 2023 18:05:11	87.7202301025	92.6304779053	97.8059234619	0.00994331855327	92.6120529175	92.6120529175	72.0583114624	-	0	0	0	0	0	0	0	0	0	0	0	0	0	0	0	0	0	0	0	0	0	0	0	0	0	0	0	0	0	0	0	0	0	0	0	0	0	0	0	0	0	0	0	0	100	0	0	0	0	0	0	0	0	0	0	0	0	0	0	0
Feb 22 2023 18:05:12	87.7202301025	92.6304779053	97.8059234619	0.00718659255654	92.6120529175	92.6120529175	78.9115066528	-	0	0	0	0	0	0	0	0	0	0	0	0	0	0	0	0	0	0	0	0	0	0	0	0	0	0	0	0	0	0	0	0	0	0	0	0	0	0	0	0	0	0	0	0	100	0	0	0	0	0	0	0	0	0	0	0	0	0	0	0
Feb 22 2023 18:05:13	87.7202301025	92.6304779053	97.8059234619	0.00533953821287	92.6120529175	92.6120529175	83.8642196655	-	0	0	0	0	0	0	0	0	0	0	0	0	0	0	0	0	0	0	0	0	0	0	0	0	0	0	0	0	0	0	0	0	0	0	0	0	0	0	0	0	0	0	0	0	100	0	0	0	0	0	0	0	0	0	0	0	0	0	0	0
Feb 22 2023 18:05:14	87.7202301025	92.6304779053	97.8059234619	0.00623346958309	92.6120529175	92.6120529175	81.4295654297	-	0	0	0	0	0	0	0	0	0	0	0	0	0	0	0	0	0	0	0	0	0	0	0	0	0	0	0	0	0	0	0	0	0	0	0	0	0	0	0	0	0	0	3.31525306529e-31	4.30123547456e-13	100	0	0	0	0	0	0	0	0	0	0	0	0	0	0	0
Feb 22 2023 18:05:15	87.7202301025	92.6304779053	97.8059234619	0.00513550173491	92.6120529175	92.6120529175	84.4300460815	-	0	0	0	0	0	0	0	0	0	0	0	0	0	0	0	0	0	0	0	0	0	0	0	0	0	0	0	0	0	0	0	0	0	0	0	0	0	0	0	0	0	0	0	0	100	0	0	0	0	0	0	0	0	0	0	0	0	0	0	0
Feb 22 2023 18:05:16	87.7202301025	92.6304779053	97.8059234619	0.00836985558271	92.6120529175	92.6120529175	75.8935089111	-	0	0	0	0	0	0	0	0	0	0	0	0	0	0	0	0	0	0	0	0	0	0	0	0	0	0	0	0	0	0	0	0	0	0	0	0	0	0	0	0	0	0	0	0	100	0	0	0	0	0	0	0	0	0	0	0	0	0	0	0
Feb 22 2023 18:05:17	1.97690594196	2.23437786102	79.1941757202	0.000255348655628	16.7856273651	2.65502071381	74.8210601807	-	0	0	0	0	0	0	0	0	0	0	0	0	0	0	0	1.54571182974e-31	1.20381857711e-15	1.56030102971e-06	0.191233992577	36.1919784546	43.9928627014	0.718038201332	0.000215410836972	1.21461884994e-09	1.04936575877e-16	8.51292035188e-26	2.47121360786e-37	0	0	0	0	0	0	0	0	0	0	0	0	0	0	0	0	18.9056682587	0	0	0	0	0	0	0	0	0	0	0	0	0	0	0	0
Feb 22 2023 18:05:18	1.89209413528	2.20205974579	79.1645355225	0.000292860640911	16.6723518372	2.59915781021	69.5775909424	-	0	0	0	0	0	0	0	0	0	0	0	0	0	0	1.21921090853e-22	6.63884225371e-11	4.90090242238e-05	0.10208684206	6.5508852005	37.1139907837	31.7894554138	5.44287919998	0.21018601954	0.00185343809426	3.47769378095e-06	1.16737841616e-09	4.97682102506e-14	1.46305373647e-19	8.9853283183e-27	7.31699495005e-37	0	0	0	0	0	0	0	0	0	0	0	0	0	18.7886199951	0	0	0	0	0	0	0	0	0	0	0	0	0	0	0	0
Feb 22 2023 18:05:19	87.7202301025	92.6304779053	97.8059234619	0.0119369262829	92.6120529175	92.6120529175	67.4761276245	-	0	0	0	0	0	0	0	0	0	0	0	0	0	0	0	0	0	0	0	0	0	0	0	0	0	0	0	0	0	0	0	0	0	0	0	0	0	0	0	0	0	0	0	0	100	0	0	0	0	0	0	0	0	0	0	0	0	0	0	0
Feb 22 2023 18:05:20	87.7202301025	92.6304779053	97.8059234619	0.0152236716822	92.6120529175	92.6120529175	60.5491294861	-	0	0	0	0	0	0	0	0	0	0	0	0	0	0	0	0	0	0	0	0	0	0	0	0	0	0	0	0	0	0	0	0	0	0	0	0	0	0	0	0	0	0	0	0	100	0	0	0	0	0	0	0	0	0	0	0	0	0	0	0
Feb 22 2023 18:05:21	87.7202301025	92.6304779053	97.8059234619	0.00851316377521	92.6120529175	92.6120529175	75.5359191895	-	0	0	0	0	0	0	0	0	0	0	0	0	0	0	0	0	0	0	0	0	0	0	0	0	0	0	0	0	0	0	0	0	0	0	0	0	0	0	0	0	0	0	0	0	100	0	0	0	0	0	0	0	0	0	0	0	0	0	0	0
Feb 22 2023 18:05:22	87.7202301025	92.6304779053	97.8059234619	0.00717281410471	92.6120529175	92.6120529175	78.9473495483	-	0	0	0	0	0	0	0	0	0	0	0	0	0	0	0	0	0	0	0	0	0	0	0	0	0	0	0	0	0	0	0	0	0	0	0	0	0	0	0	0	0	0	3.37966704066e-32	8.92570183888e-14	100	0	0	0	0	0	0	0	0	0	0	0	0	0	0	0
Feb 22 2023 18:05:23	87.7202301025	92.6304779053	97.8059234619	0.00704014115036	92.6120529175	92.6120529175	79.2932891846	-	0	0	0	0	0	0	0	0	0	0	0	0	0	0	0	0	0	0	0	0	0	0	0	0	0	0	0	0	0	0	0	0	0	0	0	0	0	0	0	0	0	0	0	0	100	0	0	0	0	0	0	0	0	0	0	0	0	0	0	0
Feb 22 2023 18:05:24	87.7202301025	92.6304779053	97.8059234619	0.00907670427114	92.6120529175	92.6120529175	74.1459960938	-	0	0	0	0	0	0	0	0	0	0	0	0	0	0	0	0	0	0	0	0	0	0	0	0	0	0	0	0	0	0	0	0	0	0	0	0	0	0	0	0	0	0	0	0	100	0	0	0	0	0	0	0	0	0	0	0	0	0	0	0
Feb 22 2023 18:05:25	1.97592890263	2.23029613495	79.2231521606	0.000400752149289	16.8718357086	2.65425944328	63.3988189697	-	0	0	0	0	0	0	0	0	0	0	0	0	0	0	0	1.01020021526e-34	3.07858095147e-17	3.17883063872e-07	0.121034555137	36.938205719	43.4747238159	0.44448953867	5.57091771043e-05	8.7497703527e-11	1.36988523045e-18	1.23898828886e-28	2.21405157363e-41	0	0	0	0	0	0	0	0	0	0	0	0	0	0	0	0	19.0214881897	0	0	0	0	0	0	0	0	0	0	0	0	0	0	0	0
Feb 22 2023 18:05:26	1.96998727322	2.21937274933	79.2381668091	0.000315997021971	16.9115200043	2.6456849575	69.625213623	-	0	0	0	0	0	0	0	0	0	0	0	0	0	0	0	2.60153279559e-36	5.42031437635e-18	1.61360006246e-07	0.105961740017	38.9159355164	41.5927619934	0.303287446499	2.16363296204e-05	1.54275706793e-11	8.6271150953e-20	2.12637016295e-30	1.40129846432e-43	0	0	0	0	0	0	0	0	0	0	0	0	0	0	0	0	19.08203125	0	0	0	0	0	0	0	0	0	0	0	0	0	0	0	0
Feb 22 2023 18:05:27	1.91861021519	2.18916702271	79.2027130127	0.000281287764665	16.7819194794	2.60182952881	71.0469818115	-	0	0	0	0	0	0	0	0	0	0	0	0	0	0	1.40644090474e-30	7.50002782047e-15	5.47288948383e-07	0.0152900144458	4.0246386528	40.9092712402	33.0022735596	3.07011938095	0.0386804640293	6.70009976602e-05	1.44794745083e-08	3.08104534724e-13	4.04631991941e-19	1.42301709654e-26	2.59869037936e-36	0	0	0	0	0	0	0	0	0	0	0	0	0	0	18.9396648407	0	0	0	0	0	0	0	0	0	0	0	0	0	0	0	0
Feb 22 2023 18:05:28	87.7202301025	92.6304779053	97.8059234619	0.0119464211166	92.6120529175	92.6120529175	67.4550170898	-	0	0	0	0	0	0	0	0	0	0	0	0	0	0	0	0	0	0	0	0	0	0	0	0	0	0	0	0	0	0	0	0	0	0	0	0	0	0	0	0	0	0	0	0	100	0	0	0	0	0	0	0	0	0	0	0	0	0	0	0
Feb 22 2023 18:05:29	87.7202301025	92.6304779053	97.8059234619	0.010492564179	92.6120529175	92.6120529175	70.7657165527	-	0	0	0	0	0	0	0	0	0	0	0	0	0	0	0	0	0	0	0	0	0	0	0	0	0	0	0	0	0	0	0	0	0	0	0	0	0	0	0	0	0	0	6.31155529872e-30	8.30572373031e-13	100	0	0	0	0	0	0	0	0	0	0	0	0	0	0	0
Feb 22 2023 18:05:30	87.7202301025	92.6304779053	97.8059234619	0.00734820682555	92.6120529175	92.6120529175	78.4923248291	-	0	0	0	0	0	0	0	0	0	0	0	0	0	0	0	0	0	0	0	0	0	0	0	0	0	0	0	0	0	0	0	0	0	0	0	0	0	0	0	0	0	0	0	0	100	0	0	0	0	0	0	0	0	0	0	0	0	0	0	0
Feb 22 2023 18:05:31	87.7202301025	92.6304779053	97.8059234619	0.0068251201883	92.6120529175	92.6120529175	79.8571853638	-	0	0	0	0	0	0	0	0	0	0	0	0	0	0	0	0	0	0	0	0	0	0	0	0	0	0	0	0	0	0	0	0	0	0	0	0	0	0	0	0	0	0	0	0	100	0	0	0	0	0	0	0	0	0	0	0	0	0	0	0
Feb 22 2023 18:05:32	87.7202301025	92.6304779053	97.8059234619	0.00837671197951	92.6120529175	92.6120529175	75.8763580322	-	0	0	0	0	0	0	0	0	0	0	0	0	0	0	0	0	0	0	0	0	0	0	0	0	0	0	0	0	0	0	0	0	0	0	0	0	0	0	0	0	0	0	0	0	100	0	0	0	0	0	0	0	0	0	0	0	0	0	0	0
Feb 22 2023 18:05:33	87.7202301025	92.6304779053	97.8059234619	0.00782678462565	92.6120529175	92.6120529175	77.2640457153	-	0	0	0	0	0	0	0	0	0	0	0	0	0	0	0	0	0	0	0	0	0	0	0	0	0	0	0	0	0	0	0	0	0	0	0	0	0	0	0	0	0	0	0	0	100	0	0	0	0	0	0	0	0	0	0	0	0	0	0	0
Feb 22 2023 18:05:34	87.7202301025	92.6304779053	97.8059234619	0.00801367592067	92.6120529175	92.6120529175	76.7896270752	-	0	0	0	0	0	0	0	0	0	0	0	0	0	0	0	0	0	0	0	0	0	0	0	0	0	0	0	0	0	0	0	0	0	0	0	0	0	0	0	0	0	0	0	0	100	0	0	0	0	0	0	0	0	0	0	0	0	0	0	0
Feb 22 2023 18:05:35	87.7202301025	92.6304779053	97.8059234619	0.0101523473859	92.6120529175	92.6120529175	71.5636291504	-	0	0	0	0	0	0	0	0	0	0	0	0	0	0	0	0	0	0	0	0	0	0	0	0	0	0	0	0	0	0	0	0	0	0	0	0	0	0	0	0	0	0	0	0	100	0	0	0	0	0	0	0	0	0	0	0	0	0	0	0
Feb 22 2023 18:05:36	87.7202301025	92.6304779053	97.8059234619	0.00560559192672	92.6120529175	92.6120529175	83.1321029663	-	0	0	0	0	0	0	0	0	0	0	0	0	0	0	0	0	0	0	0	0	0	0	0	0	0	0	0	0	0	0	0	0	0	0	0	0	0	0	0	0	0	0	0	0	100	0	0	0	0	0	0	0	0	0	0	0	0	0	0	0
Feb 22 2023 18:05:37	87.7202301025	92.6304779053	97.8059234619	0.00794500019401	92.6120529175	92.6120529175	76.9636154175	-	0	0	0	0	0	0	0	0	0	0	0	0	0	0	0	0	0	0	0	0	0	0	0	0	0	0	0	0	0	0	0	0	0	0	0	0	0	0	0	0	0	0	0	0	100	0	0	0	0	0	0	0	0	0	0	0	0	0	0	0
Feb 22 2023 18:05:38	87.7202301025	92.6304779053	97.8059234619	0.0058803120628	92.6120529175	92.6120529175	82.3828430176	-	0	0	0	0	0	0	0	0	0	0	0	0	0	0	0	0	0	0	0	0	0	0	0	0	0	0	0	0	0	0	0	0	0	0	0	0	0	0	0	0	0	0	0	0	100	0	0	0	0	0	0	0	0	0	0	0	0	0	0	0
Feb 22 2023 18:05:39	87.7202301025	92.6304779053	97.8059234619	0.00814433861524	92.6120529175	92.6120529175	76.4596633911	-	0	0	0	0	0	0	0	0	0	0	0	0	0	0	0	0	0	0	0	0	0	0	0	0	0	0	0	0	0	0	0	0	0	0	0	0	0	0	0	0	0	0	1.09294548962e-34	5.77244949092e-15	100	0	0	0	0	0	0	0	0	0	0	0	0	0	0	0
Feb 22 2023 18:05:40	87.7202301025	92.6304779053	97.8059234619	0.0090225674212	92.6120529175	92.6120529175	74.2784042358	-	0	0	0	0	0	0	0	0	0	0	0	0	0	0	0	0	0	0	0	0	0	0	0	0	0	0	0	0	0	0	0	0	0	0	0	0	0	0	0	0	0	0	0	3.1834305427e-30	100	0	0	0	0	0	0	0	0	0	0	0	0	0	0	0
Feb 22 2023 18:05:41	87.7202301025	92.6304779053	97.8059234619	0.00833295006305	92.6120529175	92.6120529175	75.9858703613	-	0	0	0	0	0	0	0	0	0	0	0	0	0	0	0	0	0	0	0	0	0	0	0	0	0	0	0	0	0	0	0	0	0	0	0	0	0	0	0	0	0	0	0	0	100	0	0	0	0	0	0	0	0	0	0	0	0	0	0	0
Feb 22 2023 18:05:42	87.7202301025	92.6304779053	97.8059234619	0.0105811376125	92.6120529175	92.6120529175	70.5594482422	-	0	0	0	0	0	0	0	0	0	0	0	0	0	0	0	0	0	0	0	0	0	0	0	0	0	0	0	0	0	0	0	0	0	0	0	0	0	0	0	0	0	0	0	0	100	0	0	0	0	0	0	0	0	0	0	0	0	0	0	0
Feb 22 2023 18:05:43	2.07282686234	2.29904437065	78.3429489136	0.000385084131267	16.6767940521	2.73264431953	66.4433288574	-	0	0	0	0	0	0	0	0	0	0	0	0	0	0	0	1.91134307937e-38	1.22080213261e-19	1.07684607897e-08	0.0202760659158	20.6796321869	59.4744682312	1.13092577457	0.000203797098948	3.54973328509e-10	4.67058971559e-18	2.58791515896e-28	1.90576591148e-41	0	0	0	0	0	0	0	0	0	0	0	0	0	0	0	0	18.6944923401	0	0	0	0	0	0	0	0	0	0	0	0	0	0	0	0
Feb 22 2023 18:05:44	87.7202301025	92.6304779053	97.8059234619	0.00717277033255	92.6120529175	92.6120529175	78.9474639893	-	0	0	0	0	0	0	0	0	0	0	0	0	0	0	0	0	0	0	0	0	0	0	0	0	0	0	0	0	0	0	0	0	0	0	0	0	0	0	0	0	0	0	0	0	100	0	0	0	0	0	0	0	0	0	0	0	0	0	0	0
Feb 22 2023 18:05:45	87.7202301025	92.6304779053	97.8059234619	0.0104045588523	92.6120529175	92.6120529175	70.9712600708	-	0	0	0	0	0	0	0	0	0	0	0	0	0	0	0	0	0	0	0	0	0	0	0	0	0	0	0	0	0	0	0	0	0	0	0	0	0	0	0	0	0	0	0	0	100	0	0	0	0	0	0	0	0	0	0	0	0	0	0	0
Feb 22 2023 18:05:46	87.7202301025	92.6304779053	97.8059234619	0.00327856931835	92.6120529175	92.6120529175	89.7583312988	-	0	0	0	0	0	0	0	0	0	0	0	0	0	0	0	0	0	0	0	0	0	0	0	0	0	0	0	0	0	0	0	0	0	0	0	0	0	0	0	0	0	0	0	0	100	0	0	0	0	0	0	0	0	0	0	0	0	0	0	0
Feb 22 2023 18:05:47	87.7202301025	92.6304779053	97.8059234619	0.00518383644521	92.6120529175	92.6120529175	84.2956619263	-	0	0	0	0	0	0	0	0	0	0	0	0	0	0	0	0	0	0	0	0	0	0	0	0	0	0	0	0	0	0	0	0	0	0	0	0	0	0	0	0	0	0	0	0	100	0	0	0	0	0	0	0	0	0	0	0	0	0	0	0
Feb 22 2023 18:05:48	87.7202301025	92.6304779053	97.8059234619	0.00832096114755	92.6120529175	92.6120529175	76.0158996582	-	0	0	0	0	0	0	0	0	0	0	0	0	0	0	0	0	0	0	0	0	0	0	0	0	0	0	0	0	0	0	0	0	0	0	0	0	0	0	0	0	0	0	0	0	100	0	0	0	0	0	0	0	0	0	0	0	0	0	0	0
Feb 22 2023 18:05:49	87.7202301025	92.6304779053	97.8059234619	0.011555059813	92.6120529175	92.6120529175	68.3306732178	-	0	0	0	0	0	0	0	0	0	0	0	0	0	0	0	0	0	0	0	0	0	0	0	0	0	0	0	0	0	0	0	0	0	0	0	0	0	0	0	0	0	0	0	0	100	0	0	0	0	0	0	0	0	0	0	0	0	0	0	0
Feb 22 2023 18:05:50	87.7202301025	92.6304779053	97.8059234619	0.00850403029472	92.6120529175	92.6120529175	75.5586547852	-	0	0	0	0	0	0	0	0	0	0	0	0	0	0	0	0	0	0	0	0	0	0	0	0	0	0	0	0	0	0	0	0	0	0	0	0	0	0	0	0	0	0	0	0	100	0	0	0	0	0	0	0	0	0	0	0	0	0	0	0
Feb 22 2023 18:05:51	87.7202301025	92.6304779053	97.8059234619	0.00924369692802	92.6120529175	92.6120529175	73.7390594482	-	0	0	0	0	0	0	0	0	0	0	0	0	0	0	0	0	0	0	0	0	0	0	0	0	0	0	0	0	0	0	0	0	0	0	0	0	0	0	0	0	0	0	0	0	100	0	0	0	0	0	0	0	0	0	0	0	0	0	0	0
Feb 22 2023 18:05:52	87.7202301025	92.6304779053	97.8059234619	0.00853359699249	92.6120529175	92.6120529175	75.4850692749	-	0	0	0	0	0	0	0	0	0	0	0	0	0	0	0	0	0	0	0	0	0	0	0	0	0	0	0	0	0	0	0	0	0	0	0	0	0	0	0	0	0	0	0	0	100	0	0	0	0	0	0	0	0	0	0	0	0	0	0	0
Feb 22 2023 18:05:53	87.7202301025	92.6304779053	97.8059234619	0.0116998022422	92.6120529175	92.6120529175	68.0055007935	-	0	0	0	0	0	0	0	0	0	0	0	0	0	0	0	0	0	0	0	0	0	0	0	0	0	0	0	0	0	0	0	0	0	0	0	0	0	0	0	0	0	0	0	0	100	0	0	0	0	0	0	0	0	0	0	0	0	0	0	0
Feb 22 2023 18:05:54	1.94055104256	2.15236639977	79.3286819458	0.000307492678985	17.1591815948	2.59683465958	69.1301116943	-	0	0	0	0	0	0	0	0	0	0	0	0	0	0	0	1.1737924701e-31	2.53148840594e-15	4.25048347097e-06	0.433135688305	50.264705658	29.6542167664	0.192810043693	1.92014504137e-05	2.99784190527e-11	5.92591570448e-19	8.89238267437e-29	3.69942794582e-41	0	0	0	0	0	0	0	0	0	0	0	0	0	0	0	0	19.4551124573	0	0	0	0	0	0	0	0	0	0	0	0	0	0	0	0
Feb 22 2023 18:05:55	87.7202301025	92.6304779053	97.8059234619	0.0108256731182	92.6120529175	92.6120529175	69.9930953979	-	0	0	0	0	0	0	0	0	0	0	0	0	0	0	0	0	0	0	0	0	0	0	0	0	0	0	0	0	0	0	0	0	0	0	0	0	0	0	0	0	0	0	0	0	100	0	0	0	0	0	0	0	0	0	0	0	0	0	0	0
Feb 22 2023 18:05:56	87.7202301025	92.6304779053	97.8059234619	0.00795785989612	92.6120529175	92.6120529175	76.9310073853	-	0	0	0	0	0	0	0	0	0	0	0	0	0	0	0	0	0	0	0	0	0	0	0	0	0	0	0	0	0	0	0	0	0	0	0	0	0	0	0	0	0	0	0	0	100	0	0	0	0	0	0	0	0	0	0	0	0	0	0	0
Feb 22 2023 18:05:57	87.7202301025	92.6304779053	97.8059234619	0.00899469852448	92.6120529175	92.6120529175	74.3466567993	-	0	0	0	0	0	0	0	0	0	0	0	0	0	0	0	0	0	0	0	0	0	0	0	0	0	0	0	0	0	0	0	0	0	0	0	0	0	0	0	0	0	0	0	0	100	0	0	0	0	0	0	0	0	0	0	0	0	0	0	0
Feb 22 2023 18:05:58	87.7202301025	92.6304779053	97.8059234619	0.00792565755546	92.6120529175	92.6120529175	77.0126953125	-	0	0	0	0	0	0	0	0	0	0	0	0	0	0	0	0	0	0	0	0	0	0	0	0	0	0	0	0	0	0	0	0	0	0	0	0	0	0	0	0	0	0	0	0	100	0	0	0	0	0	0	0	0	0	0	0	0	0	0	0
Feb 22 2023 18:05:59	87.7202301025	92.6304779053	97.8059234619	0.0121681438759	92.6120529175	92.6120529175	66.9639129639	-	0	0	0	0	0	0	0	0	0	0	0	0	0	0	0	0	0	0	0	0	0	0	0	0	0	0	0	0	0	0	0	0	0	0	0	0	0	0	0	0	0	0	2.26287281213e-38	1.04729833664e-16	100	0	0	0	0	0	0	0	0	0	0	0	0	0	0	0
Feb 22 2023 18:06:00	87.7202301025	92.6304779053	97.8059234619	0.0113691547886	92.6120529175	92.6120529175	68.7506027222	-	0	0	0	0	0	0	0	0	0	0	0	0	0	0	0	0	0	0	0	0	0	0	0	0	0	0	0	0	0	0	0	0	0	0	0	0	0	0	0	0	0	0	0	0	100	0	0	0	0	0	0	0	0	0	0	0	0	0	0	0
Feb 22 2023 18:06:01	87.7202301025	92.6304779053	97.8059234619	0.00934253726155	92.6120529175	92.6120529175	73.4992523193	-	0	0	0	0	0	0	0	0	0	0	0	0	0	0	0	0	0	0	0	0	0	0	0	0	0	0	0	0	0	0	0	0	0	0	0	0	0	0	0	0	0	0	0	0	100	0	0	0	0	0	0	0	0	0	0	0	0	0	0	0
Feb 22 2023 18:06:02	87.7202301025	92.6304779053	97.8059234619	0.00978241953999	92.6120529175	92.6120529175	72.4414291382	-	0	0	0	0	0	0	0	0	0	0	0	0	0	0	0	0	0	0	0	0	0	0	0	0	0	0	0	0	0	0	0	0	0	0	0	0	0	0	0	0	0	0	9.14143084391e-37	2.1718551572e-14	100	0	0	0	0	0	0	0	0	0	0	0	0	0	0	0
Feb 22 2023 18:06:03	87.7202301025	92.6304779053	97.8059234619	0.00706158718094	92.6120529175	92.6120529175	79.2372741699	-	0	0	0	0	0	0	0	0	0	0	0	0	0	0	0	0	0	0	0	0	0	0	0	0	0	0	0	0	0	0	0	0	0	0	0	0	0	0	0	0	0	0	0	0	100	0	0	0	0	0	0	0	0	0	0	0	0	0	0	0
Feb 22 2023 18:06:04	87.7202301025	92.6304779053	97.8059234619	0.0085884174332	92.6120529175	92.6120529175	75.348815918	-	0	0	0	0	0	0	0	0	0	0	0	0	0	0	0	0	0	0	0	0	0	0	0	0	0	0	0	0	0	0	0	0	0	0	0	0	0	0	0	0	0	0	0	0	100	0	0	0	0	0	0	0	0	0	0	0	0	0	0	0
Feb 22 2023 18:06:05	87.7202301025	92.6304779053	97.8059234619	0.010359079577	92.6120529175	92.6120529175	71.0777130127	-	0	0	0	0	0	0	0	0	0	0	0	0	0	0	0	0	0	0	0	0	0	0	0	0	0	0	0	0	0	0	0	0	0	0	0	0	0	0	0	0	0	0	0	0	100	0	0	0	0	0	0	0	0	0	0	0	0	0	0	0
Feb 22 2023 18:06:06	87.7202301025	92.6304779053	97.8059234619	0.00750995473936	92.6120529175	92.6120529175	78.0750274658	-	0	0	0	0	0	0	0	0	0	0	0	0	0	0	0	0	0	0	0	0	0	0	0	0	0	0	0	0	0	0	0	0	0	0	0	0	0	0	0	0	0	0	1.97808733403e-31	3.30667595085e-13	100	0	0	0	0	0	0	0	0	0	0	0	0	0	0	0
Feb 22 2023 18:06:07	87.7202301025	92.6304779053	97.8059234619	0.00882493611425	92.6120529175	92.6120529175	74.7637710571	-	0	0	0	0	0	0	0	0	0	0	0	0	0	0	0	0	0	0	0	0	0	0	0	0	0	0	0	0	0	0	0	0	0	0	0	0	0	0	0	0	0	0	0	0	100	0	0	0	0	0	0	0	0	0	0	0	0	0	0	0
Feb 22 2023 18:06:08	87.7202301025	92.6304779053	97.8059234619	0.00953718740493	92.6120529175	92.6120529175	73.0292663574	-	0	0	0	0	0	0	0	0	0	0	0	0	0	0	0	0	0	0	0	0	0	0	0	0	0	0	0	0	0	0	0	0	0	0	0	0	0	0	0	0	0	0	0	0	100	0	0	0	0	0	0	0	0	0	0	0	0	0	0	0
Feb 22 2023 18:06:09	87.7202301025	92.6304779053	97.8059234619	0.00979997310787	92.6120529175	92.6120529175	72.3995361328	-	0	0	0	0	0	0	0	0	0	0	0	0	0	0	0	0	0	0	0	0	0	0	0	0	0	0	0	0	0	0	0	0	0	0	0	0	0	0	0	0	0	0	0	0	100	0	0	0	0	0	0	0	0	0	0	0	0	0	0	0
Feb 22 2023 18:06:10	87.7202301025	92.6304779053	97.8059234619	0.00654930993915	92.6120529175	92.6120529175	80.5863647461	-	0	0	0	0	0	0	0	0	0	0	0	0	0	0	0	0	0	0	0	0	0	0	0	0	0	0	0	0	0	0	0	0	0	0	0	0	0	0	0	0	0	0	0	0	100	0	0	0	0	0	0	0	0	0	0	0	0	0	0	0
Feb 22 2023 18:06:11	87.7202301025	92.6304779053	97.8059234619	0.0126125179231	92.6120529175	92.6120529175	65.9903793335	-	0	0	0	0	0	0	0	0	0	0	0	0	0	0	0	0	0	0	0	0	0	0	0	0	0	0	0	0	0	0	0	0	0	0	0	0	0	0	0	0	0	0	0	0	100	0	0	0	0	0	0	0	0	0	0	0	0	0	0	0
Feb 22 2023 18:06:12	87.7202301025	92.6304779053	97.8059234619	0.0199041124433	92.6120529175	92.6120529175	51.8941116333	-	0	0	0	0	0	0	0	0	0	0	0	0	0	0	0	0	0	0	0	0	0	0	0	0	0	0	0	0	0	0	0	0	0	0	0	0	0	0	0	0	0	0	2.26131737083e-38	1.04328571657e-16	100	0	0	0	0	0	0	0	0	0	0	0	0	0	0	0
Feb 22 2023 18:06:13	87.7202301025	92.6304779053	97.8059234619	0.0199991930276	92.6120529175	92.6120529175	51.731754303	-	0	0	0	0	0	0	0	0	0	0	0	0	0	0	0	0	0	0	0	0	0	0	0	0	0	0	0	0	0	0	0	0	0	0	0	0	0	0	0	0	0	0	0	0	100	0	0	0	0	0	0	0	0	0	0	0	0	0	0	0
Feb 22 2023 18:06:14	87.7202301025	92.6304779053	97.8059234619	0.0149853117764	92.6120529175	92.6120529175	61.0266456604	-	0	0	0	0	0	0	0	0	0	0	0	0	0	0	0	0	0	0	0	0	0	0	0	0	0	0	0	0	0	0	0	0	0	0	0	0	0	0	0	0	0	0	8.23597985802e-30	9.2240917595e-13	100	0	0	0	0	0	0	0	0	0	0	0	0	0	0	0
Feb 22 2023 18:06:15	87.7202301025	92.6304779053	97.8059234619	0.010596813634	92.6120529175	92.6120529175	70.5230026245	-	0	0	0	0	0	0	0	0	0	0	0	0	0	0	0	0	0	0	0	0	0	0	0	0	0	0	0	0	0	0	0	0	0	0	0	0	0	0	0	0	0	0	0	0	100	0	0	0	0	0	0	0	0	0	0	0	0	0	0	0
Feb 22 2023 18:06:16	87.7202301025	92.6304779053	97.8059234619	0.0183627791703	92.6120529175	92.6120529175	54.5982551575	-	0	0	0	0	0	0	0	0	0	0	0	0	0	0	0	0	0	0	0	0	0	0	0	0	0	0	0	0	0	0	0	0	0	0	0	0	0	0	0	0	0	0	0	0	100	0	0	0	0	0	0	0	0	0	0	0	0	0	0	0
Feb 22 2023 18:06:17	87.7202301025	92.6304779053	97.8059234619	0.0136518906802	92.6120529175	92.6120529175	63.7682304382	-	0	0	0	0	0	0	0	0	0	0	0	0	0	0	0	0	0	0	0	0	0	0	0	0	0	0	0	0	0	0	0	0	0	0	0	0	0	0	0	0	0	0	0	0	100	0	0	0	0	0	0	0	0	0	0	0	0	0	0	0
Feb 22 2023 18:06:18	87.7202301025	92.6304779053	97.8059234619	0.0126399407163	92.6120529175	92.6120529175	65.9307632446	-	0	0	0	0	0	0	0	0	0	0	0	0	0	0	0	0	0	0	0	0	0	0	0	0	0	0	0	0	0	0	0	0	0	0	0	0	0	0	0	0	0	0	0	0	100	0	0	0	0	0	0	0	0	0	0	0	0	0	0	0
Feb 22 2023 18:06:19	87.7202301025	92.6304779053	97.8059234619	0.016943057999	92.6120529175	92.6120529175	57.2135391235	-	0	0	0	0	0	0	0	0	0	0	0	0	0	0	0	0	0	0	0	0	0	0	0	0	0	0	0	0	0	0	0	0	0	0	0	0	0	0	0	0	0	0	0	0	100	0	0	0	0	0	0	0	0	0	0	0	0	0	0	0
Feb 22 2023 18:06:20	87.7202301025	92.6304779053	97.8059234619	0.0162414722145	92.6120529175	92.6120529175	58.5518226624	-	0	0	0	0	0	0	0	0	0	0	0	0	0	0	0	0	0	0	0	0	0	0	0	0	0	0	0	0	0	0	0	0	0	0	0	0	0	0	0	0	0	0	1.88294235108e-31	1.67371772366e-13	100	0	0	0	0	0	0	0	0	0	0	0	0	0	0	0
Feb 22 2023 18:06:21	87.7202301025	92.6304779053	97.8059234619	0.0221376977861	92.6120529175	92.6120529175	48.2113647461	-	0	0	0	0	0	0	0	0	0	0	0	0	0	0	0	0	0	0	0	0	0	0	0	0	0	0	0	0	0	0	0	0	0	0	0	0	0	0	0	0	0	0	0	0	100	0	0	0	0	0	0	0	0	0	0	0	0	0	0	0
Feb 22 2023 18:06:22	87.7202301025	92.6304779053	97.8059234619	0.0106089664623	92.6120529175	92.6120529175	70.4947662354	-	0	0	0	0	0	0	0	0	0	0	0	0	0	0	0	0	0	0	0	0	0	0	0	0	0	0	0	0	0	0	0	0	0	0	0	0	0	0	0	0	0	0	0	0	100	0	0	0	0	0	0	0	0	0	0	0	0	0	0	0
Feb 22 2023 18:06:23	87.7202301025	92.6304779053	97.8059234619	0.0116727482527	92.6120529175	92.6120529175	68.0661621094	-	0	0	0	0	0	0	0	0	0	0	0	0	0	0	0	0	0	0	0	0	0	0	0	0	0	0	0	0	0	0	0	0	0	0	0	0	0	0	0	0	0	0	0	0	100	0	0	0	0	0	0	0	0	0	0	0	0	0	0	0
Feb 22 2023 18:06:24	87.7202301025	92.6304779053	97.8059234619	0.0138520607725	92.6120529175	92.6120529175	63.348941803	-	0	0	0	0	0	0	0	0	0	0	0	0	0	0	0	0	0	0	0	0	0	0	0	0	0	0	0	0	0	0	0	0	0	0	0	0	0	0	0	0	0	0	6.81288313872e-33	3.80221604256e-14	100	0	0	0	0	0	0	0	0	0	0	0	0	0	0	0
Feb 22 2023 18:06:25	87.7202301025	92.6304779053	97.8059234619	0.00931362062693	92.6120529175	92.6120529175	73.5693283081	-	0	0	0	0	0	0	0	0	0	0	0	0	0	0	0	0	0	0	0	0	0	0	0	0	0	0	0	0	0	0	0	0	0	0	0	0	0	0	0	0	0	0	0	0	100	0	0	0	0	0	0	0	0	0	0	0	0	0	0	0
Feb 22 2023 18:06:26	87.7202301025	92.6304779053	97.8059234619	0.0161543637514	92.6120529175	92.6120529175	58.7201538086	-	0	0	0	0	0	0	0	0	0	0	0	0	0	0	0	0	0	0	0	0	0	0	0	0	0	0	0	0	0	0	0	0	0	0	0	0	0	0	0	0	0	0	0	0	100	0	0	0	0	0	0	0	0	0	0	0	0	0	0	0
Feb 22 2023 18:06:27	87.7202301025	92.6304779053	97.8059234619	0.0152248824015	92.6120529175	92.6120529175	60.5467147827	-	0	0	0	0	0	0	0	0	0	0	0	0	0	0	0	0	0	0	0	0	0	0	0	0	0	0	0	0	0	0	0	0	0	0	0	0	0	0	0	0	0	0	0	0	100	0	0	0	0	0	0	0	0	0	0	0	0	0	0	0
Feb 22 2023 18:06:28	2.07699728012	2.30208182335	78.25050354	0.000464839220513	16.4221191406	2.72835993767	61.0089073181	-	0	0	0	0	0	0	0	0	0	0	0	0	0	0	0	4.76060087925e-35	6.16545604293e-18	5.92935691657e-08	0.0330799072981	20.1212921143	59.6210670471	1.86548364162	0.00085525290342	5.85814508014e-09	4.80522955648e-16	2.78912496619e-25	4.06300189493e-37	0	0	0	0	0	0	0	0	0	0	0	0	0	0	0	0	18.3582267761	0	0	0	0	0	0	0	0	0	0	0	0	0	0	0	0
Feb 22 2023 18:06:29	87.7202301025	92.6304779053	97.8059234619	0.0176990423352	92.6120529175	92.6120529175	55.8057060242	-	0	0	0	0	0	0	0	0	0	0	0	0	0	0	0	0	0	0	0	0	0	0	0	0	0	0	0	0	0	0	0	0	0	0	0	0	0	0	0	0	0	0	0	0	100	0	0	0	0	0	0	0	0	0	0	0	0	0	0	0
Feb 22 2023 18:06:30	1.81888484955	2.20993685722	92.3832092285	0.00025612974423	19.4411067963	2.59630513191	71.9060058594	-	0	0	0	0	0	0	0	0	0	0	0	0	0	0	5.47725893232e-15	4.53311514548e-07	0.00401325430721	0.669599592686	10.6169242859	32.6285934448	27.9814281464	8.09520721436	0.858491122723	0.0337234437466	0.00046925956849	2.06742834052e-06	2.30916308297e-09	4.40888346881e-13	6.71402278643e-18	1.453856153e-24	1.62523573438e-35	0	0	0	0	0	0	0	0	0	0	0	0	0	19.1115493774	0	0	0	0	0	0	0	0	0	0	0	0	0	0	0
Feb 22 2023 18:06:31	87.7202301025	92.6304779053	97.8059234619	0.0152749158442	92.6120529175	92.6120529175	60.4469604492	-	0	0	0	0	0	0	0	0	0	0	0	0	0	0	0	0	0	0	0	0	0	0	0	0	0	0	0	0	0	0	0	0	0	0	0	0	0	0	0	0	0	0	2.37603166839e-31	1.84145952068e-13	100	0	0	0	0	0	0	0	0	0	0	0	0	0	0	0
Feb 22 2023 18:06:32	1.96794235706	2.22126221657	79.2010726929	0.000270592921879	16.7980079651	2.64264941216	73.2982940674	-	0	0	0	0	0	0	0	0	0	0	0	0	0	0	0	2.84386831077e-31	1.91603172537e-15	2.16135640585e-06	0.231894850731	38.6395378113	41.5905380249	0.604736447334	0.000162692755111	8.28996149504e-10	6.53284417609e-17	4.89344964132e-26	1.33506614846e-37	0	0	0	0	0	0	0	0	0	0	0	0	0	0	0	0	18.9331264496	0	0	0	0	0	0	0	0	0	0	0	0	0	0	0	0
Feb 22 2023 18:06:33	1.95779371262	2.20168876648	79.1868209839	0.000362076651072	16.7423610687	2.62319946289	65.5703277588	-	0	0	0	0	0	0	0	0	0	0	0	0	0	0	0	6.64237768314e-31	3.63584149224e-15	3.36920470545e-06	0.300186395645	41.9864044189	38.3577232361	0.479070693254	0.000112239533337	5.06420072544e-10	3.6092341889e-17	2.51606492385e-26	6.66851314501e-38	0	0	0	0	0	0	0	0	0	0	0	0	0	0	0	0	18.8765010834	0	0	0	0	0	0	0	0	0	0	0	0	0	0	0	0
Feb 22 2023 18:06:34	1.71155583858	2.24541449547	92.3047790527	0.000310977629852	19.222858429	2.56742477417	64.4827957153	-	0	0	0	0	0	0	0	0	0	0	0	0	0	0	7.95002108589e-07	0.00484444526955	0.364226609468	4.06599521637	14.6802740097	24.163230896	21.618970871	11.5309820175	3.82208275795	0.793198406696	0.101244300604	0.00757543090731	0.000301818508888	5.41077679372e-06	3.17626991375e-08	3.07539237132e-11	6.58246773366e-16	2.4615319647e-29	0	0	0	0	0	0	0	0	0	0	0	0	18.8470668793	0	0	0	0	0	0	0	0	0	0	0	0	0	0	0
Feb 22 2023 18:06:35	1.81909120083	2.19804954529	92.3282012939	0.000204872529139	19.2638034821	2.5814499855	76.7070922852	-	0	0	0	0	0	0	0	0	0	0	0	0	0	0	1.04305998229e-15	2.10197455885e-07	0.0028644730337	0.60230666399	10.6837854385	33.7897071838	27.933713913	7.36566162109	0.675699412823	0.0217923019081	0.000235608938965	7.58169903747e-07	5.73888547795e-10	6.73014026236e-14	5.44408248068e-19	4.83865308254e-26	1.12876138335e-37	0	0	0	0	0	0	0	0	0	0	0	0	0	18.9242229462	0	0	0	0	0	0	0	0	0	0	0	0	0	0	0
Feb 22 2023 18:06:36	87.7202301025	92.6304779053	97.8059234619	0.00924616027623	92.6120529175	92.6120529175	73.7330703735	-	0	0	0	0	0	0	0	0	0	0	0	0	0	0	0	0	0	0	0	0	0	0	0	0	0	0	0	0	0	0	0	0	0	0	0	0	0	0	0	0	0	0	1.08836645699e-34	5.73301078987e-15	100	0	0	0	0	0	0	0	0	0	0	0	0	0	0	0
Feb 22 2023 18:06:37	2.03986263275	2.28394985199	78.3475265503	0.000496521824971	16.6748771667	2.70937657356	58.4156913757	-	0	0	0	0	0	0	0	0	0	0	0	0	0	0	0	4.48398397048e-36	2.79598772328e-18	5.77060887963e-08	0.0429375395179	25.0517883301	55.1611366272	1.03245460987	0.000231673067901	6.36157015954e-10	1.69518341552e-17	2.52529975794e-27	7.09757672181e-40	0	0	0	0	0	0	0	0	0	0	0	0	0	0	0	0	18.7114524841	0	0	0	0	0	0	0	0	0	0	0	0	0	0	0	0
Feb 22 2023 18:06:38	87.7202301025	92.6304779053	97.8059234619	0.0132698453963	92.6120529175	92.6120529175	64.5761947632	-	0	0	0	0	0	0	0	0	0	0	0	0	0	0	0	0	0	0	0	0	0	0	0	0	0	0	0	0	0	0	0	0	0	0	0	0	0	0	0	0	0	0	0	0	100	0	0	0	0	0	0	0	0	0	0	0	0	0	0	0
Feb 22 2023 18:06:39	87.7202301025	92.6304779053	97.8059234619	0.00806385558099	92.6120529175	92.6120529175	76.6627349854	-	0	0	0	0	0	0	0	0	0	0	0	0	0	0	0	0	0	0	0	0	0	0	0	0	0	0	0	0	0	0	0	0	0	0	0	0	0	0	0	0	0	0	0	0	100	0	0	0	0	0	0	0	0	0	0	0	0	0	0	0
Feb 22 2023 18:06:40	1.93352401257	2.17370510101	92.4037017822	0.000241332090809	19.4886322021	2.60455131531	74.8292236328	-	0	0	0	0	0	0	0	0	0	0	0	0	0	0	3.69942794582e-41	4.23615896859e-20	1.40649836222e-09	0.00123204046395	2.08197522163	44.9299468994	32.5012016296	1.29983913898	0.00356450583786	6.83630901221e-07	8.04390495185e-12	4.22126644762e-18	5.26688653309e-26	5.0680128845e-36	0	0	0	0	0	0	0	0	0	0	0	0	0	0	0	0	19.1822395325	0	0	0	0	0	0	0	0	0	0	0	0	0	0	0
Feb 22 2023 18:06:41	87.7202301025	92.6304779053	97.8059234619	0.0140080414712	92.6120529175	92.6120529175	63.0241317749	-	0	0	0	0	0	0	0	0	0	0	0	0	0	0	0	0	0	0	0	0	0	0	0	0	0	0	0	0	0	0	0	0	0	0	0	0	0	0	0	0	0	0	0	0	100	0	0	0	0	0	0	0	0	0	0	0	0	0	0	0
Feb 22 2023 18:06:42	2.01447558403	2.26610827446	79.2344284058	0.000336916651577	16.9331378937	2.69572472572	69.029838562	-	0	0	0	0	0	0	0	0	0	0	0	0	0	0	0	1.58743452225e-35	7.3803783948e-18	1.14992595002e-07	0.0653602182865	29.4599571228	50.6591682434	0.748464941978	0.000134017449454	2.96985713799e-10	6.46359013367e-18	7.9691427758e-28	1.88334513605e-40	0	0	0	0	0	0	0	0	0	0	0	0	0	0	0	1.24031364809e-14	19.0669174194	0	0	0	0	0	0	0	0	0	0	0	0	0	0	0	0
Feb 22 2023 18:06:43	87.7202301025	92.6304779053	97.8059234619	0.00906782690436	92.6120529175	92.6120529175	74.1676940918	-	0	0	0	0	0	0	0	0	0	0	0	0	0	0	0	0	0	0	0	0	0	0	0	0	0	0	0	0	0	0	0	0	0	0	0	0	0	0	0	0	0	0	0	0	100	0	0	0	0	0	0	0	0	0	0	0	0	0	0	0
Feb 22 2023 18:06:44	87.7202301025	92.6304779053	97.8059234619	0.00701498007402	92.6120529175	92.6120529175	79.3590698242	-	0	0	0	0	0	0	0	0	0	0	0	0	0	0	0	0	0	0	0	0	0	0	0	0	0	0	0	0	0	0	0	0	0	0	0	0	0	0	0	0	0	0	5.19069040216e-30	7.4660465527e-13	100	0	0	0	0	0	0	0	0	0	0	0	0	0	0	0
Feb 22 2023 18:06:45	87.7202301025	92.6304779053	97.8059234619	0.00899064727128	92.6120529175	92.6120529175	74.3565826416	-	0	0	0	0	0	0	0	0	0	0	0	0	0	0	0	0	0	0	0	0	0	0	0	0	0	0	0	0	0	0	0	0	0	0	0	0	0	0	0	0	0	0	2.23551777567e-31	1.81595732375e-13	100	0	0	0	0	0	0	0	0	0	0	0	0	0	0	0
Feb 22 2023 18:06:46	87.7202301025	92.6304779053	97.8059234619	0.0102429529652	92.6120529175	92.6120529175	71.3502502441	-	0	0	0	0	0	0	0	0	0	0	0	0	0	0	0	0	0	0	0	0	0	0	0	0	0	0	0	0	0	0	0	0	0	0	0	0	0	0	0	0	0	0	0	0	100	0	0	0	0	0	0	0	0	0	0	0	0	0	0	0
Feb 22 2023 18:06:47	1.95454704762	2.18252658844	78.3254776001	0.000262813089648	16.5419387817	2.60165929794	73.3245620728	-	0	0	0	0	0	0	0	0	0	0	0	0	0	0	0	1.59255608653e-37	1.91057959266e-18	1.34830017373e-07	0.124711029232	45.0727996826	36.0162811279	0.156160607934	5.39600432603e-06	1.53404611063e-12	2.82095750939e-21	1.87582214669e-32	0	0	0	0	0	0	0	0	0	0	0	0	0	0	0	0	0	18.6300411224	0	0	0	0	0	0	0	0	0	0	0	0	0	0	0	0
Feb 22 2023 18:06:48	87.7202301025	92.6304779053	97.8059234619	0.0154586527497	92.6120529175	92.6120529175	60.0820426941	-	0	0	0	0	0	0	0	0	0	0	0	0	0	0	0	0	0	0	0	0	0	0	0	0	0	0	0	0	0	0	0	0	0	0	0	0	0	0	0	0	0	0	0	0	100	0	0	0	0	0	0	0	0	0	0	0	0	0	0	0
Feb 22 2023 18:06:49	87.7202301025	92.6304779053	97.8059234619	0.0136953778565	92.6120529175	92.6120529175	63.6769065857	-	0	0	0	0	0	0	0	0	0	0	0	0	0	0	0	0	0	0	0	0	0	0	0	0	0	0	0	0	0	0	0	0	0	0	0	0	0	0	0	0	0	0	0	0	100	0	0	0	0	0	0	0	0	0	0	0	0	0	0	0
Feb 22 2023 18:06:50	87.7202301025	92.6304779053	97.8059234619	0.00919551774859	92.6120529175	92.6120529175	73.8562316895	-	0	0	0	0	0	0	0	0	0	0	0	0	0	0	0	0	0	0	0	0	0	0	0	0	0	0	0	0	0	0	0	0	0	0	0	0	0	0	0	0	0	0	0	0	100	0	0	0	0	0	0	0	0	0	0	0	0	0	0	0
Feb 22 2023 18:06:51	87.7202301025	92.6304779053	97.8059234619	0.0217913556844	92.6120529175	92.6120529175	48.7648086548	-	0	0	0	0	0	0	0	0	0	0	0	0	0	0	0	0	0	0	0	0	0	0	0	0	0	0	0	0	0	0	0	0	0	0	0	0	0	0	0	0	0	0	0	5.99465050786e-28	100	0	0	0	0	0	0	0	0	0	0	0	0	0	0	0
Feb 22 2023 18:06:52	87.7202301025	92.6304779053	97.8059234619	0.0104612568393	92.6120529175	92.6120529175	70.8387680054	-	0	0	0	0	0	0	0	0	0	0	0	0	0	0	0	0	0	0	0	0	0	0	0	0	0	0	0	0	0	0	0	0	0	0	0	0	0	0	0	0	0	0	0	0	100	0	0	0	0	0	0	0	0	0	0	0	0	0	0	0
Feb 22 2023 18:06:53	87.7202301025	92.6304779053	97.8059234619	0.010907812044	92.6120529175	92.6120529175	69.8038787842	-	0	0	0	0	0	0	0	0	0	0	0	0	0	0	0	0	0	0	0	0	0	0	0	0	0	0	0	0	0	0	0	0	0	0	0	0	0	0	0	0	0	0	0	0	100	0	0	0	0	0	0	0	0	0	0	0	0	0	0	0
Feb 22 2023 18:06:54	87.7202301025	92.6304779053	97.8059234619	0.0105842649937	92.6120529175	92.6120529175	70.5521774292	-	0	0	0	0	0	0	0	0	0	0	0	0	0	0	0	0	0	0	0	0	0	0	0	0	0	0	0	0	0	0	0	0	0	0	0	0	0	0	0	0	0	0	0	0	100	0	0	0	0	0	0	0	0	0	0	0	0	0	0	0
Feb 22 2023 18:06:55	87.7202301025	92.6304779053	97.8059234619	0.0151148159057	92.6120529175	92.6120529175	60.7667388916	-	0	0	0	0	0	0	0	0	0	0	0	0	0	0	0	0	0	0	0	0	0	0	0	0	0	0	0	0	0	0	0	0	0	0	0	0	0	0	0	0	0	0	0	0	100	0	0	0	0	0	0	0	0	0	0	0	0	0	0	0
Feb 22 2023 18:06:56	87.7202301025	92.6304779053	97.8059234619	0.00922537595034	92.6120529175	92.6120529175	73.7835922241	-	0	0	0	0	0	0	0	0	0	0	0	0	0	0	0	0	0	0	0	0	0	0	0	0	0	0	0	0	0	0	0	0	0	0	0	0	0	0	0	0	0	0	0	0	100	0	0	0	0	0	0	0	0	0	0	0	0	0	0	0
Feb 22 2023 18:06:57	-1.00000001505e+30	-1.00000001505e+30	-1.00000001505e+30	-1.00000002538e+26	-1.00000001505e+30	-1.00000001505e+30	99.9215087891	-	0	0	0	0	0	0	0	0	0	0	0	0	0	0	0	0	0	0	0	0	0	0	0	0	0	0	0	0	0	0	0	0	0	0	0	0	0	0	0	0	0	0	0	0	0	0	0	0	0	0	0	0	0	0	0	0	0	0	0	0
Feb 22 2023 18:06:58	-1.00000001505e+30	-1.00000001505e+30	-1.00000001505e+30	-1.00000002538e+26	-1.00000001505e+30	-1.00000001505e+30	99.9890823364	-	0	0	0	0	0	0	0	0	0	0	0	0	0	0	0	0	0	0	0	0	0	0	0	0	0	0	0	0	0	0	0	0	0	0	0	0	0	0	0	0	0	0	0	0	0	0	0	0	0	0	0	0	0	0	0	0	0	0	0	0
Feb 22 2023 18:06:59	-1.00000001505e+30	-1.00000001505e+30	-1.00000001505e+30	-1.00000002538e+26	-1.00000001505e+30	-1.00000001505e+30	99.957321167	-	0	0	0	0	0	0	0	0	0	0	0	0	0	0	0	0	0	0	0	0	0	0	0	0	0	0	0	0	0	0	0	0	0	0	0	0	0	0	0	0	0	0	0	0	0	0	0	0	0	0	0	0	0	0	0	0	0	0	0	0
Feb 22 2023 18:07:00	-1.00000001505e+30	-1.00000001505e+30	-1.00000001505e+30	-1.00000002538e+26	-1.00000001505e+30	-1.00000001505e+30	100.012039185	-	0	0	0	0	0	0	0	0	0	0	0	0	0	0	0	0	0	0	0	0	0	0	0	0	0	0	0	0	0	0	0	0	0	0	0	0	0	0	0	0	0	0	0	0	0	0	0	0	0	0	0	0	0	0	0	0	0	0	0	0
Feb 22 2023 18:07:01	-1.00000001505e+30	-1.00000001505e+30	-1.00000001505e+30	-1.00000002538e+26	-1.00000001505e+30	-1.00000001505e+30	99.9825057983	-	0	0	0	0	0	0	0	0	0	0	0	0	0	0	0	0	0	0	0	0	0	0	0	0	0	0	0	0	0	0	0	0	0	0	0	0	0	0	0	0	0	0	0	0	0	0	0	0	0	0	0	0	0	0	0	0	0	0	0	0
Feb 22 2023 18:07:02	-1.00000001505e+30	-1.00000001505e+30	-1.00000001505e+30	-1.00000002538e+26	-1.00000001505e+30	-1.00000001505e+30	99.9320144653	-	0	0	0	0	0	0	0	0	0	0	0	0	0	0	0	0	0	0	0	0	0	0	0	0	0	0	0	0	0	0	0	0	0	0	0	0	0	0	0	0	0	0	0	0	0	0	0	0	0	0	0	0	0	0	0	0	0	0	0	0
Feb 22 2023 18:07:03	-1.00000001505e+30	-1.00000001505e+30	-1.00000001505e+30	-1.00000002538e+26	-1.00000001505e+30	-1.00000001505e+30	99.9732131958	-	0	0	0	0	0	0	0	0	0	0	0	0	0	0	0	0	0	0	0	0	0	0	0	0	0	0	0	0	0	0	0	0	0	0	0	0	0	0	0	0	0	0	0	0	0	0	0	0	0	0	0	0	0	0	0	0	0	0	0	0
Feb 22 2023 18:07:04	-1.00000001505e+30	-1.00000001505e+30	-1.00000001505e+30	-1.00000002538e+26	-1.00000001505e+30	-1.00000001505e+30	99.8239059448	-	0	0	0	0	0	0	0	0	0	0	0	0	0	0	0	0	0	0	0	0	0	0	0	0	0	0	0	0	0	0	0	0	0	0	0	0	0	0	0	0	0	0	0	0	0	0	0	0	0	0	0	0	0	0	0	0	0	0	0	0
Feb 22 2023 18:07:05	-1.00000001505e+30	-1.00000001505e+30	-1.00000001505e+30	-1.00000002538e+26	-1.00000001505e+30	-1.00000001505e+30	99.8817672729	-	0	0	0	0	0	0	0	0	0	0	0	0	0	0	0	0	0	0	0	0	0	0	0	0	0	0	0	0	0	0	0	0	0	0	0	0	0	0	0	0	0	0	0	0	0	0	0	0	0	0	0	0	0	0	0	0	0	0	0	0
Feb 22 2023 18:07:06	-1.00000001505e+30	-1.00000001505e+30	-1.00000001505e+30	-1.00000002538e+26	-1.00000001505e+30	-1.00000001505e+30	99.9797515869	-	0	0	0	0	0	0	0	0	0	0	0	0	0	0	0	0	0	0	0	0	0	0	0	0	0	0	0	0	0	0	0	0	0	0	0	0	0	0	0	0	0	0	0	0	0	0	0	0	0	0	0	0	0	0	0	0	0	0	0	0
Feb 22 2023 18:07:07	-1.00000001505e+30	-1.00000001505e+30	-1.00000001505e+30	-1.00000002538e+26	-1.00000001505e+30	-1.00000001505e+30	99.9750213623	-	0	0	0	0	0	0	0	0	0	0	0	0	0	0	0	0	0	0	0	0	0	0	0	0	0	0	0	0	0	0	0	0	0	0	0	0	0	0	0	0	0	0	0	0	0	0	0	0	0	0	0	0	0	0	0	0	0	0	0	0
Feb 22 2023 18:07:08	-1.00000001505e+30	-1.00000001505e+30	-1.00000001505e+30	-1.00000002538e+26	-1.00000001505e+30	-1.00000001505e+30	99.9643478394	-	0	0	0	0	0	0	0	0	0	0	0	0	0	0	0	0	0	0	0	0	0	0	0	0	0	0	0	0	0	0	0	0	0	0	0	0	0	0	0	0	0	0	0	0	0	0	0	0	0	0	0	0	0	0	0	0	0	0	0	0
Feb 22 2023 18:07:09	-1.00000001505e+30	-1.00000001505e+30	-1.00000001505e+30	-1.00000002538e+26	-1.00000001505e+30	-1.00000001505e+30	99.9852676392	-	0	0	0	0	0	0	0	0	0	0	0	0	0	0	0	0	0	0	0	0	0	0	0	0	0	0	0	0	0	0	0	0	0	0	0	0	0	0	0	0	0	0	0	0	0	0	0	0	0	0	0	0	0	0	0	0	0	0	0	0
Feb 22 2023 18:07:10	-1.00000001505e+30	-1.00000001505e+30	-1.00000001505e+30	-1.00000002538e+26	-1.00000001505e+30	-1.00000001505e+30	99.9936065674	-	0	0	0	0	0	0	0	0	0	0	0	0	0	0	0	0	0	0	0	0	0	0	0	0	0	0	0	0	0	0	0	0	0	0	0	0	0	0	0	0	0	0	0	0	0	0	0	0	0	0	0	0	0	0	0	0	0	0	0	0
Feb 22 2023 18:07:11	-1.00000001505e+30	-1.00000001505e+30	-1.00000001505e+30	-1.00000002538e+26	-1.00000001505e+30	-1.00000001505e+30	99.9975967407	-	0	0	0	0	0	0	0	0	0	0	0	0	0	0	0	0	0	0	0	0	0	0	0	0	0	0	0	0	0	0	0	0	0	0	0	0	0	0	0	0	0	0	0	0	0	0	0	0	0	0	0	0	0	0	0	0	0	0	0	0
Feb 22 2023 18:07:12	-1.00000001505e+30	-1.00000001505e+30	-1.00000001505e+30	-1.00000002538e+26	-1.00000001505e+30	-1.00000001505e+30	99.9954071045	-	0	0	0	0	0	0	0	0	0	0	0	0	0	0	0	0	0	0	0	0	0	0	0	0	0	0	0	0	0	0	0	0	0	0	0	0	0	0	0	0	0	0	0	0	0	0	0	0	0	0	0	0	0	0	0	0	0	0	0	0
Feb 22 2023 18:07:13	-1.00000001505e+30	-1.00000001505e+30	-1.00000001505e+30	-1.00000002538e+26	-1.00000001505e+30	-1.00000001505e+30	100.004302979	-	0	0	0	0	0	0	0	0	0	0	0	0	0	0	0	0	0	0	0	0	0	0	0	0	0	0	0	0	0	0	0	0	0	0	0	0	0	0	0	0	0	0	0	0	0	0	0	0	0	0	0	0	0	0	0	0	0	0	0	0
Feb 22 2023 18:07:14	-1.00000001505e+30	-1.00000001505e+30	-1.00000001505e+30	-1.00000002538e+26	-1.00000001505e+30	-1.00000001505e+30	100.00920105	-	0	0	0	0	0	0	0	0	0	0	0	0	0	0	0	0	0	0	0	0	0	0	0	0	0	0	0	0	0	0	0	0	0	0	0	0	0	0	0	0	0	0	0	0	0	0	0	0	0	0	0	0	0	0	0	0	0	0	0	0
Feb 22 2023 18:07:15	-1.00000001505e+30	-1.00000001505e+30	-1.00000001505e+30	-1.00000002538e+26	-1.00000001505e+30	-1.00000001505e+30	99.9708557129	-	0	0	0	0	0	0	0	0	0	0	0	0	0	0	0	0	0	0	0	0	0	0	0	0	0	0	0	0	0	0	0	0	0	0	0	0	0	0	0	0	0	0	0	0	0	0	0	0	0	0	0	0	0	0	0	0	0	0	0	0
Feb 22 2023 18:07:16	-1.00000001505e+30	-1.00000001505e+30	-1.00000001505e+30	-1.00000002538e+26	-1.00000001505e+30	-1.00000001505e+30	99.9711380005	-	0	0	0	0	0	0	0	0	0	0	0	0	0	0	0	0	0	0	0	0	0	0	0	0	0	0	0	0	0	0	0	0	0	0	0	0	0	0	0	0	0	0	0	0	0	0	0	0	0	0	0	0	0	0	0	0	0	0	0	0
Feb 22 2023 18:07:17	-1.00000001505e+30	-1.00000001505e+30	-1.00000001505e+30	-1.00000002538e+26	-1.00000001505e+30	-1.00000001505e+30	100.009559631	-	0	0	0	0	0	0	0	0	0	0	0	0	0	0	0	0	0	0	0	0	0	0	0	0	0	0	0	0	0	0	0	0	0	0	0	0	0	0	0	0	0	0	0	0	0	0	0	0	0	0	0	0	0	0	0	0	0	0	0	0
Feb 22 2023 18:07:18	-1.00000001505e+30	-1.00000001505e+30	-1.00000001505e+30	-1.00000002538e+26	-1.00000001505e+30	-1.00000001505e+30	100.029823303	-	0	0	0	0	0	0	0	0	0	0	0	0	0	0	0	0	0	0	0	0	0	0	0	0	0	0	0	0	0	0	0	0	0	0	0	0	0	0	0	0	0	0	0	0	0	0	0	0	0	0	0	0	0	0	0	0	0	0	0	0
