Date-Time	Dx(10)	Dx(50)	Dx(90)	Cv(%)	D[4][3]	D[3][2]	Transmission	0.10000020	0.11659167	0.13593590	0.15848963	0.18478534	0.21544389	0.25118914	0.29286504	0.34145555	0.39810795	0.46415979	0.54117060	0.63095856	0.73564368	0.85769761	1.00000191	1.16591668	1.35935903	1.58489633	1.84785342	2.15443897	2.51189137	2.92865038	3.41455555	3.98107958	4.64159775	5.41170597	6.30958605	7.35643721	8.57697582	10.00002003	11.65916729	13.59359074	15.84896278	18.47853470	21.54438972	25.11891365	29.28650284	34.14555740	39.81079483	46.41598129	54.11705780	63.09585953	73.56436920	85.76976013	100.00019836	116.59166718	135.93591309	158.48962402	184.78533936	215.44389343	251.18913269	292.86502075	341.45556641	398.10794067	464.15979004	541.17059326	630.95855713	735.64367676	857.69757080	1000.00195313
Feb 22 2023 18:03:26	1.67506289482	88.6329040527	96.347618103	0.000212962258956	57.0244216919	7.44114875793	87.7006759644	-	0	0	0	0	0	0	0	0	0	0	0	0	0	0	0.109631530941	1.1857560873	3.11750555038	4.16896438599	3.59124755859	2.23873925209	1.09801101685	0.462136089802	0.189593791962	0.0944439992309	0.0763534456491	0.114504061639	0.26826363802	0.733139574528	1.86317837238	3.85839867592	6.02757167816	6.58602142334	4.50007295609	1.54251992702	0.143181398511	3.01074232993e-05	0	0	0	0	0	0	0	0	58.0307350159	0	0	0	0	0	0	0	0	0	0	0	0	0	0	0
Feb 22 2023 18:03:27	1.57482850552	90.3671112061	96.9655456543	0.000306901580188	67.0635375977	9.5786113739	85.7767333984	-	0	0	0	0	0	0	0	0	0	0	0	0	0	0	0	0	0	10.7706851959	1.24593335649e-10	0	0	0	0	0	0	0	0	0	18.5802383423	0	0	0	0	0	0	0	0	0	0	0	0	0	0	0	70.6490783691	0	0	0	0	0	0	0	0	0	0	0	0	0	0	0
Feb 22 2023 18:03:28	-1.00000001505e+30	-1.00000001505e+30	-1.00000001505e+30	-1.00000002538e+26	-1.00000001505e+30	-1.00000001505e+30	99.0270385742	-	0	0	0	0	0	0	0	0	0	0	0	0	0	0	0	0	0	0	0	0	0	0	0	0	0	0	0	0	0	0	0	0	0	0	0	0	0	0	0	0	0	0	0	0	0	0	0	0	0	0	0	0	0	0	0	0	0	0	0	0
Feb 22 2023 18:03:29	1.65048956871	90.4105758667	96.9817199707	0.000249572534813	67.3240127563	9.27537441254	88.2369537354	-	0	0	0	0	0	0	0	0	0	0	0	0	0	0	0	5.61578625408e-18	4.32311790064e-05	8.15400791168	4.01565074921	1.24017224152e-05	3.05383038405e-17	1.38303954533e-38	0	0	0	0	0	0	16.7781257629	0	0	0	0	0	0	0	0	0	0	0	0	0	0	0	71.0521621704	0	0	0	0	0	0	0	0	0	0	0	0	0	0	0
Feb 22 2023 18:03:30	1.79022121429	90.5648803711	97.039100647	0.000399239535909	68.7265777588	10.4629850388	84.0688323975	-	0	0	0	0	0	0	0	0	0	0	0	0	0	0	7.37796015978e-25	8.22341528206e-10	0.008300117217	6.34879255295	4.01618623734	0.00275151268579	4.02166799862e-10	1.75430027769e-23	0	0	0	0	0	0	13.9432830811	3.00796294212	0.14972512424	0.00350391562097	4.11935434386e-05	2.2042061687e-07	3.49095863328e-10	0	0	0	0	0	0	0	0	0	72.5194549561	0	0	0	0	0	0	0	0	0	0	0	0	0	0	0
Feb 22 2023 18:03:31	1.71490931511	90.32371521	96.9493942261	0.000553378660697	66.962272644	10.0121688843	77.5109710693	-	0	0	0	0	0	0	0	0	0	0	0	0	0	0	0	3.71667809561e-27	7.04700795495e-08	7.16687345505	3.92622613907	4.38640412881e-08	5.31513326605e-25	0	0	0	0	0	0	0	6.8389339447	7.34483671188	3.40974402428	0.906342625618	0.142869919538	0.0126485247165	0.000499874644447	0	0	0	0	0	0	0	0	0	70.2510223389	0	0	0	0	0	0	0	0	0	0	0	0	0	0	0
Feb 22 2023 18:03:32	1.73401689529	90.4091949463	96.9812088013	0.000566328410059	67.4702682495	9.97114181519	77.1588821411	-	0	0	0	0	0	0	0	0	0	0	0	0	0	0	2.38220738935e-42	9.2684389879e-17	7.50508916099e-05	6.69767189026	4.37724685669	4.26174847235e-05	7.64583395443e-16	5.63030010353e-36	0	0	0	0	0	0	12.4493598938	4.63446378708	0.728173017502	0.0693621784449	0.0041501368396	0.000146219026647	2.32247703025e-06	0	0	0	0	0	0	0	0	0	71.0393066406	0	0	0	0	0	0	0	0	0	0	0	0	0	0	0
Feb 22 2023 18:03:33	1.53136277199	89.5824203491	96.6726608276	0.000584723427892	62.3211555481	9.17294692993	73.3798370361	-	0	0	0	0	0	0	0	0	0	0	0	0	0	0	0	0	0	11.7267742157	1.50491901926e-12	0	0	0	0	0	0	0	0	0.808324694633	2.96108078957	4.67523527145	5.27593564987	4.66097927094	3.27628993988	1.78351807594	0.675690293312	0.098024122417	0	0	0	0	0	0	0	0	64.0581512451	0	0	0	0	0	0	0	0	0	0	0	0	0	0	0
Feb 22 2023 18:03:34	1.53689873219	89.790687561	96.7505569458	0.000552201003302	63.4445228577	9.29227638245	75.0252456665	-	0	0	0	0	0	0	0	0	0	0	0	0	0	0	0	0	0	11.4123725891	0	0	0	0	0	0	0	0	0	1.40718245506	4.0962934494	5.43330669403	5.09966516495	3.67894363403	2.06259894371	0.86718660593	0.238310575485	0.014256968163	0	0	0	0	0	0	0	0	65.6898880005	0	0	0	0	0	0	0	0	0	0	0	0	0	0	0
Feb 22 2023 18:03:35	1.58029770851	90.1355667114	96.8792953491	0.000530619523488	65.6294784546	9.8830499649	77.3692092896	-	0	0	0	0	0	0	0	0	0	0	0	0	0	0	0	0	0	10.3365440369	0	0	0	0	0	0	0	0	0	1.93307602406	6.44921159744	6.49280261993	3.99449920654	1.65898764133	0.468226611614	0.0850175470114	0.00803982838988	0	0	0	0	0	0	0	0	0	68.5735931396	0	0	0	0	0	0	0	0	0	0	0	0	0	0	0
Feb 22 2023 18:03:36	1.85771095753	90.3113327026	96.9447860718	0.00080390489893	67.1683959961	11.5386123657	75.1273117065	-	0	0	0	0	0	0	0	0	0	0	0	0	0	0	0	0	0	1.11433431926e-13	10.211063385	1.97102837524e-12	0	0	0	0	0	0	0	0	1.88045275211	7.87962293625	6.18383073807	2.76780843735	0.786181986332	0.139400064945	0.0132895382121	0.000144779638504	0	0	0	0	0	0	0	0	70.1382064819	0	0	0	0	0	0	0	0	0	0	0	0	0	0	0
Feb 22 2023 18:03:37	1.79146277905	89.9682159424	96.8168716431	0.00079248775728	64.7289505005	10.6140012741	73.4669113159	-	0	0	0	0	0	0	0	0	0	0	0	0	0	0	0	0	0	6.42889679422e-22	11.4183893204	4.97708462172e-14	0	0	0	0	0	0	0	0	1.91173124313	6.26495695114	6.61960554123	4.25026988983	1.80616569519	0.500896036625	0.0801643654704	0.00312747503631	0	0	0	0	0	0	0	0	67.1446914673	0	0	0	0	0	0	0	0	0	0	0	0	0	0	0
Feb 22 2023 18:03:38	1.78711390495	89.5514068604	96.6610565186	0.000644567422569	62.0471954346	10.1933069229	77.0985565186	-	0	0	0	0	0	0	0	0	0	0	0	0	0	0	0	0	0	0	11.6773395538	0	0	0	0	0	0	0	0	0	3.3211774826	6.17410326004	6.31658267975	4.66237449646	2.60770320892	1.08540678024	0.302587985992	0.0309501346201	0	0	0	0	0	0	0	0	63.8217735291	0	0	0	0	0	0	0	0	0	0	0	0	0	0	0
Feb 22 2023 18:03:39	1.77261793613	89.9379501343	96.8055725098	0.000417665229179	64.4317474365	9.98463058472	83.998374939	-	0	0	0	0	0	0	0	0	0	0	0	0	0	0	0	0	0	0	12.6377086639	3.24791907778e-12	0	0	0	0	0	0	0	0	1.20931506157	5.89669942856	6.7434296608	4.35767030716	1.76091861725	0.440068036318	0.0600124299526	0.00180433620699	0	0	0	0	0	0	0	0	66.8923721313	0	0	0	0	0	0	0	0	0	0	0	0	0	0	0
Feb 22 2023 18:03:40	1.77355086803	89.750579834	96.7355728149	0.000589576957282	63.4659805298	10.0638866425	78.3356399536	-	0	0	0	0	0	0	0	0	0	0	0	0	0	0	0	0	0	0	12.5709161758	0	0	0	0	0	0	0	0	0	0.875450313091	4.12787628174	5.67927122116	5.24154090881	3.59217333794	1.825548172	0.628514051437	0.0891460776329	0	0	0	0	0	0	0	0	65.3695678711	0	0	0	0	0	0	0	0	0	0	0	0	0	0	0
Feb 22 2023 18:03:41	1.52135169506	89.724319458	96.7257537842	0.000528650183696	63.4298629761	9.05738830566	74.9499282837	-	0	0	0	0	0	0	0	0	0	0	0	0	0	0	0	0	0	12.5139894485	0	0	0	0	0	0	0	0	0	0	0.627253293991	3.00059914589	4.95478343964	5.4721570015	4.43288373947	2.62694144249	1.04100859165	0.16897110641	0	0	0	0	0	0	0	0	65.1614151001	0	0	0	0	0	0	0	0	0	0	0	0	0	0	0
Feb 22 2023 18:03:42	1.51067972183	89.0049209595	96.4560394287	0.000736954913009	59.0962142944	8.27498149872	64.5388717651	-	0	0	0	0	0	0	0	0	0	0	0	0	0	0	0	0	1.46663878958e-11	13.4856386185	0	0	0	0	0	0	0	0	0	0.797703564167	2.18099141121	3.69661974907	4.82526397705	5.14316129684	4.52675056458	3.22104310989	1.71453499794	0.495030730963	0	0	0	0	0	0	0	0	59.9132614136	0	0	0	0	0	0	0	0	0	0	0	0	0	0	0
Feb 22 2023 18:03:43	1.54205727577	89.3231582642	96.5755310059	0.00041682284791	60.4924354553	6.94489860535	74.5903930664	-	0	0	0	0	0	0	0	0	0	0	0	0	0	0	7.64558372168e-09	0.0043661557138	1.36385905743	10.6588020325	6.4910569191	0.466541290283	0.00423558102921	3.71936471311e-06	1.44033285299e-10	4.46694471438e-17	5.67112412912e-27	4.92125653304e-36	3.14578346443e-26	4.93311617904e-16	2.98788149777e-09	0.000114449190733	0.120280511677	5.86551141739	12.3705940247	0.52269256115	3.37198580382e-05	5.79363608284e-19	0	0	0	0	0	0	0	0	62.1319122314	0	0	0	0	0	0	0	0	0	0	0	0	0	0	0
Feb 22 2023 18:03:44	1.51927995682	90.0930557251	96.8634490967	0.000423153862357	65.183555603	8.75119495392	78.8558120728	-	0	0	0	0	0	0	0	0	0	0	0	0	0	0	0	0	0	12.6910018921	7.49809502681e-12	0	0	0	0	0	0	0	0	0	6.044069767	6.90028810501	4.14836978912	1.56874334812	0.381566256285	0.0566696040332	0.00416259514168	0	0	0	0	0	0	0	0	0	68.2051315308	0	0	0	0	0	0	0	0	0	0	0	0	0	0	0
Feb 22 2023 18:03:45	1.52929365635	89.8438644409	96.7704315186	0.000541187415365	63.7814216614	9.12853908539	74.9189376831	-	0	0	0	0	0	0	0	0	0	0	0	0	0	0	0	0	0	11.8808422089	1.81480048003e-13	0	0	0	0	0	0	0	0	0.591980576515	3.78332686424	5.55091333389	5.31633090973	3.76099681854	2.00731635094	0.782854557037	0.195107027888	0.0109868496656	0	0	0	0	0	0	0	0	66.1193466187	0	0	0	0	0	0	0	0	0	0	0	0	0	0	0
Feb 22 2023 18:03:46	1.53282821178	90.0510940552	96.8477935791	0.000320844730595	65.3113479614	9.47886180878	84.7338104248	-	0	0	0	0	0	0	0	0	0	0	0	0	0	0	0	0	0	11.6201667786	1.41344531565e-12	0	0	0	0	0	0	0	0	0	1.86788737774	5.17724895477	6.00627613068	4.41593551636	2.19762802124	0.725449621677	0.138982772827	0.00527323083952	0	0	0	0	0	0	0	0	67.8451538086	0	0	0	0	0	0	0	0	0	0	0	0	0	0	0
Feb 22 2023 18:03:47	1.5372928381	89.5473022461	96.6595153809	0.000430266460171	62.566986084	9.58704948425	80.3432998657	-	0	0	0	0	0	0	0	0	0	0	0	0	0	0	0	0	0	11.4014472961	2.62884787723e-12	0	0	0	0	0	0	0	0	0	1.06552875042	3.04380178452	4.73167085648	5.4376411438	4.89916658401	3.43687939644	1.74114561081	0.45212161541	0	0	0	0	0	0	0	0	63.7905960083	0	0	0	0	0	0	0	0	0	0	0	0	0	0	0
Feb 22 2023 18:03:48	1.52057886124	89.0783157349	96.4836273193	0.000377452350222	59.6889152527	8.73469829559	80.9557342529	-	0	0	0	0	0	0	0	0	0	0	0	0	0	0	0	0	1.22374915756e-10	12.5794143677	0	0	0	0	0	0	0	0	0	0.661895215511	1.93278849125	3.42487359047	4.67171907425	5.21511411667	4.82113838196	3.61523914337	2.03685522079	0.629499733448	0	0	0	0	0	0	0	0	60.4114723206	0	0	0	0	0	0	0	0	0	0	0	0	0	0	0
Feb 22 2023 18:03:49	1.66730451584	87.8608551025	96.2178344727	0.000657456927001	55.8375282288	7.03154659271	65.40234375	-	0	0	0	0	0	0	0	0	0	0	0	0	0	0	0.352157771587	1.5483301878	2.97610592842	3.83228850365	3.76076841354	2.9584209919	1.89518654346	0.976746618748	0.387479692698	0.110552743077	0.0233319178224	0.00764323538169	0.016692025587	0.09350387007	0.423277646303	1.32519841194	2.99454212189	5.03346347809	6.26784133911	5.50433540344	2.96353721619	0.623886942863	4.06960026567e-07	0	0	0	0	0	0	0	55.9247093201	0	0	0	0	0	0	0	0	0	0	0	0	0	0	0
Feb 22 2023 18:03:50	1.11702382565	89.2086257935	96.5325546265	0.000330571347149	60.1955299377	6.83907032013	77.9760513306	-	0	0	0	0	0	0	0	0	0	0	0	0	0	0	9.76527140943e-14	12.6776428223	2.50686443049e-23	0	0	0	0	0	0	0	0	0	0	0.249143064022	2.3026072979	4.18846511841	5.26737070084	5.24132585526	4.25301551819	2.77591300011	1.35730934143	0.37154635787	0	0	0	0	0	0	0	0	61.315662384	0	0	0	0	0	0	0	0	0	0	0	0	0	0	0
Feb 22 2023 18:03:51	1.30168354511	89.004486084	96.4558792114	0.000509236648213	59.1541748047	7.62572240829	70.3272094727	-	0	0	0	0	0	0	0	0	0	0	0	0	0	0	0	0	12.7927722931	6.75984355297e-12	0	0	0	0	0	0	0	0	0	0.797216415405	2.24863934517	3.79366326332	4.92415046692	5.23931837082	4.6272778511	3.32420134544	1.80119943619	0.541220068932	0	0	0	0	0	0	0	0	59.9103393555	0	0	0	0	0	0	0	0	0	0	0	0	0	0	0
Feb 22 2023 18:03:52	1.78272032738	90.4093475342	96.981262207	0.000926037551835	67.426399231	9.93728160858	65.9641113281	-	0	0	0	0	0	0	0	0	0	0	0	0	0	0	3.38329447791e-10	0.000383847160265	0.286683350801	5.07198905945	5.56197404861	0.435127258301	0.00139782053884	1.99008081125e-08	9.89655363847e-22	0	0	0	0	0	13.7508411407	3.64498806	0.200315639377	0.00549646699801	8.15429739305e-05	6.04888953148e-07	1.59753721363e-09	0	0	0	0	0	0	0	0	0	71.0407180786	0	0	0	0	0	0	0	0	0	0	0	0	0	0	0
Feb 22 2023 18:03:53	1.53760266304	90.2548675537	96.9237518311	0.000925025437027	66.7662582397	9.73456668854	62.741394043	-	0	0	0	0	0	0	0	0	0	0	0	0	0	0	0	0	0	11.3928718567	2.27172295732e-12	0	0	0	0	0	0	0	0	0	1.1579169035	5.17401599884	6.17477846146	4.18500328064	1.76722347736	0.456797897816	0.0622934773564	0.000942199141718	0	0	0	0	0	0	0	0	69.6281585693	0	0	0	0	0	0	0	0	0	0	0	0	0	0	0
Feb 22 2023 18:03:54	1.53317689896	90.2211608887	96.9112014771	0.000885628862306	66.3242721558	9.4569940567	63.2643814087	-	0	0	0	0	0	0	0	0	0	0	0	0	0	0	0	0	0	11.5951051712	0	0	0	0	0	0	0	0	0	0	3.6337018013	6.5437412262	5.23425197601	2.6109752655	0.856304347515	0.178774997592	0.0200199186802	3.72279828298e-05	0	0	0	0	0	0	0	0	69.3270874023	0	0	0	0	0	0	0	0	0	0	0	0	0	0	0
Feb 22 2023 18:03:55	1.73465931416	88.919631958	96.4239730835	0.000761712028179	58.2290115356	6.96470499039	61.3425750732	-	0	0	0	0	0	0	0	0	0	0	0	0	0	0	1.02512562275	1.89444160461	2.51826858521	2.85045671463	2.89001655579	2.67547297478	2.27193689346	1.75443649292	1.1985989809	0.683759272099	0.29566013813	0.110994689167	0.182421207428	0.533983945847	1.14335560799	1.93061125278	2.75713443756	3.42651987076	3.71276783943	3.41855072975	2.4541285038	0.927312195301	0	0	0	0	0	0	1.77964904969e-41	1.09270712866e-13	59.3440475464	0	0	0	0	0	0	0	0	0	0	0	0	0	0	0
Feb 22 2023 18:03:56	1.74671137333	89.2024841309	96.5302505493	0.000867965980433	59.7260818481	7.09325456619	57.8332176208	-	0	0	0	0	0	0	0	0	0	0	0	0	0	0	1.01366317272	1.872392416	2.48708128929	2.81214213371	2.84708356857	2.63078999519	2.22851467133	1.71518063545	1.16607403755	0.659882903099	0.281132429838	0.1046070382	0.18055729568	0.529825508595	1.12641942501	1.88664472103	2.66927194595	3.27767086029	3.49018979073	3.12000799179	2.09326267242	0.535131216049	0	0	0	0	0	0	1.40129846432e-43	2.46860823748e-14	61.2724723816	0	0	0	0	0	0	0	0	0	0	0	0	0	0	0
Feb 22 2023 18:03:57	1.70167911053	88.0010757446	96.2414779663	0.0006508276565	55.5603256226	6.53593492508	64.2565155029	-	0	0	0	0	0	0	0	0	0	0	0	0	0	0	1.06749331951	1.96380412579	2.60653162003	2.95659661293	3.01809740067	2.83168721199	2.46163082123	1.97993481159	1.45790433884	0.969622910023	0.595034778118	0.405891239643	0.45216986537	0.758157849312	1.30584859848	2.02403378487	2.78636431694	3.41063785553	3.68350863457	3.41370582581	2.50595903397	1.04827213287	0	0	0	0	0	0	0	0	56.2971115112	0	0	0	0	0	0	0	0	0	0	0	0	0	0	0
Feb 22 2023 18:03:58	1.52577495575	89.1497497559	96.5104522705	0.0004615750222	59.0841751099	6.1321105957	69.0671386719	-	0	0	0	0	0	0	0	0	0	0	0	0	0	0	2.25525362274e-11	0.000520985282492	0.849029958248	12.9792575836	8.09724712372	0.363648951054	0.00138165254612	3.73507447193e-07	4.09227859932e-12	8.1445909172e-19	7.10748884462e-27	2.3198888827e-31	5.97022752061e-26	2.03250833106e-17	2.12193720928e-10	2.81590982922e-05	0.081372179091	6.386677742	10.2282905579	0.108604200184	2.09673828522e-07	2.17375687629e-27	0	0	0	0	0	0	0	0	60.9039421082	0	0	0	0	0	0	0	0	0	0	0	0	0	0	0
Feb 22 2023 18:03:59	1.54279100895	89.789352417	96.7500610352	0.000488816993311	63.4582099915	9.37092781067	77.743057251	-	0	0	0	0	0	0	0	0	0	0	0	0	0	0	0	0	0	11.251452446	6.51200751309e-12	0	0	0	0	0	0	0	0	1.7324385643	4.01947164536	5.21299600601	4.96948385239	3.70460009575	2.1710395813	0.96261703968	0.280369818211	0.0163401979953	0	0	0	0	0	0	0	0	65.6791915894	0	0	0	0	0	0	0	0	0	0	0	0	0	0	0
Feb 22 2023 18:04:00	1.777364254	89.0894317627	96.4878005981	0.00026462902315	59.0983810425	9.45340442657	89.1609954834	-	0	0	0	0	0	0	0	0	0	0	0	0	0	0	0	0	0	8.98041411545e-26	12.3054351807	1.66189301903e-11	0	0	0	0	0	0	0	1.58819329739	5.47042703629	6.70492887497	5.84951114655	4.03282642365	2.2398519516	0.977593660355	0.303515434265	0.0400957614183	0	0	0	0	0	0	0	0	60.4876213074	0	0	0	0	0	0	0	0	0	0	0	0	0	0	0
Feb 22 2023 18:04:01	1.71284067631	90.051361084	96.8478927612	0.000316375662806	65.0710296631	9.74414730072	85.9540863037	-	0	0	0	0	0	0	0	0	0	0	0	0	0	0	8.51109582811e-09	0.0034603450913	0.97180211544	6.80648374557	3.15663218498	0.116291597486	0.000221786176553	3.91549725975e-09	1.39352132192e-19	0	0	0	0	0	5.8191409111	7.46497964859	4.94469642639	2.1259765625	0.615331172943	0.11559728533	0.0119221676141	6.21404396952e-05	0	0	0	0	0	0	0	0	67.84740448	0	0	0	0	0	0	0	0	0	0	0	0	0	0	0
Feb 22 2023 18:04:02	1.78870022297	90.0264282227	96.8385925293	0.000430746411439	64.9158248901	10.0121774673	82.6749649048	-	0	0	0	0	0	0	0	0	0	0	0	0	0	0	1.60063264726e-11	9.25853237277e-05	0.163495123386	4.61962080002	6.13184309006	0.463022142649	0.0011952224886	1.34843167743e-08	1.3044880598e-20	0	0	0	0	0	4.76364517212	7.58327007294	5.39058828354	2.39802122116	0.703846812248	0.132316961884	0.013642965816	0.000150462277816	0	0	0	0	0	0	0	0	67.6352539063	0	0	0	0	0	0	0	0	0	0	0	0	0	0	0
Feb 22 2023 18:04:03	1.53431987762	90.1075363159	96.8688430786	0.000397072726628	65.64868927	9.52379131317	81.5655517578	-	0	0	0	0	0	0	0	0	0	0	0	0	0	0	0	0	0	11.5137338638	0	0	0	0	0	0	0	0	0	0	2.34649848938	5.67334985733	5.93394804001	3.90735530853	1.71989536285	0.493598550558	0.0796979665756	0.00169358262792	0	0	0	0	0	0	0	0	68.3302307129	0	0	0	0	0	0	0	0	0	0	0	0	0	0	0
Feb 22 2023 18:04:04	1.71092057228	88.5283432007	96.3301010132	0.000621993793175	57.0239601135	6.86026906967	66.6594238281	-	0	0	0	0	0	0	0	0	0	0	0	0	0	0	0.893762230873	1.87113010883	2.6299841404	3.04725551605	3.09619355202	2.82544279099	2.33090162277	1.72377133369	1.11056029797	0.588585436344	0.236744061112	0.0850899368525	0.116390526295	0.374289929867	0.932361066341	1.77892518044	2.78593468666	3.70125031471	4.1899061203	3.94334316254	2.8443710804	1.15643382072	0	0	0	0	0	0	0	0	57.7373733521	0	0	0	0	0	0	0	0	0	0	0	0	0	0	0
Feb 22 2023 18:04:05	1.30327045918	89.4236831665	96.6132125854	0.000634869444184	61.4115180969	7.79194450378	64.989982605	-	0	0	0	0	0	0	0	0	0	0	0	0	0	0	0	1.26898491715e-12	12.6284303665	7.10098366725e-20	0	0	0	0	0	0	0	0	0	0.443962037563	2.22393655777	4.0033159256	5.06638765335	5.01454305649	3.96904802322	2.46122527122	1.09430348873	0.229310870171	0	0	0	0	0	0	0	0	62.8655357361	0	0	0	0	0	0	0	0	0	0	0	0	0	0	0
Feb 22 2023 18:04:06	1.58603167534	90.5692825317	97.0407409668	0.000628569570836	68.8089370728	10.1441373825	74.1903152466	-	0	0	0	0	0	0	0	0	0	0	0	0	0	0	0	0	0	10.3490161896	0	0	0	0	0	0	0	0	0	0	10.8058948517	5.37339925766	0.829825520515	0.0752945765853	0.00425829412416	0.000141241456731	2.07938728636e-06	0	0	0	0	0	0	0	0	0	72.562171936	0	0	0	0	0	0	0	0	0	0	0	0	0	0	0
Feb 22 2023 18:04:07	1.52366936207	89.9257736206	96.8010253906	0.000574174686335	64.5673522949	9.15270614624	73.3838043213	-	0	0	0	0	0	0	0	0	0	0	0	0	0	0	0	0	0	12.3220081329	6.14909463409e-14	0	0	0	0	0	0	0	0	0	1.2349101305	3.81847691536	5.35891342163	5.02435064316	3.36014175415	1.57987010479	0.467160612345	0.0428154319525	0	0	0	0	0	0	0	0	66.7913589478	0	0	0	0	0	0	0	0	0	0	0	0	0	0	0
Feb 22 2023 18:04:08	1.53024363518	89.7800445557	96.7465820313	0.000490296806674	63.4483833313	9.16675758362	77.0784301758	-	0	0	0	0	0	0	0	0	0	0	0	0	0	0	0	0	0	11.8095779419	0	0	0	0	0	0	0	0	0	0.964049041271	3.33075332642	4.91727018356	5.10999679565	4.08851480484	2.5545258522	1.20711672306	0.380326032639	0.0332855209708	0	0	0	0	0	0	0	0	65.6045837402	0	0	0	0	0	0	0	0	0	0	0	0	0	0	0
Feb 22 2023 18:04:09	1.52621400356	89.8967056274	96.7901687622	0.000587769667618	64.2403640747	9.140001297	72.9538879395	-	0	0	0	0	0	0	0	0	0	0	0	0	0	0	0	0	0	12.1182193756	4.40486649976e-13	0	0	0	0	0	0	0	0	0	2.57067036629	4.89413022995	5.53057861328	4.41202068329	2.56748223305	1.06134176254	0.275137960911	0.0190326347947	0	0	0	0	0	0	0	0	66.5513916016	0	0	0	0	0	0	0	0	0	0	0	0	0	0	0
Feb 22 2023 18:04:10	1.52410781384	90.1790771484	96.8955154419	0.000799504516181	66.1867370605	9.25340366364	65.210357666	-	0	0	0	0	0	0	0	0	0	0	0	0	0	0	0	0	0	12.2863855362	1.223040072e-11	0	0	0	0	0	0	0	0	0	0.529442608356	4.65089941025	6.24620342255	4.59375762939	2.07966518402	0.573512077332	0.0837536081672	0.00172426388599	0	0	0	0	0	0	0	0	68.9546585083	0	0	0	0	0	0	0	0	0	0	0	0	0	0	0
Feb 22 2023 18:04:11	1.64427065849	87.6110458374	96.1756362915	0.000430698768469	55.1676750183	6.8022108078	75.0024185181	-	0	0	0	0	0	0	0	0	0	0	0	0	0	0	0.29504480958	1.50548708439	3.09241819382	4.09703826904	4.04159927368	3.14699745178	1.97780108452	1.00000393391	0.396463871002	0.120824038982	0.0322477445006	0.0145334862173	0.0260215457529	0.108043164015	0.4390822649	1.3507245779	3.07399439812	5.189245224	6.37934780121	5.36757802963	2.62858462334	0.445035904646	0	0	0	0	0	0	0	0	55.2718811035	0	0	0	0	0	0	0	0	0	0	0	0	0	0	0
Feb 22 2023 18:04:12	1.59903609753	87.3339614868	96.1287078857	0.000362710474292	54.6548042297	6.57388496399	77.57371521	-	0	0	0	0	0	0	0	0	0	0	0	0	0	0	0.166889667511	1.34272384644	3.37408971786	4.82588529587	4.70591163635	3.35321617126	1.77808332443	0.683459937572	0.174562886357	0.0248506721109	0.00153513427358	7.14860798325e-05	0.000224678427912	0.00701411720365	0.0967586413026	0.61489790678	2.22069644928	5.03707551956	7.32003211975	6.45645618439	2.88603854179	0.366238892078	1.38641471494e-05	0	0	0	0	0	0	0	54.5632705688	0	0	0	0	0	0	0	0	0	0	0	0	0	0	0
Feb 22 2023 18:04:13	1.53533101082	90.1330184937	96.8783493042	0.000481302238768	65.9414138794	9.6534910202	78.3249282837	-	0	0	0	0	0	0	0	0	0	0	0	0	0	0	0	0	6.82809945693e-25	11.4560718536	2.89263231423e-12	0	0	0	0	0	0	0	0	0	1.22246491909	4.71401119232	6.11054468155	4.71758270264	2.35154628754	0.743304312229	0.129564762115	0.00354392942972	0	0	0	0	0	0	0	0	68.5513687134	0	0	0	0	0	0	0	0	0	0	0	0	0	0	0
Feb 22 2023 18:04:14	1.53275001049	89.5997085571	96.6791381836	0.000516585248988	62.6042938232	9.35422134399	76.4168167114	-	0	0	0	0	0	0	0	0	0	0	0	0	0	0	0	0	6.47026179653e-25	11.6258077621	9.62610091464e-13	0	0	0	0	0	0	0	0	0	1.88155174255	4.18394327164	5.50679779053	5.34003829956	3.98556447029	2.2543053627	0.881438612938	0.149878010154	0	0	0	0	0	0	0	0	64.1906738281	0	0	0	0	0	0	0	0	0	0	0	0	0	0	0
Feb 22 2023 18:04:15	1.29733860493	89.6168212891	96.6855392456	0.000334892974934	62.4012947083	7.55589437485	78.9631729126	-	0	0	0	0	0	0	0	0	0	0	0	0	0	0	0	0	13.2665662766	0	0	0	0	0	0	0	0	0	0	0.272330909967	2.34020233154	4.26620960236	5.14384841919	4.67198848724	3.27966690063	1.73639953136	0.621538996696	0.0789292901754	0	0	0	0	0	0	0	0	64.3223190308	0	0	0	0	0	0	0	0	0	0	0	0	0	0	0
Feb 22 2023 18:04:16	1.3216483593	89.8609619141	96.7768173218	0.000530612189323	63.9006004333	8.35229492188	71.7702713013	-	0	0	0	0	0	0	0	0	0	0	0	0	0	0	0	0	11.3758516312	0	0	0	0	0	0	0	0	0	0	1.61472022533	3.82653260231	5.07044506073	4.89359378815	3.65455794334	2.12099528313	0.918735027313	0.255584031343	0.0104584461078	0	0	0	0	0	0	0	0	66.2585296631	0	0	0	0	0	0	0	0	0	0	0	0	0	0	0
Feb 22 2023 18:04:17	1.53879725933	89.5031661987	96.6429901123	0.000350803835317	62.1520233154	9.47552108765	83.5523910522	-	0	0	0	0	0	0	0	0	0	0	0	0	0	0	0	0	0	11.3599557877	0	0	0	0	0	0	0	0	0	0.59803289175	2.02703166008	3.58115100861	4.72066831589	5.01127624512	4.34607076645	3.00876021385	1.52060353756	0.36906799674	0	0	0	0	0	0	0	0	63.4573822021	0	0	0	0	0	0	0	0	0	0	0	0	0	0	0
Feb 22 2023 18:04:18	1.53302574158	90.0541381836	96.8489303589	0.000495455518831	65.5500259399	9.62901115417	77.6508026123	-	0	0	0	0	0	0	0	0	0	0	0	0	0	0	0	0	0	11.6059522629	0	0	0	0	0	0	0	0	0	0	0.721398115158	3.49153232574	5.3929643631	5.25334501266	3.53627157211	1.63045322895	0.459847450256	0.0370672419667	0	0	0	0	0	0	0	0	67.8711700439	0	0	0	0	0	0	0	0	0	0	0	0	0	0	0
Feb 22 2023 18:04:19	1.57778680325	87.5659561157	96.168006897	0.000535877246875	54.9328193665	6.46681690216	68.0598754883	-	0	0	0	0	0	0	0	0	0	0	0	0	0	0	0.0942513123155	1.17240571976	3.53565406799	5.3631939888	5.09966135025	3.31221604347	1.50790858269	0.470184206963	0.0926012694836	0.0101272827014	0.000630171736702	8.34308739286e-05	0.000347919703927	0.0071980166249	0.0960542857647	0.659492433071	2.54581236839	5.83008384705	7.82854032516	5.58024311066	1.57720410824	0.060630954802	0	0	0	0	0	0	0	0	55.1554756165	0	0	0	0	0	0	0	0	0	0	0	0	0	0	0
Feb 22 2023 18:04:20	1.29434990883	88.1472244263	96.2660903931	0.000299077713862	57.2088165283	7.38418054581	80.5791702271	-	0	0	0	0	0	0	0	0	0	0	0	0	0	0	0	2.27892574603e-12	13.6143712997	6.6792891476e-14	0	0	0	0	0	0	0	0	0	0.172994464636	0.9420145154	2.12156057358	3.53658270836	4.84374284744	5.60674142838	5.45661306381	4.28301000595	2.37072324753	0.361713409424	0	0	0	0	0	0	0	56.6899299622	0	0	0	0	0	0	0	0	0	0	0	0	0	0	0
Feb 22 2023 18:04:21	1.31684374809	88.544883728	96.3328704834	0.000266201270279	58.0159797668	8.2170381546	84.4618988037	-	0	0	0	0	0	0	0	0	0	0	0	0	0	0	0	0	11.5533723831	0	0	0	0	0	0	0	0	0	0.0727139636874	0.661618173122	1.65876114368	2.94266057014	4.25603818893	5.24238681793	5.54866361618	4.96936607361	3.56941175461	1.72469079494	0.0167058315128	0	0	0	0	0	0	0	57.7836112976	0	0	0	0	0	0	0	0	0	0	0	0	0	0	0
Feb 22 2023 18:04:22	1.5236530304	89.026512146	96.4641571045	0.000397857715143	59.8608360291	9.02923774719	80.5570373535	-	0	0	0	0	0	0	0	0	0	0	0	0	0	0	0	0	0	12.3233413696	0	0	0	0	0	0	0	0	0	0.0824992805719	0.989151477814	2.29967737198	3.75335478783	4.93721437454	5.41623306274	4.9256567955	3.53298044205	1.67610120773	0.00479332730174	0	0	0	0	0	0	0	60.0589981079	0	0	0	0	0	0	0	0	0	0	0	0	0	0	0
Feb 22 2023 18:04:23	1.52238178253	89.0890808105	96.487663269	0.0003743256093	59.9158058167	8.95552635193	81.4410552979	-	0	0	0	0	0	0	0	0	0	0	0	0	0	0	0	2.47795246778e-13	1.19326579571	10.7944021225	1.15598041361e-07	1.14582393582e-23	0	0	0	0	0	0	0	0.601985514164	1.73055171967	3.14676904678	4.45685434341	5.20142173767	5.05822849274	4.02192831039	2.44045376778	0.868968367577	0	0	0	0	0	0	0	0	60.4851722717	0	0	0	0	0	0	0	0	0	0	0	0	0	0	0
Feb 22 2023 18:04:24	1.53170716763	89.4184799194	96.6112594604	0.000344963715179	61.8835449219	9.41121387482	83.5930709839	-	0	0	0	0	0	0	0	0	0	0	0	0	0	0	0	0	0	11.7015333176	1.74621723873e-13	0	0	0	0	0	0	0	0	0.0381005592644	1.17042255402	2.71427822113	4.22336101532	5.14028930664	5.0656170845	3.99476218224	2.35110068321	0.773396134377	0	0	0	0	0	0	0	0	62.8271408081	0	0	0	0	0	0	0	0	0	0	0	0	0	0	0
Feb 22 2023 18:04:25	1.53005206585	89.1483230591	96.5099182129	0.000407190120313	60.7044715881	9.38415908813	80.8445892334	-	0	0	0	0	0	0	0	0	0	0	0	0	0	0	0	0	0	11.8238811493	0	0	0	0	0	0	0	0	0	0.0287962257862	0.767264127731	1.93651521206	3.35708975792	4.65947580338	5.37783145905	5.14237070084	3.89158082008	1.9905077219	0.130632594228	0	0	0	0	0	0	0	60.8940544128	0	0	0	0	0	0	0	0	0	0	0	0	0	0	0
Feb 22 2023 18:04:26	1.28640115261	88.8236846924	96.3878707886	0.00049637129996	58.7284507751	7.09217786789	68.5197906494	-	0	0	0	0	0	0	0	0	0	0	0	0	0	0	0	0	14.639462471	0	0	0	0	0	0	0	0	0	0	0.0131950993091	0.567635774612	1.56152141094	2.90324950218	4.28654241562	5.2368144989	5.28653907776	4.2267165184	2.31281375885	0.249648913741	0	0	0	0	0	0	0	58.7158622742	0	0	0	0	0	0	0	0	0	0	0	0	0	0	0
Feb 22 2023 18:04:27	1.29674911499	89.4173660278	96.6108474731	0.000370580935851	61.6962623596	7.64229440689	77.1096420288	-	0	0	0	0	0	0	0	0	0	0	0	0	0	0	0	0	13.3336858749	0	0	0	0	0	0	0	0	0	0	0	0.832103669643	2.30046057701	3.86026978493	4.90277242661	4.94528675079	3.93495774269	2.31137418747	0.760134756565	0	0	0	0	0	0	0	0	62.8189544678	0	0	0	0	0	0	0	0	0	0	0	0	0	0	0
Feb 22 2023 18:04:28	1.53790032864	90.2460784912	96.9204788208	0.000353692361386	67.1681671143	10.020324707	83.9723587036	-	0	0	0	0	0	0	0	0	0	0	0	0	0	0	0	0	0	11.3846511841	1.88504702299e-13	0	0	0	0	0	0	0	0	0	0.127257436514	1.81875002384	3.75178527832	4.82242202759	4.38364315033	2.82578086853	1.17005360126	0.166220247746	0	0	0	0	0	0	0	0	69.5494384766	0	0	0	0	0	0	0	0	0	0	0	0	0	0	0
Feb 22 2023 18:04:29	1.84637033939	90.1378555298	96.8801498413	0.000485003780341	66.203956604	11.5897455215	84.1919555664	-	0	0	0	0	0	0	0	0	0	0	0	0	0	0	0	0	0	2.11081848541e-22	10.3067140579	8.32391728651e-15	0	0	0	0	0	0	0	0	1.38246417046	4.42683792114	5.63029146194	4.83441638947	3.0292673111	1.36739563942	0.395955651999	0.033148445189	0	0	0	0	0	0	0	0	68.5935058594	0	0	0	0	0	0	0	0	0	0	0	0	0	0	0
Feb 22 2023 18:04:30	1.53008425236	88.9262161255	96.4264526367	0.000373345596017	59.6770248413	9.35814476013	82.2601547241	-	0	0	0	0	0	0	0	0	0	0	0	0	0	0	0	0	0	11.8214693069	0	0	0	0	0	0	0	0	0	0	0.616749048233	1.79451465607	3.26117730141	4.66891717911	5.5556473732	5.51464176178	4.4042301178	2.50227117538	0.472730726004	0	0	0	0	0	0	0	59.3876533508	0	0	0	0	0	0	0	0	0	0	0	0	0	0	0
Feb 22 2023 18:04:31	1.52324712276	89.7808609009	96.746887207	0.000367610831745	63.8010520935	9.14998149872	82.0115356445	-	0	0	0	0	0	0	0	0	0	0	0	0	0	0	0	0	0	12.3565244675	0	0	0	0	0	0	0	0	0	0	1.08644104004	3.00782394409	4.60106754303	5.07474899292	4.25032997131	2.66761422157	1.14203882217	0.202259764075	0	0	0	0	0	0	0	0	65.6111526489	0	0	0	0	0	0	0	0	0	0	0	0	0	0	0
Feb 22 2023 18:04:32	1.5271769762	90.0424194336	96.8445587158	0.000362368591595	65.5169372559	9.43836784363	82.7082366943	-	0	0	0	0	0	0	0	0	0	0	0	0	0	0	0	0	4.07964225814e-38	12.0429258347	1.66225093043e-13	0	0	0	0	0	0	0	0	0	0.482688575983	2.86665511131	4.81887865067	5.17890882492	3.9360396862	2.10658884048	0.715739548206	0.0804137066007	0	0	0	0	0	0	0	0	67.7711639404	0	0	0	0	0	0	0	0	0	0	0	0	0	0	0
Feb 22 2023 18:04:33	1.55553901196	90.2602233887	96.9257507324	0.000330451730406	66.8569641113	9.99721431732	85.108253479	-	0	0	0	0	0	0	0	0	0	0	0	0	0	0	0	0	0	10.9203147888	9.35139118918e-12	0	0	0	0	0	0	0	0	0	2.20407295227	4.81871795654	5.43104505539	4.03846406937	2.06682276726	0.705509006977	0.136905103922	0.00188020279165	0	0	0	0	0	0	0	0	69.6762695313	0	0	0	0	0	0	0	0	0	0	0	0	0	0	0
Feb 22 2023 18:04:34	1.79272270203	90.0523452759	96.8482589722	0.000500723603182	65.4792938232	10.85252285	82.605430603	-	0	0	0	0	0	0	0	0	0	0	0	0	0	0	0	0	0	8.29205190704e-15	11.3456163406	2.31574698653e-12	0	0	0	0	0	0	0	0	1.30016100407	4.62566518784	5.74175262451	4.73295927048	2.82679104805	1.21098220348	0.332534641027	0.0276930071414	0	0	0	0	0	0	0	0	67.8558502197	0	0	0	0	0	0	0	0	0	0	0	0	0	0	0
Feb 22 2023 18:04:35	1.79305613041	90.0755996704	96.8569335938	0.000538407126442	65.7345275879	10.9655246735	81.5708084106	-	0	0	0	0	0	0	0	0	0	0	0	0	0	0	0	0	0	8.67870929335e-28	11.3265199661	1.19031005755e-13	0	0	0	0	0	0	0	0	0.487919956446	4.03622865677	5.67929458618	5.09537029266	3.28723835945	1.52460956573	0.459630221128	0.0482412315905	0	0	0	0	0	0	0	0	68.0549468994	0	0	0	0	0	0	0	0	0	0	0	0	0	0	0
Feb 22 2023 18:04:36	1.52708876133	89.5731124878	96.6691818237	0.000418252660893	62.4104804993	9.12154197693	79.9166183472	-	0	0	0	0	0	0	0	0	0	0	0	0	0	0	0	0	0	12.0497789383	1.4753500613e-13	0	0	0	0	0	0	0	0	0.254866421223	2.07540726662	3.93118143082	5.0605430603	5.02763366699	3.95732593536	2.41714930534	1.04246413708	0.196625828743	0	0	0	0	0	0	0	0	63.9870223999	0	0	0	0	0	0	0	0	0	0	0	0	0	0	0
Feb 22 2023 18:04:37	1.29434788227	88.5441131592	96.3327407837	0.000304194836644	57.7452774048	7.3375878334	80.210105896	-	0	0	0	0	0	0	0	0	0	0	0	0	0	0	0	0	13.6146097183	0	0	0	0	0	0	0	0	0	0	0.400000751019	1.37909090519	2.73029184341	4.14566707611	5.18552160263	5.43817901611	4.71986246109	3.20510458946	1.40022575855	0	0	0	0	0	0	0	0	57.7814445496	0	0	0	0	0	0	0	0	0	0	0	0	0	0	0
Feb 22 2023 18:04:38	1.55016362667	89.5918121338	96.6761779785	0.000355965690687	62.6394119263	9.65789604187	83.6621017456	-	0	0	0	0	0	0	0	0	0	0	0	0	0	0	0	0	0	11.0572080612	0	0	0	0	0	0	0	0	0	0.121545352042	2.1515378952	4.13061141968	5.28957080841	5.22568655014	4.10178232193	2.50686097145	1.08383607864	0.201248466969	0	0	0	0	0	0	0	0	64.1301116943	0	0	0	0	0	0	0	0	0	0	0	0	0	0	0
Feb 22 2023 18:04:39	1.52563929558	89.8715209961	96.7807617188	0.000556432874873	64.4782028198	9.33940887451	74.4891662598	-	0	0	0	0	0	0	0	0	0	0	0	0	0	0	0	0	0	12.1636228561	3.47489452577e-13	0	0	0	0	0	0	0	0	0	0.404082804918	2.55584716797	4.49747848511	5.24733734131	4.5082783699	2.85292506218	1.215482831	0.210157498717	0	0	0	0	0	0	0	0	66.3447875977	0	0	0	0	0	0	0	0	0	0	0	0	0	0	0
Feb 22 2023 18:04:40	1.53443717957	89.5194320679	96.6490783691	0.000408477004385	62.3410682678	9.48946666718	81.0702514648	-	0	0	0	0	0	0	0	0	0	0	0	0	0	0	0	0	0	11.505443573	0	0	0	0	0	0	0	0	0	0	1.34531497955	3.25353932381	4.82407617569	5.40486097336	4.77813434601	3.29072809219	1.62612831593	0.391978830099	0	0	0	0	0	0	0	0	63.5797958374	0	0	0	0	0	0	0	0	0	0	0	0	0	0	0
Feb 22 2023 18:04:41	1.79285609722	90.0558319092	96.8495635986	0.000865789363161	65.5108032227	10.874455452	71.9035949707	-	0	0	0	0	0	0	0	0	0	0	0	0	0	0	0	0	0	0	11.3379659653	0	0	0	0	0	0	0	0	0	0.838638305664	4.68453359604	6.04861021042	4.93032932281	2.8272895813	1.1358101368	0.287584096193	0.0236249882728	0	0	0	0	0	0	0	0	67.8856124878	0	0	0	0	0	0	0	0	0	0	0	0	0	0	0
Feb 22 2023 18:04:42	1.53929626942	89.7095336914	96.7202224731	0.000363182160072	63.3507041931	9.57221221924	83.1362915039	-	0	0	0	0	0	0	0	0	0	0	0	0	0	0	0	0	0	11.3462686539	0	0	0	0	0	0	0	0	0	0.0528659783304	1.92650878429	3.8771212101	5.08938074112	5.08327293396	3.98588109016	2.40479969978	1.01234555244	0.176819577813	0	0	0	0	0	0	0	0	65.0447387695	0	0	0	0	0	0	0	0	0	0	0	0	0	0	0
Feb 22 2023 18:04:43	1.56002366543	89.5653915405	96.6662902832	0.000740038638469	62.7355384827	9.92751693726	69.6853713989	-	0	0	0	0	0	0	0	0	0	0	0	0	0	0	0	0	0	10.8090238571	4.40401784051e-13	0	0	0	0	0	0	0	0	0	1.17845618725	3.15644192696	4.82407712936	5.50061035156	4.93546628952	3.45597672462	1.75212168694	0.459667205811	0	0	0	0	0	0	0	0	63.9281578064	0	0	0	0	0	0	0	0	0	0	0	0	0	0	0
Feb 22 2023 18:04:44	1.55280280113	89.6651000977	96.7036056519	0.000430171814514	63.0093994141	9.67391872406	80.6588745117	-	0	0	0	0	0	0	0	0	0	0	0	0	0	0	0	0	0	10.9895095825	1.33562833102e-12	0	0	0	0	0	0	0	0	0.339307457209	2.5094730854	4.41778421402	5.31980419159	4.96298360825	3.67492222786	2.10924911499	0.846234619617	0.134114384651	0	0	0	0	0	0	0	0	64.6966171265	0	0	0	0	0	0	0	0	0	0	0	0	0	0	0
Feb 22 2023 18:04:45	1.54802632332	90.1209487915	96.8738479614	0.000377990596462	65.8709793091	9.81006717682	82.8723526001	-	0	0	0	0	0	0	0	0	0	0	0	0	0	0	0	0	0	11.1127300262	5.38960716334e-12	0	0	0	0	0	0	0	0	0	2.15129804611	4.84196949005	5.59851169586	4.35347986221	2.38659262657	0.898738563061	0.202190458775	0.00805849768221	0	0	0	0	0	0	0	0	68.4464263916	0	0	0	0	0	0	0	0	0	0	0	0	0	0	0
Feb 22 2023 18:04:46	1.52862274647	89.9071121216	96.794052124	0.000353480834747	64.6261901855	9.41633224487	83.1208267212	-	0	0	0	0	0	0	0	0	0	0	0	0	0	0	0	0	0	11.9317140579	0	0	0	0	0	0	0	0	0	0	0.934155106544	3.12599992752	4.7996468544	5.11419582367	4.05279397964	2.36243009567	0.914402961731	0.127579078078	0	0	0	0	0	0	0	0	66.6370773315	0	0	0	0	0	0	0	0	0	0	0	0	0	0	0
Feb 22 2023 18:04:47	1.74522316456	87.3380508423	96.1294021606	0.000509861565661	54.7121429443	7.29587507248	73.0950088501	-	0	0	0	0	0	0	0	0	0	0	0	0	0	0	0.596123933792	1.6909737587	2.65441823006	3.12296533585	3.0183737278	2.4860432148	1.7686662674	1.08459496498	0.566729187965	0.257166296244	0.125232383609	0.11523026973	0.233858495951	0.595018982887	1.35268008709	2.56116199493	4.03794431686	5.29554986954	5.67723274231	4.74415874481	2.73427224159	0.707976996899	0	0	0	0	0	0	0	0	54.5736236572	0	0	0	0	0	0	0	0	0	0	0	0	0	0	0
Feb 22 2023 18:04:48	1.83186721802	89.015083313	96.4598617554	0.000594716111664	58.9656677246	7.55887413025	70.4578552246	-	0	0	0	0	0	0	0	0	0	0	0	0	0	0	0.943456411362	1.73780047894	2.29736852646	2.57948637009	2.58595657349	2.35727620125	1.95961928368	1.46820604801	0.958056747913	0.506938874722	0.197511330247	0.101689063013	0.266084671021	0.706780433655	1.39206182957	2.23163294792	3.07754015923	3.72686672211	3.95361399651	3.57014727592	2.506098032	0.894010603428	0	0	0	0	0	0	0	0	59.9818000793	0	0	0	0	0	0	0	0	0	0	0	0	0	0	0
Feb 22 2023 18:04:49	1.55100977421	89.6380462646	96.6934814453	0.000381411460694	62.8058357239	9.59228420258	82.5309295654	-	0	0	0	0	0	0	0	0	0	0	0	0	0	0	0	0	0	11.035399437	0	0	0	0	0	0	0	0	0	1.06513392925	2.74886536598	4.22465610504	4.9400343895	4.66217422485	3.57821202278	2.16814398766	0.932355582714	0.158657476306	0	0	0	0	0	0	0	0	64.486366272	0	0	0	0	0	0	0	0	0	0	0	0	0	0	0
Feb 22 2023 18:04:50	1.5330234766	89.5675354004	96.6670913696	0.000386713712942	62.5215606689	9.40399837494	81.83253479	-	0	0	0	0	0	0	0	0	0	0	0	0	0	0	0	0	0	11.6061191559	0	0	0	0	0	0	0	0	0	0.00850441679358	1.73364186287	3.65099191666	5.00920534134	5.26055383682	4.37352228165	2.83000659943	1.30472171307	0.278203815222	0	0	0	0	0	0	0	0	63.9445381165	0	0	0	0	0	0	0	0	0	0	0	0	0	0	0
Feb 22 2023 18:04:51	1.51709055901	89.5816497803	96.67237854	0.000384623504942	62.5064811707	8.80693531036	80.5839691162	-	0	0	0	0	0	0	0	0	0	0	0	0	0	0	0	0	0	12.8838596344	0	0	0	0	0	0	0	0	0	0	1.18808269501	3.1801867485	4.75933122635	5.20604753494	4.38774776459	2.817943573	1.26526105404	0.259265989065	0	0	0	0	0	0	0	0	64.0522689819	0	0	0	0	0	0	0	0	0	0	0	0	0	0	0
Feb 22 2023 18:04:52	1.53001046181	89.3217468262	96.5749969482	0.000427786144428	61.2642669678	9.28411865234	79.8464889526	-	0	0	0	0	0	0	0	0	0	0	0	0	0	0	0	0	0	11.8269834518	3.31675537187e-14	0	0	0	0	0	0	0	0	0	1.21854364872	2.96682167053	4.57482385635	5.41720438004	5.13967370987	3.87339806557	2.17008876801	0.690742492676	0	0	0	0	0	0	0	0	62.1217193604	0	0	0	0	0	0	0	0	0	0	0	0	0	0	0
Feb 22 2023 18:04:53	1.53190529346	89.9934844971	96.8263015747	0.000552880461328	64.9842910767	9.45279502869	75.0894699097	-	0	0	0	0	0	0	0	0	0	0	0	0	0	0	0	0	0	11.6870622635	1.36786144477e-13	0	0	0	0	0	0	0	0	0	1.78772103786	4.56840705872	5.68405389786	4.72509288788	2.77264213562	1.12450563908	0.277553915977	0.0161828882992	0	0	0	0	0	0	0	0	67.3567810059	0	0	0	0	0	0	0	0	0	0	0	0	0	0	0
Feb 22 2023 18:04:54	1.56620800495	90.0944595337	96.8639678955	0.000639193109237	65.6182098389	9.96878051758	73.3448867798	-	0	0	0	0	0	0	0	0	0	0	0	0	0	0	0	0	0	10.6597261429	8.03395631271e-12	0	0	0	0	0	0	0	0	0	3.09175682068	5.91487455368	5.83308458328	3.84699320793	1.7741856575	0.556346416473	0.102742776275	0.00305630429648	0	0	0	0	0	0	0	0	68.2172393799	0	0	0	0	0	0	0	0	0	0	0	0	0	0	0
Feb 22 2023 18:04:55	1.54635214806	89.8438568115	96.7704315186	0.000473170541227	64.2380065918	9.77106761932	78.9788513184	-	0	0	0	0	0	0	0	0	0	0	0	0	0	0	0	0	0	11.1566677094	0	0	0	0	0	0	0	0	0	0	1.26408135891	3.69316792488	5.30126428604	5.33075714111	3.99707841873	2.20796871185	0.814260005951	0.11550296098	0	0	0	0	0	0	0	0	66.1192626953	0	0	0	0	0	0	0	0	0	0	0	0	0	0	0
Feb 22 2023 18:04:56	1.52980077267	88.9477767944	96.4345550537	0.000512127648108	59.0193023682	8.9804391861	75.899055481	-	0	0	0	0	0	0	0	0	0	0	0	0	0	0	0	0	0	11.8426866531	0	0	0	0	0	0	0	0	0.241777420044	1.0874273777	2.33643341064	3.68746852875	4.75152826309	5.17382860184	4.77801465988	3.65921139717	2.1624007225	0.7484613657	0	0	0	0	0	0	0	0	59.5307579041	0	0	0	0	0	0	0	0	0	0	0	0	0	0	0
Feb 22 2023 18:04:57	1.53283381462	89.9994506836	96.8285293579	0.000468023383291	65.0554504395	9.50403785706	78.5712814331	-	0	0	0	0	0	0	0	0	0	0	0	0	0	0	0	0	0	11.619764328	0	0	0	0	0	0	0	0	0	0	1.82987475395	4.37834358215	5.48734045029	4.71670484543	2.91938996315	1.27281200886	0.345008552074	0.0236994158477	0	0	0	0	0	0	0	0	67.4070587158	0	0	0	0	0	0	0	0	0	0	0	0	0	0	0
Feb 22 2023 18:04:58	1.52961695194	90.1707839966	96.8924255371	0.000385932042263	66.210067749	9.48460865021	81.828994751	-	0	0	0	0	0	0	0	0	0	0	0	0	0	0	0	0	0	11.8564844131	1.93530152841e-12	0	0	0	0	0	0	0	0	0	1.18616187572	4.13045406342	5.5757393837	4.65628433228	2.58370089531	0.933484375477	0.190398782492	0.00558249512687	0	0	0	0	0	0	0	0	68.8817062378	0	0	0	0	0	0	0	0	0	0	0	0	0	0	0
Feb 22 2023 18:04:59	1.52407586575	89.7080535889	96.7196655273	0.000407769199228	63.189704895	9.06505012512	80.1759033203	-	0	0	0	0	0	0	0	0	0	0	0	0	0	0	0	0	0	12.2889680862	1.74668344567e-13	0	0	0	0	0	0	0	0	0	1.80101823807	3.95492243767	5.24222993851	5.07568502426	3.72824525833	2.03559494019	0.742678582668	0.0975602641702	0	0	0	0	0	0	0	0	65.0330963135	0	0	0	0	0	0	0	0	0	0	0	0	0	0	0
Feb 22 2023 18:05:00	1.5232694149	89.1980895996	96.5286026001	0.00054101110436	60.3953361511	8.9007024765	74.2894439697	-	0	0	0	0	0	0	0	0	0	0	0	0	0	0	0	0	0	12.3546962738	0	0	0	0	0	0	0	0	0	0.486390650272	1.76714086533	3.30894994736	4.61922264099	5.20413160324	4.81321716309	3.58793330193	2.00107169151	0.615623950958	0	0	0	0	0	0	0	0	61.2416191101	0	0	0	0	0	0	0	0	0	0	0	0	0	0	0
Feb 22 2023 18:05:01	1.30688726902	89.0584487915	96.4761581421	0.000461851625005	59.7880325317	7.96054649353	73.6491394043	-	0	0	0	0	0	0	0	0	0	0	0	0	0	0	0	0	12.2698974609	0	0	0	0	0	0	0	0	0	0.0907032564282	0.628146827221	1.58385074139	2.82359719276	4.05806159973	4.90450763702	5.02386665344	4.2836060524	2.8579723835	1.19997262955	0	0	0	0	0	0	0	0	60.2758178711	0	0	0	0	0	0	0	0	0	0	0	0	0	0	0
Feb 22 2023 18:05:02	1.30367183685	89.1446380615	96.5085372925	0.00037231753231	60.8457984924	8.05614185333	78.1029281616	-	0	0	0	0	0	0	0	0	0	0	0	0	0	0	0	0	12.5875654221	0	0	0	0	0	0	0	0	0	0	0	0.294327348471	1.20918262005	2.52869534492	3.99078059196	5.1316037178	5.43555116653	4.59301328659	2.75730037689	0.603509902954	0	0	0	0	0	0	0	60.868473053	0	0	0	0	0	0	0	0	0	0	0	0	0	0	0
Feb 22 2023 18:05:03	1.28990745544	87.0921783447	96.0876617432	0.000444860343123	55.4826850891	7.18395662308	71.7670059204	-	0	0	0	0	0	0	0	0	0	0	0	0	0	0	0	0	14.1680793762	0	0	0	0	0	0	0	0	0	0	0.112834505737	0.624502122402	1.52130949497	2.77423906326	4.19920253754	5.4406414032	6.03624582291	5.58083772659	3.97083497047	1.6134172678	0	0	0	0	0	0	0	53.9578552246	0	0	0	0	0	0	0	0	0	0	0	0	0	0	0
Feb 22 2023 18:05:04	1.29272699356	88.8656234741	96.4036560059	0.000504218507558	58.9372596741	7.38485765457	69.3416519165	-	0	0	0	0	0	0	0	0	0	0	0	0	0	0	0	3.04275783172e-14	13.8113412857	6.12403638558e-23	0	0	0	0	0	0	0	0	0	0.0468940138817	0.752784907818	1.89650058746	3.30671334267	4.61733627319	5.35881233215	5.15084409714	3.91847872734	2.01648616791	0.13489896059	0	0	0	0	0	0	0	58.988910675	0	0	0	0	0	0	0	0	0	0	0	0	0	0	0
Feb 22 2023 18:05:05	1.52099096775	89.5412216187	96.6572418213	0.000495392130688	62.6063842773	9.08817005157	76.356086731	-	0	0	0	0	0	0	0	0	0	0	0	0	0	0	0	0	0	12.5444440842	0	0	0	0	0	0	0	0	0	0	0.490436941385	2.05027675629	3.75316667557	4.94492149353	5.09184360504	4.11040353775	2.44649600983	0.823486506939	0	0	0	0	0	0	0	0	63.7445220947	0	0	0	0	0	0	0	0	0	0	0	0	0	0	0
Feb 22 2023 18:05:06	1.52855551243	89.1339187622	96.5045089722	0.00045301191858	60.6923446655	9.35724067688	78.8373718262	-	0	0	0	0	0	0	0	0	0	0	0	0	0	0	0	0	0	11.936841011	7.59527328726e-14	0	0	0	0	0	0	0	0	0	0.517332017422	1.68927383423	3.17198514938	4.59406614304	5.45991516113	5.34662866592	4.13771486282	2.17405605316	0.178036391735	0	0	0	0	0	0	0	60.7941513062	0	0	0	0	0	0	0	0	0	0	0	0	0	0	0
Feb 22 2023 18:05:07	1.52259421349	89.8643035889	96.7780685425	0.000424196419772	64.2692108154	9.13435459137	79.4960861206	-	0	0	0	0	0	0	0	0	0	0	0	0	0	0	0	0	0	12.4102907181	0	0	0	0	0	0	0	0	0	0	1.12913703918	3.18638086319	4.76740169525	5.03111457825	3.94996356964	2.27029514313	0.858238458633	0.111345112324	0	0	0	0	0	0	0	0	66.2858276367	0	0	0	0	0	0	0	0	0	0	0	0	0	0	0
Feb 22 2023 18:05:08	1.51480126381	89.6880950928	96.7122039795	0.000464845739771	63.1311569214	8.75542831421	76.8446807861	-	0	0	0	0	0	0	0	0	0	0	0	0	0	0	0	0	0	13.0921993256	3.4389518685e-13	0	0	0	0	0	0	0	0	0	1.0785844326	2.98078346252	4.60286045074	5.10507059097	4.27476930618	2.66576886177	1.12706112862	0.196576982737	0	0	0	0	0	0	0	0	64.8763275146	0	0	0	0	0	0	0	0	0	0	0	0	0	0	0
Feb 22 2023 18:05:09	1.55787169933	89.3445053101	96.5835342407	0.000562628789339	61.5737113953	9.84378051758	75.8367767334	-	0	0	0	0	0	0	0	0	0	0	0	0	0	0	0	0	0	10.8621006012	1.82432004616e-13	0	0	0	0	0	0	0	0	0.149909898639	1.33777463436	2.87050700188	4.32962846756	5.21932315826	5.1817407608	4.19067049026	2.59612321854	0.975933492184	0	0	0	0	0	0	0	0	62.2862892151	0	0	0	0	0	0	0	0	0	0	0	0	0	0	0
Feb 22 2023 18:05:10	1.55785083771	89.3505096436	96.5857849121	0.000483616866404	61.1880989075	9.59424781799	78.5000686646	-	0	0	0	0	0	0	0	0	0	0	0	0	0	0	0	0	0	10.8626213074	1.07903696557e-13	0	0	0	0	0	0	0	0	0.902151525021	2.63804864883	4.26971817017	5.2301940918	5.19439458847	4.23054599762	2.7545337677	1.30473995209	0.28317669034	0	0	0	0	0	0	0	0	62.329875946	0	0	0	0	0	0	0	0	0	0	0	0	0	0	0
Feb 22 2023 18:05:11	1.69901919365	88.1940689087	96.2739715576	0.00052503059851	56.5044555664	7.29148197174	72.0583114624	-	0	0	0	0	0	0	0	0	0	0	0	0	0	0	0.597926557064	1.77866744995	2.83258032799	3.31672811508	3.13722348213	2.48098778725	1.65057969093	0.90596562624	0.388860523701	0.120352208614	0.029925018549	0.02256193012	0.0901297554374	0.369090974331	1.06603288651	2.28769159317	3.85780405998	5.21997451782	5.60934209824	4.54999303818	2.40728449821	0.463433206081	0	0	0	0	0	0	0	0	56.8168640137	0	0	0	0	0	0	0	0	0	0	0	0	0	0	0
Feb 22 2023 18:05:12	6.51272344589	89.8699035645	96.7801589966	0.000508689205162	64.2018127441	10.2378473282	78.9115066528	-	0	0	0	0	0	0	0	0	0	0	0	0	0	0	0	0	0	9.94099903107	6.64275166991e-13	0	0	0	0	0	0	0	0	0.993914425373	3.70272016525	5.29825401306	5.34621715546	4.1878695488	2.58304405212	1.21216630936	0.377552211285	0.0257355049253	0	0	0	0	0	0	0	0	66.33152771	0	0	0	0	0	0	0	0	0	0	0	0	0	0	0
Feb 22 2023 18:05:13	7.26153087616	90.0340194702	96.8414230347	0.000383361882996	65.3060684204	10.4156532288	83.8642196655	-	0	0	0	0	0	0	0	0	0	0	0	0	0	0	0	0	0	9.87171268463	3.59923896243e-13	0	0	0	0	0	0	0	0	0.219157367945	3.55517339706	5.60101366043	5.59837722778	4.09499502182	2.24385547638	0.889703333378	0.219505622983	0.00678043579683	0	0	0	0	0	0	0	0	67.69972229	0	0	0	0	0	0	0	0	0	0	0	0	0	0	0
Feb 22 2023 18:05:14	1.57245492935	90.1867370605	96.8983688354	0.000431618915172	66.3517608643	10.1798887253	81.4295654297	-	0	0	0	0	0	0	0	0	0	0	0	0	0	0	0	0	0	10.5136175156	1.97292477494e-11	0	0	0	0	0	0	0	0	0	2.19232916832	5.26830863953	5.91547584534	4.25263261795	2.06181192398	0.655247926712	0.116705350578	0.00173483137041	0	0	0	0	0	0	0	0	69.0221405029	0	0	0	0	0	0	0	0	0	0	0	0	0	0	0
Feb 22 2023 18:05:15	7.05040121078	89.7795257568	96.7463912964	0.000379458302632	63.7446479797	10.5965976715	84.4300460815	-	0	0	0	0	0	0	0	0	0	0	0	0	0	0	0	0	0	9.3625202179	0	0	0	0	0	0	0	0	0	1.15649676323	3.42296743393	5.01548480988	5.39531087875	4.59846019745	3.13642072678	1.65556240082	0.595951199532	0.060391869396	0	0	0	0	0	0	0	0	65.600440979	0	0	0	0	0	0	0	0	0	0	0	0	0	0	0
Feb 22 2023 18:05:16	1.58425438404	89.8086700439	96.7572784424	0.000582494016271	63.8968200684	10.1250724792	75.8935089111	-	0	0	0	0	0	0	0	0	0	0	0	0	0	0	0	0	0	10.2497758865	0	0	0	0	0	0	0	0	0	0.207086488605	2.96202087402	5.03190040588	5.6259098053	4.77019834518	3.14919996262	1.57712996006	0.533669352531	0.0585774481297	0	0	0	0	0	0	0	0	65.8345336914	0	0	0	0	0	0	0	0	0	0	0	0	0	0	0
Feb 22 2023 18:05:17	1.67913579941	87.8550491333	96.2168579102	0.000460647104774	55.9847221375	7.2525472641	74.8210601807	-	0	0	0	0	0	0	0	0	0	0	0	0	0	0	0.475106328726	1.6927844286	2.93278264999	3.56665849686	3.39352679253	2.62531399727	1.6576820612	0.827490925789	0.297580391169	0.0613508634269	0.00375610589981	4.02013356506e-05	0.00628128927201	0.100001610816	0.51939022541	1.5591250658	3.28280711174	5.20073986053	6.2746515274	5.56285476685	3.2225484848	0.828161656857	1.43463523727e-07	0	0	0	0	0	0	0	55.9093666077	0	0	0	0	0	0	0	0	0	0	0	0	0	0	0
Feb 22 2023 18:05:18	1.70705592632	86.5452957153	95.9944458008	0.000576584425289	53.4478874207	7.16655015945	69.5775909424	-	0	0	0	0	0	0	0	0	0	0	0	0	0	0	0.529954135418	1.68409013748	2.79061245918	3.36697053909	3.26913332939	2.65342497826	1.81792247295	1.03612327576	0.469571679831	0.157250389457	0.0397007726133	0.01799698174	0.0512244515121	0.231708332896	0.77316981554	1.88166534901	3.54208946228	5.31687545776	6.37335205078	5.92108345032	3.91659736633	1.45127797127	0.0772351771593	0	0	0	0	0	1.40129846432e-43	1.7798738896e-14	52.6309661865	0	0	0	0	0	0	0	0	0	0	0	0	0	0	0
Feb 22 2023 18:05:19	1.67554724216	88.8806686401	96.4093170166	0.000640117155854	58.4661827087	7.49529743195	67.4761276245	-	0	0	0	0	0	0	0	0	0	0	0	0	0	0	0.297500133514	1.49700784683	3.0015733242	3.83178901672	3.57772517204	2.56760263443	1.42463922501	0.588178515434	0.161625429988	0.0227239355445	0.000862066401169	1.90042210306e-05	0.00155151588842	0.0405275896192	0.30860799551	1.20779514313	3.02851319313	5.27160739899	6.41848468781	5.15070486069	2.2518658638	0.261695563793	0	0	0	0	0	0	0	0	59.0874023438	0	0	0	0	0	0	0	0	0	0	0	0	0	0	0
Feb 22 2023 18:05:20	1.58483934402	88.1103286743	96.2598800659	0.000717785442248	56.1412353516	6.67976379395	60.5491294861	-	0	0	0	0	0	0	0	0	0	0	0	0	0	0	0.0260462220758	0.763615489006	3.352404356	5.86139583588	5.48298454285	3.07995724678	1.07624864578	0.227122083306	0.026052268222	0.00137842493132	3.53985778929e-05	2.51754863712e-06	1.58590664796e-05	0.000846140203066	0.0261745881289	0.337931036949	2.02654838562	6.0348982811	8.75448417664	5.38593196869	0.935687243938	0.00993275362998	0	0	0	0	0	0	4.20389539297e-43	3.38168756235e-14	56.5903053284	0	0	0	0	0	0	0	0	0	0	0	0	0	0	0
Feb 22 2023 18:05:21	1.87160122395	88.9355010986	96.42993927	0.000483271782286	58.498626709	7.60861778259	75.5359191895	-	0	0	0	0	0	0	0	0	0	0	0	0	0	0	0.904602468014	1.66878437996	2.2121322155	2.49450087547	2.51741933823	2.31869339943	1.9602355957	1.51249146461	1.04577493668	0.633043348789	0.351958245039	0.270238041878	0.431925982237	0.852496743202	1.50240409374	2.29665517807	3.09507799149	3.704246521	3.90679645538	3.51953721046	2.46997785568	0.881837129593	0	0	0	0	0	0	1.40129846432e-43	2.41421127339e-14	59.4491729736	0	0	0	0	0	0	0	0	0	0	0	0	0	0	0
Feb 22 2023 18:05:22	1.81682753563	90.0711746216	96.8552856445	0.000635523116216	65.5366744995	11.0696048737	78.9473495483	-	0	0	0	0	0	0	0	0	0	0	0	0	0	0	0	0	0	2.73933115774e-11	10.821647644	1.53271770276e-11	0	0	0	0	0	0	0	0	2.08543109894	5.69880533218	6.07255077362	4.26341962814	2.12807869911	0.743480622768	0.160779729486	0.00887532439083	0	0	0	0	0	0	0	0	68.0169372559	0	0	0	0	0	0	0	0	0	0	0	0	0	0	0
Feb 22 2023 18:05:23	1.5132573843	89.2378311157	96.5435180664	0.000399417069275	60.4233627319	8.47999763489	79.2932891846	-	0	0	0	0	0	0	0	0	0	0	0	0	0	0	0	0	4.60937066293e-10	13.2367296219	0	0	0	0	0	0	0	0	0	0.455084592104	1.87842392921	3.50732946396	4.7549943924	5.12374782562	4.47207117081	3.09752178192	1.56341254711	0.388807803392	0	0	0	0	0	0	0	0	61.5218772888	0	0	0	0	0	0	0	0	0	0	0	0	0	0	0
Feb 22 2023 18:05:24	1.56129527092	90.2404556274	96.9183807373	0.000611006573308	66.5074462891	9.8896188736	74.1459960938	-	0	0	0	0	0	0	0	0	0	0	0	0	0	0	0	0	0	10.7779350281	1.74336100975e-14	0	0	0	0	0	0	0	0	0	4.26341724396	6.8518204689	5.26277923584	2.46876859665	0.732809007168	0.131608307362	0.0117757488042	0	0	0	0	0	0	0	0	0	69.4990921021	0	0	0	0	0	0	0	0	0	0	0	0	0	0	0
Feb 22 2023 18:05:25	1.65573120117	87.6129989624	96.1759643555	0.000700380187482	55.3406105042	7.00280380249	63.3988189697	-	0	0	0	0	0	0	0	0	0	0	0	0	0	0	0.326171427965	1.54023218155	3.04523944855	3.94480037689	3.83079242706	2.93741202354	1.80435800552	0.872858047485	0.314309895039	0.0765970051289	0.012446841225	0.00331519986503	0.00984133407474	0.0739546865225	0.386893153191	1.3082382679	3.08687496185	5.29870223999	6.61348104477	5.71160173416	2.9524269104	0.572512090206	2.39633232013e-06	0	0	0	0	0	0	0	55.2769355774	0	0	0	0	0	0	0	0	0	0	0	0	0	0	0
Feb 22 2023 18:05:26	1.60134232044	87.2214431763	96.1096191406	0.000516620639246	54.2454223633	6.55621576309	69.625213623	-	0	0	0	0	0	0	0	0	0	0	0	0	0	0	0.0381691716611	0.826418697834	3.22373628616	5.51615858078	5.43679761887	3.45546483994	1.48439216614	0.432452082634	0.0830225795507	0.0105205336586	0.00116861227434	0.000328072113916	0.000788204954006	0.00790650490671	0.0865164995193	0.6168166399	2.60617446899	6.37604379654	8.59272003174	5.60965776443	1.28007185459	0.0346189439297	0	0	0	0	0	0	0	0	54.2800559998	0	0	0	0	0	0	0	0	0	0	0	0	0	0	0
Feb 22 2023 18:05:27	1.63245022297	87.0945053101	96.0880508423	0.00051184539916	54.408203125	6.84707260132	71.0469818115	-	0	0	0	0	0	0	0	0	0	0	0	0	0	0	0.236417010427	1.43122780323	3.16930866241	4.31025791168	4.20615100861	3.12485313416	1.79327523708	0.775090813637	0.232516229153	0.0407769009471	0.00313430419192	0.000147583836224	0.000525029492564	0.0140443826094	0.148829415441	0.765679419041	2.38665437698	4.97686290741	7.11902523041	6.74127626419	3.72366714478	0.827919602394	0.00874191708863	0	0	0	0	0	0	0	53.9636268616	0	0	0	0	0	0	0	0	0	0	0	0	0	0	0
Feb 22 2023 18:05:28	1.5920548439	88.0018615723	96.2416152954	0.000561309861951	55.8414878845	6.60074615479	67.4550170898	-	0	0	0	0	0	0	0	0	0	0	0	0	0	0	0.0613273978233	0.991957247257	3.37484788895	5.40525817871	5.20421504974	3.32170534134	1.45467948914	0.431329339743	0.0814639255404	0.0091148475185	0.000711052096449	0.000134271424031	0.00041766744107	0.00638490216807	0.0824377015233	0.599853873253	2.4712331295	5.88893985748	7.87004518509	5.21184873581	1.20701909065	0.0258788317442	0	0	0	0	0	0	0	0	56.2991981506	0	0	0	0	0	0	0	0	0	0	0	0	0	0	0
Feb 22 2023 18:05:29	1.54731547832	87.3513717651	96.1316604614	0.000468568847282	54.2818145752	6.42638349533	70.7657165527	-	0	0	0	0	0	0	0	0	0	0	0	0	0	0	0.00696417037398	0.568869352341	3.65474224091	6.88923215866	5.72149848938	2.49628210068	0.625883996487	0.0947813019156	0.00921754073352	0.000730342871975	0.0001009904081	8.11055069789e-05	0.000484710530145	0.00729734031484	0.102611027658	0.881376504898	4.02710008621	8.96825313568	8.5386428833	2.66049194336	0.137948170304	7.27858496248e-05	0	0	0	0	0	0	0	0	54.6073379517	0	0	0	0	0	0	0	0	0	0	0	0	0	0	0
Feb 22 2023 18:05:30	1.52436959743	89.8746261597	96.7819213867	0.000450555206044	64.2648162842	9.16794586182	78.4923248291	-	0	0	0	0	0	0	0	0	0	0	0	0	0	0	0	0	0	12.26521492	0	0	0	0	0	0	0	0	0	0	1.29986870289	3.71545696259	5.24216127396	5.07533597946	3.57624340057	1.80607533455	0.586487412453	0.0629825890064	0	0	0	0	0	0	0	0	66.3701858521	0	0	0	0	0	0	0	0	0	0	0	0	0	0	0
Feb 22 2023 18:05:31	7.40254831314	90.3854598999	96.9723739624	0.000495929678436	67.6019134521	10.5507221222	79.8571853638	-	0	0	0	0	0	0	0	0	0	0	0	0	0	0	0	0	0	9.7548084259	2.72337111629e-13	0	0	0	0	0	0	0	0	0	5.79751253128	7.10364675522	4.40192127228	1.66833364964	0.395752578974	0.0556268841028	0.0036996435374	0	0	0	0	0	0	0	0	0	70.8186950684	0	0	0	0	0	0	0	0	0	0	0	0	0	0	0
Feb 22 2023 18:05:32	1.5529153347	90.4530105591	96.997505188	0.000570818025153	68.338218689	10.1652164459	75.8763580322	-	0	0	0	0	0	0	0	0	0	0	0	0	0	0	0	0	0	10.9866456985	2.19739261509e-11	0	0	0	0	0	0	0	0	0	0.0675155073404	4.69003725052	6.15512657166	4.29081058502	1.82694685459	0.470257788897	0.0623843334615	0.000306931062369	0	0	0	0	0	0	0	0	71.4499740601	0	0	0	0	0	0	0	0	0	0	0	0	0	0	0
Feb 22 2023 18:05:33	1.81962060928	90.3967285156	96.9765701294	0.000684146303684	67.8249282837	11.0408000946	77.2640457153	-	0	0	0	0	0	0	0	0	0	0	0	0	0	0	0	0	0	3.56905760303e-15	11.3748836517	2.50985701406e-13	0	0	0	0	0	0	0	0	0	5.85227012634	6.76981592178	3.71417355537	1.14923751354	0.199580520391	0.016649723053	0.000100214245322	0	0	0	0	0	0	0	0	70.923286438	0	0	0	0	0	0	0	0	0	0	0	0	0	0	0
Feb 22 2023 18:05:34	1.80227196217	90.2099380493	96.9070129395	0.000700963952113	66.4216156006	10.9727020264	76.7896270752	-	0	0	0	0	0	0	0	0	0	0	0	0	0	0	0	0	0	0	11.098156929	0	0	0	0	0	0	0	0	0	1.5329451561	6.44699430466	6.42424917221	3.64622855186	1.30136811733	0.287719935179	0.0343004502356	0.000662532576825	0	0	0	0	0	0	0	0	69.2273712158	0	0	0	0	0	0	0	0	0	0	0	0	0	0	0
Feb 22 2023 18:05:35	1.5600656271	89.5631103516	96.665435791	0.000670303415973	62.2636528015	9.61573982239	71.5636291504	-	0	0	0	0	0	0	0	0	0	0	0	0	0	0	0	0	0	10.8079948425	4.2982856315e-13	0	0	0	0	0	0	0	0	1.03093528748	3.28570532799	4.95776128769	5.44748973846	4.73136663437	3.29080557823	1.77964437008	0.668406188488	0.0890828594565	0	0	0	0	0	0	0	0	63.9108047485	0	0	0	0	0	0	0	0	0	0	0	0	0	0	0
Feb 22 2023 18:05:36	1.57526481152	90.252571106	96.9228973389	0.00038969234447	66.7704772949	10.2116374969	83.1321029663	-	0	0	0	0	0	0	0	0	0	0	0	0	0	0	0	0	0	10.449382782	0	0	0	0	0	0	0	0	0	0	2.97211050987	5.56586027145	5.52246332169	3.639346838	1.65466701984	0.501741111279	0.0861052721739	0.000776156026404	0	0	0	0	0	0	0	0	69.6075592041	0	0	0	0	0	0	0	0	0	0	0	0	0	0	0
Feb 22 2023 18:05:37	1.3077558279	89.3560943604	96.5878753662	0.000399393757107	61.3148460388	8.05811214447	76.9636154175	-	0	0	0	0	0	0	0	0	0	0	0	0	0	0	0	1.02401745937e-12	12.1869449615	2.61622423289e-40	0	0	0	0	0	0	0	0	0	0.333808094263	1.58856117725	3.12241864204	4.44700717926	5.06658649445	4.72226428986	3.54336619377	1.99205183983	0.626541376114	0	0	0	0	0	0	0	0	62.3704490662	0	0	0	0	0	0	0	0	0	0	0	0	0	0	0
Feb 22 2023 18:05:38	1.5342028141	89.9749755859	96.8193893433	0.000379419332603	64.9772338867	9.58719348907	82.3828430176	-	0	0	0	0	0	0	0	0	0	0	0	0	0	0	0	0	0	11.5220117569	0	0	0	0	0	0	0	0	0	0	1.65389370918	3.90156245232	5.18632268906	4.87218761444	3.37678480148	1.68996560574	0.543440043926	0.0525073371828	0	0	0	0	0	0	0	0	67.2013244629	0	0	0	0	0	0	0	0	0	0	0	0	0	0	0
Feb 22 2023 18:05:39	1.54138839245	89.5777282715	96.6709060669	0.00052328268066	62.3983268738	9.43146324158	76.4596633911	-	0	0	0	0	0	0	0	0	0	0	0	0	0	0	0	0	0	11.2892913818	3.46226476308e-12	0	0	0	0	0	0	0	0	0.687775313854	2.75786495209	4.50534248352	5.26810979843	4.85126399994	3.58040976524	2.06391310692	0.837740302086	0.13601732254	0	0	0	0	0	0	0	0	64.0222702026	0	0	0	0	0	0	0	0	0	0	0	0	0	0	0
Feb 22 2023 18:05:40	1.52945005894	89.5860443115	96.6740188599	0.000563566398341	62.5970840454	9.2664680481	74.2784042358	-	0	0	0	0	0	0	0	0	0	0	0	0	0	0	0	0	0	11.8690433502	1.246953929e-12	0	0	0	0	0	0	0	0	0.137972399592	1.78705751896	3.58706665039	4.84708690643	5.07293558121	4.23674917221	2.77443099022	1.30699658394	0.294759571552	0	0	0	0	0	0	0	0	64.085899353	0	0	0	0	0	0	0	0	0	0	0	0	0	0	0
Feb 22 2023 18:05:41	1.82126748562	88.9280395508	96.4271316528	0.000462515687104	58.5345840454	7.49713134766	75.9858703613	-	0	0	0	0	0	0	0	0	0	0	0	0	0	0	0.950622081757	1.751917243	2.31798148155	2.60566806793	2.61612153053	2.38910269737	1.99013149738	1.49398565292	0.975502371788	0.512573778629	0.188533082604	0.0767306089401	0.225879043341	0.655141472816	1.33665192127	2.18444943428	3.05417394638	3.74454045296	4.02687835693	3.70463514328	2.69263648987	1.10645139217	0	0	0	0	0	0	0	0	59.3996925354	0	0	0	0	0	0	0	0	0	0	0	0	0	0	0
Feb 22 2023 18:05:42	1.50757014751	88.9327011108	96.4288864136	0.00057690491667	58.7747497559	8.15979671478	70.5594482422	-	0	0	0	0	0	0	0	0	0	0	0	0	0	0	0	0	3.83693909978e-11	13.7992486954	0	0	0	0	0	0	0	0	0.0436936691403	0.771131396294	1.97263228893	3.35346341133	4.49872112274	5.0118021965	4.68258094788	3.59749865532	2.11668276787	0.721949636936	0	0	0	0	0	0	0	0	59.4305915833	0	0	0	0	0	0	0	0	0	0	0	0	0	0	0
Feb 22 2023 18:05:43	1.59264361858	87.6752471924	96.1864929199	0.000581065367442	55.1741485596	6.56581020355	66.4433288574	-	0	0	0	0	0	0	0	0	0	0	0	0	0	0	0.0899738371372	1.12267994881	3.40451526642	5.20991325378	5.0214343071	3.33038759232	1.56755948067	0.517022311687	0.112921543419	0.0152661111206	0.00148439896293	0.000330146576744	0.000969460932538	0.0118160806596	0.121141426265	0.73432046175	2.65721988678	5.86887359619	7.71997117996	5.44884777069	1.54328632355	0.0616902597249	0	0	0	0	0	0	8.91225823311e-41	2.70733468196e-13	55.4383773804	0	0	0	0	0	0	0	0	0	0	0	0	0	0	0
Feb 22 2023 18:05:44	1.52081906796	89.7624359131	96.7400054932	0.000428622763138	63.4470558167	8.92805099487	78.9474639893	-	0	0	0	0	0	0	0	0	0	0	0	0	0	0	0	0	8.28440928488e-31	12.5590000153	8.91581773688e-12	0	0	0	0	0	0	0	0	0.0139509197325	2.08314108849	4.16606092453	5.21136760712	4.78892040253	3.33654952049	1.72176885605	0.588343262672	0.0669497326016	0	0	0	0	0	0	0	0	65.4639511108	0	0	0	0	0	0	0	0	0	0	0	0	0	0	0
Feb 22 2023 18:05:45	1.30866420269	89.3911743164	96.6010284424	0.000523584196344	61.3437919617	8.038397789	70.9712600708	-	0	0	0	0	0	0	0	0	0	0	0	0	0	0	0	0	12.1014432907	4.27900692657e-09	0	0	0	0	0	0	0	0	0	0.455361247063	2.09806060791	3.82339668274	4.98484802246	5.13977384567	4.27982711792	2.82085728645	1.35139739513	0.318541646004	0	0	0	0	0	0	0	0	62.6264915466	0	0	0	0	0	0	0	0	0	0	0	0	0	0	0
Feb 22 2023 18:05:46	1.74337303638	90.021446228	96.8367385864	0.000229781027883	64.6134033203	9.57000637054	89.7583312988	-	0	0	0	0	0	0	0	0	0	0	0	0	0	0	1.0816689484e-16	1.41734949466e-06	0.0697935819626	6.09004974365	5.18815040588	0.063335724175	6.3726793087e-06	5.20436666852e-13	2.1786859088e-27	0	0	0	0	1.54083371162	10.061337471	6.41162490845	2.33214020729	0.553900897503	0.0868937894702	0.00851003918797	0.000418256153353	0	0	0	0	0	0	0	0	0	67.5930023193	0	0	0	0	0	0	0	0	0	0	0	0	0	0	0
Feb 22 2023 18:05:47	1.79201686382	90.148399353	96.8840789795	0.00037677551154	65.4860534668	9.6555519104	84.2956619263	-	0	0	0	0	0	0	0	0	0	0	0	0	0	0	1.41110267915e-09	0.000522032030858	0.256535619497	4.36934900284	6.31854915619	0.928369343281	0.00965114124119	1.61062484949e-06	3.72286311615e-15	0	0	0	0	0	11.41563797	6.26627063751	1.51192390919	0.217385545373	0.0192684605718	0.00099509966094	2.39083019551e-05	0	0	0	0	0	0	0	0	0	68.6855163574	0	0	0	0	0	0	0	0	0	0	0	0	0	0	0
Feb 22 2023 18:05:48	1.54322504997	90.0744247437	96.8564987183	0.000540771347005	65.3569946289	9.5790719986	76.0158996582	-	0	0	0	0	0	0	0	0	0	0	0	0	0	0	0	0	0	11.2398014069	6.78228198429e-13	0	0	0	0	0	0	0	0	0	3.74262714386	6.24392843246	5.61914157867	3.33843493462	1.35440731049	0.362168043852	0.054162081331	0.000472268176964	0	0	0	0	0	0	0	0	68.0448608398	0	0	0	0	0	0	0	0	0	0	0	0	0	0	0
Feb 22 2023 18:05:49	1.61465835571	90.2567977905	96.9244766235	0.00080601091031	66.6376190186	10.0702857971	68.3306732178	-	0	0	0	0	0	0	0	0	0	0	0	0	0	0	2.20708351472e-26	9.10964692569e-10	0.0208430141211	9.3340959549	1.36419701576	0.000100442186522	8.12998485807e-13	1.65373017644e-27	0	0	0	0	0	0	3.93353581429	7.06589365005	5.40820264816	2.43378734589	0.674522221088	0.110474959016	0.00886041112244	0	0	0	0	0	0	0	0	0	69.6454925537	0	0	0	0	0	0	0	0	0	0	0	0	0	0	0
Feb 22 2023 18:05:50	6.43119812012	89.6047210693	96.6810150146	0.000617503479589	62.4752998352	10.3192100525	75.5586547852	-	0	0	0	0	0	0	0	0	0	0	0	0	0	0	0	0	0	9.31116867065	2.3142205925e-13	0	0	0	0	0	0	0	0.483562648296	2.520434618	4.30758571625	5.2241268158	5.08054733276	4.09429216385	2.72515487671	1.44072175026	0.530509412289	0.052689127624	0	0	0	0	0	0	0	0	64.2292098999	0	0	0	0	0	0	0	0	0	0	0	0	0	0	0
Feb 22 2023 18:05:51	1.55001831055	89.4739761353	96.6320571899	0.000605986570008	61.9782180786	9.61420917511	73.7390594482	-	0	0	0	0	0	0	0	0	0	0	0	0	0	0	0	0	0	11.0609617233	0	0	0	0	0	0	0	0	0	0.373482316732	2.11295843124	3.91446423531	5.11337709427	5.2642865181	4.37119960785	2.86991596222	1.36610996723	0.314489275217	0	0	0	0	0	0	0	0	63.2387580872	0	0	0	0	0	0	0	0	0	0	0	0	0	0	0
Feb 22 2023 18:05:52	1.55003929138	89.9187240601	96.7983932495	0.000559960899409	64.3946075439	9.63627719879	75.4850692749	-	0	0	0	0	0	0	0	0	0	0	0	0	0	0	0	0	0	11.060418129	0	0	0	0	0	0	0	0	0	0	3.44954991341	5.79875946045	5.81620264053	4.10728025436	2.10298848152	0.757164478302	0.167122453451	0.00755256135017	0	0	0	0	0	0	0	0	66.732963562	0	0	0	0	0	0	0	0	0	0	0	0	0	0	0
Feb 22 2023 18:05:53	1.52683579922	89.591293335	96.6759872437	0.000713849498425	62.3624839783	9.02866268158	68.0055007935	-	0	0	0	0	0	0	0	0	0	0	0	0	0	0	0	0	0	12.0694885254	1.26174123114e-15	0	0	0	0	0	0	0	0	0.561412632465	2.77104449272	4.6003537178	5.29760551453	4.71495771408	3.31040072441	1.78732478619	0.667060315609	0.0942213311791	0	0	0	0	0	0	0	0	64.1261367798	0	0	0	0	0	0	0	0	0	0	0	0	0	0	0
Feb 22 2023 18:05:54	1.42746388912	88.0905914307	96.2565612793	0.000572858029045	57.1455535889	7.9756565094	69.1301116943	-	0	0	0	0	0	0	0	0	0	0	0	0	0	0	0	2.72937683739e-12	7.25855398178	5.82062101364	1.90223192753e-09	3.01975434518e-27	0	0	0	0	0	0	0	0.370685338974	1.15202069283	2.29719591141	3.63453745842	4.84778785706	5.54233884811	5.38334083557	4.26279067993	2.42778873444	0.465192377567	0	0	0	0	0	0	0	56.5371437073	0	0	0	0	0	0	0	0	0	0	0	0	0	0	0
Feb 22 2023 18:05:55	1.29881381989	89.5843200684	96.6733779907	0.000508197816089	62.1021995544	7.55539894104	69.9930953979	-	0	0	0	0	0	0	0	0	0	0	0	0	0	0	0	0	13.1016330719	7.32126181902e-09	0	0	0	0	0	0	0	0	0	0.87416023016	3.03910446167	4.69135141373	5.11933231354	4.31049633026	2.84138011932	1.42208170891	0.478807002306	0.0489565134048	0	0	0	0	0	0	0	0	64.0727005005	0	0	0	0	0	0	0	0	0	0	0	0	0	0	0
Feb 22 2023 18:05:56	1.56698143482	90.2020645142	96.904083252	0.000544979469851	66.4009628296	10.0766077042	76.9310073853	-	0	0	0	0	0	0	0	0	0	0	0	0	0	0	0	0	0	10.6413841248	8.47819123934e-12	0	0	0	0	0	0	0	0	0	2.42064285278	5.72972393036	5.9312877655	3.87238073349	1.68990135193	0.479896783829	0.0759984999895	0.00116117484868	0	0	0	0	0	0	0	0	69.157623291	0	0	0	0	0	0	0	0	0	0	0	0	0	0	0
Feb 22 2023 18:05:57	1.54188120365	89.8554611206	96.7747650146	0.000580786436331	64.0241622925	9.50159168243	74.3466567993	-	0	0	0	0	0	0	0	0	0	0	0	0	0	0	0	0	0	11.2759628296	8.01890292449e-14	0	0	0	0	0	0	0	0	0.963838219643	3.13548493385	4.70852088928	5.03958034515	4.17366218567	2.70517635345	1.32515060902	0.428201764822	0.0307655930519	0	0	0	0	0	0	0	0	66.2136535645	0	0	0	0	0	0	0	0	0	0	0	0	0	0	0
Feb 22 2023 18:05:58	1.31459736824	89.7283935547	96.7272720337	0.000409079308156	63.0477790833	8.18538665771	77.0126953125	-	0	0	0	0	0	0	0	0	0	0	0	0	0	0	0	2.08544105921e-13	11.6385173798	5.33364766504e-21	0	0	0	0	0	0	0	0	0	1.58690142632	3.73516368866	5.02883672714	5.00384426117	3.90639424324	2.40536975861	1.12588870525	0.34996008873	0.0255292840302	0	0	0	0	0	0	0	0	65.1935958862	0	0	0	0	0	0	0	0	0	0	0	0	0	0	0
Feb 22 2023 18:05:59	1.54917132854	89.3819198608	96.5975570679	0.000786426651757	61.2541389465	9.42968463898	66.9639129639	-	0	0	0	0	0	0	0	0	0	0	0	0	0	0	0	0	4.27433424244e-21	11.0829057693	1.07264561816e-11	0	0	0	0	0	0	0	0	1.19743263721	2.97869491577	4.50761508942	5.23983860016	4.95477819443	3.84071993828	2.37333321571	1.05897247791	0.206984832883	0	0	0	0	0	0	0	0	62.5587234497	0	0	0	0	0	0	0	0	0	0	0	0	0	0	0
Feb 22 2023 18:06:00	1.5453209877	89.9289245605	96.8022003174	0.000738658069167	64.4293518066	9.54992485046	68.7506027222	-	0	0	0	0	0	0	0	0	0	0	0	0	0	0	0	0	0	11.1839265823	5.07156859911e-12	0	0	0	0	0	0	0	0	0.351585268974	3.6842751503	5.63271856308	5.46915960312	3.86518621445	2.03437829018	0.771334469318	0.182561978698	0.00741409836337	0	0	0	0	0	0	0	0	66.8174591064	0	0	0	0	0	0	0	0	0	0	0	0	0	0	0
Feb 22 2023 18:06:01	1.56083083153	90.1289138794	96.8768157959	0.000633579504211	65.9457397461	9.99621295929	73.4992523193	-	0	0	0	0	0	0	0	0	0	0	0	0	0	0	0	0	0	10.7892665863	1.9471297838e-11	0	0	0	0	0	0	0	0	0	2.05543756485	5.07683944702	5.85950708389	4.4182305336	2.30194544792	0.809486508369	0.167373478413	0.00626404816285	0	0	0	0	0	0	0	0	68.5156478882	0	0	0	0	0	0	0	0	0	0	0	0	0	0	0
Feb 22 2023 18:06:02	1.9263972044	90.5985946655	97.0516281128	0.000737504626159	68.9862670898	10.4740686417	72.4414291382	-	0	0	0	0	0	0	0	0	0	0	0	0	0	0	4.3978834583e-06	0.0250489711761	1.22983944416	5.1562333107	3.31975436211	0.333569586277	0.00296518136747	2.10972899595e-07	0	0	0	0	0	0	16.4507827759	0.633999586105	1.06802300337e-08	2.86510083481e-19	2.60146068693e-32	0	0	0	0	0	0	0	0	0	0	0	72.8478012085	0	0	0	0	0	0	0	0	0	0	0	0	0	0	0
Feb 22 2023 18:06:03	1.97836053371	90.5897521973	97.0483398438	0.000548504001927	68.9023666382	10.5582542419	79.2372741699	-	0	0	0	0	0	0	0	0	0	0	0	0	0	0	2.07168559427e-05	0.0332186557353	1.05680942535	4.40676450729	3.90578246117	0.744914591312	0.0190415922552	8.67900507728e-06	0	0	0	0	0	0	17.0720844269	0	0	0	0	0	0	0	0	0	0	0	0	0	0	6.19955814658e-14	72.7613601685	0	0	0	0	0	0	0	0	0	0	0	0	0	0	0
Feb 22 2023 18:06:04	2.00832843781	90.5825805664	97.0456771851	0.00069613091182	68.9683074951	10.8681497574	75.348815918	-	0	0	0	0	0	0	0	0	0	0	0	0	0	0	9.92773402686e-06	0.0197656676173	0.775702774525	3.97882008553	4.35042905807	1.03813135624	0.0347329303622	2.52650388575e-05	0	0	0	0	0	0	9.24833774567	6.68400239944	1.07378339767	0.0989542677999	0.00565602211282	0.000190271544852	2.93171933663e-06	0	0	0	0	0	0	0	0	0	72.6914596558	0	0	0	0	0	0	0	0	0	0	0	0	0	0	0
Feb 22 2023 18:06:05	1.57823646069	89.9480667114	96.8093490601	0.000710995635018	64.5895614624	9.98762607574	71.0777130127	-	0	0	0	0	0	0	0	0	0	0	0	0	0	0	0	0	0	10.3824176788	2.14146232756e-13	0	0	0	0	0	0	0	0	0	4.06058073044	6.46036434174	5.94733572006	3.79268193245	1.72830879688	0.545207619667	0.103204473853	0.0034163731616	0	0	0	0	0	0	0	0	66.9764785767	0	0	0	0	0	0	0	0	0	0	0	0	0	0	0
Feb 22 2023 18:06:06	1.56794011593	90.0206680298	96.83644104	0.000504432595335	64.9647445679	9.79106998444	78.0750274658	-	0	0	0	0	0	0	0	0	0	0	0	0	0	0	0	0	0	10.6187496185	5.79216416583e-13	0	0	0	0	0	0	0	0	1.45334684849	4.61939764023	5.85325145721	4.94749116898	3.04171943665	1.36980426311	0.430915743113	0.0789272561669	0	0	0	0	0	0	0	0	0	67.5863952637	0	0	0	0	0	0	0	0	0	0	0	0	0	0	0
Feb 22 2023 18:06:07	1.51951408386	89.9226074219	96.7998428345	0.000522563175764	64.2900543213	8.85136890411	74.7637710571	-	0	0	0	0	0	0	0	0	0	0	0	0	0	0	0	0	0	12.6707372665	3.94673616705e-12	0	0	0	0	0	0	0	0	0	2.82227897644	5.25775051117	5.53553915024	4.00182056427	2.05719351768	0.729658722878	0.154620483518	0.00528656924143	0	0	0	0	0	0	0	0	66.7651138306	0	0	0	0	0	0	0	0	0	0	0	0	0	0	0
Feb 22 2023 18:06:08	1.5319507122	89.4071350098	96.6070098877	0.000593553122599	61.3367004395	9.14838504791	73.0292663574	-	0	0	0	0	0	0	0	0	0	0	0	0	0	0	0	0	0	11.6837587357	0	0	0	0	0	0	0	0	0	0.686086595058	2.85303115845	4.64514446259	5.41674375534	4.99604558945	3.71548223495	2.17684102058	0.913434743881	0.169830366969	0	0	0	0	0	0	0	0	62.7436027527	0	0	0	0	0	0	0	0	0	0	0	0	0	0	0
Feb 22 2023 18:06:09	2.06985878944	90.7836303711	97.1203384399	0.000848639348987	70.7538833618	11.4993305206	72.3995361328	-	0	0	0	0	0	0	0	0	0	0	0	0	0	0	3.04941022478e-06	0.00899989251047	0.501151561737	3.47297930717	4.80813837051	1.30373680592	0.0385806709528	8.6180807557e-06	0	0	0	0	0	0	0	15.1645917892	0	0	0	0	0	0	0	0	0	0	0	0	0	0	74.7018127441	0	0	0	0	0	0	0	0	0	0	0	0	0	0	0
Feb 22 2023 18:06:10	1.85533392429	90.4972305298	97.0139541626	0.00049755506916	68.3095855713	10.3587398529	80.5863647461	-	0	0	0	0	0	0	0	0	0	0	0	0	0	0	1.67526814039e-05	0.0281980428845	0.96314650774	4.43495035172	4.52046966553	1.06299269199	0.0391099005938	4.54364708276e-05	5.18200893583e-17	0	0	0	0	0	4.02587032318	10.5328855515	2.24329161644	0.260748326778	0.0184202305973	0.00075969658792	1.46803704411e-05	0	0	0	0	0	0	0	0	0	71.8690795898	0	0	0	0	0	0	0	0	0	0	0	0	0	0	0
Feb 22 2023 18:06:11	1.57754468918	90.3476104736	96.9582901001	0.000815298233647	67.1255340576	9.45630550385	65.9903793335	-	0	0	0	0	0	0	0	0	0	0	0	0	0	0	0	3.02271915131e-35	6.22649876103e-10	10.4162378311	1.40284895897	7.86879068848e-12	2.44043188313e-35	0	0	0	0	0	0	0	4.70803594589	7.80297517776	3.93036222458	1.08034753799	0.173391908407	0.0155369415879	0.000622506311629	0	0	0	0	0	0	0	0	0	70.4696426392	0	0	0	0	0	0	0	0	0	0	0	0	0	0	0
Feb 22 2023 18:06:12	1.28728926182	89.3420257568	96.5826034546	0.000859774299897	60.7272911072	7.03907012939	51.8941116333	-	0	0	0	0	0	0	0	0	0	0	0	0	0	0	0	5.47615474017e-14	14.5169973373	0	0	0	0	0	0	0	0	0	0	0.317430108786	2.01269435883	3.78612470627	4.88374900818	4.86150789261	3.8285779953	2.33559393883	1.0032851696	0.185697346926	0	0	0	0	0	0	0	0	62.2683410645	0	0	0	0	0	0	0	0	0	0	0	0	0	0	0
Feb 22 2023 18:06:13	1.28641557693	89.461479187	96.6273727417	0.000851131917443	61.1025352478	6.91275119781	51.731754303	-	0	0	0	0	0	0	0	0	0	0	0	0	0	0	0	1.00629411488e-13	14.637462616	8.1997416594e-34	0	0	0	0	0	0	0	0	0	1.39474523067	3.40473723412	4.78384971619	4.90000867844	3.88252806664	2.39342045784	1.10559737682	0.332390964031	0.0196183733642	0	0	0	0	0	0	0	0	63.1456451416	0	0	0	0	0	0	0	0	0	0	0	0	0	0	0
Feb 22 2023 18:06:14	1.30050981045	89.5977401733	96.6783981323	0.000715714588296	62.332195282	7.69722414017	61.0266456604	-	0	0	0	0	0	0	0	0	0	0	0	0	0	0	0	1.66896845736e-12	12.9172487259	5.6051938573e-43	0	0	0	0	0	0	0	0	0	0.222049236298	2.37805461884	4.34379863739	5.23132324219	4.76485347748	3.3749601841	1.81864106655	0.673972845078	0.0995432585478	0	0	0	0	0	0	0	0	64.1755523682	0	0	0	0	0	0	0	0	0	0	0	0	0	0	0
Feb 22 2023 18:06:15	1.5273848772	89.8628845215	96.7775344849	0.000653499271721	64.0075378418	9.15891361237	70.5230026245	-	0	0	0	0	0	0	0	0	0	0	0	0	0	0	0	0	0	12.0268001556	6.02754825219e-12	0	0	0	0	0	0	0	0	0	2.49142765999	5.21605157852	5.81795930862	4.47016763687	2.47900462151	0.970589101315	0.237675189972	0.0160900875926	0	0	0	0	0	0	0	0	66.274230957	0	0	0	0	0	0	0	0	0	0	0	0	0	0	0
Feb 22 2023 18:06:16	1.29396057129	89.654510498	96.6996383667	0.000833852856886	62.4376373291	7.35032510757	54.5982551575	-	0	0	0	0	0	0	0	0	0	0	0	0	0	0	0	2.55727730658e-12	13.6610908508	1.22988721318e-21	0	0	0	0	0	0	0	0	0	0.512882947922	3.10053157806	4.96650648117	5.23749351501	4.09762239456	2.42995738983	1.05971968174	0.298816412687	0.0212275572121	0	0	0	0	0	0	0	0	64.614151001	0	0	0	0	0	0	0	0	0	0	0	0	0	0	0
Feb 22 2023 18:06:17	1.30371582508	89.8812789917	96.7844085693	0.000662529666442	63.8360099792	7.7796330452	63.7682304382	-	0	0	0	0	0	0	0	0	0	0	0	0	0	0	0	5.95164629386e-12	12.5831050873	1.07901484015e-17	0	0	0	0	0	0	0	0	0	1.21509492397	4.26731824875	5.58334684372	4.84682941437	3.07035493851	1.43681585789	0.476661801338	0.0949286296964	0.000854892889038	0	0	0	0	0	0	0	0	66.4246902466	0	0	0	0	0	0	0	0	0	0	0	0	0	0	0
Feb 22 2023 18:06:18	1.2848072052	89.1045227051	96.4934692383	0.000532628502697	59.4111595154	6.86365890503	65.9307632446	-	0	0	0	0	0	0	0	0	0	0	0	0	0	0	0	0	14.8647251129	0	0	0	0	0	0	0	0	0	0.125887930393	0.865452289581	2.09240007401	3.43925142288	4.43390130997	4.69284152985	4.10560655594	2.89582037926	1.50751805305	0.385346293449	0	0	0	0	0	0	0	0	60.5912513733	0	0	0	0	0	0	0	0	0	0	0	0	0	0	0
Feb 22 2023 18:06:19	1.51811873913	89.8456268311	96.7710952759	0.000986215891317	63.6265068054	8.67064380646	57.2135391235	-	0	0	0	0	0	0	0	0	0	0	0	0	0	0	0	0	0	12.7925291061	2.59767164376e-12	0	0	0	0	0	0	0	0	0	4.27253198624	6.41557407379	5.47565507889	3.18513917923	1.30265760422	0.362206310034	0.058819681406	0.00120715331286	0	0	0	0	0	0	0	0	66.1336746216	0	0	0	0	0	0	0	0	0	0	0	0	0	0	0
Feb 22 2023 18:06:20	1.51033186913	89.792640686	96.7512893677	0.00091490522027	63.4754981995	8.48744010925	58.5518226624	-	0	0	0	0	0	0	0	0	0	0	0	0	0	0	0	0	0	13.5199766159	1.15791425927e-12	0	0	0	0	0	0	0	0	0	1.63409972191	4.44028759003	5.64432144165	4.75770521164	2.82469630241	1.16043663025	0.292763710022	0.0201012659818	0	0	0	0	0	0	0	0	65.7056121826	0	0	0	0	0	0	0	0	0	0	0	0	0	0	0
Feb 22 2023 18:06:21	1.74198937416	88.8130111694	96.3838577271	0.00112827064004	57.5327529907	6.87465572357	48.2113647461	-	0	0	0	0	0	0	0	0	0	0	0	0	0	0	1.01311719418	1.87394428253	2.4952082634	2.83222985268	2.88446497917	2.68990015984	2.31231927872	1.82496070862	1.30141353607	0.818586349487	0.459069997072	0.295887827873	0.378047317266	0.725750923157	1.31339550018	2.05899214745	2.82443284988	3.41761636734	3.62216186523	3.25562810898	2.2452018261	0.710885286331	0	0	0	0	0	0	0	0	58.6467857361	0	0	0	0	0	0	0	0	0	0	0	0	0	0	0
Feb 22 2023 18:06:22	1.29570519924	89.8107070923	96.7580413818	0.000487546727527	63.3241424561	7.42570447922	70.4947662354	-	0	0	0	0	0	0	0	0	0	0	0	0	0	0	0	7.92486302276e-12	13.4543123245	1.96243579602e-29	0	0	0	0	0	0	0	0	0	0.730752825737	3.89216661453	5.57180976868	5.06503582001	3.28204083443	1.54359102249	0.507587075233	0.0998214036226	0.00196530367248	0	0	0	0	0	0	0	0	65.8509216309	0	0	0	0	0	0	0	0	0	0	0	0	0	0	0
Feb 22 2023 18:06:23	1.09837961197	89.015838623	96.460144043	0.000431272172136	58.9270706177	5.88111495972	68.0661621094	-	0	0	0	0	0	0	0	0	0	0	0	0	0	0	0	15.4872579575	0	0	0	0	0	0	0	0	0	0	0	0.0485877096653	1.67736041546	3.4602086544	4.74620103836	5.07718420029	4.39597415924	3.0511264801	1.59031581879	0.478932410479	0	0	0	0	0	0	0	0	59.9868583679	0	0	0	0	0	0	0	0	0	0	0	0	0	0	0
Feb 22 2023 18:06:24	1.51715052128	89.4219284058	96.6125564575	0.000809242133982	61.5449523926	8.73636817932	63.348941803	-	0	0	0	0	0	0	0	0	0	0	0	0	0	0	0	0	0	12.8784971237	0	0	0	0	0	0	0	0	0	0	1.44927573204	3.42416834831	4.93880605698	5.33355665207	4.50307130814	2.93679571152	1.36661207676	0.316636830568	0	0	0	0	0	0	0	0	62.8525810242	0	0	0	0	0	0	0	0	0	0	0	0	0	0	0
Feb 22 2023 18:06:25	1.71236181259	87.7141036987	96.1930618286	0.000492205203045	55.6040611267	7.25458335876	73.5693283081	-	0	0	0	0	0	0	0	0	0	0	0	0	0	0	0.620022237301	1.75887918472	2.75996303558	3.24214911461	3.12089180946	2.54684662819	1.77618157864	1.04338169098	0.494639992714	0.177296072245	0.0509527102113	0.0300800837576	0.0881083458662	0.335124194622	0.956546902657	2.06734466553	3.55672240257	4.9848151207	5.6674695015	5.03709077835	3.15470647812	0.991228044033	0	0	0	0	0	0	0	2.40069974262e-15	55.5395584106	0	0	0	0	0	0	0	0	0	0	0	0	0	0	0
Feb 22 2023 18:06:26	1.57811367512	88.1096878052	96.2597732544	0.0007623876445	56.2457809448	6.73864173889	58.7201538086	-	0	0	0	0	0	0	0	0	0	0	0	0	0	0	0.0089627802372	0.542937755585	3.26296830177	6.37821102142	5.78844690323	2.79077577591	0.737873852253	0.100680522621	0.00585063965991	9.74931172095e-05	2.56239985674e-07	4.55750659434e-10	1.6677248027e-08	1.96120290639e-05	0.00322017632425	0.110712423921	1.2410389185	5.49149560928	9.83301067352	6.21726942062	0.891953229904	0.00590010173619	0	0	0	0	0	0	0	0	56.5885734558	0	0	0	0	0	0	0	0	0	0	0	0	0	0	0
Feb 22 2023 18:06:27	1.61225759983	86.8777999878	96.0511779785	0.000699576106854	53.2949790955	6.30653333664	60.5467147827	-	0	0	0	0	0	0	0	0	0	0	0	0	0	0	0.423453420401	1.73210823536	3.2319586277	4.13711643219	4.11921787262	3.36457538605	2.31029677391	1.34364962578	0.661750793457	0.283968508244	0.125581949949	0.0876171663404	0.134627565742	0.338832169771	0.890379190445	1.9989669323	3.63088917732	5.21238088608	5.71968460083	4.46510028839	2.06847643852	0.288554638624	0	0	0	0	0	0	0	0	53.4308128357	0	0	0	0	0	0	0	0	0	0	0	0	0	0	0
Feb 22 2023 18:06:28	1.65009176731	86.813079834	96.0401535034	0.000709153537173	53.1152648926	6.41954517365	61.0089073181	-	0	0	0	0	0	0	0	0	0	0	0	0	0	0	0.472481608391	1.69987916946	3.00737929344	3.79115200043	3.82140803337	3.2397069931	2.37127614021	1.51961672306	0.863688886166	0.455423176289	0.259175002575	0.211425408721	0.293967962265	0.581531584263	1.22505831718	2.33587169647	3.78745150566	5.04997205734	5.32644796371	4.13481330872	1.98115336895	0.297641456127	0	0	0	0	0	0	0	0	53.2734794617	0	0	0	0	0	0	0	0	0	0	0	0	0	0	0
Feb 22 2023 18:06:29	1.27877366543	88.9963302612	96.4528121948	0.000717393762898	59.2286758423	6.6927113533	55.8057060242	-	0	0	0	0	0	0	0	0	0	0	0	0	0	0	0	8.0695392317e-14	15.7870187759	2.47675435716e-10	1.83570098827e-41	0	0	0	0	0	0	0	0	0	0.314361661673	1.67048251629	3.38987755775	4.85161828995	5.38083791733	4.66087627411	2.98197817802	1.10746955872	0	0	0	0	0	0	0	0	59.8554801941	0	0	0	0	0	0	0	0	0	0	0	0	0	0	0
Feb 22 2023 18:06:30	1.71030068398	25.3509483337	95.7458724976	0.000540367735084	50.5140724182	7.0529551506	71.9060058594	-	0	0	0	0	0	0	0	0	0	0	0	0	0	0	0	0	4.28397509457e-23	3.66553217646e-06	20.4428520203	0.139472410083	3.14835370231e-13	1.07187561614e-37	0	0	0	0	0	0	0	0.000453769695014	0.103236757219	0.816139757633	2.98936748505	6.76711702347	9.87722206116	8.54029941559	3.17003202438	0.0602788813412	0	0	0	0	0	0	47.0935249329	0	0	0	0	0	0	0	0	0	0	0	0	0	0	0
Feb 22 2023 18:06:31	1.53138709068	88.1547622681	96.2673568726	0.000796953681856	57.7050056458	7.77491378784	60.4469604492	-	0	0	0	0	0	0	0	0	0	0	0	0	0	0	0	3.05541286328e-18	6.12293952145e-05	12.4309425354	3.82932305336	5.50116237719e-06	6.85828101731e-18	6.03216949938e-39	0	0	0	0	0	0	0	0.0340845733881	0.556242585182	2.07847428322	4.63492822647	7.11139678955	7.43082523346	4.51591968536	0.667480230331	0	0	0	0	0	0	0	56.7103157043	0	0	0	0	0	0	0	0	0	0	0	0	0	0	0
Feb 22 2023 18:06:32	1.2768894434	87.6288833618	96.1786499023	0.000371223170077	55.7168769836	6.46426057816	73.2982940674	-	0	0	0	0	0	0	0	0	0	0	0	0	0	0	0	0	16.099937439	0	0	0	0	0	0	0	0	0	0.012296541594	0.345127761364	1.08254945278	2.1963660717	3.50826573372	4.68957901001	5.33686161041	5.12082672119	3.95671868324	2.12105870247	0.212367042899	0	0	0	0	0	0	0	55.3180465698	0	0	0	0	0	0	0	0	0	0	0	0	0	0	0
Feb 22 2023 18:06:33	1.57485795021	87.2821121216	96.1199111938	0.000574941048399	54.5321846008	6.42868852615	65.5703277588	-	0	0	0	0	0	0	0	0	0	0	0	0	0	0	7.95172184098e-07	0.017359348014	1.49775981903	8.92450046539	8.6933889389	1.92915296555	0.106445714831	0.00128554424737	2.20683159569e-06	2.10152645286e-10	1.673421584e-16	1.18539638385e-25	1.36956841139e-25	5.24775927279e-16	1.50296908252e-09	2.93040957331e-05	0.0238798260689	1.70993542671	13.2387523651	9.16472911835	0.260311245918	2.50547636824e-05	4.00460268081e-21	0	0	0	0	0	0	0	54.4324417114	0	0	0	0	0	0	0	0	0	0	0	0	0	0	0
Feb 22 2023 18:06:34	1.82370066643	24.0415916443	95.7448730469	0.000705426209606	49.413066864	6.99799060822	64.4827957153	-	0	0	0	0	0	0	0	0	0	0	0	0	0	0	0.830094218254	1.64741873741	2.28731870651	2.67741465569	2.79660415649	2.66667795181	2.33964371681	1.88150346279	1.36258077621	0.859246015549	0.454360097647	0.217868998647	0.190895482898	0.421249300241	0.972854614258	1.86167895794	3.0160074234	4.25182819366	5.27376699448	5.72486495972	5.29888153076	3.9171962738	1.90558362007	0.0710921883583	0	0	0	0	0	0	47.0733680725	0	0	0	0	0	0	0	0	0	0	0	0	0	0	0
Feb 22 2023 18:06:35	1.74197304249	86.1408081055	95.9538269043	0.000416670896811	52.7222633362	6.96647691727	76.7070922852	-	0	0	0	0	0	0	0	0	0	0	0	0	0	0	0.699271917343	1.70556008816	2.57056474686	3.0731010437	3.14298129082	2.83306622505	2.27178525925	1.60866320133	0.978019118309	0.484289139509	0.185247868299	0.0678326189518	0.080030746758	0.261572182178	0.756818175316	1.67406773567	2.97459173203	4.39535999298	5.45314025879	5.59644460678	4.51185703278	2.481965065	0.508042633533	0	0	0	0	0	0	0	51.6857261658	0	0	0	0	0	0	0	0	0	0	0	0	0	0	0
Feb 22 2023 18:06:36	1.29705929756	88.7512130737	96.3674240112	0.000426655722549	58.039264679	7.4092373848	73.7330703735	-	0	0	0	0	0	0	0	0	0	0	0	0	0	0	0	0	13.298286438	0	0	0	0	0	0	0	0	0	0.135389372706	0.79090744257	1.89902448654	3.2448887825	4.46679449081	5.15930700302	5.03522920609	4.07241725922	2.55541968346	0.976466655731	0	0	0	0	0	0	0	0	58.3658676147	0	0	0	0	0	0	0	0	0	0	0	0	0	0	0
Feb 22 2023 18:06:37	1.58620750904	87.6062240601	96.1748199463	0.000759526446927	55.0709114075	6.55884647369	58.4156913757	-	0	0	0	0	0	0	0	0	0	0	0	0	0	0	0.0322568938136	0.809797823429	3.34580016136	5.78018045425	5.53932762146	3.29542565346	1.26445329189	0.307043045759	0.0435631275177	0.0032344032079	0.000141601587529	1.51383464981e-05	5.44106806046e-05	0.00154583354015	0.0344142131507	0.373808711767	2.04709124565	5.89741897583	8.74611473083	5.90687561035	1.28493332863	0.0271044410765	0	0	0	0	0	0	0	0	55.2593994141	0	0	0	0	0	0	0	0	0	0	0	0	0	0	0
Feb 22 2023 18:06:38	1.48387360573	88.4920959473	96.3240203857	0.000618713034783	57.2737503052	7.13777542114	64.5761947632	-	0	0	0	0	0	0	0	0	0	0	0	0	0	0	0	0	1.27964083774e-10	16.8040046692	5.6051938573e-43	0	0	0	0	0	0	0	0	0.277546614408	1.1030459404	2.3360042572	3.68939113617	4.72010993958	4.99970817566	4.33283424377	2.89690709114	1.20416045189	0	0	0	0	0	0	0	0	57.6362838745	0	0	0	0	0	0	0	0	0	0	0	0	0	0	0
Feb 22 2023 18:06:39	1.89413368702	90.1652374268	96.8903579712	0.000651618873235	66.092048645	10.1492891312	76.6627349854	-	0	0	0	0	0	0	0	0	0	0	0	0	0	0	2.50759285336e-07	0.00160690105986	0.182542711496	2.46295619011	6.51086330414	3.50483059883	0.254461377859	0.000439040421043	7.13190471252e-20	0	0	0	0	0	0	3.89558672905	6.92457199097	4.74525785446	2.02580022812	0.562742590904	0.0915514081717	0.00382715440355	0	0	0	0	0	0	0	0	68.8329620361	0	0	0	0	0	0	0	0	0	0	0	0	0	0	0
Feb 22 2023 18:06:40	1.21899759769	86.3509292603	95.9737701416	0.000303594162688	54.080532074	5.71328544617	74.8292236328	-	0	0	0	0	0	0	0	0	0	0	0	0	0	0	0.000232635560678	5.68869352341	12.5302429199	0.0957985967398	7.23906396161e-06	7.22386300084e-12	7.98477962285e-20	4.18463575672e-30	0	0	0	0	0	0	0	0.0935568735003	0.727617561817	2.21492433548	4.51704883575	6.81453418732	7.5774564743	5.65038204193	1.91647899151	0	0	0	0	0	0	0	52.1730232239	0	0	0	0	0	0	0	0	0	0	0	0	0	0	0
Feb 22 2023 18:06:41	1.8770493269	90.2231903076	96.9119567871	0.00118811021093	66.3876266479	10.1060733795	63.0241317749	-	0	0	0	0	0	0	0	0	0	0	0	0	0	0	0	2.40097520224e-26	4.01031898661e-12	0.000984426005743	9.12700462341	4.53460931778	1.14798931463e-05	7.95293203836e-21	0	0	0	0	0	0	0	4.26803445816	6.95798397064	4.00830078125	1.40473937988	0.313043981791	0.0392929725349	0.000872363860253	0	0	0	0	0	0	0	0	69.345123291	0	0	0	0	0	0	0	0	0	0	0	0	0	0	0
Feb 22 2023 18:06:42	1.0990267992	88.1867294312	96.2727355957	0.000418917508796	56.8918190002	5.92762994766	69.029838562	-	0	0	0	0	0	0	0	0	0	0	0	0	0	0	0	15.3680725098	0	0	0	0	0	0	0	0	0	0	0	0	0.768226444721	2.25215816498	3.8589220047	5.10591888428	5.54286003113	4.95767736435	3.50760507584	1.69383323193	0.147779121995	0	0	0	0	0	0	0	56.7969436646	0	0	0	0	0	0	0	0	0	0	0	0	0	0	0
Feb 22 2023 18:06:43	1.30575859547	89.5030517578	96.6429443359	0.000444412638899	61.6691093445	7.81854438782	74.1676940918	-	0	0	0	0	0	0	0	0	0	0	0	0	0	0	0	0	12.3794708252	0	0	0	0	0	0	0	0	0	0	1.02975690365	3.32957100868	4.96173477173	5.31280565262	4.45000696182	2.95791292191	1.51645720005	0.53680229187	0.0689490884542	0	0	0	0	0	0	0	0	63.45652771	0	0	0	0	0	0	0	0	0	0	0	0	0	0	0
Feb 22 2023 18:06:44	1.29527246952	89.7292251587	96.7275848389	0.000324153807014	63.074092865	7.50411748886	79.3590698242	-	0	0	0	0	0	0	0	0	0	0	0	0	0	0	0	0	13.5049972534	0	0	0	0	0	0	0	0	0	0	0	2.00713062286	4.22950983047	5.28954935074	4.71085786819	3.09717869759	1.46914505959	0.448347300291	0.0431207977235	0	0	0	0	0	0	0	0	65.2001647949	0	0	0	0	0	0	0	0	0	0	0	0	0	0	0
Feb 22 2023 18:06:45	1.5330401659	89.2226409912	96.5378189087	0.000562392990105	60.4343528748	9.18353176117	74.3565826416	-	0	0	0	0	0	0	0	0	0	0	0	0	0	0	0	0	0	11.6049137115	0	0	0	0	0	0	0	0	0	0.67370736599	2.42008066177	4.13588476181	5.22477245331	5.31459093094	4.42822742462	2.95961260796	1.4590729475	0.364669084549	0	0	0	0	0	0	0	0	61.4144668579	0	0	0	0	0	0	0	0	0	0	0	0	0	0	0
Feb 22 2023 18:06:46	1.62983286381	87.2420806885	96.1131210327	0.000480804301333	54.072353363	6.43366622925	71.3502502441	-	0	0	0	0	0	0	0	0	0	0	0	0	0	0	0.676303982735	1.93011164665	3.06095170975	3.65592026711	3.60861229897	3.05869674683	2.26208209991	1.46180319786	0.819128751755	0.402394622564	0.198125913739	0.147266477346	0.227227523923	0.514875650406	1.14565658569	2.1869597435	3.49933028221	4.65443658829	5.04013824463	4.2161822319	2.37342596054	0.528555035591	0	0	0	0	0	0	0	0	54.3318138123	0	0	0	0	0	0	0	0	0	0	0	0	0	0	0
Feb 22 2023 18:06:47	1.66885674	86.8391723633	96.0446014404	0.000468646467198	53.6646080017	6.80406951904	73.3245620728	-	0	0	0	0	0	0	0	0	0	0	0	0	0	0	0.463515996933	1.66758871078	2.93871712685	3.66987800598	3.63411164284	2.98696446419	2.07365989685	1.21316516399	0.586911916733	0.232482194901	0.0852981805801	0.0499559864402	0.0850514099002	0.260746985674	0.770074307919	1.83236992359	3.45995903015	5.19285202026	6.10690689087	5.37207174301	3.13794565201	0.842162668705	0.000793432991486	0	0	0	0	0	1.40129846432e-43	1.78880669907e-14	53.3368186951	0	0	0	0	0	0	0	0	0	0	0	0	0	0	0
Feb 22 2023 18:06:48	1.78132200241	88.7106323242	96.3606338501	0.000824328686576	57.4992294312	7.19891214371	60.0820426941	-	0	0	0	0	0	0	0	0	0	0	0	0	0	0	0.981753408909	1.81177425385	2.40283179283	2.71071529388	2.73580384254	2.51741051674	2.12090611458	1.62116515636	1.09332442284	0.6158233881	0.272922813892	0.139278620481	0.265152275562	0.671636641026	1.33303415775	2.16567897797	3.02720785141	3.71767616272	4.00835180283	3.70057225227	2.70496821404	1.13148486614	0	0	0	0	0	0	0	0	58.2505302429	0	0	0	0	0	0	0	0	0	0	0	0	0	0	0
Feb 22 2023 18:06:49	1.28157234192	89.0208435059	96.4620285034	0.000562352128327	58.9622306824	6.71366691589	63.6769065857	-	0	0	0	0	0	0	0	0	0	0	0	0	0	0	0	2.61478826872e-13	15.3448324203	2.41892807032e-17	0	0	0	0	0	0	0	0	0	0.534368097782	1.82100331783	3.34875392914	4.55800914764	4.95283555984	4.36755514145	3.0632815361	1.57487356663	0.413814604282	0	0	0	0	0	0	0	0	60.0206718445	0	0	0	0	0	0	0	0	0	0	0	0	0	0	0
Feb 22 2023 18:06:50	1.51236653328	89.7340621948	96.7293930054	0.000525702605955	63.2526893616	8.60987091064	73.8562316895	-	0	0	0	0	0	0	0	0	0	0	0	0	0	0	0	0	0	13.3216600418	1.43128954869e-12	0	0	0	0	0	0	0	0	0	1.24429309368	3.69427323341	5.23401594162	5.08840656281	3.61855745316	1.85952651501	0.624158382416	0.0766107067466	0	0	0	0	0	0	0	0	65.2385025024	0	0	0	0	0	0	0	0	0	0	0	0	0	0	0
Feb 22 2023 18:06:51	1.59808826447	87.7924575806	96.2062911987	0.000958182208706	54.7211494446	6.002846241	48.7648086548	-	0	0	0	0	0	0	0	0	0	0	0	0	0	0	1.0740197897	2.20760750771	3.04922032356	3.47771191597	3.48914790154	3.16227865219	2.61943221092	1.98772454262	1.37720680237	0.877678930759	0.554303705692	0.434981226921	0.528768479824	0.857258558273	1.42295992374	2.1588845253	2.9117910862	3.44993948936	3.51999354362	2.95082139969	1.77718102932	0.366468667984	0	0	0	0	0	0	0	3.94919319956e-14	55.7446289063	0	0	0	0	0	0	0	0	0	0	0	0	0	0	0
Feb 22 2023 18:06:52	1.73980426788	89.0586166382	96.4762191772	0.000545598159079	59.0231781006	7.09515666962	70.8387680054	-	0	0	0	0	0	0	0	0	0	0	0	0	0	0	1.02641129494	1.89340877533	2.50920033455	2.82716631889	2.8474779129	2.61112332344	2.18635654449	1.65132844448	1.08441138268	0.567345738411	0.187709316611	0.0227023214102	0.123848170042	0.511871099472	1.15873897076	1.97654592991	2.81806468964	3.4792368412	3.73103666306	3.38118481636	2.35354804993	0.77431178093	0	0	0	0	0	0	0	0	60.2769737244	0	0	0	0	0	0	0	0	0	0	0	0	0	0	0
Feb 22 2023 18:06:53	1.28987967968	89.7222442627	96.7249755859	0.000482966948766	62.8829154968	7.21959400177	69.8038787842	-	0	0	0	0	0	0	0	0	0	0	0	0	0	0	0	6.27646415743e-12	14.1716899872	0	0	0	0	0	0	0	0	0	0	0	2.24279737473	4.6393866539	5.43570566177	4.41732883453	2.58843827248	1.06740272045	0.273715853691	0.0185384638608	0	0	0	0	0	0	0	0	65.1449966431	0	0	0	0	0	0	0	0	0	0	0	0	0	0	0
Feb 22 2023 18:06:54	1.66264736652	90.2159194946	96.9092407227	0.000701041542925	66.1374664307	9.35600471497	70.5521774292	-	0	0	0	0	0	0	0	0	0	0	0	0	0	0	0	0	2.25955948572e-33	7.71676921844	4.74255514145	1.51421363576e-31	0	0	0	0	0	0	0	0	3.76333665848	7.99332046509	4.70029973984	1.49505639076	0.277749150991	0.0290385447443	0.00140662142076	0	0	0	0	0	0	0	0	0	69.2804718018	0	0	0	0	0	0	0	0	0	0	0	0	0	0	0
Feb 22 2023 18:06:55	1.67636191845	90.4170532227	96.9841308594	0.00102598255035	67.4083099365	9.5222196579	60.7667388916	-	0	0	0	0	0	0	0	0	0	0	0	0	0	0	9.43194955286e-21	5.36044595378e-08	0.0370613187551	7.70787382126	3.90243387222	0.00646344106644	1.02551336312e-08	1.11593656895e-19	0	0	0	0	0	0	17.2335186005	1.0485254158e-12	4.3961773083e-37	0	0	0	0	0	0	0	0	0	0	0	0	0	71.1126480103	0	0	0	0	0	0	0	0	0	0	0	0	0	0	0
Feb 22 2023 18:06:56	1.63072991371	87.7689437866	96.2023239136	0.000420701981056	54.7133255005	6.20304918289	73.7835922241	-	0	0	0	0	0	0	0	0	0	0	0	0	0	0	1.03273582458	2.11816906929	2.91561412811	3.30970430374	3.30111384392	2.97178149223	2.44514679909	1.84700286388	1.28377389908	0.839706242085	0.573893904686	0.512914955616	0.672163128853	1.07358527184	1.70588088036	2.4805598259	3.22378802299	3.69078707695	3.632635355	2.90775942802	1.60454452038	0.173796802759	0	0	0	0	0	0	0	0	55.6829452515	0	0	0	0	0	0	0	0	0	0	0	0	0	0	0
Feb 22 2023 18:06:57	-1.00000001505e+30	-1.00000001505e+30	-1.00000001505e+30	-1.00000002538e+26	-1.00000001505e+30	-1.00000001505e+30	99.9215087891	-	0	0	0	0	0	0	0	0	0	0	0	0	0	0	0	0	0	0	0	0	0	0	0	0	0	0	0	0	0	0	0	0	0	0	0	0	0	0	0	0	0	0	0	0	0	0	0	0	0	0	0	0	0	0	0	0	0	0	0	0
Feb 22 2023 18:06:58	-1.00000001505e+30	-1.00000001505e+30	-1.00000001505e+30	-1.00000002538e+26	-1.00000001505e+30	-1.00000001505e+30	99.9890823364	-	0	0	0	0	0	0	0	0	0	0	0	0	0	0	0	0	0	0	0	0	0	0	0	0	0	0	0	0	0	0	0	0	0	0	0	0	0	0	0	0	0	0	0	0	0	0	0	0	0	0	0	0	0	0	0	0	0	0	0	0
Feb 22 2023 18:06:59	-1.00000001505e+30	-1.00000001505e+30	-1.00000001505e+30	-1.00000002538e+26	-1.00000001505e+30	-1.00000001505e+30	99.957321167	-	0	0	0	0	0	0	0	0	0	0	0	0	0	0	0	0	0	0	0	0	0	0	0	0	0	0	0	0	0	0	0	0	0	0	0	0	0	0	0	0	0	0	0	0	0	0	0	0	0	0	0	0	0	0	0	0	0	0	0	0
Feb 22 2023 18:07:00	-1.00000001505e+30	-1.00000001505e+30	-1.00000001505e+30	-1.00000002538e+26	-1.00000001505e+30	-1.00000001505e+30	100.012039185	-	0	0	0	0	0	0	0	0	0	0	0	0	0	0	0	0	0	0	0	0	0	0	0	0	0	0	0	0	0	0	0	0	0	0	0	0	0	0	0	0	0	0	0	0	0	0	0	0	0	0	0	0	0	0	0	0	0	0	0	0
Feb 22 2023 18:07:01	-1.00000001505e+30	-1.00000001505e+30	-1.00000001505e+30	-1.00000002538e+26	-1.00000001505e+30	-1.00000001505e+30	99.9825057983	-	0	0	0	0	0	0	0	0	0	0	0	0	0	0	0	0	0	0	0	0	0	0	0	0	0	0	0	0	0	0	0	0	0	0	0	0	0	0	0	0	0	0	0	0	0	0	0	0	0	0	0	0	0	0	0	0	0	0	0	0
Feb 22 2023 18:07:02	-1.00000001505e+30	-1.00000001505e+30	-1.00000001505e+30	-1.00000002538e+26	-1.00000001505e+30	-1.00000001505e+30	99.9320144653	-	0	0	0	0	0	0	0	0	0	0	0	0	0	0	0	0	0	0	0	0	0	0	0	0	0	0	0	0	0	0	0	0	0	0	0	0	0	0	0	0	0	0	0	0	0	0	0	0	0	0	0	0	0	0	0	0	0	0	0	0
Feb 22 2023 18:07:03	-1.00000001505e+30	-1.00000001505e+30	-1.00000001505e+30	-1.00000002538e+26	-1.00000001505e+30	-1.00000001505e+30	99.9732131958	-	0	0	0	0	0	0	0	0	0	0	0	0	0	0	0	0	0	0	0	0	0	0	0	0	0	0	0	0	0	0	0	0	0	0	0	0	0	0	0	0	0	0	0	0	0	0	0	0	0	0	0	0	0	0	0	0	0	0	0	0
Feb 22 2023 18:07:04	-1.00000001505e+30	-1.00000001505e+30	-1.00000001505e+30	-1.00000002538e+26	-1.00000001505e+30	-1.00000001505e+30	99.8239059448	-	0	0	0	0	0	0	0	0	0	0	0	0	0	0	0	0	0	0	0	0	0	0	0	0	0	0	0	0	0	0	0	0	0	0	0	0	0	0	0	0	0	0	0	0	0	0	0	0	0	0	0	0	0	0	0	0	0	0	0	0
Feb 22 2023 18:07:05	-1.00000001505e+30	-1.00000001505e+30	-1.00000001505e+30	-1.00000002538e+26	-1.00000001505e+30	-1.00000001505e+30	99.8817672729	-	0	0	0	0	0	0	0	0	0	0	0	0	0	0	0	0	0	0	0	0	0	0	0	0	0	0	0	0	0	0	0	0	0	0	0	0	0	0	0	0	0	0	0	0	0	0	0	0	0	0	0	0	0	0	0	0	0	0	0	0
Feb 22 2023 18:07:06	-1.00000001505e+30	-1.00000001505e+30	-1.00000001505e+30	-1.00000002538e+26	-1.00000001505e+30	-1.00000001505e+30	99.9797515869	-	0	0	0	0	0	0	0	0	0	0	0	0	0	0	0	0	0	0	0	0	0	0	0	0	0	0	0	0	0	0	0	0	0	0	0	0	0	0	0	0	0	0	0	0	0	0	0	0	0	0	0	0	0	0	0	0	0	0	0	0
Feb 22 2023 18:07:07	-1.00000001505e+30	-1.00000001505e+30	-1.00000001505e+30	-1.00000002538e+26	-1.00000001505e+30	-1.00000001505e+30	99.9750213623	-	0	0	0	0	0	0	0	0	0	0	0	0	0	0	0	0	0	0	0	0	0	0	0	0	0	0	0	0	0	0	0	0	0	0	0	0	0	0	0	0	0	0	0	0	0	0	0	0	0	0	0	0	0	0	0	0	0	0	0	0
Feb 22 2023 18:07:08	-1.00000001505e+30	-1.00000001505e+30	-1.00000001505e+30	-1.00000002538e+26	-1.00000001505e+30	-1.00000001505e+30	99.9643478394	-	0	0	0	0	0	0	0	0	0	0	0	0	0	0	0	0	0	0	0	0	0	0	0	0	0	0	0	0	0	0	0	0	0	0	0	0	0	0	0	0	0	0	0	0	0	0	0	0	0	0	0	0	0	0	0	0	0	0	0	0
Feb 22 2023 18:07:09	-1.00000001505e+30	-1.00000001505e+30	-1.00000001505e+30	-1.00000002538e+26	-1.00000001505e+30	-1.00000001505e+30	99.9852676392	-	0	0	0	0	0	0	0	0	0	0	0	0	0	0	0	0	0	0	0	0	0	0	0	0	0	0	0	0	0	0	0	0	0	0	0	0	0	0	0	0	0	0	0	0	0	0	0	0	0	0	0	0	0	0	0	0	0	0	0	0
Feb 22 2023 18:07:10	-1.00000001505e+30	-1.00000001505e+30	-1.00000001505e+30	-1.00000002538e+26	-1.00000001505e+30	-1.00000001505e+30	99.9936065674	-	0	0	0	0	0	0	0	0	0	0	0	0	0	0	0	0	0	0	0	0	0	0	0	0	0	0	0	0	0	0	0	0	0	0	0	0	0	0	0	0	0	0	0	0	0	0	0	0	0	0	0	0	0	0	0	0	0	0	0	0
Feb 22 2023 18:07:11	-1.00000001505e+30	-1.00000001505e+30	-1.00000001505e+30	-1.00000002538e+26	-1.00000001505e+30	-1.00000001505e+30	99.9975967407	-	0	0	0	0	0	0	0	0	0	0	0	0	0	0	0	0	0	0	0	0	0	0	0	0	0	0	0	0	0	0	0	0	0	0	0	0	0	0	0	0	0	0	0	0	0	0	0	0	0	0	0	0	0	0	0	0	0	0	0	0
Feb 22 2023 18:07:12	-1.00000001505e+30	-1.00000001505e+30	-1.00000001505e+30	-1.00000002538e+26	-1.00000001505e+30	-1.00000001505e+30	99.9954071045	-	0	0	0	0	0	0	0	0	0	0	0	0	0	0	0	0	0	0	0	0	0	0	0	0	0	0	0	0	0	0	0	0	0	0	0	0	0	0	0	0	0	0	0	0	0	0	0	0	0	0	0	0	0	0	0	0	0	0	0	0
Feb 22 2023 18:07:13	-1.00000001505e+30	-1.00000001505e+30	-1.00000001505e+30	-1.00000002538e+26	-1.00000001505e+30	-1.00000001505e+30	100.004302979	-	0	0	0	0	0	0	0	0	0	0	0	0	0	0	0	0	0	0	0	0	0	0	0	0	0	0	0	0	0	0	0	0	0	0	0	0	0	0	0	0	0	0	0	0	0	0	0	0	0	0	0	0	0	0	0	0	0	0	0	0
Feb 22 2023 18:07:14	-1.00000001505e+30	-1.00000001505e+30	-1.00000001505e+30	-1.00000002538e+26	-1.00000001505e+30	-1.00000001505e+30	100.00920105	-	0	0	0	0	0	0	0	0	0	0	0	0	0	0	0	0	0	0	0	0	0	0	0	0	0	0	0	0	0	0	0	0	0	0	0	0	0	0	0	0	0	0	0	0	0	0	0	0	0	0	0	0	0	0	0	0	0	0	0	0
Feb 22 2023 18:07:15	-1.00000001505e+30	-1.00000001505e+30	-1.00000001505e+30	-1.00000002538e+26	-1.00000001505e+30	-1.00000001505e+30	99.9708557129	-	0	0	0	0	0	0	0	0	0	0	0	0	0	0	0	0	0	0	0	0	0	0	0	0	0	0	0	0	0	0	0	0	0	0	0	0	0	0	0	0	0	0	0	0	0	0	0	0	0	0	0	0	0	0	0	0	0	0	0	0
Feb 22 2023 18:07:16	-1.00000001505e+30	-1.00000001505e+30	-1.00000001505e+30	-1.00000002538e+26	-1.00000001505e+30	-1.00000001505e+30	99.9711380005	-	0	0	0	0	0	0	0	0	0	0	0	0	0	0	0	0	0	0	0	0	0	0	0	0	0	0	0	0	0	0	0	0	0	0	0	0	0	0	0	0	0	0	0	0	0	0	0	0	0	0	0	0	0	0	0	0	0	0	0	0
Feb 22 2023 18:07:17	-1.00000001505e+30	-1.00000001505e+30	-1.00000001505e+30	-1.00000002538e+26	-1.00000001505e+30	-1.00000001505e+30	100.009559631	-	0	0	0	0	0	0	0	0	0	0	0	0	0	0	0	0	0	0	0	0	0	0	0	0	0	0	0	0	0	0	0	0	0	0	0	0	0	0	0	0	0	0	0	0	0	0	0	0	0	0	0	0	0	0	0	0	0	0	0	0
Feb 22 2023 18:07:18	-1.00000001505e+30	-1.00000001505e+30	-1.00000001505e+30	-1.00000002538e+26	-1.00000001505e+30	-1.00000001505e+30	100.029823303	-	0	0	0	0	0	0	0	0	0	0	0	0	0	0	0	0	0	0	0	0	0	0	0	0	0	0	0	0	0	0	0	0	0	0	0	0	0	0	0	0	0	0	0	0	0	0	0	0	0	0	0	0	0	0	0	0	0	0	0	0
