Date-Time	Dx(10)	Dx(50)	Dx(90)	Cv(%)	D[4][3]	D[3][2]	Transmission	0.10000020	0.11659167	0.13593590	0.15848963	0.18478534	0.21544389	0.25118914	0.29286504	0.34145555	0.39810795	0.46415979	0.54117060	0.63095856	0.73564368	0.85769761	1.00000191	1.16591668	1.35935903	1.58489633	1.84785342	2.15443897	2.51189137	2.92865038	3.41455555	3.98107958	4.64159775	5.41170597	6.30958605	7.35643721	8.57697582	10.00002003	11.65916729	13.59359074	15.84896278	18.47853470	21.54438972	25.11891365	29.28650284	34.14555740	39.81079483	46.41598129	54.11705780	63.09585953	73.56436920	85.76976013	100.00019836	116.59166718	135.93591309	158.48962402	184.78533936	215.44389343	251.18913269	292.86502075	341.45556641	398.10794067	464.15979004	541.17059326	630.95855713	735.64367676	857.69757080	1000.00195313
Feb 22 2023 18:03:26	5.63372612	6.48158550262	95.8787002563	0.00044321778114	49.1653022766	10.979300499	87.7006759644	-	0	0	0	0	0	0	0	0	0	0	0	0	0	0	0	0	0	0	0	0	0	0	0	0	0	0	50.0719528198	0	0	0	0	0	0	0	0	0	0	0	0	0	0	0	0	0	49.9280433655	0	0	0	0	0	0	0	0	0	0	0	0	0	0	0
Feb 22 2023 18:03:27	5.65158939362	87.6839447021	96.1879653931	0.000574550591409	53.9661636353	12.1640806198	85.7767333984	-	0	0	0	0	0	0	0	0	0	0	0	0	0	0	0	0	0	0	0	0	0	0	0	0	0	0	44.5390129089	0	0	0	0	0	0	0	0	0	0	0	0	0	0	0	0	0	55.4609909058	0	0	0	0	0	0	0	0	0	0	0	0	0	0	0
Feb 22 2023 18:03:28	-1.00000001505e+30	-1.00000001505e+30	-1.00000001505e+30	-1.00000002538e+26	-1.00000001505e+30	-1.00000001505e+30	99.0270385742	-	0	0	0	0	0	0	0	0	0	0	0	0	0	0	0	0	0	0	0	0	0	0	0	0	0	0	0	0	0	0	0	0	0	0	0	0	0	0	0	0	0	0	0	0	0	0	0	0	0	0	0	0	0	0	0	0	0	0	0	0
Feb 22 2023 18:03:29	5.65465402603	87.9977035522	96.2409133911	0.000476407672977	54.6838378906	12.3635215759	88.2369537354	-	0	0	0	0	0	0	0	0	0	0	0	0	0	0	0	0	0	0	0	0	0	0	0	0	0	0	43.7118988037	0	0	0	0	0	0	0	0	0	0	0	0	0	0	0	0	0	56.2881011963	0	0	0	0	0	0	0	0	0	0	0	0	0	0	0
Feb 22 2023 18:03:30	5.65924930573	88.4327926636	96.3140716553	0.000676643103361	55.710723877	12.6605396271	84.0688323975	-	0	0	0	0	0	0	0	0	0	0	0	0	0	0	0	0	0	0	0	0	0	0	0	0	0	0	42.5284233093	0	0	0	0	0	0	0	0	0	0	0	0	0	0	0	0	0	57.4715805054	0	0	0	0	0	0	0	0	0	0	0	0	0	0	0
Feb 22 2023 18:03:31	5.65464353561	87.996673584	96.240737915	0.000969747896306	54.6814422607	12.3628454208	77.5109710693	-	0	0	0	0	0	0	0	0	0	0	0	0	0	0	0	0	0	0	0	0	0	0	0	0	0	0	43.7146606445	0	0	0	0	0	0	0	0	0	0	0	0	0	0	0	0	0	56.2853393555	0	0	0	0	0	0	0	0	0	0	0	0	0	0	0
Feb 22 2023 18:03:32	5.65472316742	88.0045318604	96.2420654297	0.00098749389872	54.6996688843	12.3679943085	77.1588821411	-	0	0	0	0	0	0	0	0	0	0	0	0	0	0	0	0	0	0	0	0	0	0	0	0	0	0	43.6936569214	0	0	0	0	0	0	0	0	0	0	0	0	0	0	0	0	0	56.3063430786	0	0	0	0	0	0	0	0	0	0	0	0	0	0	0
Feb 22 2023 18:03:33	5.63845062256	86.0697174072	95.9470672607	0.0010757407872	50.5489044189	11.2963962555	73.3798370361	-	0	0	0	0	0	0	0	0	0	0	0	0	0	0	0	0	0	0	0	0	0	0	0	0	0	0	48.4773712158	0	0	0	0	0	0	0	0	0	0	0	0	0	0	0	0	0	51.5226287842	0	0	0	0	0	0	0	0	0	0	0	0	0	0	0
Feb 22 2023 18:03:34	5.64128684998	86.4609603882	95.9841918945	0.00101552694105	51.3374404907	11.4854450226	75.0252456665	-	0	0	0	0	0	0	0	0	0	0	0	0	0	0	0	0	0	0	0	0	0	0	0	0	0	0	47.5685882568	0	0	0	0	0	0	0	0	0	0	0	0	0	0	0	0	0	52.4314117432	0	0	0	0	0	0	0	0	0	0	0	0	0	0	0
Feb 22 2023 18:03:35	5.64935350418	87.4418334961	96.1469955444	0.000949217122979	53.4249382019	12.0178794861	77.3692092896	-	0	0	0	0	0	0	0	0	0	0	0	0	0	0	0	0	0	0	0	0	0	0	0	0	0	0	45.1627693176	0	0	0	0	0	0	0	0	0	0	0	0	0	0	0	0	0	54.8372268677	0	0	0	0	0	0	0	0	0	0	0	0	0	0	0
Feb 22 2023 18:03:36	5.64791154861	87.2792816162	96.1194381714	0.00104959367309	53.0675392151	11.9232473373	75.1273117065	-	0	0	0	0	0	0	0	0	0	0	0	0	0	0	0	0	0	0	0	0	0	0	0	0	0	0	45.5746688843	0	0	0	0	0	0	0	0	0	0	0	0	0	0	0	0	0	54.425327301	0	0	0	0	0	0	0	0	0	0	0	0	0	0	0
Feb 22 2023 18:03:37	5.64191246033	86.5437240601	95.994178772	0.0010936857434	51.5073623657	11.5270147324	73.4669113159	-	0	0	0	0	0	0	0	0	0	0	0	0	0	0	0	0	0	0	0	0	0	0	0	0	0	0	47.372756958	0	0	0	0	0	0	0	0	0	0	0	0	0	0	0	0	0	52.627243042	0	0	0	0	0	0	0	0	0	0	0	0	0	0	0
Feb 22 2023 18:03:38	5.63455104828	85.4848098755	95.8912734985	0.000882827152964	49.4134864807	11.0348625183	77.0985565186	-	0	0	0	0	0	0	0	0	0	0	0	0	0	0	0	0	0	0	0	0	0	0	0	0	0	0	49.7859306335	0	0	0	0	0	0	0	0	0	0	0	0	0	0	0	0	0	50.2140693665	0	0	0	0	0	0	0	0	0	0	0	0	0	0	0
Feb 22 2023 18:03:39	5.64407968521	86.8211975098	96.0415344238	0.000626286724582	52.0851821899	11.6706523895	83.998374939	-	0	0	0	0	0	0	0	0	0	0	0	0	0	0	0	0	0	0	0	0	0	0	0	0	0	0	46.706829071	0	0	0	0	0	0	0	0	0	0	0	0	0	0	0	0	0	53.2931747437	0	0	0	0	0	0	0	0	0	0	0	0	0	0	0
Feb 22 2023 18:03:40	5.64025640488	86.3219299316	95.9710159302	0.00085773342289	51.054485321	11.4168844223	78.3356399536	-	0	0	0	0	0	0	0	0	0	0	0	0	0	0	0	0	0	0	0	0	0	0	0	0	0	0	47.8946914673	0	0	0	0	0	0	0	0	0	0	0	0	0	0	0	0	0	52.1053085327	0	0	0	0	0	0	0	0	0	0	0	0	0	0	0
Feb 22 2023 18:03:41	5.63968467712	86.2432327271	95.9635543823	0.00100953015499	50.8956718445	11.3787593842	74.9499282837	-	0	0	0	0	0	0	0	0	0	0	0	0	0	0	0	0	0	0	0	0	0	0	0	0	0	0	48.0777282715	0	0	0	0	0	0	0	0	0	0	0	0	0	0	0	0	0	51.9222717285	0	0	0	0	0	0	0	0	0	0	0	0	0	0	0
Feb 22 2023 18:03:42	5.63113498688	6.25145292282	95.8372268677	0.00145508314017	48.3665122986	10.8042087555	64.5388717651	-	0	0	0	0	0	0	0	0	0	0	0	0	0	0	0	0	0	0	0	0	0	0	0	0	0	0	50.9925537109	0	0	0	0	0	0	0	0	0	0	0	0	0	0	0	0	2.85353609231e-14	49.0074424744	0	0	0	0	0	0	0	0	0	0	0	0	0	0	0
Feb 22 2023 18:03:43	5.63768529892	85.9593887329	95.9365692139	0.00101421738509	50.3308410645	11.2452096939	74.5903930664	-	0	0	0	0	0	0	0	0	0	0	0	0	0	0	0	0	0	0	0	0	0	0	0	0	0	0	48.7286872864	0	0	0	0	0	0	0	0	0	0	0	0	0	0	0	0	0	51.2713127136	0	0	0	0	0	0	0	0	0	0	0	0	0	0	0
Feb 22 2023 18:03:44	5.65015029907	87.5294570923	96.1618347168	0.000882657594047	53.6195793152	12.0700521469	78.8558120728	-	0	0	0	0	0	0	0	0	0	0	0	0	0	0	0	0	0	0	0	0	0	0	0	0	0	0	44.9384498596	0	0	0	0	0	0	0	0	0	0	0	0	0	0	0	0	0	55.0615539551	0	0	0	0	0	0	0	0	0	0	0	0	0	0	0
Feb 22 2023 18:03:45	5.64271306992	86.6478652954	96.01197052	0.00102902564686	51.7227478027	11.5801410675	74.9189376831	-	0	0	0	0	0	0	0	0	0	0	0	0	0	0	0	0	0	0	0	0	0	0	0	0	0	0	47.1245269775	0	0	0	0	0	0	0	0	0	0	0	0	0	0	0	0	0	52.8754730225	0	0	0	0	0	0	0	0	0	0	0	0	0	0	0
Feb 22 2023 18:03:46	5.64619350433	87.0788345337	96.0853881836	0.000602156389505	52.633228302	11.8102369308	84.7338104248	-	0	0	0	0	0	0	0	0	0	0	0	0	0	0	0	0	0	0	0	0	0	0	0	0	0	0	46.0752105713	0	0	0	0	0	0	0	0	0	0	0	0	0	0	0	0	0	53.9247932434	0	0	0	0	0	0	0	0	0	0	0	0	0	0	0
Feb 22 2023 18:03:47	5.63696575165	85.8537139893	95.9265060425	0.00075390515849	50.1236801147	11.1970100403	80.3432998657	-	0	0	0	0	0	0	0	0	0	0	0	0	0	0	0	0	0	0	0	0	0	0	0	0	0	0	48.9674377441	0	0	0	0	0	0	0	0	0	0	0	0	0	0	0	0	0	51.0325622559	0	0	0	0	0	0	0	0	0	0	0	0	0	0	0
Feb 22 2023 18:03:48	5.63208007813	6.32008457184	95.8527069092	0.000706199556589	48.6612739563	10.8681650162	80.9557342529	-	0	0	0	0	0	0	0	0	0	0	0	0	0	0	0	0	0	0	0	0	0	0	0	0	0	0	50.6528511047	0	0	0	0	0	0	0	0	0	0	0	0	0	0	0	0	0	49.34715271	0	0	0	0	0	0	0	0	0	0	0	0	0	0	0
Feb 22 2023 18:03:49	5.62511539459	6.20664787292	95.7277145386	0.00135696504731	46.3908576965	10.3942298889	65.40234375	-	0	0	0	0	0	0	0	0	0	0	0	0	0	0	0	0	0	0	0	0	0	0	0	0	0	0	53.2694740295	0	0	0	0	0	0	0	0	0	0	0	0	0	0	0	0	0	46.7305221558	0	0	0	0	0	0	0	0	0	0	0	0	0	0	0
Feb 22 2023 18:03:50	5.63467645645	85.504524231	95.8931655884	0.000845063186716	49.4509391785	11.0432958603	77.9760513306	-	0	0	0	0	0	0	0	0	0	0	0	0	0	0	0	0	0	0	0	0	0	0	0	0	0	0	49.742767334	0	0	0	0	0	0	0	0	0	0	0	0	0	0	0	0	0	50.2572364807	0	0	0	0	0	0	0	0	0	0	0	0	0	0	0
Feb 22 2023 18:03:51	5.63001680374	6.2431101799	95.8183517456	0.00116140744649	48.0125923157	10.7284030914	70.3272094727	-	0	0	0	0	0	0	0	0	0	0	0	0	0	0	0	0	0	0	0	0	0	0	0	0	0	0	51.4004478455	3.5072940781e-15	2.38907854987e-36	0	0	0	0	0	0	0	0	0	0	0	0	0	0	2.0590746261e-15	48.5995521545	0	0	0	0	0	0	0	0	0	0	0	0	0	0	0
Feb 22 2023 18:03:52	5.65304136276	87.8351135254	96.2134933472	0.00157033163123	54.3096084595	12.2587156296	65.9641113281	-	0	0	0	0	0	0	0	0	0	0	0	0	0	0	0	0	0	0	0	0	0	0	0	0	0	0	44.1431922913	0	0	0	0	0	0	0	0	0	0	0	0	0	0	0	0	0	55.8568077087	0	0	0	0	0	0	0	0	0	0	0	0	0	0	0
Feb 22 2023 18:03:53	5.64863157272	87.3610916138	96.1333084106	0.00171765184496	53.2468185425	11.9705305099	62.741394043	-	0	0	0	0	0	0	0	0	0	0	0	0	0	0	0	0	0	0	0	0	0	0	0	0	0	0	45.3680496216	0	0	0	0	0	0	0	0	0	0	0	0	0	0	0	0	0	54.6319503784	0	0	0	0	0	0	0	0	0	0	0	0	0	0	0
Feb 22 2023 18:03:54	5.64886617661	87.3874664307	96.1377792358	0.00168925360776	53.3048858643	11.9859256744	63.2643814087	-	0	0	0	0	0	0	0	0	0	0	0	0	0	0	0	0	0	0	0	0	0	0	0	0	0	0	45.3011322021	0	0	0	0	0	0	0	0	0	0	0	0	0	0	0	0	0	54.6988716125	0	0	0	0	0	0	0	0	0	0	0	0	0	0	0
Feb 22 2023 18:03:55	5.6329240799	6.40239572525	95.8661880493	0.00164219550788	48.9211997986	10.9251947403	61.3425750732	-	0	0	0	0	0	0	0	0	0	0	0	0	0	0	0	0	0	0	0	0	0	0	0	0	0	0	50.3532829285	0	0	0	0	0	0	0	0	0	0	0	0	0	0	0	0	0	49.6467170715	0	0	0	0	0	0	0	0	0	0	0	0	0	0	0
Feb 22 2023 18:03:56	5.63802957535	86.009262085	95.9413146973	0.00189842423424	50.4291801453	11.2682352066	57.8332176208	-	0	0	0	0	0	0	0	0	0	0	0	0	0	0	0	0	0	0	0	0	0	0	0	0	0	0	48.6153526306	0	0	0	0	0	0	0	0	0	0	0	0	0	0	0	0	0	51.3846473694	0	0	0	0	0	0	0	0	0	0	0	0	0	0	0
Feb 22 2023 18:03:57	5.62927389145	6.23757123947	95.8054580688	0.00145233911462	47.7741966248	10.6779384613	64.2565155029	-	0	0	0	0	0	0	0	0	0	0	0	0	0	0	0	0	0	0	0	0	0	0	0	0	0	0	51.6751937866	0	0	0	0	0	0	0	0	0	0	0	0	0	0	0	0	0	48.3248023987	0	0	0	0	0	0	0	0	0	0	0	0	0	0	0
Feb 22 2023 18:03:58	5.63718318939	85.8858718872	95.9295654297	0.00127651554067	50.1865501404	11.2115945816	69.0671386719	-	0	0	0	0	0	0	0	0	0	0	0	0	0	0	0	0	0	0	0	0	0	0	0	0	0	0	48.8949813843	0	0	0	0	0	0	0	0	0	0	0	0	0	0	0	0	0	51.1050224304	0	0	0	0	0	0	0	0	0	0	0	0	0	0	0
Feb 22 2023 18:03:59	5.64200782776	86.5562286377	95.9963150024	0.000893507734872	51.5331192017	11.5333423615	77.743057251	-	0	0	0	0	0	0	0	0	0	0	0	0	0	0	0	0	0	0	0	0	0	0	0	0	0	0	47.3430709839	0	0	0	0	0	0	0	0	0	0	0	0	0	0	0	0	0	52.6569290161	0	0	0	0	0	0	0	0	0	0	0	0	0	0	0
Feb 22 2023 18:04:00	5.62734460831	6.22320795059	95.7706222534	0.000372056558263	47.14295578	10.5465803146	89.1609954834	-	0	0	0	0	0	0	0	0	0	0	0	0	0	0	0	0	0	0	0	0	0	0	0	0	0	0	52.4026947021	0	0	0	0	0	0	0	0	0	0	0	0	0	0	0	0	1.25621804693e-14	47.5973052979	0	0	0	0	0	0	0	0	0	0	0	0	0	0	0
Feb 22 2023 18:04:01	5.64492273331	86.9254379272	96.0592956543	0.000546240597032	52.3055610657	11.7263832092	85.9540863037	-	0	0	0	0	0	0	0	0	0	0	0	0	0	0	0	0	0	0	0	0	0	0	0	0	0	0	46.4528427124	0	0	0	0	0	0	0	0	0	0	0	0	0	0	0	0	0	53.5471572876	0	0	0	0	0	0	0	0	0	0	0	0	0	0	0
Feb 22 2023 18:04:02	5.64465141296	86.8921432495	96.0536193848	0.00068555836333	52.2349739075	11.7084751129	82.6749649048	-	0	0	0	0	0	0	0	0	0	0	0	0	0	0	0	0	0	0	0	0	0	0	0	0	0	0	46.5341911316	0	0	0	0	0	0	0	0	0	0	0	0	0	0	0	0	0	53.4658088684	0	0	0	0	0	0	0	0	0	0	0	0	0	0	0
Feb 22 2023 18:04:03	5.6476354599	87.2476196289	96.1140594482	0.000746681937017	52.998462677	11.905128479	81.5655517578	-	0	0	0	0	0	0	0	0	0	0	0	0	0	0	0	0	0	0	0	0	0	0	0	0	0	0	45.6542778015	0	0	0	0	0	0	0	0	0	0	0	0	0	0	0	0	0	54.3457221985	0	0	0	0	0	0	0	0	0	0	0	0	0	0	0
Feb 22 2023 18:04:04	5.62938642502	6.2384095192	95.807434082	0.00133274437394	47.8104515076	10.6855831146	66.6594238281	-	0	0	0	0	0	0	0	0	0	0	0	0	0	0	0	0	0	0	0	0	0	0	0	0	0	0	51.6334114075	0	0	0	0	0	0	0	0	0	0	0	0	0	0	0	0	0	48.3665885925	0	0	0	0	0	0	0	0	0	0	0	0	0	0	0
Feb 22 2023 18:04:05	5.63592720032	85.697807312	95.9116363525	0.00147512287367	49.8211135864	11.1273508072	64.989982605	-	0	0	0	0	0	0	0	0	0	0	0	0	0	0	0	0	0	0	0	0	0	0	0	0	0	0	49.3161392212	2.31530061033e-15	2.28023209751e-37	0	0	0	0	0	0	0	0	0	0	0	0	0	0	3.55377450286e-14	50.6838569641	0	0	0	0	0	0	0	0	0	0	0	0	0	0	0
Feb 22 2023 18:04:06	5.65666532516	88.1930770874	96.2738037109	0.00114857684821	55.1402931213	12.4938087463	74.1903152466	-	0	0	0	0	0	0	0	0	0	0	0	0	0	0	0	0	0	0	0	0	0	0	0	0	0	0	43.1858406067	0	0	0	0	0	0	0	0	0	0	0	0	0	0	0	0	0	56.814163208	0	0	0	0	0	0	0	0	0	0	0	0	0	0	0
Feb 22 2023 18:04:07	5.64403867722	86.816078186	96.0406646729	0.00111123756506	52.0743942261	11.6679382324	73.3838043213	-	0	0	0	0	0	0	0	0	0	0	0	0	0	0	0	0	0	0	0	0	0	0	0	0	0	0	46.7192573547	7.76321281565e-14	5.87443567261e-34	0	0	0	0	0	0	0	0	0	0	0	0	0	0	0	53.2807426453	0	0	0	0	0	0	0	0	0	0	0	0	0	0	0
Feb 22 2023 18:04:08	5.64263391495	86.6376953125	96.0102310181	0.000927338085603	51.7016334534	11.5749120712	77.0784301758	-	0	0	0	0	0	0	0	0	0	0	0	0	0	0	0	0	0	0	0	0	0	0	0	0	0	0	47.1488609314	0	0	0	0	0	0	0	0	0	0	0	0	0	0	0	0	0	52.8511390686	0	0	0	0	0	0	0	0	0	0	0	0	0	0	0
Feb 22 2023 18:04:09	5.64377593994	86.7831726074	96.0350494385	0.00113063573372	52.005241394	11.6505680084	72.9538879395	-	0	0	0	0	0	0	0	0	0	0	0	0	0	0	0	0	0	0	0	0	0	0	0	0	0	0	46.79895401	0	0	0	0	0	0	0	0	0	0	0	0	0	0	0	0	0	53.2010421753	0	0	0	0	0	0	0	0	0	0	0	0	0	0	0
Feb 22 2023 18:04:10	5.64746046066	87.2274093628	96.1106338501	0.00156521878671	52.9544715881	11.8936185837	65.210357666	-	0	0	0	0	0	0	0	0	0	0	0	0	0	0	0	0	0	0	0	0	0	0	0	0	0	0	45.7049751282	0	0	0	0	0	0	0	0	0	0	0	0	0	0	0	0	0	54.2950210571	0	0	0	0	0	0	0	0	0	0	0	0	0	0	0
Feb 22 2023 18:04:11	5.62404584885	6.19871616364	95.7060317993	0.000912730116397	46.0210037231	10.3209123611	75.0024185181	-	0	0	0	0	0	0	0	0	0	0	0	0	0	0	0	0	0	0	0	0	0	0	0	0	0	7.98621084086e-14	53.6957321167	9.84195960445e-24	0	0	0	0	0	0	0	0	0	0	0	0	0	0	0	0	46.3042678833	0	0	0	0	0	0	0	0	0	0	0	0	0	0	0
Feb 22 2023 18:04:12	5.62172794342	6.18155574799	95.6563720703	0.000793232989963	45.1985282898	10.1615209579	77.57371521	-	0	0	0	0	0	0	0	0	0	0	0	0	0	0	0	0	0	0	0	0	0	0	0	0	0	0	54.6436233521	0	0	0	0	0	0	0	0	0	0	0	0	0	0	0	0	0	45.3563728333	0	0	0	0	0	0	0	0	0	0	0	0	0	0	0
Feb 22 2023 18:04:13	5.64796638489	87.2856140137	96.1205062866	0.000896893558092	53.0813560486	11.9268789291	78.3249282837	-	0	0	0	0	0	0	0	0	0	0	0	0	0	0	0	0	0	0	0	0	0	0	0	0	0	0	45.5587425232	1.343609604e-13	4.0663438941e-33	0	0	0	0	0	0	0	0	0	0	0	0	0	0	0	54.4412536621	0	0	0	0	0	0	0	0	0	0	0	0	0	0	0
Feb 22 2023 18:04:14	5.63695669174	85.8523635864	95.9263763428	0.000926452223212	50.1210441589	11.196398735	76.4168167114	-	0	0	0	0	0	0	0	0	0	0	0	0	0	0	0	0	0	0	0	0	0	0	0	0	0	0	48.9704742432	0	0	0	0	0	0	0	0	0	0	0	0	0	0	0	0	0	51.0295219421	0	0	0	0	0	0	0	0	0	0	0	0	0	0	0
Feb 22 2023 18:04:15	5.641289711	86.4613418579	95.9842300415	0.000834743841551	51.338218689	11.4856338501	78.9631729126	-	0	0	0	0	0	0	0	0	0	0	0	0	0	0	0	0	0	0	0	0	0	0	0	0	0	0	47.5676956177	2.86613227692e-15	4.29046326247e-36	0	0	0	0	0	0	0	0	0	0	0	0	0	0	0	52.4323043823	0	0	0	0	0	0	0	0	0	0	0	0	0	0	0
Feb 22 2023 18:04:16	5.64660358429	87.1273803711	96.0936431885	0.00120850792155	52.7377624512	11.8372411728	71.7702713013	-	0	0	0	0	0	0	0	0	0	0	0	0	0	0	0	0	0	0	0	0	0	0	0	0	0	0	45.9547348022	0	0	0	0	0	0	0	0	0	0	0	0	0	0	0	0	0	54.0452651978	0	0	0	0	0	0	0	0	0	0	0	0	0	0	0
Feb 22 2023 18:04:17	5.64063978195	86.3740615845	95.9759597778	0.000632676645182	51.1602172852	11.442407608	83.5523910522	-	0	0	0	0	0	0	0	0	0	0	0	0	0	0	0	0	0	0	0	0	0	0	0	0	0	0	47.7728347778	0	0	0	0	0	0	0	0	0	0	0	0	0	0	0	0	0	52.2271652222	0	0	0	0	0	0	0	0	0	0	0	0	0	0	0
Feb 22 2023 18:04:18	5.64684104919	87.1552581787	96.0983810425	0.000922812847421	52.7979888916	11.8528547287	77.6508026123	-	0	0	0	0	0	0	0	0	0	0	0	0	0	0	0	0	0	0	0	0	0	0	0	0	0	0	45.8853225708	0	0	0	0	0	0	0	0	0	0	0	0	0	0	0	0	0	54.1146774292	0	0	0	0	0	0	0	0	0	0	0	0	0	0	0
Feb 22 2023 18:04:19	5.62467670441	6.20339345932	95.7189102173	0.00122609524988	46.2398834229	10.3641767502	68.0598754883	-	0	0	0	0	0	0	0	0	0	0	0	0	0	0	0	0	0	0	0	0	0	0	0	0	0	0	53.4434738159	0	0	0	0	0	0	0	0	0	0	0	0	0	0	0	0	0	46.5565223694	0	0	0	0	0	0	0	0	0	0	0	0	0	0	0
Feb 22 2023 18:04:20	5.62448692322	6.20198822021	95.7150650024	0.00068718433613	46.1743621826	10.351187706	80.5791702271	-	0	0	0	0	0	0	0	0	0	0	0	0	0	0	0	0	0	0	0	0	0	0	0	0	0	0	53.5189857483	2.17752833993e-12	8.78654003454e-31	0	0	0	0	0	0	0	0	0	0	0	0	0	0	0	46.481010437	0	0	0	0	0	0	0	0	0	0	0	0	0	0	0
Feb 22 2023 18:04:21	5.62691068649	6.21998310089	95.7625045776	0.000546093622688	46.998588562	10.5169906616	84.4618988037	-	0	0	0	0	0	0	0	0	0	0	0	0	0	0	0	0	0	0	0	0	0	0	0	0	0	0	52.5690727234	0	0	0	0	0	0	0	0	0	0	0	0	0	0	0	0	0	47.4309234619	0	0	0	0	0	0	0	0	0	0	0	0	0	0	0
Feb 22 2023 18:04:22	5.63147592545	6.26181459427	95.8428573608	0.000719962699804	48.4733009338	10.8272924423	80.5570373535	-	0	0	0	0	0	0	0	0	0	0	0	0	0	0	0	0	0	0	0	0	0	0	0	0	0	0	50.8694839478	0	0	0	0	0	0	0	0	0	0	0	0	0	0	0	0	0	49.1305160522	0	0	0	0	0	0	0	0	0	0	0	0	0	0	0
Feb 22 2023 18:04:23	5.63254833221	6.36561536789	95.8602218628	0.000688235042617	48.805847168	10.8998117447	81.4410552979	-	0	0	0	0	0	0	0	0	0	0	0	0	0	0	0	0	0	0	0	0	0	0	0	0	0	0	50.4862251282	0	0	0	0	0	0	0	0	0	0	0	0	0	0	0	0	0	49.5137748718	0	0	0	0	0	0	0	0	0	0	0	0	0	0	0
Feb 22 2023 18:04:24	5.63724708557	85.8952941895	95.9304656982	0.000618366466369	50.204990387	11.2158784866	83.5930709839	-	0	0	0	0	0	0	0	0	0	0	0	0	0	0	0	0	0	0	0	0	0	0	0	0	0	0	48.8737297058	0	0	0	0	0	0	0	0	0	0	0	0	0	0	0	0	0	51.1262702942	0	0	0	0	0	0	0	0	0	0	0	0	0	0	0
Feb 22 2023 18:04:25	5.63229990005	6.341401577	95.8562469482	0.000711770902853	48.7292098999	10.8830127716	80.8445892334	-	0	0	0	0	0	0	0	0	0	0	0	0	0	0	0	0	0	0	0	0	0	0	0	0	0	0	50.5745544434	0	0	0	0	0	0	0	0	0	0	0	0	0	0	0	0	0	49.4254493713	0	0	0	0	0	0	0	0	0	0	0	0	0	0	0
Feb 22 2023 18:04:26	5.62988090515	6.24209690094	95.8160171509	0.00124622869771	47.9691772461	10.7191781998	68.5197906494	-	0	0	0	0	0	0	0	0	0	0	0	0	0	0	0	0	0	0	0	0	0	0	0	0	0	0	51.4504776001	0	0	0	0	0	0	0	0	0	0	0	0	0	0	0	0	0	48.5495223999	0	0	0	0	0	0	0	0	0	0	0	0	0	0	0
Feb 22 2023 18:04:27	5.64088869095	86.407623291	95.9791412354	0.00091654114658	51.2285270691	11.4589576721	77.1096420288	-	0	0	0	0	0	0	0	0	0	0	0	0	0	0	0	0	0	0	0	0	0	0	0	0	0	0	47.6941108704	0	0	0	0	0	0	0	0	0	0	0	0	0	0	0	0	0	52.3058891296	0	0	0	0	0	0	0	0	0	0	0	0	0	0	0
Feb 22 2023 18:04:28	5.6552066803	88.0521697998	96.2500915527	0.000666938081849	54.810344696	12.3993577957	83.9723587036	-	0	0	0	0	0	0	0	0	0	0	0	0	0	0	0	0	0	0	0	0	0	0	0	0	0	0	43.5661010742	0	0	0	0	0	0	0	0	0	0	0	0	0	0	0	0	0	56.4338989258	0	0	0	0	0	0	0	0	0	0	0	0	0	0	0
Feb 22 2023 18:04:29	5.64939928055	87.4469070435	96.1478500366	0.000636732613202	53.4361724854	12.0208787918	84.1919555664	-	0	0	0	0	0	0	0	0	0	0	0	0	0	0	0	0	0	0	0	0	0	0	0	0	0	0	45.1498222351	0	0	0	0	0	0	0	0	0	0	0	0	0	0	0	0	0	54.8501777649	0	0	0	0	0	0	0	0	0	0	0	0	0	0	0
Feb 22 2023 18:04:30	5.62964296341	6.2403216362	95.8118972778	0.000642770086415	47.8929214478	10.7030115128	82.2601547241	-	0	0	0	0	0	0	0	0	0	0	0	0	0	0	0	0	0	0	0	0	0	0	0	0	0	0	51.5383644104	0	0	0	0	0	0	0	0	0	0	0	0	0	0	0	0	0	48.4616355896	0	0	0	0	0	0	0	0	0	0	0	0	0	0	0
Feb 22 2023 18:04:31	5.64533281326	86.9754333496	96.0678024292	0.0007173611084	52.411907196	11.7534675598	82.0115356445	-	0	0	0	0	0	0	0	0	0	0	0	0	0	0	0	0	0	0	0	0	0	0	0	0	0	0	46.330280304	0	0	0	0	0	0	0	0	0	0	0	0	0	0	0	0	0	53.669719696	0	0	0	0	0	0	0	0	0	0	0	0	0	0	0
Feb 22 2023 18:04:32	5.6493806839	87.4448318481	96.1474990845	0.000702453951817	53.4315757751	12.019651413	82.7082366943	-	0	0	0	0	0	0	0	0	0	0	0	0	0	0	0	0	0	0	0	0	0	0	0	0	0	0	45.1551246643	0	0	0	0	0	0	0	0	0	0	0	0	0	0	0	0	0	54.8448791504	0	0	0	0	0	0	0	0	0	0	0	0	0	0	0
Feb 22 2023 18:04:33	5.65523767471	88.0552139282	96.2506027222	0.000615738739725	54.8174209595	12.4013681412	85.108253479	-	0	0	0	0	0	0	0	0	0	0	0	0	0	0	0	0	0	0	0	0	0	0	0	0	0	0	43.5579490662	0	0	0	0	0	0	0	0	0	0	0	0	0	0	0	0	0	56.4420509338	0	0	0	0	0	0	0	0	0	0	0	0	0	0	0
Feb 22 2023 18:04:34	5.64939165115	87.4460144043	96.1477050781	0.000707097700797	53.4341926575	12.0203504562	82.605430603	-	0	0	0	0	0	0	0	0	0	0	0	0	0	0	0	0	0	0	0	0	0	0	0	0	0	0	45.1521034241	0	0	0	0	0	0	0	0	0	0	0	0	0	0	0	0	0	54.8478965759	0	0	0	0	0	0	0	0	0	0	0	0	0	0	0
Feb 22 2023 18:04:35	5.64778757095	87.2650909424	96.1170272827	0.000747077458072	53.0365524292	11.9151124954	81.5708084106	-	0	0	0	0	0	0	0	0	0	0	0	0	0	0	0	0	0	0	0	0	0	0	0	0	0	0	45.6103820801	0	0	0	0	0	0	0	0	0	0	0	0	0	0	0	0	0	54.3896179199	0	0	0	0	0	0	0	0	0	0	0	0	0	0	0
Feb 22 2023 18:04:36	5.63959026337	86.2301864624	95.962310791	0.000784453062806	50.8694267273	11.3724851608	79.9166183472	-	0	0	0	0	0	0	0	0	0	0	0	0	0	0	0	0	0	0	0	0	0	0	0	0	0	0	48.1079711914	0	0	0	0	0	0	0	0	0	0	0	0	0	0	0	0	0	51.8920288086	0	0	0	0	0	0	0	0	0	0	0	0	0	0	0
Feb 22 2023 18:04:37	5.62835788727	6.23074769974	95.7891693115	0.000719864852726	47.4766998291	10.6156253815	80.210105896	-	0	0	0	0	0	0	0	0	0	0	0	0	0	0	0	0	0	0	0	0	0	0	0	0	0	0	52.0180587769	0	0	0	0	0	0	0	0	0	0	0	0	0	0	0	0	0	47.9819450378	0	0	0	0	0	0	0	0	0	0	0	0	0	0	0
Feb 22 2023 18:04:38	5.64031934738	86.3305206299	95.9718322754	0.00062687555328	51.0718803406	11.4210748672	83.6621017456	-	0	0	0	0	0	0	0	0	0	0	0	0	0	0	0	0	0	0	0	0	0	0	0	0	0	0	47.8746490479	0	0	0	0	0	0	0	0	0	0	0	0	0	0	0	0	5.0262924248e-13	52.1253509521	0	0	0	0	0	0	0	0	0	0	0	0	0	0	0
Feb 22 2023 18:04:39	5.64357089996	86.7573471069	96.0306472778	0.00105472502764	51.9510803223	11.6369991302	74.4891662598	-	0	0	0	0	0	0	0	0	0	0	0	0	0	0	0	0	0	0	0	0	0	0	0	0	0	0	46.8613739014	0	0	0	0	0	0	0	0	0	0	0	0	0	0	0	0	0	53.1386260986	0	0	0	0	0	0	0	0	0	0	0	0	0	0	0
Feb 22 2023 18:04:40	5.63800764084	86.0061187744	95.9410171509	0.000727420148905	50.4229774475	11.2667798996	81.0702514648	-	0	0	0	0	0	0	0	0	0	0	0	0	0	0	0	0	0	0	0	0	0	0	0	0	0	0	48.6225013733	0	0	0	0	0	0	0	0	0	0	0	0	0	0	0	0	0	51.3774986267	0	0	0	0	0	0	0	0	0	0	0	0	0	0	0
Feb 22 2023 18:04:41	5.64714813232	87.1911697388	96.1044769287	0.00120541651268	52.875743866	11.8730754852	71.9035949707	-	0	0	0	0	0	0	0	0	0	0	0	0	0	0	0	0	0	0	0	0	0	0	0	0	0	0	45.7957077026	0	0	0	0	0	0	0	0	0	0	0	0	0	0	0	0	3.93587750282e-15	54.2042922974	0	0	0	0	0	0	0	0	0	0	0	0	0	0	0
Feb 22 2023 18:04:42	5.64099693298	86.4221878052	95.9805221558	0.000651616195682	51.2582130432	11.4661655426	83.1362915039	-	0	0	0	0	0	0	0	0	0	0	0	0	0	0	0	0	0	0	0	0	0	0	0	0	0	0	47.6598968506	2.9023566997e-15	7.00803666464e-37	0	0	0	0	0	0	0	0	0	0	0	0	0	0	0	52.3401031494	0	0	0	0	0	0	0	0	0	0	0	0	0	0	0
Feb 22 2023 18:04:43	5.6348772049	85.5359420776	95.8961715698	0.0012284348486	49.5107421875	11.0567893982	69.6853713989	-	0	0	0	0	0	0	0	0	0	0	0	0	0	0	0	0	0	0	0	0	0	0	0	0	0	0	49.6738433838	0	0	0	0	0	0	0	0	0	0	0	0	0	0	0	0	0	50.3261566162	0	0	0	0	0	0	0	0	0	0	0	0	0	0	0
Feb 22 2023 18:04:44	5.6412320137	86.453666687	95.983505249	0.000759396061767	51.3225250244	11.4818105698	80.6588745117	-	0	0	0	0	0	0	0	0	0	0	0	0	0	0	0	0	0	0	0	0	0	0	0	0	0	0	47.5857810974	0	0	0	0	0	0	0	0	0	0	0	0	0	0	0	0	0	52.4142189026	0	0	0	0	0	0	0	0	0	0	0	0	0	0	0
Feb 22 2023 18:04:45	5.64931201935	87.437210083	96.1462097168	0.000694856920745	53.4147186279	12.0151529312	82.8723526001	-	0	0	0	0	0	0	0	0	0	0	0	0	0	0	0	0	0	0	0	0	0	0	0	0	0	0	45.1745491028	0	0	0	0	0	0	0	0	0	0	0	0	0	0	0	0	0	54.8254470825	0	0	0	0	0	0	0	0	0	0	0	0	0	0	0
Feb 22 2023 18:04:46	5.64632463455	87.0943984985	96.0880355835	0.000672514317557	52.6666870117	11.8188676834	83.1208267212	-	0	0	0	0	0	0	0	0	0	0	0	0	0	0	0	0	0	0	0	0	0	0	0	0	0	0	46.0366439819	0	0	0	0	0	0	0	0	0	0	0	0	0	0	0	0	0	53.9633560181	0	0	0	0	0	0	0	0	0	0	0	0	0	0	0
Feb 22 2023 18:04:47	5.62451219559	6.20217466354	95.7155761719	0.000997575814836	46.1830558777	10.3529090881	73.0950088501	-	0	0	0	0	0	0	0	0	0	0	0	0	0	0	0	0	0	0	0	0	0	0	0	0	0	0	53.5089683533	0	0	0	0	0	0	0	0	0	0	0	0	0	0	0	0	0	46.4910316467	0	0	0	0	0	0	0	0	0	0	0	0	0	0	0
Feb 22 2023 18:04:48	5.63396644592	85.391960144	95.8823852539	0.00118428107817	49.2378387451	10.9954814911	70.4578552246	-	0	0	0	0	0	0	0	0	0	0	0	0	0	0	0	0	0	0	0	0	0	0	0	0	0	5.04768210736e-13	49.9883613586	0	0	0	0	0	0	0	0	0	0	0	0	0	0	0	0	0	50.0116424561	0	0	0	0	0	0	0	0	0	0	0	0	0	0	0
Feb 22 2023 18:04:49	5.64284038544	86.6642837524	96.0147705078	0.000684697064571	51.7568626404	11.5886011124	82.5309295654	-	0	0	0	0	0	0	0	0	0	0	0	0	0	0	0	0	0	0	0	0	0	0	0	0	0	0	47.0852088928	0	0	0	0	0	0	0	0	0	0	0	0	0	0	0	0	0	52.9147872925	0	0	0	0	0	0	0	0	0	0	0	0	0	0	0
Feb 22 2023 18:04:50	5.63871908188	86.1078796387	95.9506912231	0.000697936513461	50.6247711182	11.3143138885	81.83253479	-	0	0	0	0	0	0	0	0	0	0	0	0	0	0	0	0	0	0	0	0	0	0	0	0	0	0	48.3899307251	0	0	0	0	0	0	0	0	0	0	0	0	0	0	0	0	0	51.6100654602	0	0	0	0	0	0	0	0	0	0	0	0	0	0	0
Feb 22 2023 18:04:51	5.63915300369	86.1691436768	95.9565200806	0.00075340049807	50.7470397949	11.3433103561	80.5839691162	-	0	0	0	0	0	0	0	0	0	0	0	0	0	0	0	0	0	0	0	0	0	0	0	0	0	0	48.2490196228	8.25386105492e-14	3.30711858745e-34	0	0	0	0	0	0	0	0	0	0	0	0	0	0	1.2878160181e-14	51.7509803772	0	0	0	0	0	0	0	0	0	0	0	0	0	0	0
Feb 22 2023 18:04:52	5.6331744194	6.42697048187	95.8701171875	0.000757474685088	48.9975662231	10.9420642853	79.8464889526	-	0	0	0	0	0	0	0	0	0	0	0	0	0	0	0	0	0	0	0	0	0	0	0	0	0	0	50.2652702332	1.45551458256e-13	7.47092000903e-34	0	0	0	0	0	0	0	0	0	0	0	0	0	0	3.54734924974e-14	49.7347297668	0	0	0	0	0	0	0	0	0	0	0	0	0	0	0
Feb 22 2023 18:04:53	5.64612722397	87.0708999634	96.0840377808	0.00104099791497	52.6161842346	11.8058452606	75.0894699097	-	0	0	0	0	0	0	0	0	0	0	0	0	0	0	0	0	0	0	0	0	0	0	0	0	0	0	46.0948524475	0	0	0	0	0	0	0	0	0	0	0	0	0	0	0	0	0	53.9051475525	0	0	0	0	0	0	0	0	0	0	0	0	0	0	0
Feb 22 2023 18:04:54	5.64606046677	87.0629882813	96.0826950073	0.00112599460408	52.5991859436	11.8014698029	73.3448867798	-	0	0	0	0	0	0	0	0	0	0	0	0	0	0	0	0	0	0	0	0	0	0	0	0	0	0	46.1144371033	0	0	0	0	0	0	0	0	0	0	0	0	0	0	0	0	0	53.8855628967	0	0	0	0	0	0	0	0	0	0	0	0	0	0	0
Feb 22 2023 18:04:55	5.64109373093	86.4351501465	95.9817504883	0.000833087426145	51.2846717834	11.4725971222	78.9788513184	-	0	0	0	0	0	0	0	0	0	0	0	0	0	0	0	0	0	0	0	0	0	0	0	0	0	0	47.6294021606	0	0	0	0	0	0	0	0	0	0	0	0	0	0	0	0	0	52.3705978394	0	0	0	0	0	0	0	0	0	0	0	0	0	0	0
Feb 22 2023 18:04:56	5.63061380386	6.24756193161	95.8284988403	0.000913307827432	48.2022018433	10.7688827515	75.899055481	-	0	0	0	0	0	0	0	0	0	0	0	0	0	0	0	0	0	0	0	0	0	0	0	0	0	0	51.1819229126	0	0	0	0	0	0	0	0	0	0	0	0	0	0	0	0	0	48.8180770874	0	0	0	0	0	0	0	0	0	0	0	0	0	0	0
Feb 22 2023 18:04:57	5.64695930481	87.1691589355	96.1007385254	0.000880405597854	52.8280563354	11.860666275	78.5712814331	-	0	0	0	0	0	0	0	0	0	0	0	0	0	0	0	0	0	0	0	0	0	0	0	0	0	0	45.8506736755	0	0	0	0	0	0	0	0	0	0	0	0	0	0	0	0	0	54.1493301392	0	0	0	0	0	0	0	0	0	0	0	0	0	0	0
Feb 22 2023 18:04:58	5.65133190155	87.6566238403	96.18334198	0.000749947794247	53.9045562744	12.1472597122	81.828994751	-	0	0	0	0	0	0	0	0	0	0	0	0	0	0	0	0	0	0	0	0	0	0	0	0	0	0	44.6100158691	0	0	0	0	0	0	0	0	0	0	0	0	0	0	0	0	0	55.3899879456	0	0	0	0	0	0	0	0	0	0	0	0	0	0	0
Feb 22 2023 18:04:59	5.64293622971	86.6765518188	96.0168685913	0.000788373174146	51.7823867798	11.5949382782	80.1759033203	-	0	0	0	0	0	0	0	0	0	0	0	0	0	0	0	0	0	0	0	0	0	0	0	0	0	0	47.0557975769	0	0	0	0	0	0	0	0	0	0	0	0	0	0	0	0	4.51216212831e-14	52.9442062378	0	0	0	0	0	0	0	0	0	0	0	0	0	0	0
Feb 22 2023 18:05:00	5.63400888443	85.3987579346	95.8830413818	0.00100544618908	49.2506599426	10.9983463287	74.2894439697	-	0	0	0	0	0	0	0	0	0	0	0	0	0	0	0	0	0	0	0	0	0	0	0	0	0	0	49.9735832214	0	0	0	0	0	0	0	0	0	0	0	0	0	0	0	0	0	50.0264167786	0	0	0	0	0	0	0	0	0	0	0	0	0	0	0
Feb 22 2023 18:05:01	5.63291978836	6.40196657181	95.8661117554	0.00102776463609	48.9198608398	10.9248991013	73.6491394043	-	0	0	0	0	0	0	0	0	0	0	0	0	0	0	0	0	0	0	0	0	0	0	0	0	0	0	50.3548278809	0	0	0	0	0	0	0	0	0	0	0	0	0	0	0	0	0	49.6451721191	0	0	0	0	0	0	0	0	0	0	0	0	0	0	0
Feb 22 2023 18:05:02	5.63101625443	6.25056600571	95.8352508545	0.000820600660518	48.3291778564	10.7961616516	78.1029281616	-	0	0	0	0	0	0	0	0	0	0	0	0	0	0	0	0	0	0	0	0	0	0	0	0	0	0	51.0355834961	0	0	0	0	0	0	0	0	0	0	0	0	0	0	0	0	1.19555380136e-14	48.9644165039	0	0	0	0	0	0	0	0	0	0	0	0	0	0	0
Feb 22 2023 18:05:03	5.62034368515	6.17132902145	95.6248321533	0.00102645577863	44.6932907104	10.0660266876	71.7670059204	-	0	0	0	0	0	0	0	0	0	0	0	0	0	0	0	0	0	0	0	0	0	0	0	0	0	0	55.2259101868	0	0	0	0	0	0	0	0	0	0	0	0	0	0	0	0	0	44.7740898132	0	0	0	0	0	0	0	0	0	0	0	0	0	0	0
Feb 22 2023 18:05:04	5.62901592255	6.23564958572	95.8009185791	0.00120025407523	47.6908531189	10.66040802	69.3416519165	-	0	0	0	0	0	0	0	0	0	0	0	0	0	0	0	0	0	0	0	0	0	0	0	0	0	0	51.7712478638	0	0	0	0	0	0	0	0	0	0	0	0	0	0	0	0	0	48.2287559509	0	0	0	0	0	0	0	0	0	0	0	0	0	0	0
Feb 22 2023 18:05:05	5.637778759	85.9730072021	95.9378662109	0.000933800300118	50.3576469421	11.2514762878	76.356086731	-	0	0	0	0	0	0	0	0	0	0	0	0	0	0	0	0	0	0	0	0	0	0	0	0	0	0	48.6977920532	0	0	0	0	0	0	0	0	0	0	0	0	0	0	0	0	0	51.3022079468	0	0	0	0	0	0	0	0	0	0	0	0	0	0	0
Feb 22 2023 18:05:06	5.63145208359	6.25951910019	95.8424606323	0.000791699276306	48.4658279419	10.8256731033	78.8373718262	-	0	0	0	0	0	0	0	0	0	0	0	0	0	0	0	0	0	0	0	0	0	0	0	0	0	0	50.8780975342	0	0	0	0	0	0	0	0	0	0	0	0	0	0	0	0	0	49.1219024658	0	0	0	0	0	0	0	0	0	0	0	0	0	0	0
Feb 22 2023 18:05:07	5.64661931992	87.1292419434	96.0939559937	0.00083609262947	52.7417869568	11.8382835388	79.4960861206	-	0	0	0	0	0	0	0	0	0	0	0	0	0	0	0	0	0	0	0	0	0	0	0	0	0	0	45.9500923157	0	0	0	0	0	0	0	0	0	0	0	0	0	0	0	0	6.03064012573e-14	54.0499076843	0	0	0	0	0	0	0	0	0	0	0	0	0	0	0
Feb 22 2023 18:05:08	5.64290618896	86.6727218628	96.0162124634	0.000939632125665	51.7744178772	11.592959404	76.8446807861	-	0	0	0	0	0	0	0	0	0	0	0	0	0	0	0	0	0	0	0	0	0	0	0	0	0	0	47.0649795532	0	0	0	0	0	0	0	0	0	0	0	0	0	0	0	0	0	52.9350204468	0	0	0	0	0	0	0	0	0	0	0	0	0	0	0
Feb 22 2023 18:05:09	5.63389778137	6.49864864349	95.8813400269	0.000935064279474	49.2171592712	10.9908628464	75.8367767334	-	0	0	0	0	0	0	0	0	0	0	0	0	0	0	0	0	0	0	0	0	0	0	0	0	0	0	50.0121955872	1.45027998671e-14	4.71687161409e-36	0	0	0	0	0	0	0	0	0	0	0	0	0	0	0	49.9878044128	0	0	0	0	0	0	0	0	0	0	0	0	0	0	0
Feb 22 2023 18:05:10	5.63847637177	86.0733947754	95.9474182129	0.000841446686536	50.5562133789	11.298119545	78.5000686646	-	0	0	0	0	0	0	0	0	0	0	0	0	0	0	0	0	0	0	0	0	0	0	0	0	0	0	48.4689483643	0	0	0	0	0	0	0	0	0	0	0	0	0	0	0	0	0	51.5310516357	0	0	0	0	0	0	0	0	0	0	0	0	0	0	0
Feb 22 2023 18:05:11	5.63088846207	6.24961233139	95.833114624	0.00108718173578	48.2889556885	10.7875061035	72.0583114624	-	0	0	0	0	0	0	0	0	0	0	0	0	0	0	0	0	0	0	0	0	0	0	0	0	0	0	51.0819358826	0	0	0	0	0	0	0	0	0	0	0	0	0	0	0	0	0	48.9180641174	0	0	0	0	0	0	0	0	0	0	0	0	0	0	0
Feb 22 2023 18:05:12	5.64683914185	87.1550445557	96.0983428955	0.000864048663061	52.7975234985	11.8527345657	78.9115066528	-	0	0	0	0	0	0	0	0	0	0	0	0	0	0	0	0	0	0	0	0	0	0	0	0	0	0	45.8858604431	0	0	0	0	0	0	0	0	0	0	0	0	0	0	0	0	0	54.1141395569	0	0	0	0	0	0	0	0	0	0	0	0	0	0	0
Feb 22 2023 18:05:13	5.64964199066	87.4737243652	96.1523971558	0.000652034243103	53.4956283569	12.036775589	83.8642196655	-	0	0	0	0	0	0	0	0	0	0	0	0	0	0	0	0	0	0	0	0	0	0	0	0	0	0	45.0812988281	0	0	0	0	0	0	0	0	0	0	0	0	0	0	0	0	1.36373985021e-13	54.9187011719	0	0	0	0	0	0	0	0	0	0	0	0	0	0	0
Feb 22 2023 18:05:14	5.65083217621	87.6032409668	96.1743164063	0.000766164448578	53.7845687866	12.1146316528	81.4295654297	-	0	0	0	0	0	0	0	0	0	0	0	0	0	0	0	0	0	0	0	0	0	0	0	0	0	0	44.748298645	0	0	0	0	0	0	0	0	0	0	0	0	0	0	0	0	0	55.251701355	0	0	0	0	0	0	0	0	0	0	0	0	0	0	0
Feb 22 2023 18:05:15	5.64416122437	86.8313903809	96.0432739258	0.000608160335105	52.1066398621	11.6760559082	84.4300460815	-	0	0	0	0	0	0	0	0	0	0	0	0	0	0	0	0	0	0	0	0	0	0	0	0	0	0	46.6820983887	0	0	0	0	0	0	0	0	0	0	0	0	0	0	0	0	9.93202204237e-15	53.317905426	0	0	0	0	0	0	0	0	0	0	0	0	0	0	0
Feb 22 2023 18:05:16	5.64256238937	86.6284484863	96.0086517334	0.000982114113867	51.6824417114	11.5701618195	75.8935089111	-	0	0	0	0	0	0	0	0	0	0	0	0	0	0	0	0	0	0	0	0	0	0	0	0	0	0	47.1709823608	0	0	0	0	0	0	0	0	0	0	0	0	0	0	0	0	0	52.8290214539	0	0	0	0	0	0	0	0	0	0	0	0	0	0	0
Feb 22 2023 18:05:17	5.62405157089	6.19876003265	95.7061538696	0.00092044856865	46.0230751038	10.3213205338	74.8210601807	-	0	0	0	0	0	0	0	0	0	0	0	0	0	0	0	0	0	0	0	0	0	0	0	0	0	0	53.6933441162	0	0	0	0	0	0	0	0	0	0	0	0	0	0	0	0	0	46.3066558838	0	0	0	0	0	0	0	0	0	0	0	0	0	0	0
Feb 22 2023 18:05:18	5.61906576157	6.16189670563	95.5943527222	0.0011123867007	44.2168922424	9.9776134491	69.5775909424	-	0	0	0	0	0	0	0	0	0	0	0	0	0	0	0	0	0	0	0	0	0	0	0	0	0	0	55.7749519348	0	0	0	0	0	0	0	0	0	0	0	0	0	0	0	0	0	44.2250442505	0	0	0	0	0	0	0	0	0	0	0	0	0	0	0
Feb 22 2023 18:05:19	5.63038444519	6.24585151672	95.8246231079	0.00130099162925	48.1295661926	10.7533397675	67.4761276245	-	0	0	0	0	0	0	0	0	0	0	0	0	0	0	0	0	0	0	0	0	0	0	0	0	0	0	51.2656326294	0	0	0	0	0	0	0	0	0	0	0	0	0	0	0	0	0	48.7343635559	0	0	0	0	0	0	0	0	0	0	0	0	0	0	0
Feb 22 2023 18:05:20	5.62812852859	6.22904014587	95.7850189209	0.00163536355831	47.4015808105	10.6000061035	60.5491294861	-	0	0	0	0	0	0	0	0	0	0	0	0	0	0	0	0	0	0	0	0	0	0	0	0	0	0	52.1046295166	0	0	0	0	0	0	0	0	0	0	0	0	0	0	0	0	0	47.8953704834	0	0	0	0	0	0	0	0	0	0	0	0	0	0	0
Feb 22 2023 18:05:21	5.63303470612	6.41324853897	95.8679275513	0.000943438382819	48.9549942017	10.9326534271	75.5359191895	-	0	0	0	0	0	0	0	0	0	0	0	0	0	0	0	0	0	0	0	0	0	0	0	0	0	2.76577133591e-12	50.3143386841	0	0	0	0	0	0	0	0	0	0	0	0	0	0	0	0	0	49.6856651306	0	0	0	0	0	0	0	0	0	0	0	0	0	0	0
Feb 22 2023 18:05:22	5.64732074738	87.2112426758	96.1078872681	0.000864719389938	52.9193229675	11.8844385147	78.9473495483	-	0	0	0	0	0	0	0	0	0	0	0	0	0	0	0	0	0	0	0	0	0	0	0	0	0	0	45.7454833984	0	0	0	0	0	0	0	0	0	0	0	0	0	0	0	0	0	54.2545127869	0	0	0	0	0	0	0	0	0	0	0	0	0	0	0
Feb 22 2023 18:05:23	5.63602209091	85.7122650146	95.9130096436	0.000794666353613	49.8490142822	11.1337375641	79.2932891846	-	0	0	0	0	0	0	0	0	0	0	0	0	0	0	0	0	0	0	0	0	0	0	0	0	0	0	49.2839889526	0	0	0	0	0	0	0	0	0	0	0	0	0	0	0	0	0	50.7160110474	0	0	0	0	0	0	0	0	0	0	0	0	0	0	0
Feb 22 2023 18:05:24	5.65020799637	87.5357055664	96.1628875732	0.00111183640547	53.6335105896	12.073802948	74.1459960938	-	0	0	0	0	0	0	0	0	0	0	0	0	0	0	0	0	0	0	0	0	0	0	0	0	0	0	44.9223937988	0	0	0	0	0	0	0	0	0	0	0	0	0	0	0	0	0	55.0776062012	0	0	0	0	0	0	0	0	0	0	0	0	0	0	0
Feb 22 2023 18:05:25	5.62441587448	6.20146036148	95.7136230469	0.00144962780178	46.1496887207	10.3463048935	63.3988189697	-	0	0	0	0	0	0	0	0	0	0	0	0	0	0	0	0	0	0	0	0	0	0	0	0	0	0	53.5474243164	0	0	0	0	0	0	0	0	0	0	0	0	0	0	0	0	0	46.4525794983	0	0	0	0	0	0	0	0	0	0	0	0	0	0	0
Feb 22 2023 18:05:26	5.62636804581	6.21594905853	95.7521896362	0.00116662285291	46.8165588379	10.4799175262	69.625213623	-	0	0	0	0	0	0	0	0	0	0	0	0	0	0	0	0	0	0	0	0	0	0	0	0	0	0	52.7788619995	0	0	0	0	0	0	0	0	0	0	0	0	0	0	0	0	0	47.2211380005	0	0	0	0	0	0	0	0	0	0	0	0	0	0	0
Feb 22 2023 18:05:27	5.62078905106	6.17461776733	95.6351394653	0.00106091005728	44.8570175171	10.0967750549	71.0469818115	-	0	0	0	0	0	0	0	0	0	0	0	0	0	0	0	0	0	0	0	0	0	0	0	0	0	0	55.0372200012	0	0	0	0	0	0	0	0	0	0	0	0	0	0	0	0	0	44.9627838135	0	0	0	0	0	0	0	0	0	0	0	0	0	0	0
Feb 22 2023 18:05:28	5.62722158432	6.22229576111	95.7683410645	0.00127577327657	47.1022224426	10.5382146835	67.4550170898	-	0	0	0	0	0	0	0	0	0	0	0	0	0	0	0	0	0	0	0	0	0	0	0	0	0	1.48399365713e-11	52.4496383667	0	0	0	0	0	0	0	0	0	0	0	0	0	0	0	0	0	47.550365448	0	0	0	0	0	0	0	0	0	0	0	0	0	0	0
Feb 22 2023 18:05:29	5.62539386749	6.20871734619	95.7332458496	0.00110713066533	46.4863128662	10.4133214951	70.7657165527	-	0	0	0	0	0	0	0	0	0	0	0	0	0	0	0	0	0	0	0	0	0	0	0	0	0	0	53.1594696045	0	0	0	0	0	0	0	0	0	0	0	0	0	0	0	0	0	46.8405303955	0	0	0	0	0	0	0	0	0	0	0	0	0	0	0
Feb 22 2023 18:05:30	5.64593410492	87.0478515625	96.0801239014	0.000878996797837	52.5667228699	11.7931203842	78.4923248291	-	0	0	0	0	0	0	0	0	0	0	0	0	0	0	0	0	0	0	0	0	0	0	0	0	0	0	46.1518554688	0	0	0	0	0	0	0	0	0	0	0	0	0	0	0	0	0	53.8481483459	0	0	0	0	0	0	0	0	0	0	0	0	0	0	0
Feb 22 2023 18:05:31	5.65463685989	87.9959945679	96.2406234741	0.000856201222632	54.6798744202	12.362402916	79.8571853638	-	0	0	0	0	0	0	0	0	0	0	0	0	0	0	0	0	0	0	0	0	0	0	0	0	0	0	43.7164649963	0	0	0	0	0	0	0	0	0	0	0	0	0	0	0	0	0	56.2835350037	0	0	0	0	0	0	0	0	0	0	0	0	0	0	0
Feb 22 2023 18:05:32	5.65411663055	87.9440994263	96.231880188	0.00104794732761	54.5598983765	12.3286132813	75.8763580322	-	0	0	0	0	0	0	0	0	0	0	0	0	0	0	0	0	0	0	0	0	0	0	0	0	0	0	43.8547363281	0	0	0	0	0	0	0	0	0	0	0	0	0	0	0	0	3.52672603035e-14	56.1452636719	0	0	0	0	0	0	0	0	0	0	0	0	0	0	0
Feb 22 2023 18:05:33	5.65475988388	88.0081939697	96.2426834106	0.000982499332167	54.7081604004	12.3703956604	77.2640457153	-	0	0	0	0	0	0	0	0	0	0	0	0	0	0	0	0	0	0	0	0	0	0	0	0	0	0	43.6838645935	0	0	0	0	0	0	0	0	0	0	0	0	0	0	0	0	3.66775193387e-14	56.3161315918	0	0	0	0	0	0	0	0	0	0	0	0	0	0	0
Feb 22 2023 18:05:34	5.64850616455	87.3469390869	96.1309127808	0.00097247568192	53.215713501	11.9623003006	76.7896270752	-	0	0	0	0	0	0	0	0	0	0	0	0	0	0	0	0	0	0	0	0	0	0	0	0	0	0	45.4038963318	0	0	0	0	0	0	0	0	0	0	0	0	0	0	0	0	0	54.5961036682	0	0	0	0	0	0	0	0	0	0	0	0	0	0	0
Feb 22 2023 18:05:35	5.63865566254	86.0989074707	95.9498443604	0.00116426683962	50.6069221497	11.310092926	71.5636291504	-	0	0	0	0	0	0	0	0	0	0	0	0	0	0	0	0	0	0	0	0	0	0	0	0	0	0	48.4105033875	0	0	0	0	0	0	0	0	0	0	0	0	0	0	0	0	0	51.5894966125	0	0	0	0	0	0	0	0	0	0	0	0	0	0	0
Feb 22 2023 18:05:36	5.65264368057	87.7941589355	96.2065811157	0.000695774215274	54.2161407471	12.2328147888	83.1321029663	-	0	0	0	0	0	0	0	0	0	0	0	0	0	0	0	0	0	0	0	0	0	0	0	0	0	0	44.2509155273	5.68910153362e-13	7.12675799791e-31	0	0	0	0	0	0	0	0	0	0	0	0	0	0	0	55.7490844727	0	0	0	0	0	0	0	0	0	0	0	0	0	0	0
Feb 22 2023 18:05:37	5.6361784935	85.7359390259	95.9152755737	0.000897655962035	49.8947792053	11.1442298889	76.9636154175	-	0	0	0	0	0	0	0	0	0	0	0	0	0	0	0	0	0	0	0	0	0	0	0	0	0	0	49.2312469482	0	0	0	0	0	0	0	0	0	0	0	0	0	0	0	0	0	50.7687568665	0	0	0	0	0	0	0	0	0	0	0	0	0	0	0
Feb 22 2023 18:05:38	5.64750909805	87.2330322266	96.1115875244	0.000709646381438	52.9666900635	11.8968143463	82.3828430176	-	0	0	0	0	0	0	0	0	0	0	0	0	0	0	0	0	0	0	0	0	0	0	0	0	0	0	45.6908950806	0	0	0	0	0	0	0	0	0	0	0	0	0	0	0	0	0	54.3091049194	0	0	0	0	0	0	0	0	0	0	0	0	0	0	0
Feb 22 2023 18:05:39	5.63942527771	86.2071990967	95.9601287842	0.000938267679885	50.8232688904	11.3614645004	76.4596633911	-	0	0	0	0	0	0	0	0	0	0	0	0	0	0	0	0	0	0	0	0	0	0	0	0	0	0	48.1611671448	0	0	0	0	0	0	0	0	0	0	0	0	0	0	0	0	0	51.8388328552	0	0	0	0	0	0	0	0	0	0	0	0	0	0	0
Feb 22 2023 18:05:40	5.63945531845	86.2113800049	95.9605255127	0.00103962852154	50.8316650391	11.3634662628	74.2784042358	-	0	0	0	0	0	0	0	0	0	0	0	0	0	0	0	0	0	0	0	0	0	0	0	0	0	0	48.1514930725	0	0	0	0	0	0	0	0	0	0	0	0	0	0	0	0	0	51.8485069275	0	0	0	0	0	0	0	0	0	0	0	0	0	0	0
Feb 22 2023 18:05:41	5.63118124008	6.25179672241	95.8379898071	0.00091279525077	48.3809776306	10.8073301315	75.9858703613	-	0	0	0	0	0	0	0	0	0	0	0	0	0	0	0	0	0	0	0	0	0	0	0	0	0	0	50.9758834839	0	0	0	0	0	0	0	0	0	0	0	0	0	0	0	0	0	49.0241165161	0	0	0	0	0	0	0	0	0	0	0	0	0	0	0
Feb 22 2023 18:05:42	5.63188457489	6.3011598587	95.8495330811	0.00116421014536	48.6005897522	10.8549365997	70.5594482422	-	0	0	0	0	0	0	0	0	0	0	0	0	0	0	0	0	0	0	0	0	0	0	0	0	0	0	50.722782135	0	0	0	0	0	0	0	0	0	0	0	0	0	0	0	0	0	49.277217865	0	0	0	0	0	0	0	0	0	0	0	0	0	0	0
Feb 22 2023 18:05:43	5.62564992905	6.21061611176	95.73828125	0.0013111353619	46.5735168457	10.4308242798	66.4433288574	-	0	0	0	0	0	0	0	0	0	0	0	0	0	0	0	0	0	0	0	0	0	0	0	0	0	0	53.0589637756	0	0	0	0	0	0	0	0	0	0	0	0	0	0	0	0	0	46.9410324097	0	0	0	0	0	0	0	0	0	0	0	0	0	0	0
Feb 22 2023 18:05:44	5.64373779297	86.7783737183	96.0342330933	0.000847363669891	51.9951705933	11.6480426788	78.9474639893	-	0	0	0	0	0	0	0	0	0	0	0	0	0	0	0	0	0	0	0	0	0	0	0	0	0	0	46.8105621338	0	0	0	0	0	0	0	0	0	0	0	0	0	0	0	0	0	53.1894378662	0	0	0	0	0	0	0	0	0	0	0	0	0	0	0
Feb 22 2023 18:05:45	5.63552999496	85.6370849609	95.9058380127	0.00117091310676	49.7042274475	11.1006717682	70.9712600708	-	0	0	0	0	0	0	0	0	0	0	0	0	0	0	0	0	0	0	0	0	0	0	0	0	0	0	49.4508552551	0	0	0	0	0	0	0	0	0	0	0	0	0	0	0	0	0	50.5491485596	0	0	0	0	0	0	0	0	0	0	0	0	0	0	0
Feb 22 2023 18:05:46	5.64584636688	87.0373458862	96.078338623	0.000391990295611	52.5442008972	11.7873353958	89.7583312988	-	0	0	0	0	0	0	0	0	0	0	0	0	0	0	0	0	0	0	0	0	0	0	0	0	0	0	46.1778106689	0	0	0	0	0	0	0	0	0	0	0	0	0	0	0	0	0	53.8221893311	0	0	0	0	0	0	0	0	0	0	0	0	0	0	0
Feb 22 2023 18:05:47	5.6476688385	87.2514648438	96.1147155762	0.000626152032055	53.0068359375	11.9073219299	84.2956619263	-	0	0	0	0	0	0	0	0	0	0	0	0	0	0	0	0	0	0	0	0	0	0	0	0	0	0	45.6446304321	0	0	0	0	0	0	0	0	0	0	0	0	0	0	0	0	0	54.3553695679	0	0	0	0	0	0	0	0	0	0	0	0	0	0	0
Feb 22 2023 18:05:48	5.64743471146	87.2244110107	96.1101226807	0.00100377085619	52.9479484558	11.8919143677	76.0158996582	-	0	0	0	0	0	0	0	0	0	0	0	0	0	0	0	0	0	0	0	0	0	0	0	0	0	0	45.7124938965	0	0	0	0	0	0	0	0	0	0	0	0	0	0	0	0	2.72209636559e-13	54.2875061035	0	0	0	0	0	0	0	0	0	0	0	0	0	0	0
Feb 22 2023 18:05:49	5.64963150024	87.4725646973	96.1521987915	0.00141095672734	53.4930419922	12.0360832214	68.3306732178	-	0	0	0	0	0	0	0	0	0	0	0	0	0	0	0	0	0	0	0	0	0	0	0	0	0	0	45.0842781067	0	0	0	0	0	0	0	0	0	0	0	0	0	0	0	0	0	54.9157218933	0	0	0	0	0	0	0	0	0	0	0	0	0	0	0
Feb 22 2023 18:05:50	5.63898038864	86.1448745728	95.954208374	0.000977125368081	50.6985359192	11.3317899704	75.5586547852	-	0	0	0	0	0	0	0	0	0	0	0	0	0	0	0	0	0	0	0	0	0	0	0	0	0	0	48.3049201965	0	0	0	0	0	0	0	0	0	0	0	0	0	0	0	0	0	51.6950798035	0	0	0	0	0	0	0	0	0	0	0	0	0	0	0
Feb 22 2023 18:05:51	5.63625001907	85.7467727661	95.916305542	0.00104484241456	49.9157447815	11.1490440369	73.7390594482	-	0	0	0	0	0	0	0	0	0	0	0	0	0	0	0	0	0	0	0	0	0	0	0	0	0	0	49.2070808411	0	0	0	0	0	0	0	0	0	0	0	0	0	0	0	0	0	50.7929191589	0	0	0	0	0	0	0	0	0	0	0	0	0	0	0
Feb 22 2023 18:05:52	5.64342832565	86.7393035889	96.0275726318	0.00100633804686	51.9133224487	11.6275587082	75.4850692749	-	0	0	0	0	0	0	0	0	0	0	0	0	0	0	0	0	0	0	0	0	0	0	0	0	0	0	46.9048919678	0	0	0	0	0	0	0	0	0	0	0	0	0	0	0	0	0	53.0951080322	0	0	0	0	0	0	0	0	0	0	0	0	0	0	0
Feb 22 2023 18:05:53	5.63918733597	86.1739501953	95.9569702148	0.00134597579017	50.7566452026	11.3455953598	68.0055007935	-	0	0	0	0	0	0	0	0	0	0	0	0	0	0	0	0	0	0	0	0	0	0	0	0	0	0	48.2379493713	0	0	0	0	0	0	0	0	0	0	0	0	0	0	0	0	0	51.7620506287	0	0	0	0	0	0	0	0	0	0	0	0	0	0	0
Feb 22 2023 18:05:54	5.62484693527	6.20465660095	95.7223434448	0.00117771292571	46.2986068726	10.3758449554	69.1301116943	-	0	0	0	0	0	0	0	0	0	0	0	0	0	0	0	0	0	0	0	0	0	0	0	0	0	0	53.3757972717	7.33487121884e-16	8.91926472543e-40	0	0	0	0	0	0	0	0	0	0	0	0	0	0	0	46.6242027283	0	0	0	0	0	0	0	0	0	0	0	0	0	0	0
Feb 22 2023 18:05:55	5.64093780518	86.4142456055	95.9797668457	0.00125832739286	51.2420272827	11.4622344971	69.9930953979	-	0	0	0	0	0	0	0	0	0	0	0	0	0	0	0	0	0	0	0	0	0	0	0	0	0	0	47.6785507202	0	0	0	0	0	0	0	0	0	0	0	0	0	0	0	0	0	52.3214454651	0	0	0	0	0	0	0	0	0	0	0	0	0	0	0
Feb 22 2023 18:05:56	5.65067195892	87.5859909058	96.1714019775	0.000977257965133	53.7459030151	12.1041545868	76.9310073853	-	0	0	0	0	0	0	0	0	0	0	0	0	0	0	0	0	0	0	0	0	0	0	0	0	0	0	44.7928619385	0	0	0	0	0	0	0	0	0	0	0	0	0	0	0	0	0	55.2071380615	0	0	0	0	0	0	0	0	0	0	0	0	0	0	0
Feb 22 2023 18:05:57	5.64654922485	87.1209487915	96.0925521851	0.00107968179509	52.7238960266	11.8336515427	74.3466567993	-	0	0	0	0	0	0	0	0	0	0	0	0	0	0	0	0	0	0	0	0	0	0	0	0	0	0	45.9707145691	0	0	0	0	0	0	0	0	0	0	0	0	0	0	0	0	0	54.0292854309	0	0	0	0	0	0	0	0	0	0	0	0	0	0	0
Feb 22 2023 18:05:58	5.64302062988	86.6873779297	96.0187149048	0.000932455121074	51.8049240112	11.6005401611	77.0126953125	-	0	0	0	0	0	0	0	0	0	0	0	0	0	0	0	0	0	0	0	0	0	0	0	0	0	0	47.0298194885	0	0	0	0	0	0	0	0	0	0	0	0	0	0	0	0	0	52.9701766968	0	0	0	0	0	0	0	0	0	0	0	0	0	0	0
Feb 22 2023 18:05:59	5.63570356369	85.6637420654	95.9083786011	0.00137083674781	49.7554664612	11.1123504639	66.9639129639	-	0	0	0	0	0	0	0	0	0	0	0	0	0	0	0	0	0	0	0	0	0	0	0	0	0	0	49.3918037415	0	0	0	0	0	0	0	0	0	0	0	0	0	0	0	0	0	50.6082000732	0	0	0	0	0	0	0	0	0	0	0	0	0	0	0
Feb 22 2023 18:06:00	5.64505147934	86.9412002563	96.0619735718	0.00135321181733	52.339050293	11.7348995209	68.7506027222	-	0	0	0	0	0	0	0	0	0	0	0	0	0	0	0	0	0	0	0	0	0	0	0	0	0	0	46.4142456055	0	0	0	0	0	0	0	0	0	0	0	0	0	0	0	0	0	53.5857543945	0	0	0	0	0	0	0	0	0	0	0	0	0	0	0
Feb 22 2023 18:06:01	5.64731836319	87.2109527588	96.1078338623	0.00112627481576	52.9186935425	11.8842735291	73.4992523193	-	0	0	0	0	0	0	0	0	0	0	0	0	0	0	0	0	0	0	0	0	0	0	0	0	0	0	45.7462120056	4.92311769625e-15	1.07707369355e-36	0	0	0	0	0	0	0	0	0	0	0	0	0	0	0	54.2537879944	0	0	0	0	0	0	0	0	0	0	0	0	0	0	0
Feb 22 2023 18:06:02	5.65953731537	88.4587478638	96.3184280396	0.00125892355572	55.7731819153	12.6790657043	72.4414291382	-	0	0	0	0	0	0	0	0	0	0	0	0	0	0	0	0	0	0	0	0	0	0	0	0	0	0	42.4564399719	0	0	0	0	0	0	0	0	0	0	0	0	0	0	0	0	1.74794952275e-13	57.5435562134	0	0	0	0	0	0	0	0	0	0	0	0	0	0	0
Feb 22 2023 18:06:03	5.65853071213	88.3673477173	96.3030853271	0.000904082728084	55.5538406372	12.6142416	79.2372741699	-	0	0	0	0	0	0	0	0	0	0	0	0	0	0	0	0	0	0	0	0	0	0	0	0	0	0	42.7092323303	4.82702519652e-15	2.91280903045e-36	0	0	0	0	0	0	0	0	0	0	0	0	0	0	0	57.2907676697	0	0	0	0	0	0	0	0	0	0	0	0	0	0	0
Feb 22 2023 18:06:04	5.65854310989	88.3684921265	96.3032836914	0.00109963107388	55.5565795898	12.6150465012	75.348815918	-	0	0	0	0	0	0	0	0	0	0	0	0	0	0	0	0	0	0	0	0	0	0	0	0	0	0	42.706073761	0	0	0	0	0	0	0	0	0	0	0	0	0	0	0	0	6.92012026566e-15	57.293926239	0	0	0	0	0	0	0	0	0	0	0	0	0	0	0
Feb 22 2023 18:06:05	5.64304256439	86.6901931763	96.0191955566	0.00121890229639	51.8107833862	11.6019973755	71.0777130127	-	0	0	0	0	0	0	0	0	0	0	0	0	0	0	0	0	0	0	0	0	0	0	0	0	0	0	47.0230674744	0	0	0	0	0	0	0	0	0	0	0	0	0	0	0	0	0	52.9769363403	0	0	0	0	0	0	0	0	0	0	0	0	0	0	0
Feb 22 2023 18:06:06	5.64893293381	87.3949661255	96.1390533447	0.000913501426112	53.3214035034	11.9903116226	78.0750274658	-	0	0	0	0	0	0	0	0	0	0	0	0	0	0	0	0	0	0	0	0	0	0	0	0	0	0	45.2820930481	0	0	0	0	0	0	0	0	0	0	0	0	0	0	0	0	0	54.7179031372	0	0	0	0	0	0	0	0	0	0	0	0	0	0	0
Feb 22 2023 18:06:07	5.6464805603	87.1128540039	96.0911712646	0.00105889642145	52.7064361572	11.8291349411	74.7637710571	-	0	0	0	0	0	0	0	0	0	0	0	0	0	0	0	0	0	0	0	0	0	0	0	0	0	0	45.9908409119	0	0	0	0	0	0	0	0	0	0	0	0	0	0	0	0	3.34894221729e-13	54.0091629028	0	0	0	0	0	0	0	0	0	0	0	0	0	0	0
Feb 22 2023 18:06:08	5.63564968109	85.6554946899	95.9075927734	0.00107408640906	49.7396087646	11.1087341309	73.0292663574	-	0	0	0	0	0	0	0	0	0	0	0	0	0	0	0	0	0	0	0	0	0	0	0	0	0	0	49.4100761414	0	0	0	0	0	0	0	0	0	0	0	0	0	0	0	0	0	50.5899238586	0	0	0	0	0	0	0	0	0	0	0	0	0	0	0
Feb 22 2023 18:06:09	87.7202301025	92.6304779053	97.8059234619	0.00979997310787	92.6120529175	92.6120529175	72.3995361328	-	0	0	0	0	0	0	0	0	0	0	0	0	0	0	0	0	0	0	0	0	0	0	0	0	0	0	0	0	0	0	0	0	0	0	0	0	0	0	0	0	0	0	0	0	100	0	0	0	0	0	0	0	0	0	0	0	0	0	0	0
Feb 22 2023 18:06:10	5.65611314774	88.1402587891	96.2649154663	0.000828021147754	55.0161628723	12.4581069946	80.5863647461	-	0	0	0	0	0	0	0	0	0	0	0	0	0	0	0	0	0	0	0	0	0	0	0	0	0	0	43.3288993835	0	0	0	0	0	0	0	0	0	0	0	0	0	0	0	0	0	56.6711006165	0	0	0	0	0	0	0	0	0	0	0	0	0	0	0
Feb 22 2023 18:06:11	5.65357685089	87.8896865845	96.2227020264	0.00157332618255	54.4346466064	12.2935342789	65.9903793335	-	0	0	0	0	0	0	0	0	0	0	0	0	0	0	0	0	0	0	0	0	0	0	0	0	0	0	43.9990921021	0	0	0	0	0	0	0	0	0	0	0	0	0	0	0	0	0	56.0009078979	0	0	0	0	0	0	0	0	0	0	0	0	0	0	0
Feb 22 2023 18:06:12	5.63880681992	86.1203536987	95.9518814087	0.00228465162218	50.6496276855	11.3201961517	51.8941116333	-	0	0	0	0	0	0	0	0	0	0	0	0	0	0	0	0	0	0	0	0	0	0	0	0	0	0	48.3612861633	0	0	0	0	0	0	0	0	0	0	0	0	0	0	0	0	0	51.638710022	0	0	0	0	0	0	0	0	0	0	0	0	0	0	0
Feb 22 2023 18:06:13	5.64012336731	86.3037185669	95.969291687	0.00231352611445	51.0176429749	11.4080171585	51.731754303	-	0	0	0	0	0	0	0	0	0	0	0	0	0	0	0	0	0	0	0	0	0	0	0	0	0	0	47.9371566772	0	0	0	0	0	0	0	0	0	0	0	0	0	0	0	0	0	52.0628433228	0	0	0	0	0	0	0	0	0	0	0	0	0	0	0
Feb 22 2023 18:06:14	5.63937520981	86.2001953125	95.9594650269	0.00172586797271	50.8092269897	11.3581161499	61.0266456604	-	0	0	0	0	0	0	0	0	0	0	0	0	0	0	0	0	0	0	0	0	0	0	0	0	0	0	48.1773490906	0	0	0	0	0	0	0	0	0	0	0	0	0	0	0	0	0	51.8226509094	0	0	0	0	0	0	0	0	0	0	0	0	0	0	0
Feb 22 2023 18:06:15	5.64282655716	86.6625137329	96.014465332	0.00124532380141	51.7531776428	11.5876865387	70.5230026245	-	0	0	0	0	0	0	0	0	0	0	0	0	0	0	0	0	0	0	0	0	0	0	0	0	0	0	47.0894584656	0	0	0	0	0	0	0	0	0	0	0	0	0	0	0	0	0	52.9105415344	0	0	0	0	0	0	0	0	0	0	0	0	0	0	0
Feb 22 2023 18:06:16	5.64193868637	86.5471725464	95.9947662354	0.00214690086432	51.5144577026	11.5287570953	54.5982551575	-	0	0	0	0	0	0	0	0	0	0	0	0	0	0	0	0	0	0	0	0	0	0	0	0	0	0	47.3645782471	0	0	0	0	0	0	0	0	0	0	0	0	0	0	0	0	0	52.6354179382	0	0	0	0	0	0	0	0	0	0	0	0	0	0	0
Feb 22 2023 18:06:17	5.64594268799	87.0489044189	96.0802993774	0.00163312791847	52.5689735413	11.7936992645	63.7682304382	-	0	0	0	0	0	0	0	0	0	0	0	0	0	0	0	0	0	0	0	0	0	0	0	0	0	0	46.1492576599	0	0	0	0	0	0	0	0	0	0	0	0	0	0	0	0	0	53.8507385254	0	0	0	0	0	0	0	0	0	0	0	0	0	0	0
Feb 22 2023 18:06:18	5.6348195076	85.5269699097	95.8953094482	0.00141631090082	49.4936523438	11.0529298782	65.9307632446	-	0	0	0	0	0	0	0	0	0	0	0	0	0	0	0	0	0	0	0	0	0	0	0	0	0	0	49.6935386658	0	0	0	0	0	0	0	0	0	0	0	0	0	0	0	0	0	50.3064651489	0	0	0	0	0	0	0	0	0	0	0	0	0	0	0
Feb 22 2023 18:06:19	5.64239835739	86.6071624756	96.0050201416	0.00198619998991	51.638343811	11.559264183	57.2135391235	-	0	0	0	0	0	0	0	0	0	0	0	0	0	0	0	0	0	0	0	0	0	0	0	0	0	0	47.2218017578	0	0	0	0	0	0	0	0	0	0	0	0	0	0	0	0	0	52.7781982422	0	0	0	0	0	0	0	0	0	0	0	0	0	0	0
Feb 22 2023 18:06:20	5.64242696762	86.6108932495	96.0056533813	0.00190427142661	51.646068573	11.5611715317	58.5518226624	-	0	0	0	0	0	0	0	0	0	0	0	0	0	0	0	0	0	0	0	0	0	0	0	0	0	0	47.2128982544	5.58927971722e-14	8.96060884697e-34	0	0	0	0	0	0	0	0	0	0	0	0	0	0	0	52.7871017456	0	0	0	0	0	0	0	0	0	0	0	0	0	0	0
Feb 22 2023 18:06:21	5.63300228119	6.41006040573	95.8674163818	0.00245282938704	48.9450798035	10.9304637909	48.2113647461	-	0	0	0	0	0	0	0	0	0	0	0	0	0	0	0	0	0	0	0	0	0	0	0	0	0	0	50.3257637024	0	0	0	0	0	0	0	0	0	0	0	0	0	0	0	0	0	49.6742362976	0	0	0	0	0	0	0	0	0	0	0	0	0	0	0
Feb 22 2023 18:06:22	5.64377498627	86.7830352783	96.0350265503	0.00125356868375	52.0049476624	11.6504936218	70.4947662354	-	0	0	0	0	0	0	0	0	0	0	0	0	0	0	0	0	0	0	0	0	0	0	0	0	0	0	46.7992973328	0	0	0	0	0	0	0	0	0	0	0	0	0	0	0	0	0	53.2007026672	0	0	0	0	0	0	0	0	0	0	0	0	0	0	0
Feb 22 2023 18:06:23	5.63183164597	6.29607534409	95.8486785889	0.00128389184829	48.5842247009	10.8513746262	68.0661621094	-	0	0	0	0	0	0	0	0	0	0	0	0	0	0	0	0	0	0	0	0	0	0	0	0	0	0	50.7416419983	0	0	0	0	0	0	0	0	0	0	0	0	0	0	0	0	3.34572186579e-14	49.2583580017	0	0	0	0	0	0	0	0	0	0	0	0	0	0	0
Feb 22 2023 18:06:24	5.63479948044	85.5237960815	95.8950042725	0.00155193614773	49.4875984192	11.0515632629	63.348941803	-	0	0	0	0	0	0	0	0	0	0	0	0	0	0	0	0	0	0	0	0	0	0	0	0	0	0	49.7005157471	0	0	0	0	0	0	0	0	0	0	0	0	0	0	0	0	0	50.2994842529	0	0	0	0	0	0	0	0	0	0	0	0	0	0	0
Feb 22 2023 18:06:25	5.62222337723	6.1852221489	95.6673126221	0.000962036021519	45.3768806458	10.1956653595	73.5693283081	-	0	0	0	0	0	0	0	0	0	0	0	0	0	0	0	0	0	0	0	0	0	0	0	0	0	0	54.438079834	0	0	0	0	0	0	0	0	0	0	0	0	0	0	0	0	0	45.5619239807	0	0	0	0	0	0	0	0	0	0	0	0	0	0	0
Feb 22 2023 18:06:26	5.62638425827	6.21607017517	95.7525024414	0.00171571027022	46.8220481873	10.4810323715	58.7201538086	-	0	0	0	0	0	0	0	0	0	0	0	0	0	0	0	0	0	0	0	0	0	0	0	0	0	0	52.7725334167	0	0	0	0	0	0	0	0	0	0	0	0	0	0	0	0	0	47.2274665833	0	0	0	0	0	0	0	0	0	0	0	0	0	0	0
Feb 22 2023 18:06:27	5.62343168259	6.19416761398	95.6932449341	0.00158554723021	45.8060073853	10.2787666321	60.5467147827	-	0	0	0	0	0	0	0	0	0	0	0	0	0	0	0	0	0	0	0	0	0	0	0	0	0	0	53.9435157776	0	0	0	0	0	0	0	0	0	0	0	0	0	0	0	0	0	46.0564842224	0	0	0	0	0	0	0	0	0	0	0	0	0	0	0
Feb 22 2023 18:06:28	5.62434005737	6.20089912415	95.7120742798	0.0015710615553	46.1234397888	10.3411149979	61.0089073181	-	0	0	0	0	0	0	0	0	0	0	0	0	0	0	0	0	0	0	0	0	0	0	0	0	0	9.98420421859e-13	53.5776748657	1.48242852712e-30	0	0	0	0	0	0	0	0	0	0	0	0	0	0	0	0	46.4223251343	0	0	0	0	0	0	0	0	0	0	0	0	0	0	0
Feb 22 2023 18:06:29	5.62966156006	6.24046039581	95.8122177124	0.00192012591287	47.8988876343	10.7042751312	55.8057060242	-	0	0	0	0	0	0	0	0	0	0	0	0	0	0	0	0	0	0	0	0	0	0	0	0	0	0	51.5314865112	0	0	0	0	0	0	0	0	0	0	0	0	0	0	0	0	0	48.4685134888	0	0	0	0	0	0	0	0	0	0	0	0	0	0	0
Feb 22 2023 18:06:30	15.8680887222	24.397195816	95.3466262817	0.00296648754738	49.3311386108	28.1120243073	71.9060058594	-	0	0	0	0	0	0	0	0	0	0	0	0	0	0	0	0	0	0	0	0	0	0	0	0	0	0	0.00393269071355	0.0339932069182	0.137064665556	0.427833557129	1.13850402832	2.66412138939	5.51677751541	9.99014949799	15.2007579803	17.2678031921	7.4067325592	0	0	0	0	0	0	0	40.2123298645	0	0	0	0	0	0	0	0	0	0	0	0	0	0	0
Feb 22 2023 18:06:31	5.62311506271	6.19182157516	95.6865463257	0.00158736377489	45.6942939758	10.2570028305	60.4469604492	-	0	0	0	0	0	0	0	0	0	0	0	0	0	0	0	0	0	0	0	0	0	0	0	0	0	0	54.0722618103	0	0	0	0	0	0	0	0	0	0	0	0	0	0	0	0	0	45.9277381897	0	0	0	0	0	0	0	0	0	0	0	0	0	0	0
Feb 22 2023 18:06:32	5.62348222733	6.19454097748	95.6943054199	0.000981933902949	45.8237419128	10.2822294235	73.2982940674	-	0	0	0	0	0	0	0	0	0	0	0	0	0	0	0	0	0	0	0	0	0	0	0	0	0	0	53.9230766296	0	0	0	0	0	0	0	0	0	0	0	0	0	0	0	0	0	46.0769233704	0	0	0	0	0	0	0	0	0	0	0	0	0	0	0
Feb 22 2023 18:06:33	5.62276887894	6.1892580986	95.679145813	0.00132771139033	45.5715408325	10.2331953049	65.5703277588	-	0	0	0	0	0	0	0	0	0	0	0	0	0	0	0	0	0	0	0	0	0	0	0	0	0	0	54.2137336731	0	0	0	0	0	0	0	0	0	0	0	0	0	0	0	0	0	45.7862663269	0	0	0	0	0	0	0	0	0	0	0	0	0	0	0
Feb 22 2023 18:06:34	12.3737678528	22.4561328888	95.3752975464	0.0033324023243	47.9447517395	23.8886680603	64.4827957153	-	0	0	0	0	0	0	0	0	0	0	0	0	0	0	0	0	0	0	0	0	0	0	0	0	0	0	0.137531891465	0.472016692162	1.11844372749	2.22363996506	3.91720724106	6.22415924072	8.92187309265	11.3559236526	12.2835359573	9.94784355164	2.75828790665	0	0	0	0	0	0	0	40.6395378113	0	0	0	0	0	0	0	0	0	0	0	0	0	0	0
Feb 22 2023 18:06:35	5.61816120148	6.15522909164	95.571937561	0.000808074371889	43.8739089966	9.91491508484	76.7070922852	-	0	0	0	0	0	0	0	0	0	0	0	0	0	0	0	0	0	0	0	0	0	0	0	0	0	0	56.1702384949	0	0	0	0	0	0	0	0	0	0	0	0	0	0	0	0	0	43.8297615051	0	0	0	0	0	0	0	0	0	0	0	0	0	0	0
Feb 22 2023 18:06:36	5.62844276428	6.23137998581	95.7907028198	0.000995266134851	47.5044555664	10.6214084625	73.7330703735	-	0	0	0	0	0	0	0	0	0	0	0	0	0	0	0	0	0	0	0	0	0	0	0	0	0	0	51.9860687256	0	0	0	0	0	0	0	0	0	0	0	0	0	0	0	0	1.53876257304e-14	48.0139312744	0	0	0	0	0	0	0	0	0	0	0	0	0	0	0
Feb 22 2023 18:06:37	5.62483024597	6.20453310013	95.7220077515	0.00171475100797	46.2928733826	10.3747053146	58.4156913757	-	0	0	0	0	0	0	0	0	0	0	0	0	0	0	0	0	0	0	0	0	0	0	0	0	0	0	53.3824043274	0	0	0	0	0	0	0	0	0	0	0	0	0	0	0	0	0	46.6175956726	0	0	0	0	0	0	0	0	0	0	0	0	0	0	0
Feb 22 2023 18:06:38	5.62842559814	6.2312541008	95.790397644	0.00142822391354	47.4989356995	10.6202583313	64.5761947632	-	0	0	0	0	0	0	0	0	0	0	0	0	0	0	0	0	0	0	0	0	0	0	0	0	0	0	51.9924278259	1.60881592472e-14	4.46449597597e-35	0	0	0	0	0	0	0	0	0	0	0	0	0	0	0	48.0075721741	0	0	0	0	0	0	0	0	0	0	0	0	0	0	0
Feb 22 2023 18:06:39	5.64663982391	87.1316223145	96.0943603516	0.00096843962092	52.7469177246	11.8396120071	76.6627349854	-	0	0	0	0	0	0	0	0	0	0	0	0	0	0	0	0	0	0	0	0	0	0	0	0	0	0	45.9441795349	5.63278210967e-13	2.68668286493e-37	0	0	0	0	0	0	0	0	0	0	0	0	0	0	0	54.0558166504	0	0	0	0	0	0	0	0	0	0	0	0	0	0	0
Feb 22 2023 18:06:40	5.61674261093	6.14478778839	95.5353012085	0.000874760502484	43.3261795044	9.81640625	74.8292236328	-	0	0	0	0	0	0	0	0	0	0	0	0	0	0	0	0	0	0	0	0	0	0	0	0	0	0	56.8014907837	0	0	0	0	0	0	0	0	0	0	0	0	0	0	0	0	0	43.1985092163	0	0	0	0	0	0	0	0	0	0	0	0	0	0	0
Feb 22 2023 18:06:41	5.64985179901	87.4967575073	96.1562957764	0.00171254901215	53.5467796326	12.0504865646	63.0241317749	-	0	0	0	0	0	0	0	0	0	0	0	0	0	0	0	0	0	0	0	0	0	0	0	0	0	0	45.0223464966	0	0	0	0	0	0	0	0	0	0	0	0	0	0	0	0	0	54.9776535034	0	0	0	0	0	0	0	0	0	0	0	0	0	0	0
Feb 22 2023 18:06:42	5.62741327286	6.22371912003	95.7718963623	0.0012024914613	47.1657600403	10.5512695313	69.029838562	-	0	0	0	0	0	0	0	0	0	0	0	0	0	0	0	0	0	0	0	0	0	0	0	0	0	0	52.376411438	0	0	0	0	0	0	0	0	0	0	0	0	0	0	0	0	0	47.623588562	0	0	0	0	0	0	0	0	0	0	0	0	0	0	0
Feb 22 2023 18:06:43	5.63773822784	85.9670715332	95.9373016357	0.00103420612868	50.345954895	11.2487430573	74.1676940918	-	0	0	0	0	0	0	0	0	0	0	0	0	0	0	0	0	0	0	0	0	0	0	0	0	0	0	48.711265564	4.76574913905e-15	2.27132313064e-35	0	0	0	0	0	0	0	0	0	0	0	0	0	0	0	51.288734436	0	0	0	0	0	0	0	0	0	0	0	0	0	0	0
Feb 22 2023 18:06:44	5.64452314377	86.8762893677	96.0509185791	0.000832450576127	52.2014198303	11.6999807358	79.3590698242	-	0	0	0	0	0	0	0	0	0	0	0	0	0	0	0	0	0	0	0	0	0	0	0	0	0	0	46.5728645325	0	0	0	0	0	0	0	0	0	0	0	0	0	0	0	0	0	53.4271354675	0	0	0	0	0	0	0	0	0	0	0	0	0	0	0
Feb 22 2023 18:06:45	5.63156890869	6.27074289322	95.8443832397	0.00098725152202	48.5023193359	10.8335819244	74.3565826416	-	0	0	0	0	0	0	0	0	0	0	0	0	0	0	0	0	0	0	0	0	0	0	0	0	0	0	50.8360366821	0	0	0	0	0	0	0	0	0	0	0	0	0	0	0	0	0	49.1639633179	0	0	0	0	0	0	0	0	0	0	0	0	0	0	0
Feb 22 2023 18:06:46	5.62305831909	6.1914024353	95.6853408813	0.00106403708924	45.6742706299	10.2531118393	71.3502502441	-	0	0	0	0	0	0	0	0	0	0	0	0	0	0	0	0	0	0	0	0	0	0	0	0	0	0	54.0953407288	0	0	0	0	0	0	0	0	0	0	0	0	0	0	0	0	0	45.9046630859	0	0	0	0	0	0	0	0	0	0	0	0	0	0	0
Feb 22 2023 18:06:47	5.62131595612	6.17851018906	95.6471405029	0.000966470106505	45.0492591858	10.1331205368	73.3245620728	-	0	0	0	0	0	0	0	0	0	0	0	0	0	0	0	0	0	0	0	0	0	0	0	0	0	0	54.8156547546	0	0	0	0	0	0	0	0	0	0	0	0	0	0	0	0	0	45.1843452454	0	0	0	0	0	0	0	0	0	0	0	0	0	0	0
Feb 22 2023 18:06:48	5.62922954559	6.23723983765	95.8046798706	0.00167243496981	47.7598457336	10.6749162674	60.0820426941	-	0	0	0	0	0	0	0	0	0	0	0	0	0	0	0	0	0	0	0	0	0	0	0	0	0	0	51.691734314	0	0	0	0	0	0	0	0	0	0	0	0	0	0	0	0	0	48.3082695007	0	0	0	0	0	0	0	0	0	0	0	0	0	0	0
Feb 22 2023 18:06:49	5.63252687454	6.36351203918	95.85987854	0.00151293689851	48.7992134094	10.898355484	63.6769065857	-	0	0	0	0	0	0	0	0	0	0	0	0	0	0	0	0	0	0	0	0	0	0	0	0	0	0	50.4938735962	0	0	0	0	0	0	0	0	0	0	0	0	0	0	0	0	0	49.5061264038	0	0	0	0	0	0	0	0	0	0	0	0	0	0	0
Feb 22 2023 18:06:50	5.64144659042	86.4822311401	95.9862060547	0.00107202818617	51.3810043335	11.4960737228	73.8562316895	-	0	0	0	0	0	0	0	0	0	0	0	0	0	0	0	0	0	0	0	0	0	0	0	0	0	0	47.5183830261	0	0	0	0	0	0	0	0	0	0	0	0	0	0	0	0	0	52.4816169739	0	0	0	0	0	0	0	0	0	0	0	0	0	0	0
Feb 22 2023 18:06:51	5.62841749191	6.23119354248	95.7902526855	0.00234526395798	47.4962692261	10.6197023392	48.7648086548	-	0	0	0	0	0	0	0	0	0	0	0	0	0	0	0	0	0	0	0	0	0	0	0	0	0	0	51.9955024719	0	0	0	0	0	0	0	0	0	0	0	0	0	0	0	0	0	48.0044975281	0	0	0	0	0	0	0	0	0	0	0	0	0	0	0
Feb 22 2023 18:06:52	5.63488578796	85.5373306274	95.8963012695	0.00117266492452	49.5133781433	11.057384491	70.8387680054	-	0	0	0	0	0	0	0	0	0	0	0	0	0	0	0	0	0	0	0	0	0	0	0	0	0	0	49.6708030701	0	0	0	0	0	0	0	0	0	0	0	0	0	0	0	0	0	50.3291969299	0	0	0	0	0	0	0	0	0	0	0	0	0	0	0
Feb 22 2023 18:06:53	5.6429028511	86.6722640991	96.0161361694	0.00128243362997	51.7734527588	11.5927190781	69.8038787842	-	0	0	0	0	0	0	0	0	0	0	0	0	0	0	0	0	0	0	0	0	0	0	0	0	0	0	47.0660934448	0	0	0	0	0	0	0	0	0	0	0	0	0	0	0	0	2.86209912107e-13	52.9339065552	0	0	0	0	0	0	0	0	0	0	0	0	0	0	0
Feb 22 2023 18:06:54	5.64947891235	87.4557037354	96.1493453979	0.00129133230075	53.455657959	12.0260848999	70.5521774292	-	0	0	0	0	0	0	0	0	0	0	0	0	0	0	0	0	0	0	0	0	0	0	0	0	0	0	45.1273651123	0	0	0	0	0	0	0	0	0	0	0	0	0	0	0	0	0	54.8726387024	0	0	0	0	0	0	0	0	0	0	0	0	0	0	0
Feb 22 2023 18:06:55	5.65419578552	87.9520721436	96.2332229614	0.00189170055091	54.578289032	12.3337802887	60.7667388916	-	0	0	0	0	0	0	0	0	0	0	0	0	0	0	0	0	0	0	0	0	0	0	0	0	0	0	43.8335456848	0	0	0	0	0	0	0	0	0	0	0	0	0	0	0	0	0	56.1664581299	0	0	0	0	0	0	0	0	0	0	0	0	0	0	0
Feb 22 2023 18:06:56	5.63055992126	6.24716043472	95.8275909424	0.00100658438168	48.1851806641	10.7652359009	73.7835922241	-	0	0	0	0	0	0	0	0	0	0	0	0	0	0	0	0	0	0	0	0	0	0	0	0	0	1.20546302974e-12	51.2015419006	0	0	0	0	0	0	0	0	0	0	0	0	0	0	0	0	0	48.7984619141	0	0	0	0	0	0	0	0	0	0	0	0	0	0	0
Feb 22 2023 18:06:57	-1.00000001505e+30	-1.00000001505e+30	-1.00000001505e+30	-1.00000002538e+26	-1.00000001505e+30	-1.00000001505e+30	99.9215087891	-	0	0	0	0	0	0	0	0	0	0	0	0	0	0	0	0	0	0	0	0	0	0	0	0	0	0	0	0	0	0	0	0	0	0	0	0	0	0	0	0	0	0	0	0	0	0	0	0	0	0	0	0	0	0	0	0	0	0	0	0
Feb 22 2023 18:06:58	-1.00000001505e+30	-1.00000001505e+30	-1.00000001505e+30	-1.00000002538e+26	-1.00000001505e+30	-1.00000001505e+30	99.9890823364	-	0	0	0	0	0	0	0	0	0	0	0	0	0	0	0	0	0	0	0	0	0	0	0	0	0	0	0	0	0	0	0	0	0	0	0	0	0	0	0	0	0	0	0	0	0	0	0	0	0	0	0	0	0	0	0	0	0	0	0	0
Feb 22 2023 18:06:59	-1.00000001505e+30	-1.00000001505e+30	-1.00000001505e+30	-1.00000002538e+26	-1.00000001505e+30	-1.00000001505e+30	99.957321167	-	0	0	0	0	0	0	0	0	0	0	0	0	0	0	0	0	0	0	0	0	0	0	0	0	0	0	0	0	0	0	0	0	0	0	0	0	0	0	0	0	0	0	0	0	0	0	0	0	0	0	0	0	0	0	0	0	0	0	0	0
Feb 22 2023 18:07:00	-1.00000001505e+30	-1.00000001505e+30	-1.00000001505e+30	-1.00000002538e+26	-1.00000001505e+30	-1.00000001505e+30	100.012039185	-	0	0	0	0	0	0	0	0	0	0	0	0	0	0	0	0	0	0	0	0	0	0	0	0	0	0	0	0	0	0	0	0	0	0	0	0	0	0	0	0	0	0	0	0	0	0	0	0	0	0	0	0	0	0	0	0	0	0	0	0
Feb 22 2023 18:07:01	-1.00000001505e+30	-1.00000001505e+30	-1.00000001505e+30	-1.00000002538e+26	-1.00000001505e+30	-1.00000001505e+30	99.9825057983	-	0	0	0	0	0	0	0	0	0	0	0	0	0	0	0	0	0	0	0	0	0	0	0	0	0	0	0	0	0	0	0	0	0	0	0	0	0	0	0	0	0	0	0	0	0	0	0	0	0	0	0	0	0	0	0	0	0	0	0	0
Feb 22 2023 18:07:02	-1.00000001505e+30	-1.00000001505e+30	-1.00000001505e+30	-1.00000002538e+26	-1.00000001505e+30	-1.00000001505e+30	99.9320144653	-	0	0	0	0	0	0	0	0	0	0	0	0	0	0	0	0	0	0	0	0	0	0	0	0	0	0	0	0	0	0	0	0	0	0	0	0	0	0	0	0	0	0	0	0	0	0	0	0	0	0	0	0	0	0	0	0	0	0	0	0
Feb 22 2023 18:07:03	-1.00000001505e+30	-1.00000001505e+30	-1.00000001505e+30	-1.00000002538e+26	-1.00000001505e+30	-1.00000001505e+30	99.9732131958	-	0	0	0	0	0	0	0	0	0	0	0	0	0	0	0	0	0	0	0	0	0	0	0	0	0	0	0	0	0	0	0	0	0	0	0	0	0	0	0	0	0	0	0	0	0	0	0	0	0	0	0	0	0	0	0	0	0	0	0	0
Feb 22 2023 18:07:04	-1.00000001505e+30	-1.00000001505e+30	-1.00000001505e+30	-1.00000002538e+26	-1.00000001505e+30	-1.00000001505e+30	99.8239059448	-	0	0	0	0	0	0	0	0	0	0	0	0	0	0	0	0	0	0	0	0	0	0	0	0	0	0	0	0	0	0	0	0	0	0	0	0	0	0	0	0	0	0	0	0	0	0	0	0	0	0	0	0	0	0	0	0	0	0	0	0
Feb 22 2023 18:07:05	-1.00000001505e+30	-1.00000001505e+30	-1.00000001505e+30	-1.00000002538e+26	-1.00000001505e+30	-1.00000001505e+30	99.8817672729	-	0	0	0	0	0	0	0	0	0	0	0	0	0	0	0	0	0	0	0	0	0	0	0	0	0	0	0	0	0	0	0	0	0	0	0	0	0	0	0	0	0	0	0	0	0	0	0	0	0	0	0	0	0	0	0	0	0	0	0	0
Feb 22 2023 18:07:06	-1.00000001505e+30	-1.00000001505e+30	-1.00000001505e+30	-1.00000002538e+26	-1.00000001505e+30	-1.00000001505e+30	99.9797515869	-	0	0	0	0	0	0	0	0	0	0	0	0	0	0	0	0	0	0	0	0	0	0	0	0	0	0	0	0	0	0	0	0	0	0	0	0	0	0	0	0	0	0	0	0	0	0	0	0	0	0	0	0	0	0	0	0	0	0	0	0
Feb 22 2023 18:07:07	-1.00000001505e+30	-1.00000001505e+30	-1.00000001505e+30	-1.00000002538e+26	-1.00000001505e+30	-1.00000001505e+30	99.9750213623	-	0	0	0	0	0	0	0	0	0	0	0	0	0	0	0	0	0	0	0	0	0	0	0	0	0	0	0	0	0	0	0	0	0	0	0	0	0	0	0	0	0	0	0	0	0	0	0	0	0	0	0	0	0	0	0	0	0	0	0	0
Feb 22 2023 18:07:08	-1.00000001505e+30	-1.00000001505e+30	-1.00000001505e+30	-1.00000002538e+26	-1.00000001505e+30	-1.00000001505e+30	99.9643478394	-	0	0	0	0	0	0	0	0	0	0	0	0	0	0	0	0	0	0	0	0	0	0	0	0	0	0	0	0	0	0	0	0	0	0	0	0	0	0	0	0	0	0	0	0	0	0	0	0	0	0	0	0	0	0	0	0	0	0	0	0
Feb 22 2023 18:07:09	-1.00000001505e+30	-1.00000001505e+30	-1.00000001505e+30	-1.00000002538e+26	-1.00000001505e+30	-1.00000001505e+30	99.9852676392	-	0	0	0	0	0	0	0	0	0	0	0	0	0	0	0	0	0	0	0	0	0	0	0	0	0	0	0	0	0	0	0	0	0	0	0	0	0	0	0	0	0	0	0	0	0	0	0	0	0	0	0	0	0	0	0	0	0	0	0	0
Feb 22 2023 18:07:10	-1.00000001505e+30	-1.00000001505e+30	-1.00000001505e+30	-1.00000002538e+26	-1.00000001505e+30	-1.00000001505e+30	99.9936065674	-	0	0	0	0	0	0	0	0	0	0	0	0	0	0	0	0	0	0	0	0	0	0	0	0	0	0	0	0	0	0	0	0	0	0	0	0	0	0	0	0	0	0	0	0	0	0	0	0	0	0	0	0	0	0	0	0	0	0	0	0
Feb 22 2023 18:07:11	-1.00000001505e+30	-1.00000001505e+30	-1.00000001505e+30	-1.00000002538e+26	-1.00000001505e+30	-1.00000001505e+30	99.9975967407	-	0	0	0	0	0	0	0	0	0	0	0	0	0	0	0	0	0	0	0	0	0	0	0	0	0	0	0	0	0	0	0	0	0	0	0	0	0	0	0	0	0	0	0	0	0	0	0	0	0	0	0	0	0	0	0	0	0	0	0	0
Feb 22 2023 18:07:12	-1.00000001505e+30	-1.00000001505e+30	-1.00000001505e+30	-1.00000002538e+26	-1.00000001505e+30	-1.00000001505e+30	99.9954071045	-	0	0	0	0	0	0	0	0	0	0	0	0	0	0	0	0	0	0	0	0	0	0	0	0	0	0	0	0	0	0	0	0	0	0	0	0	0	0	0	0	0	0	0	0	0	0	0	0	0	0	0	0	0	0	0	0	0	0	0	0
Feb 22 2023 18:07:13	-1.00000001505e+30	-1.00000001505e+30	-1.00000001505e+30	-1.00000002538e+26	-1.00000001505e+30	-1.00000001505e+30	100.004302979	-	0	0	0	0	0	0	0	0	0	0	0	0	0	0	0	0	0	0	0	0	0	0	0	0	0	0	0	0	0	0	0	0	0	0	0	0	0	0	0	0	0	0	0	0	0	0	0	0	0	0	0	0	0	0	0	0	0	0	0	0
Feb 22 2023 18:07:14	-1.00000001505e+30	-1.00000001505e+30	-1.00000001505e+30	-1.00000002538e+26	-1.00000001505e+30	-1.00000001505e+30	100.00920105	-	0	0	0	0	0	0	0	0	0	0	0	0	0	0	0	0	0	0	0	0	0	0	0	0	0	0	0	0	0	0	0	0	0	0	0	0	0	0	0	0	0	0	0	0	0	0	0	0	0	0	0	0	0	0	0	0	0	0	0	0
Feb 22 2023 18:07:15	-1.00000001505e+30	-1.00000001505e+30	-1.00000001505e+30	-1.00000002538e+26	-1.00000001505e+30	-1.00000001505e+30	99.9708557129	-	0	0	0	0	0	0	0	0	0	0	0	0	0	0	0	0	0	0	0	0	0	0	0	0	0	0	0	0	0	0	0	0	0	0	0	0	0	0	0	0	0	0	0	0	0	0	0	0	0	0	0	0	0	0	0	0	0	0	0	0
Feb 22 2023 18:07:16	-1.00000001505e+30	-1.00000001505e+30	-1.00000001505e+30	-1.00000002538e+26	-1.00000001505e+30	-1.00000001505e+30	99.9711380005	-	0	0	0	0	0	0	0	0	0	0	0	0	0	0	0	0	0	0	0	0	0	0	0	0	0	0	0	0	0	0	0	0	0	0	0	0	0	0	0	0	0	0	0	0	0	0	0	0	0	0	0	0	0	0	0	0	0	0	0	0
Feb 22 2023 18:07:17	-1.00000001505e+30	-1.00000001505e+30	-1.00000001505e+30	-1.00000002538e+26	-1.00000001505e+30	-1.00000001505e+30	100.009559631	-	0	0	0	0	0	0	0	0	0	0	0	0	0	0	0	0	0	0	0	0	0	0	0	0	0	0	0	0	0	0	0	0	0	0	0	0	0	0	0	0	0	0	0	0	0	0	0	0	0	0	0	0	0	0	0	0	0	0	0	0
Feb 22 2023 18:07:18	-1.00000001505e+30	-1.00000001505e+30	-1.00000001505e+30	-1.00000002538e+26	-1.00000001505e+30	-1.00000001505e+30	100.029823303	-	0	0	0	0	0	0	0	0	0	0	0	0	0	0	0	0	0	0	0	0	0	0	0	0	0	0	0	0	0	0	0	0	0	0	0	0	0	0	0	0	0	0	0	0	0	0	0	0	0	0	0	0	0	0	0	0	0	0	0	0
