Date-Time	Dx(10)	Dx(50)	Dx(90)	Cv(%)	D[4][3]	D[3][2]	Transmission	0.10000020	0.11659167	0.13593590	0.15848963	0.18478534	0.21544389	0.25118914	0.29286504	0.34145555	0.39810795	0.46415979	0.54117060	0.63095856	0.73564368	0.85769761	1.00000191	1.16591668	1.35935903	1.58489633	1.84785342	2.15443897	2.51189137	2.92865038	3.41455555	3.98107958	4.64159775	5.41170597	6.30958605	7.35643721	8.57697582	10.00002003	11.65916729	13.59359074	15.84896278	18.47853470	21.54438972	25.11891365	29.28650284	34.14555740	39.81079483	46.41598129	54.11705780	63.09585953	73.56436920	85.76976013	100.00019836	116.59166718	135.93591309	158.48962402	184.78533936	215.44389343	251.18913269	292.86502075	341.45556641	398.10794067	464.15979004	541.17059326	630.95855713	735.64367676	857.69757080	1000.00195313
Feb 22 2023 18:03:26	4.77317333221	86.9996490479	96.0719223022	0.000447522295872	52.4661026001	11.2581453323	87.7006759644	-	0	0	0	0	0	0	0	0	0	0	0	0	0	0	0	0	0	0	0	0	0	0	0	0	7.53341293335	14.5018863678	11.498046875	6.90541553497	3.48051142693	1.51873636246	0.577618062496	0.18977804482	0.0524062998593	0.0113732619211	0.0015473307576	0	0	0	0	0	0	0	0	0	53.7292671204	0	0	0	0	0	0	0	0	0	0	0	0	0	0	0
Feb 22 2023 18:03:27	5.67765235901	89.2522354126	96.5489196777	0.000653861381579	59.3137435913	13.8259487152	85.7767333984	-	0	0	0	0	0	0	0	0	0	0	0	0	0	0	0	0	0	0	0	0	0	0	0	0	0	1.98686575005e-12	38.3759803772	3.57574046821e-27	0	0	0	0	0	0	0	0	0	0	0	0	0	0	0	0	61.6240196228	0	0	0	0	0	0	0	0	0	0	0	0	0	0	0
Feb 22 2023 18:03:28	-1.00000001505e+30	-1.00000001505e+30	-1.00000001505e+30	-1.00000002538e+26	-1.00000001505e+30	-1.00000001505e+30	99.0270385742	-	0	0	0	0	0	0	0	0	0	0	0	0	0	0	0	0	0	0	0	0	0	0	0	0	0	0	0	0	0	0	0	0	0	0	0	0	0	0	0	0	0	0	0	0	0	0	0	0	0	0	0	0	0	0	0	0	0	0	0	0
Feb 22 2023 18:03:29	5.72414779663	89.4029541016	96.6054458618	0.000546677503735	60.2585258484	14.1679267883	88.2369537354	-	0	0	0	0	0	0	0	0	0	0	0	0	0	0	0	0	0	0	0	0	0	0	0	0	0	0	37.2871246338	0	0	0	0	0	0	0	0	0	0	0	0	0	0	0	0	0	62.7128715515	0	0	0	0	0	0	0	0	0	0	0	0	0	0	0
Feb 22 2023 18:03:30	5.72942352295	89.5136795044	96.6469268799	0.000772671948653	60.973110199	14.4380311966	84.0688323975	-	0	0	0	0	0	0	0	0	0	0	0	0	0	0	0	0	0	0	0	0	0	0	0	0	0	0	36.4635772705	0	0	0	0	0	0	0	0	0	0	0	0	0	0	0	0	0	63.5364227295	0	0	0	0	0	0	0	0	0	0	0	0	0	0	0
Feb 22 2023 18:03:31	5.67887210846	89.2867736816	96.561882019	0.00109172961675	59.5274734497	13.9018583298	77.5109710693	-	0	0	0	0	0	0	0	0	0	0	0	0	0	0	0	0	0	0	0	0	0	0	0	0	0	3.98551580193e-13	38.1296577454	5.25135570841e-35	0	0	0	0	0	0	0	0	0	0	0	0	0	0	0	0	61.8703422546	0	0	0	0	0	0	0	0	0	0	0	0	0	0	0
Feb 22 2023 18:03:32	5.72293519974	89.3763656616	96.5954742432	0.00112769403495	60.0895767212	14.1055364609	77.1588821411	-	0	0	0	0	0	0	0	0	0	0	0	0	0	0	0	0	0	0	0	0	0	0	0	0	0	0	37.4818382263	0	0	0	0	0	0	0	0	0	0	0	0	0	0	0	0	0	62.5181617737	0	0	0	0	0	0	0	0	0	0	0	0	0	0	0
Feb 22 2023 18:03:33	5.6604142189	88.5368804932	96.3315353394	0.00121408724226	55.9620628357	12.7354230881	73.3798370361	-	0	0	0	0	0	0	0	0	0	0	0	0	0	0	0	0	0	0	0	0	0	0	0	0	0	4.49112535356e-13	42.2387619019	0	0	0	0	0	0	0	0	0	0	0	0	0	0	0	0	0	57.7612380981	0	0	0	0	0	0	0	0	0	0	0	0	0	0	0
Feb 22 2023 18:03:34	5.66366481781	88.7978668213	96.3781509399	0.00114570988808	56.6455841064	12.9436254501	75.0252456665	-	0	0	0	0	0	0	0	0	0	0	0	0	0	0	0	0	0	0	0	0	0	0	0	0	0	0	41.451007843	0	0	0	0	0	0	0	0	0	0	0	0	0	0	0	0	0	58.548992157	0	0	0	0	0	0	0	0	0	0	0	0	0	0	0
Feb 22 2023 18:03:35	5.66941785812	88.9988632202	96.4537658691	0.00105222815182	57.7939529419	13.3091821671	77.3692092896	-	0	0	0	0	0	0	0	0	0	0	0	0	0	0	0	0	0	0	0	0	0	0	0	0	0	0	40.1275215149	0	0	0	0	0	0	0	0	0	0	0	0	0	0	0	0	0	59.8724784851	0	0	0	0	0	0	0	0	0	0	0	0	0	0	0
Feb 22 2023 18:03:36	5.67658519745	89.2214202881	96.537361145	0.00121289899107	59.1244239807	13.7593975067	75.1273117065	-	0	0	0	0	0	0	0	0	0	0	0	0	0	0	0	0	0	0	0	0	0	0	0	0	0	2.92103997012e-16	38.5941696167	6.79246647128e-15	4.04196171911e-35	0	0	0	0	0	0	0	0	0	0	0	0	0	0	0	61.4058303833	0	0	0	0	0	0	0	0	0	0	0	0	0	0	0
Feb 22 2023 18:03:37	5.66812133789	88.9554443359	96.4374389648	0.00125659571495	57.5417404175	13.2271366119	73.4669113159	-	0	0	0	0	0	0	0	0	0	0	0	0	0	0	0	0	0	0	0	0	0	0	0	0	0	0	40.4181976318	0	0	0	0	0	0	0	0	0	0	0	0	0	0	0	0	0	59.5818023682	0	0	0	0	0	0	0	0	0	0	0	0	0	0	0
Feb 22 2023 18:03:38	5.65569543839	88.0998535156	96.2581176758	0.000995567883365	54.9215698242	12.4310369492	77.0985565186	-	0	0	0	0	0	0	0	0	0	0	0	0	0	0	0	0	0	0	0	0	0	0	0	0	0	0	43.437915802	0	0	0	0	0	0	0	0	0	0	0	0	0	0	0	0	0	56.562084198	0	0	0	0	0	0	0	0	0	0	0	0	0	0	0
Feb 22 2023 18:03:39	5.66940879822	88.9985656738	96.4536514282	0.000715063943062	57.7922363281	13.3086194992	83.998374939	-	0	0	0	0	0	0	0	0	0	0	0	0	0	0	0	0	0	0	0	0	0	0	0	0	0	2.49356243119e-12	40.1295013428	0	0	0	0	0	0	0	0	0	0	0	0	0	0	0	0	0	59.8704986572	0	0	0	0	0	0	0	0	0	0	0	0	0	0	0
Feb 22 2023 18:03:40	5.66643476486	88.897354126	96.4155960083	0.000986952916719	57.2079200745	13.1200885773	78.3356399536	-	0	0	0	0	0	0	0	0	0	0	0	0	0	0	0	0	0	0	0	0	0	0	0	0	0	0	40.8029212952	0	0	0	0	0	0	0	0	0	0	0	0	0	0	0	0	0	59.1970787048	0	0	0	0	0	0	0	0	0	0	0	0	0	0	0
Feb 22 2023 18:03:41	5.66473388672	88.8368988037	96.3928451538	0.0011558344122	56.8648147583	13.0118532181	74.9499282837	-	0	0	0	0	0	0	0	0	0	0	0	0	0	0	0	0	0	0	0	0	0	0	0	0	0	0	41.1983451843	0	0	0	0	0	0	0	0	0	0	0	0	0	0	0	0	0	58.801651001	0	0	0	0	0	0	0	0	0	0	0	0	0	0	0
Feb 22 2023 18:03:42	8.71049785614	87.5902633667	96.1721191406	0.00284360302612	56.3636665344	20.7631053925	64.5388717651	-	0	0	0	0	0	0	0	0	0	0	0	0	0	0	0	0	0	0	0	0	0	0	0	0	0	0.288006812334	1.24503862858	2.86911940575	4.96276187897	6.96502017975	8.13809585571	7.94224452972	6.37779664993	4.03101348877	1.75515735149	0.207568094134	0	0	0	0	0	0	0	0	55.2181777954	0	0	0	0	0	0	0	0	0	0	0	0	0	0	0
Feb 22 2023 18:03:43	5.65777444839	88.2974700928	96.2913513184	0.00113441515714	55.3872909546	12.5654611588	74.5903930664	-	0	0	0	0	0	0	0	0	0	0	0	0	0	0	0	0	0	0	0	0	0	0	0	0	0	0	42.9011764526	0	0	0	0	0	0	0	0	0	0	0	0	0	0	0	0	0	57.0988235474	0	0	0	0	0	0	0	0	0	0	0	0	0	0	0
Feb 22 2023 18:03:44	5.6746172905	89.1630935669	96.5154647827	0.00099837128073	58.7695426941	13.6363582611	78.8558120728	-	0	0	0	0	0	0	0	0	0	0	0	0	0	0	0	0	0	0	0	0	0	0	0	0	0	0	39.0031661987	0	0	0	0	0	0	0	0	0	0	0	0	0	0	0	0	0	60.996837616	0	0	0	0	0	0	0	0	0	0	0	0	0	0	0
Feb 22 2023 18:03:45	5.66656446457	88.9018936157	96.4172973633	0.00116795592476	57.2338256836	13.1283340454	74.9189376831	-	0	0	0	0	0	0	0	0	0	0	0	0	0	0	0	0	0	0	0	0	0	0	0	0	0	0	40.7730636597	0	0	0	0	0	0	0	0	0	0	0	0	0	0	0	0	0	59.2269363403	0	0	0	0	0	0	0	0	0	0	0	0	0	0	0
Feb 22 2023 18:03:46	5.67247962952	89.0974197388	96.4907989502	0.000689298438374	58.3752746582	13.5022182465	84.7338104248	-	0	0	0	0	0	0	0	0	0	0	0	0	0	0	0	0	0	0	0	0	0	0	0	0	0	0	39.4575538635	0	0	0	0	0	0	0	0	0	0	0	0	0	0	0	0	0	60.5424461365	0	0	0	0	0	0	0	0	0	0	0	0	0	0	0
Feb 22 2023 18:03:47	5.65894079208	88.404800415	96.3093719482	0.000852029712405	55.6435089111	12.6406612396	80.3432998657	-	0	0	0	0	0	0	0	0	0	0	0	0	0	0	0	0	0	0	0	0	0	0	0	0	0	0	42.6058883667	0	0	0	0	0	0	0	0	0	0	0	0	0	0	0	0	0	57.3941116333	0	0	0	0	0	0	0	0	0	0	0	0	0	0	0
Feb 22 2023 18:03:48	9.4804058075	87.5440292358	96.1642990112	0.00146472000051	56.600276947	22.0553894043	80.9557342529	-	0	0	0	0	0	0	0	0	0	0	0	0	0	0	0	0	0	0	0	0	0	0	0	0	0	0.109475567937	0.626176536083	1.79221737385	3.72848510742	6.12316274643	8.15947246552	8.85903453827	7.72356557846	5.17262649536	2.32882022858	0.277951091528	0	0	0	0	0	0	0	0	55.0990104675	0	0	0	0	0	0	0	0	0	0	0	0	0	0	0
Feb 22 2023 18:03:49	8.9588060379	86.5764541626	95.9997711182	0.00282264873385	54.9654083252	21.2317390442	65.40234375	-	0	0	0	0	0	0	0	0	0	0	0	0	0	0	0	0	0	0	0	0	0	0	0	0	0	0.560908138752	1.49515533447	2.6446018219	3.93480920792	5.23800945282	6.37279844284	7.10883951187	7.19024038315	6.38409614563	4.55887079239	1.80664229393	0	0	0	0	0	0	0	0	52.7050361633	0	0	0	0	0	0	0	0	0	0	0	0	0	0	0
Feb 22 2023 18:03:50	10.0699710846	87.8697814941	96.2193450928	0.00183150672819	57.5252685547	23.341884613	77.9760513306	-	0	0	0	0	0	0	0	0	0	0	0	0	0	0	0	0	0	0	0	0	0	0	0	0	0	0.0460704863071	0.363402575254	1.21388661861	2.85481786728	5.21073579788	7.62058782578	8.98484325409	8.42809200287	6.02803993225	2.89358258247	0.407671093941	0	0	0	0	0	0	0	0	55.9482688904	0	0	0	0	0	0	0	0	0	0	0	0	0	0	0
Feb 22 2023 18:03:51	9.23533535004	87.4047317505	96.1407089233	0.00238011684269	56.222038269	21.5424156189	70.3272094727	-	0	0	0	0	0	0	0	0	0	0	0	0	0	0	0	0	0	0	0	0	0	0	0	0	0	0.148088082671	0.78640049696	2.10448503494	4.12910556793	6.45083475113	8.24771976471	8.66608715057	7.37691164017	4.87124300003	2.19206738472	0.28432443738	0	0	0	0	0	0	0	0	54.7427368164	0	0	0	0	0	0	0	0	0	0	0	0	0	0	0
Feb 22 2023 18:03:52	5.72370815277	89.3933639526	96.6018447876	0.00181457190774	60.1974639893	14.1453151703	65.9641113281	-	0	0	0	0	0	0	0	0	0	0	0	0	0	0	0	0	0	0	0	0	0	0	0	0	0	2.11013796497e-13	37.3574981689	8.2404157035e-31	0	0	0	0	0	0	0	0	0	0	0	0	0	0	0	0	62.6425018311	0	0	0	0	0	0	0	0	0	0	0	0	0	0	0
Feb 22 2023 18:03:53	5.67900562286	89.290512085	96.5632858276	0.00199887854978	59.5507202148	13.9101657867	62.741394043	-	0	0	0	0	0	0	0	0	0	0	0	0	0	0	0	0	0	0	0	0	0	0	0	0	0	8.59291891114e-12	38.1028633118	0	0	0	0	0	0	0	0	0	0	0	0	0	0	0	0	0	61.8971328735	0	0	0	0	0	0	0	0	0	0	0	0	0	0	0
Feb 22 2023 18:03:54	5.67717599869	89.2385482788	96.5437850952	0.00194703915622	59.2295036316	13.796257019	63.2643814087	-	0	0	0	0	0	0	0	0	0	0	0	0	0	0	0	0	0	0	0	0	0	0	0	0	0	3.00385611567e-13	38.4730644226	0	0	0	0	0	0	0	0	0	0	0	0	0	0	0	0	0	61.5269355774	0	0	0	0	0	0	0	0	0	0	0	0	0	0	0
Feb 22 2023 18:03:55	7.44513654709	87.7772064209	96.2037200928	0.00278456974775	56.0798530579	18.4128303528	61.3425750732	-	0	0	0	0	0	0	0	0	0	0	0	0	0	0	0	0	0	0	0	0	0	0	0	0	0	1.10821545124	3.09182453156	5.28799343109	7.05842018127	7.82560348511	7.35421180725	5.85946750641	3.88819265366	2.04535388947	0.7327683568	0.0433497354388	0	0	0	0	0	0	0	0	55.7046012878	0	0	0	0	0	0	0	0	0	0	0	0	0	0	0
Feb 22 2023 18:03:56	5.41525936127	88.3453445435	96.2993927002	0.00222692335956	55.8507003784	13.5775146484	57.8332176208	-	0	0	0	0	0	0	0	0	0	0	0	0	0	0	0	0	0	0	0	0	0	0	0	0	0	9.96108531952	12.3111371994	9.63473987579	5.91876363754	3.01518726349	1.29317867756	0.464523971081	0.136272847652	0.0306290537119	0.00428552972153	0	0	0	0	0	0	0	0	8.42746198212e-15	57.2301979065	0	0	0	0	0	0	0	0	0	0	0	0	0	0	0
Feb 22 2023 18:03:57	7.5069527626	87.2137069702	96.1083068848	0.00254986272193	55.2076034546	18.6118526459	64.2565155029	-	0	0	0	0	0	0	0	0	0	0	0	0	0	0	0	0	0	0	0	0	0	0	0	0	0.0678154081106	1.46870458126	3.07347226143	4.65871858597	5.96991825104	6.77019453049	6.89756345749	6.30528688431	5.08482933044	3.4583966732	1.73590159416	0.248515486717	0	0	0	0	0	0	0	0	54.2606811523	0	0	0	0	0	0	0	0	0	0	0	0	0	0	0
Feb 22 2023 18:03:58	5.27241325378	88.0578613281	96.2510452271	0.00142099102959	55.044090271	12.8909416199	69.0671386719	-	0	0	0	0	0	0	0	0	0	0	0	0	0	0	0	0	0	0	0	0	0	0	0	0	0	12.9065589905	13.4110879898	9.08516979218	4.85836791992	2.15640425682	0.804907262325	0.250986218452	0.0636420994997	0.0122679788619	0.00143714528531	0	0	0	0	0	0	0	0	0	56.4491691589	0	0	0	0	0	0	0	0	0	0	0	0	0	0	0
Feb 22 2023 18:03:59	5.66431951523	88.8218612671	96.3871841431	0.00100709870458	56.7801322937	12.9854135513	77.743057251	-	0	0	0	0	0	0	0	0	0	0	0	0	0	0	0	0	0	0	0	0	0	0	0	0	0	0	41.2959442139	0	0	0	0	0	0	0	0	0	0	0	0	0	0	0	0	0	58.7040596008	0	0	0	0	0	0	0	0	0	0	0	0	0	0	0
Feb 22 2023 18:04:00	5.64714956284	87.1913146973	96.1044998169	0.000419271731516	52.8760719299	11.8731603622	89.1609954834	-	0	0	0	0	0	0	0	0	0	0	0	0	0	0	0	0	0	0	0	0	0	0	0	0	0	8.69054936521e-13	45.7953338623	0	0	0	0	0	0	0	0	0	0	0	0	0	0	0	0	0	54.2046661377	0	0	0	0	0	0	0	0	0	0	0	0	0	0	0
Feb 22 2023 18:04:01	5.66812038422	88.9553985596	96.4374237061	0.000616839155555	57.541469574	13.2270498276	85.9540863037	-	0	0	0	0	0	0	0	0	0	0	0	0	0	0	0	0	0	0	0	0	0	0	0	0	0	0	40.4185066223	0	0	0	0	0	0	0	0	0	0	0	0	0	0	0	0	0	59.5814933777	0	0	0	0	0	0	0	0	0	0	0	0	0	0	0
Feb 22 2023 18:04:02	5.66857481003	88.970741272	96.4431915283	0.000777062377892	57.6303596497	13.2558488846	82.6749649048	-	0	0	0	0	0	0	0	0	0	0	0	0	0	0	0	0	0	0	0	0	0	0	0	0	0	0	40.3160629272	0	0	0	0	0	0	0	0	0	0	0	0	0	0	0	0	0	59.6839370728	0	0	0	0	0	0	0	0	0	0	0	0	0	0	0
Feb 22 2023 18:04:03	5.67361688614	89.1326751709	96.5040435791	0.000852397351991	58.5862007141	13.5736503601	81.5655517578	-	0	0	0	0	0	0	0	0	0	0	0	0	0	0	0	0	0	0	0	0	0	0	0	0	0	0	39.214466095	0	0	0	0	0	0	0	0	0	0	0	0	0	0	0	0	0	60.7855377197	0	0	0	0	0	0	0	0	0	0	0	0	0	0	0
Feb 22 2023 18:04:04	8.31311130524	87.4651031494	96.1509399414	0.00258546927944	56.2159614563	20.4499073029	66.6594238281	-	0	0	0	0	0	0	0	0	0	0	0	0	0	0	0	0	0	0	0	0	0	0	0	0	0	0.804270148277	2.04070067406	3.42692089081	4.80048418045	5.95870304108	6.68836164474	6.80053520203	6.17684698105	4.8182387352	2.88274502754	0.705536901951	0	0	0	0	0	0	0	0	54.8966598511	0	0	0	0	0	0	0	0	0	0	0	0	0	0	0
Feb 22 2023 18:04:05	5.76450061798	88.4673919678	96.3198776245	0.00188919750508	56.3487548828	14.499209404	64.989982605	-	0	0	0	0	0	0	0	0	0	0	0	0	0	0	0	0	0	0	0	0	0	0	0	0	0	5.66968488693	11.1405878067	10.5415849686	7.46556758881	4.31400060654	2.08689975739	0.845896661282	0.281892836094	0.0733192712069	0.0126971974969	0.000287782371743	0	0	0	0	0	0	0	0	57.5675773621	0	0	0	0	0	0	0	0	0	0	0	0	0	0	0
Feb 22 2023 18:04:06	5.73058462143	89.5370254517	96.655670166	0.00133475766052	61.1260681152	14.4971923828	74.1903152466	-	0	0	0	0	0	0	0	0	0	0	0	0	0	0	0	0	0	0	0	0	0	0	0	0	0	0	36.2872924805	0	0	0	0	0	0	0	0	0	0	0	0	0	0	0	0	0	63.7127113342	0	0	0	0	0	0	0	0	0	0	0	0	0	0	0
Feb 22 2023 18:04:07	5.67258119583	89.1006011963	96.4919967651	0.00128831842449	58.3942260742	13.5086050034	73.3838043213	-	0	0	0	0	0	0	0	0	0	0	0	0	0	0	0	0	0	0	0	0	0	0	0	0	0	8.93695111404e-14	39.435710907	2.00385680398e-41	0	0	0	0	0	0	0	0	0	0	0	0	0	0	0	0	60.5642852783	0	0	0	0	0	0	0	0	0	0	0	0	0	0	0
Feb 22 2023 18:04:08	5.66692972183	88.914604187	96.4220809937	0.0010548994178	57.3065910339	13.1515493393	77.0784301758	-	0	0	0	0	0	0	0	0	0	0	0	0	0	0	0	0	0	0	0	0	0	0	0	0	0	0	40.689201355	0	0	0	0	0	0	0	0	0	0	0	0	0	0	0	0	0	59.310798645	0	0	0	0	0	0	0	0	0	0	0	0	0	0	0
Feb 22 2023 18:04:09	5.67119836807	89.0568313599	96.4755477905	0.00130423298106	58.1343574524	13.4215421677	72.9538879395	-	0	0	0	0	0	0	0	0	0	0	0	0	0	0	0	0	0	0	0	0	0	0	0	0	0	5.10944368412e-13	39.7352104187	4.83912532909e-21	0	0	0	0	0	0	0	0	0	0	0	0	0	0	0	0	60.2647895813	0	0	0	0	0	0	0	0	0	0	0	0	0	0	0
Feb 22 2023 18:04:10	5.6790060997	89.2905197144	96.5632858276	0.00183337554336	59.5507850647	13.9101886749	65.210357666	-	0	0	0	0	0	0	0	0	0	0	0	0	0	0	0	0	0	0	0	0	0	0	0	0	0	0	38.1027908325	0	0	0	0	0	0	0	0	0	0	0	0	0	0	0	0	0	61.8972053528	0	0	0	0	0	0	0	0	0	0	0	0	0	0	0
Feb 22 2023 18:04:11	8.922747612	86.5181045532	95.9897994995	0.00190052390099	54.8279953003	21.1083335876	75.0024185181	-	0	0	0	0	0	0	0	0	0	0	0	0	0	0	0	0	0	0	0	0	0	0	0	0	0	0.594624459743	1.51659595966	2.66901278496	3.97466158867	5.29747772217	6.44373989105	7.17062664032	7.21573925018	6.35302734375	4.47671699524	1.7212895155	0	0	0	0	0	0	0	0	52.5664863586	0	0	0	0	0	0	0	0	0	0	0	0	0	0	0
Feb 22 2023 18:04:12	9.00947093964	86.1990356445	95.9593582153	0.001680886955	54.326335907	21.1301746368	77.57371521	-	0	0	0	0	0	0	0	0	0	0	0	0	0	0	0	0	0	0	0	0	0	0	0	0	0	0.508867323399	1.44135415554	2.59716105461	3.90522265434	5.2405424118	6.42275953293	7.2192325592	7.36653900146	6.6175365448	4.81978988647	2.04103040695	0	0	0	0	0	0	0	0	51.8199615479	0	0	0	0	0	0	0	0	0	0	0	0	0	0	0
Feb 22 2023 18:04:13	5.67390012741	89.1413269043	96.5072937012	0.00102334155235	58.6382484436	13.5913925171	78.3249282837	-	0	0	0	0	0	0	0	0	0	0	0	0	0	0	0	0	0	0	0	0	0	0	0	0	0	0	39.1544799805	0	0	0	0	0	0	0	0	0	0	0	0	0	0	0	0	0	60.8455200195	0	0	0	0	0	0	0	0	0	0	0	0	0	0	0
Feb 22 2023 18:04:14	5.66028642654	88.5255889893	96.3296356201	0.00105433107819	55.9346847534	12.7272224426	76.4168167114	-	0	0	0	0	0	0	0	0	0	0	0	0	0	0	0	0	0	0	0	0	0	0	0	0	0	0	42.2703132629	0	0	0	0	0	0	0	0	0	0	0	0	0	0	0	0	0	57.7296867371	0	0	0	0	0	0	0	0	0	0	0	0	0	0	0
Feb 22 2023 18:04:15	5.66504335403	88.8480453491	96.3970413208	0.00094819732476	56.9277458191	13.0315713882	78.9631729126	-	0	0	0	0	0	0	0	0	0	0	0	0	0	0	0	0	0	0	0	0	0	0	0	0	0	0	41.1258201599	0	0	0	0	0	0	0	0	0	0	0	0	0	0	0	0	0	58.8741836548	0	0	0	0	0	0	0	0	0	0	0	0	0	0	0
Feb 22 2023 18:04:16	5.66627931595	88.8919143677	96.4135437012	0.00133974989876	57.176864624	13.1102180481	71.7702713013	-	0	0	0	0	0	0	0	0	0	0	0	0	0	0	0	0	0	0	0	0	0	0	0	0	0	0	40.8387107849	0	0	0	0	0	0	0	0	0	0	0	0	0	0	0	0	0	59.1612892151	0	0	0	0	0	0	0	0	0	0	0	0	0	0	0
Feb 22 2023 18:04:17	5.97375297546	88.4642410278	96.3193511963	0.000824637303594	56.5090255737	15.1150493622	83.5523910522	-	0	0	0	0	0	0	0	0	0	0	0	0	0	0	0	0	0	0	0	0	0	0	0	0	0	4.29896640778	9.2995634079	10.1631183624	8.2751531601	5.44409275055	2.96564149857	1.33844780922	0.490956068039	0.138885438442	0.0257931146771	0.000559894309845	0	0	0	0	0	0	0	0	57.5588226318	0	0	0	0	0	0	0	0	0	0	0	0	0	0	0
Feb 22 2023 18:04:18	5.67395496368	89.1430130005	96.5079269409	0.00105982180685	58.6483764648	13.5948505402	77.6508026123	-	0	0	0	0	0	0	0	0	0	0	0	0	0	0	0	0	0	0	0	0	0	0	0	0	0	0	39.1428070068	0	0	0	0	0	0	0	0	0	0	0	0	0	0	0	0	0	60.8571891785	0	0	0	0	0	0	0	0	0	0	0	0	0	0	0
Feb 22 2023 18:04:19	8.08843040466	86.2842102051	95.9674377441	0.00232102442533	53.8744506836	19.3759155273	68.0598754883	-	0	0	0	0	0	0	0	0	0	0	0	0	0	0	0	0	0	0	0	0	0	0	0	0	0	0.958193540573	2.2821855545	3.72960019112	5.13658952713	6.30473136902	7.0281624794	7.12426376343	6.47590446472	5.07772922516	3.07495450974	0.790251910686	0	0	0	0	0	0	0	0	52.0174331665	0	0	0	0	0	0	0	0	0	0	0	0	0	0	0
Feb 22 2023 18:04:20	10.0983467102	86.7373275757	96.0272369385	0.00158718659077	55.8506202698	23.3298969269	80.5791702271	-	0	0	0	0	0	0	0	0	0	0	0	0	0	0	0	0	0	0	0	0	0	0	0	0	0	0.203248605132	0.821758985519	1.69280672073	2.81644845009	4.14413118362	5.55750894547	6.84332275391	7.6780462265	7.63887929916	6.26768493652	3.24581646919	0	0	0	0	0	0	0	0	53.09034729	0	0	0	0	0	0	0	0	0	0	0	0	0	0	0
Feb 22 2023 18:04:21	9.804438591	86.6157836914	96.0064926147	0.00120481918566	55.4432182312	22.6789093018	84.4618988037	-	0	0	0	0	0	0	0	0	0	0	0	0	0	0	0	0	0	0	0	0	0	0	0	0	0	0.289742290974	0.949707090855	1.87921059132	3.06974554062	4.45413017273	5.88526105881	7.11518669128	7.79103660583	7.48571968079	5.78729200363	2.49419927597	0	0	0	0	0	0	0	0	52.7987709045	0	0	0	0	0	0	0	0	0	0	0	0	0	0	0
Feb 22 2023 18:04:22	10.1052265167	87.607925415	96.1751098633	0.00162398966495	57.4264907837	23.8390655518	80.5570373535	-	0	0	0	0	0	0	0	0	0	0	0	0	0	0	0	0	0	0	0	0	0	0	0	0	0	0.176071718335	0.795940756798	1.68118155003	2.82739210129	4.17341041565	5.57954216003	6.80516719818	7.50200510025	7.24125146866	5.5996389389	2.35459828377	0	0	0	0	0	0	0	0	55.26379776	0	0	0	0	0	0	0	0	0	0	0	0	0	0	0
Feb 22 2023 18:04:23	9.10439682007	87.6850814819	96.1881561279	0.00141586409882	57.0199279785	22.0048847198	81.4410552979	-	0	0	0	0	0	0	0	0	0	0	0	0	0	0	0	0	0	0	0	0	0	0	0	0	0	0.384695321321	1.29702329636	2.50068545341	3.90072345734	5.31862068176	6.50240802765	7.15539169312	6.99544239044	5.84165334702	3.71326351166	0.926135003567	0	0	0	0	0	0	0	1.16942020913e-14	55.4639587402	0	0	0	0	0	0	0	0	0	0	0	0	0	0	0
Feb 22 2023 18:04:24	10.8407049179	88.2811279297	96.2886047363	0.00141972233541	58.7138748169	25.0225830078	83.5930709839	-	0	0	0	0	0	0	0	0	0	0	0	0	0	0	0	0	0	0	0	0	0	0	0	0	0	0.0208781957626	0.188025087118	0.719632446766	1.92926669121	3.99210238457	6.58358764648	8.70853233337	9.12010192871	7.24748134613	3.84524941444	0.591055214405	0	0	0	0	0	0	0	0	57.0540924072	0	0	0	0	0	0	0	0	0	0	0	0	0	0	0
Feb 22 2023 18:04:25	10.6727619171	87.9732666016	96.2367935181	0.00168411422055	58.4096832275	25.076215744	80.8445892334	-	0	0	0	0	0	0	0	0	0	0	0	0	0	0	0	0	0	0	0	0	0	0	0	0	0	0.116996861994	0.601950824261	1.3376480341	2.34978842735	3.61905097961	5.05221366882	6.4453125	7.45231533051	7.58002471924	6.24558401108	2.97621703148	0	0	0	0	0	0	0	0	56.2228965759	0	0	0	0	0	0	0	0	0	0	0	0	0	0	0
Feb 22 2023 18:04:26	10.6001825333	87.7211532593	96.1942520142	0.00295516010374	57.8870010376	24.7599372864	68.5197906494	-	0	0	0	0	0	0	0	0	0	0	0	0	0	0	0	0	0	0	0	0	0	0	0	0	0	0.15189127624	0.631208896637	1.36766934395	2.38914823532	3.67527556419	5.12732172012	6.53200006485	7.5343837738	7.64237260818	6.29863500595	3.09212422371	0	0	0	0	0	0	0	0	55.5579681396	0	0	0	0	0	0	0	0	0	0	0	0	0	0	0
Feb 22 2023 18:04:27	10.7223052979	88.7304916382	96.3639602661	0.00207800907083	59.6438407898	25.2678699493	77.1096420288	-	0	0	0	0	0	0	0	0	0	0	0	0	0	0	0	0	0	0	0	0	0	0	0	0	0	0.0284218862653	0.236157789826	0.836816072464	2.10044598579	4.11684846878	6.50581645966	8.34220600128	8.56847476959	6.75989294052	3.61154007912	0.586465120316	0	0	0	0	0	0	0	0	58.3069152832	0	0	0	0	0	0	0	0	0	0	0	0	0	0	0
Feb 22 2023 18:04:28	5.72798585892	89.4842758179	96.6359100342	0.000773788196966	60.7816162109	14.3646440506	83.9723587036	-	0	0	0	0	0	0	0	0	0	0	0	0	0	0	0	0	0	0	0	0	0	0	0	0	0	0	36.6842727661	0	0	0	0	0	0	0	0	0	0	0	0	0	0	0	0	0	63.3157310486	0	0	0	0	0	0	0	0	0	0	0	0	0	0	0
Feb 22 2023 18:04:29	5.67524290085	89.1818618774	96.5225067139	0.000725277815945	58.8832206726	13.6755304337	84.1919555664	-	0	0	0	0	0	0	0	0	0	0	0	0	0	0	0	0	0	0	0	0	0	0	0	0	0	2.14604462673e-12	38.8721542358	0	0	0	0	0	0	0	0	0	0	0	0	0	0	0	0	0	61.1278457642	0	0	0	0	0	0	0	0	0	0	0	0	0	0	0
Feb 22 2023 18:04:30	11.2617759705	87.6028671265	96.1742553711	0.0015944337938	57.9574699402	25.7888393402	82.2601547241	-	0	0	0	0	0	0	0	0	0	0	0	0	0	0	0	0	0	0	0	0	0	0	0	0	0	0.0576345473528	0.422775238752	1.02626156807	1.92247724533	3.13353490829	4.61511564255	6.20721340179	7.57984828949	8.19497299194	7.32903385162	4.26041126251	0	0	0	0	0	0	0	0	55.2507209778	0	0	0	0	0	0	0	0	0	0	0	0	0	0	0
Feb 22 2023 18:04:31	5.67001056671	89.018371582	96.4610977173	0.000815572799183	57.9080543518	13.3466339111	82.0115356445	-	0	0	0	0	0	0	0	0	0	0	0	0	0	0	0	0	0	0	0	0	0	0	0	0	0	0	39.9960212708	0	0	0	0	0	0	0	0	0	0	0	0	0	0	0	0	0	60.0039787292	0	0	0	0	0	0	0	0	0	0	0	0	0	0	0
Feb 22 2023 18:04:32	5.67692565918	89.2313156128	96.5410766602	0.00080643594265	59.1850891113	13.7806529999	82.7082366943	-	0	0	0	0	0	0	0	0	0	0	0	0	0	0	0	0	0	0	0	0	0	0	0	0	0	1.18310710621e-12	38.5242538452	0	0	0	0	0	0	0	0	0	0	0	0	0	0	0	0	0	61.4757461548	0	0	0	0	0	0	0	0	0	0	0	0	0	0	0
Feb 22 2023 18:04:33	5.67982959747	89.3133850098	96.5718612671	0.000694004702382	59.6933021545	13.9613323212	85.108253479	-	0	0	0	0	0	0	0	0	0	0	0	0	0	0	0	0	0	0	0	0	0	0	0	0	0	0	37.9385414124	0	0	0	0	0	0	0	0	0	0	0	0	0	0	0	0	0	62.0614585876	0	0	0	0	0	0	0	0	0	0	0	0	0	0	0
Feb 22 2023 18:04:34	5.67416000366	89.1492538452	96.510269165	0.000801427930128	58.685962677	13.6077003479	82.605430603	-	0	0	0	0	0	0	0	0	0	0	0	0	0	0	0	0	0	0	0	0	0	0	0	0	0	0	39.0994873047	0	0	0	0	0	0	0	0	0	0	0	0	0	0	0	0	0	60.9005088806	0	0	0	0	0	0	0	0	0	0	0	0	0	0	0
Feb 22 2023 18:04:35	5.67590522766	89.2014923096	96.5298843384	0.000861215754412	59.0026779175	13.7169389725	81.5708084106	-	0	0	0	0	0	0	0	0	0	0	0	0	0	0	0	0	0	0	0	0	0	0	0	0	0	0	38.7344779968	0	0	0	0	0	0	0	0	0	0	0	0	0	0	0	0	0	61.2655220032	0	0	0	0	0	0	0	0	0	0	0	0	0	0	0
Feb 22 2023 18:04:36	5.66217470169	88.6898727417	96.3571624756	0.000887237256393	56.3355484009	12.8483505249	79.9166183472	-	0	0	0	0	0	0	0	0	0	0	0	0	0	0	0	0	0	0	0	0	0	0	0	0	0	0	41.8083229065	0	0	0	0	0	0	0	0	0	0	0	0	0	0	0	0	0	58.1916809082	0	0	0	0	0	0	0	0	0	0	0	0	0	0	0
Feb 22 2023 18:04:37	9.09845352173	86.9309768677	96.0602340698	0.00149701850023	55.6560783386	21.6579627991	80.210105896	-	0	0	0	0	0	0	0	0	0	0	0	0	0	0	0	0	0	0	0	0	0	0	0	0	0	0.414452552795	1.35905528069	2.52876210213	3.84754419327	5.18393468857	6.35058784485	7.10891580582	7.19315576553	6.36053228378	4.4722533226	1.62009000778	0	0	0	0	0	0	0	0	53.5607147217	0	0	0	0	0	0	0	0	0	0	0	0	0	0	0
Feb 22 2023 18:04:38	5.65956068039	88.4608383179	96.3187789917	0.00069666368654	55.7782249451	12.680562973	83.6621017456	-	0	0	0	0	0	0	0	0	0	0	0	0	0	0	0	0	0	0	0	0	0	0	0	0	0	0	42.450630188	0	0	0	0	0	0	0	0	0	0	0	0	0	0	0	0	0	57.549369812	0	0	0	0	0	0	0	0	0	0	0	0	0	0	0
Feb 22 2023 18:04:39	5.67088842392	89.046875	96.4718093872	0.00121630763169	58.0755958557	13.4020109177	74.4891662598	-	0	0	0	0	0	0	0	0	0	0	0	0	0	0	0	0	0	0	0	0	0	0	0	0	0	0	39.8029289246	0	0	0	0	0	0	0	0	0	0	0	0	0	0	0	0	0	60.1970672607	0	0	0	0	0	0	0	0	0	0	0	0	0	0	0
Feb 22 2023 18:04:40	5.6578578949	88.3052520752	96.2926559448	0.00081241002772	55.4057807922	12.5708580017	81.0702514648	-	0	0	0	0	0	0	0	0	0	0	0	0	0	0	0	0	0	0	0	0	0	0	0	0	0	0	42.879863739	0	0	0	0	0	0	0	0	0	0	0	0	0	0	0	0	0	57.1201324463	0	0	0	0	0	0	0	0	0	0	0	0	0	0	0
Feb 22 2023 18:04:41	5.67419481277	89.1503067017	96.5106658936	0.00138354732189	58.6923065186	13.6098709106	71.9035949707	-	0	0	0	0	0	0	0	0	0	0	0	0	0	0	0	0	0	0	0	0	0	0	0	0	0	0	39.0921783447	0	0	0	0	0	0	0	0	0	0	0	0	0	0	0	0	0	60.9078216553	0	0	0	0	0	0	0	0	0	0	0	0	0	0	0
Feb 22 2023 18:04:42	5.66440391541	88.8249435425	96.388343811	0.000739106442779	56.7974739075	12.990819931	83.1362915039	-	0	0	0	0	0	0	0	0	0	0	0	0	0	0	0	0	0	0	0	0	0	0	0	0	0	0	41.2759590149	0	0	0	0	0	0	0	0	0	0	0	0	0	0	0	0	0	58.7240447998	0	0	0	0	0	0	0	0	0	0	0	0	0	0	0
Feb 22 2023 18:04:43	5.65888977051	88.4001541138	96.30859375	0.00140570744406	55.6323852539	12.637377739	69.6853713989	-	0	0	0	0	0	0	0	0	0	0	0	0	0	0	0	0	0	0	0	0	0	0	0	0	0	0	42.6187095642	0	0	0	0	0	0	0	0	0	0	0	0	0	0	0	0	0	57.3812904358	0	0	0	0	0	0	0	0	0	0	0	0	0	0	0
Feb 22 2023 18:04:44	5.66118812561	88.6047973633	96.3429107666	0.000846423034091	56.1272506714	12.7851228714	80.6588745117	-	0	0	0	0	0	0	0	0	0	0	0	0	0	0	0	0	0	0	0	0	0	0	0	0	0	3.44609811607e-13	42.0483818054	0	0	0	0	0	0	0	0	0	0	0	0	0	0	0	0	0	57.9516181946	0	0	0	0	0	0	0	0	0	0	0	0	0	0	0
Feb 22 2023 18:04:45	5.67472410202	89.1663131714	96.5166702271	0.00078996544471	58.7889976501	13.6430463791	82.8723526001	-	0	0	0	0	0	0	0	0	0	0	0	0	0	0	0	0	0	0	0	0	0	0	0	0	0	0	38.9807434082	0	0	0	0	0	0	0	0	0	0	0	0	0	0	0	0	0	61.0192604065	0	0	0	0	0	0	0	0	0	0	0	0	0	0	0
Feb 22 2023 18:04:46	5.67115449905	89.0554199219	96.4750213623	0.000764469557907	58.1260604858	13.4187812805	83.1208267212	-	0	0	0	0	0	0	0	0	0	0	0	0	0	0	0	0	0	0	0	0	0	0	0	0	0	0	39.7447738647	0	0	0	0	0	0	0	0	0	0	0	0	0	0	0	0	0	60.25522995	0	0	0	0	0	0	0	0	0	0	0	0	0	0	0
Feb 22 2023 18:04:47	8.18077754974	85.8058929443	95.9219436646	0.00188998004887	53.1236457825	19.3582210541	73.0950088501	-	0	0	0	0	0	0	0	0	0	0	0	0	0	0	0	0	0	0	0	0	0	0	0	0	0.00109028746374	0.981411516666	2.19368004799	3.55182743073	4.92422008514	6.13689184189	6.99005508423	7.28001022339	6.83711767197	5.57703590393	3.55799913406	1.0435000658	0	0	0	0	0	0	0	0	50.9251708984	0	0	0	0	0	0	0	0	0	0	0	0	0	0	0
Feb 22 2023 18:04:48	7.63582515717	87.671043396	96.1857833862	0.00203114841133	55.9560089111	18.7122859955	70.4578552246	-	0	0	0	0	0	0	0	0	0	0	0	0	0	0	0	0	0	0	0	0	0	0	0	0	0	0.93833142519	2.7062318325	4.85450124741	6.78624534607	7.84848690033	7.65783023834	6.3026099205	4.29643297195	2.30669927597	0.834156751633	0.0410207919776	0	0	0	0	0	0	0	4.4861733549e-17	55.4274482727	0	0	0	0	0	0	0	0	0	0	0	0	0	0	0
Feb 22 2023 18:04:49	5.59653377533	88.8005523682	96.3791656494	0.000826351810247	57.0765457153	14.298157692	82.5309295654	-	0	0	0	0	0	0	0	0	0	0	0	0	0	0	0	0	0	0	0	0	0	0	0	0	0	7.46301174164	11.7382106781	10.0910377502	6.53257751465	3.41979861259	1.47732079029	0.52507764101	0.14995482564	0.0323695428669	0.00435147853568	0	0	0	0	0	0	0	0	0	58.5662918091	0	0	0	0	0	0	0	0	0	0	0	0	0	0	0
Feb 22 2023 18:04:50	5.66107559204	88.5949783325	96.3412704468	0.000789085053839	56.1033096313	12.7778959274	81.83253479	-	0	0	0	0	0	0	0	0	0	0	0	0	0	0	0	0	0	0	0	0	0	0	0	0	0	0	42.0759735107	0	0	0	0	0	0	0	0	0	0	0	0	0	0	0	0	0	57.9240264893	0	0	0	0	0	0	0	0	0	0	0	0	0	0	0
Feb 22 2023 18:04:51	5.66427659988	88.8203048706	96.3865966797	0.000863345805556	56.7713775635	12.9826869965	80.5839691162	-	0	0	0	0	0	0	0	0	0	0	0	0	0	0	0	0	0	0	0	0	0	0	0	0	0	0	41.3060302734	0	0	0	0	0	0	0	0	0	0	0	0	0	0	0	0	0	58.6939697266	0	0	0	0	0	0	0	0	0	0	0	0	0	0	0
Feb 22 2023 18:04:52	9.32250785828	88.0656661987	96.2523574829	0.00159911066294	57.8515167236	22.6307544708	79.8464889526	-	0	0	0	0	0	0	0	0	0	0	0	0	0	0	0	0	0	0	0	0	0	0	0	0	0	0.198726698756	1.07410693169	2.28992700577	3.75115394592	5.2593421936	6.5265417099	7.21702480316	7.02672672272	5.78978347778	3.58470487595	0.811849713326	0	0	0	0	0	0	0	0	56.4701156616	0	0	0	0	0	0	0	0	0	0	0	0	0	0	0
Feb 22 2023 18:04:53	5.6718416214	89.077331543	96.483253479	0.00118851533625	58.2557792664	13.4620819092	75.0894699097	-	0	0	0	0	0	0	0	0	0	0	0	0	0	0	0	0	0	0	0	0	0	0	0	0	0	0	39.5952720642	0	0	0	0	0	0	0	0	0	0	0	0	0	0	0	0	0	60.4047317505	0	0	0	0	0	0	0	0	0	0	0	0	0	0	0
Feb 22 2023 18:04:54	5.67172765732	89.07371521	96.4818954468	0.00128534424584	58.2343139648	13.4548969269	73.3448867798	-	0	0	0	0	0	0	0	0	0	0	0	0	0	0	0	0	0	0	0	0	0	0	0	0	0	0	39.620010376	0	0	0	0	0	0	0	0	0	0	0	0	0	0	0	0	0	60.379989624	0	0	0	0	0	0	0	0	0	0	0	0	0	0	0
Feb 22 2023 18:04:55	5.66747617722	88.9334335327	96.4291610718	0.000958754331805	57.4147644043	13.186214447	78.9788513184	-	0	0	0	0	0	0	0	0	0	0	0	0	0	0	0	0	0	0	0	0	0	0	0	0	0	0	40.5645332336	0	0	0	0	0	0	0	0	0	0	0	0	0	0	0	0	0	59.4354705811	0	0	0	0	0	0	0	0	0	0	0	0	0	0	0
Feb 22 2023 18:04:56	8.65445709229	87.3157730103	96.1256256104	0.00180582352914	56.0719146729	20.9516448975	75.899055481	-	0	0	0	0	0	0	0	0	0	0	0	0	0	0	0	0	0	0	0	0	0	0	0	0	0	0.560457348824	1.66567623615	3.00899386406	4.45087957382	5.78548240662	6.76478767395	7.13571929932	6.69806003571	5.37478494644	3.27814817429	0.759693861008	0	0	0	0	0	0	0	0	54.5173187256	0	0	0	0	0	0	0	0	0	0	0	0	0	0	0
Feb 22 2023 18:04:57	5.67315101624	89.118309021	96.4986495972	0.00100665760692	58.5000534058	13.5443849564	78.5712814331	-	0	0	0	0	0	0	0	0	0	0	0	0	0	0	0	0	0	0	0	0	0	0	0	0	0	2.11064320318e-13	39.313747406	0	0	0	0	0	0	0	0	0	0	0	0	0	0	0	0	0	60.6862564087	0	0	0	0	0	0	0	0	0	0	0	0	0	0	0
Feb 22 2023 18:04:58	5.67872619629	89.2826766968	96.5603408813	0.000858838087879	59.5020675659	13.892791748	81.828994751	-	0	0	0	0	0	0	0	0	0	0	0	0	0	0	0	0	0	0	0	0	0	0	0	0	0	0	38.1589393616	0	0	0	0	0	0	0	0	0	0	0	0	0	0	0	0	0	61.8410644531	0	0	0	0	0	0	0	0	0	0	0	0	0	0	0
Feb 22 2023 18:04:59	5.6654958725	88.8642349243	96.4031295776	0.000888990936801	57.0194091797	13.0603990555	80.1759033203	-	0	0	0	0	0	0	0	0	0	0	0	0	0	0	0	0	0	0	0	0	0	0	0	0	0	0	41.0201797485	0	0	0	0	0	0	0	0	0	0	0	0	0	0	0	0	0	58.9798202515	0	0	0	0	0	0	0	0	0	0	0	0	0	0	0
Feb 22 2023 18:05:00	9.79124069214	87.9345245361	96.2302627563	0.00215040333569	57.5811882019	22.9796905518	74.2894439697	-	0	0	0	0	0	0	0	0	0	0	0	0	0	0	0	0	0	0	0	0	0	0	0	0	0	0.0974052846432	0.545973002911	1.54905176163	3.24036288261	5.42864370346	7.48756742477	8.53953266144	7.94058275223	5.7655081749	2.87178254128	0.413769215345	0	0	0	0	0	0	0	0	56.1198158264	0	0	0	0	0	0	0	0	0	0	0	0	0	0	0
Feb 22 2023 18:05:01	9.52676105499	87.8416671753	96.2145996094	0.00220421841368	57.5958595276	22.9461631775	73.6491394043	-	0	0	0	0	0	0	0	0	0	0	0	0	0	0	0	0	0	0	0	0	0	0	0	0	0	0.347103863955	1.09995305538	2.11761689186	3.3557343483	4.70266866684	5.97020292282	6.89268112183	7.15094518661	6.43217468262	4.53333187103	1.52350342274	0	0	0	0	0	0	0	0	55.8740844727	0	0	0	0	0	0	0	0	0	0	0	0	0	0	0
Feb 22 2023 18:05:02	11.9575090408	88.4290084839	96.3134384155	0.00216174987145	59.8625030518	27.5628795624	78.1029281616	-	0	0	0	0	0	0	0	0	0	0	0	0	0	0	0	0	0	0	0	0	0	0	0	0	0	0.0236548129469	0.285860389471	0.756503760815	1.50691974163	2.59080910683	4.00863933563	5.64999198914	7.21860313416	8.15924263	7.63720560074	4.70147705078	0	0	0	0	0	0	0	0	57.4610939026	0	0	0	0	0	0	0	0	0	0	0	0	0	0	0
Feb 22 2023 18:05:03	11.1382665634	86.1825180054	95.9577865601	0.00260828738101	55.5159759521	24.8496627808	71.7670059204	-	0	0	0	0	0	0	0	0	0	0	0	0	0	0	0	0	0	0	0	0	0	0	0	0	0	0.110775083303	0.496840655804	1.11133348942	2.00141716003	3.18537831306	4.62414884567	6.18016767502	7.57207202911	8.34257888794	7.87638187408	5.55457735062	1.16250538826	0	0	0	0	0	0	0	51.7818222046	0	0	0	0	0	0	0	0	0	0	0	0	0	0	0
Feb 22 2023 18:05:04	10.1613740921	87.6057052612	96.1747360229	0.00276447995566	57.4695320129	23.9602909088	69.3416519165	-	0	0	0	0	0	0	0	0	0	0	0	0	0	0	0	0	0	0	0	0	0	0	0	0	0	0.187635973096	0.788923084736	1.64944195747	2.7676885128	4.08806467056	5.47920227051	6.71101713181	7.44594240189	7.26229190826	5.73526287079	2.62645888329	0	0	0	0	0	0	0	0	55.2580718994	0	0	0	0	0	0	0	0	0	0	0	0	0	0	0
Feb 22 2023 18:05:05	5.66392374039	88.8074035645	96.3817443848	0.0010769906221	56.6989631653	12.9601716995	76.356086731	-	0	0	0	0	0	0	0	0	0	0	0	0	0	0	0	0	0	0	0	0	0	0	0	0	0	3.75945239837e-15	41.3894882202	0	0	0	0	0	0	0	0	0	0	0	0	0	0	0	0	0	58.6105117798	0	0	0	0	0	0	0	0	0	0	0	0	0	0	0
Feb 22 2023 18:05:06	11.1352291107	87.8989257813	96.2242584229	0.00193839159328	58.4418106079	25.7586193085	78.8373718262	-	0	0	0	0	0	0	0	0	0	0	0	0	0	0	0	0	0	0	0	0	0	0	0	0	0	0.0583549030125	0.442699670792	1.07408761978	2.0046877861	3.24981403351	4.75185871124	6.32963323593	7.624792099	8.06865882874	6.91618251801	3.4538435936	0	0	0	0	0	0	0	0	56.0253868103	0	0	0	0	0	0	0	0	0	0	0	0	0	0	0
Feb 22 2023 18:05:07	5.67113399506	89.0547637939	96.4747772217	0.000948749540839	58.1221733093	13.4174880981	79.4960861206	-	0	0	0	0	0	0	0	0	0	0	0	0	0	0	0	0	0	0	0	0	0	0	0	0	0	0	39.7492485046	0	0	0	0	0	0	0	0	0	0	0	0	0	0	0	0	0	60.2507476807	0	0	0	0	0	0	0	0	0	0	0	0	0	0	0
Feb 22 2023 18:05:08	5.66880083084	88.9783248901	96.4460449219	0.00107692647725	57.674369812	13.270154953	76.8446807861	-	0	0	0	0	0	0	0	0	0	0	0	0	0	0	0	0	0	0	0	0	0	0	0	0	0	0	40.2653388977	0	0	0	0	0	0	0	0	0	0	0	0	0	0	0	0	0	59.7346611023	0	0	0	0	0	0	0	0	0	0	0	0	0	0	0
Feb 22 2023 18:05:09	10.0664567947	88.1277160645	96.2628097534	0.00209564715624	58.3708610535	24.0482521057	75.8367767334	-	0	0	0	0	0	0	0	0	0	0	0	0	0	0	0	0	0	0	0	0	0	0	0	0	0	0.153752997518	0.760872840881	1.67184150219	2.88107609749	4.30549478531	5.76091527939	6.94851350784	7.47269821167	6.90924215317	4.9381146431	1.56026721001	0	0	0	0	0	0	0	0	56.6372108459	0	0	0	0	0	0	0	0	0	0	0	0	0	0	0
Feb 22 2023 18:05:10	5.59091424942	87.9750671387	96.2370986938	0.00100377202034	55.1104812622	13.770866394	78.5000686646	-	0	0	0	0	0	0	0	0	0	0	0	0	0	0	0	0	0	0	0	0	0	0	0	0	0	7.48883104324	12.1068296432	10.5716915131	7.03537559509	3.84591817856	1.76576781273	0.680375754833	0.215576469898	0.0531970448792	0.0086396317929	0.00010093927267	0	0	0	0	0	0	0	0	56.2276954651	0	0	0	0	0	0	0	0	0	0	0	0	0	0	0
Feb 22 2023 18:05:11	8.04656887054	86.4843673706	95.9864044189	0.00196944386698	54.1581420898	19.3132591248	72.0583114624	-	0	0	0	0	0	0	0	0	0	0	0	0	0	0	0	0	0	0	0	0	0	0	0	0	0	0.974031627178	2.30524587631	3.79945421219	5.26511526108	6.46625089645	7.16300392151	7.15826511383	6.35348272324	4.79886102676	2.71951365471	0.510111570358	0	0	0	0	0	0	0	0	52.4866638184	0	0	0	0	0	0	0	0	0	0	0	0	0	0	0
Feb 22 2023 18:05:12	5.66426563263	88.8199005127	96.3864440918	0.000947171880398	56.7691307068	12.9819869995	78.9115066528	-	0	0	0	0	0	0	0	0	0	0	0	0	0	0	0	0	0	0	0	0	0	0	0	0	0	2.99988549626e-12	41.3086204529	0	0	0	0	0	0	0	0	0	0	0	0	0	0	0	0	0	58.6913757324	0	0	0	0	0	0	0	0	0	0	0	0	0	0	0
Feb 22 2023 18:05:13	5.66836643219	88.963722229	96.4405517578	0.000718005932868	57.5896530151	13.2426452637	83.8642196655	-	0	0	0	0	0	0	0	0	0	0	0	0	0	0	0	0	0	0	0	0	0	0	0	0	0	0	40.3629760742	0	0	0	0	0	0	0	0	0	0	0	0	0	0	0	0	0	59.6370239258	0	0	0	0	0	0	0	0	0	0	0	0	0	0	0
Feb 22 2023 18:05:14	5.67495393753	89.173210144	96.5192642212	0.000864736037329	58.8307609558	13.6574258804	81.4295654297	-	0	0	0	0	0	0	0	0	0	0	0	0	0	0	0	0	0	0	0	0	0	0	0	0	0	0	38.9326095581	0	0	0	0	0	0	0	0	0	0	0	0	0	0	0	0	0	61.0673904419	0	0	0	0	0	0	0	0	0	0	0	0	0	0	0
Feb 22 2023 18:05:15	5.66199111938	88.674156189	96.3545303345	0.000669190543704	56.296962738	12.8365907669	84.4300460815	-	0	0	0	0	0	0	0	0	0	0	0	0	0	0	0	0	0	0	0	0	0	0	0	0	0	9.33733233961e-13	41.8527908325	0	0	0	0	0	0	0	0	0	0	0	0	0	0	0	0	0	58.1472091675	0	0	0	0	0	0	0	0	0	0	0	0	0	0	0
Feb 22 2023 18:05:16	5.66359138489	88.7951660156	96.3771362305	0.00109942967538	56.6304664612	12.9389476776	75.8935089111	-	0	0	0	0	0	0	0	0	0	0	0	0	0	0	0	0	0	0	0	0	0	0	0	0	0	0	41.4684295654	0	0	0	0	0	0	0	0	0	0	0	0	0	0	0	0	0	58.5315704346	0	0	0	0	0	0	0	0	0	0	0	0	0	0	0
Feb 22 2023 18:05:17	9.33296108246	86.2429046631	95.9635162354	0.00197262736037	54.5474243164	21.669424057	74.8210601807	-	0	0	0	0	0	0	0	0	0	0	0	0	0	0	0	0	0	0	0	0	0	0	0	0	0	0.410195916891	1.20886158943	2.27037119865	3.5520567894	4.94856452942	6.2812795639	7.29302072525	7.66392803192	7.06050252914	5.22946643829	2.16025328636	0	0	0	0	0	0	0	0	51.921497345	0	0	0	0	0	0	0	0	0	0	0	0	0	0	0
Feb 22 2023 18:05:18	9.78812789917	24.9458198547	95.8742752075	0.00251568690874	53.2937507629	22.049041748	69.5775909424	-	0	0	0	0	0	0	0	0	0	0	0	0	0	0	0	0	0	0	0	0	0	0	0	0	0	0.34691208601	0.994978666306	1.89592635632	3.04833245277	4.40241670609	5.8394985199	7.14792013168	8.00894546509	8.00863552094	6.70096111298	3.77720928192	0	0	0	0	0	0	0	0	49.8282623291	0	0	0	0	0	0	0	0	0	0	0	0	0	0	0
Feb 22 2023 18:05:19	8.63597393036	87.323638916	96.1269607544	0.00257649901323	56.1035118103	20.9596672058	67.4761276245	-	0	0	0	0	0	0	0	0	0	0	0	0	0	0	0	0	0	0	0	0	0	0	0	0	0	0.607840657234	1.70975959301	3.02434873581	4.42059278488	5.70927619934	6.66256523132	7.04358148575	6.65549707413	5.40512990952	3.36906957626	0.855143249035	0	0	0	0	0	0	0	0	54.5371932983	0	0	0	0	0	0	0	0	0	0	0	0	0	0	0
Feb 22 2023 18:05:20	8.14779758453	86.9209518433	96.0585250854	0.00309416046366	55.0717544556	19.8068084717	60.5491294861	-	0	0	0	0	0	0	0	0	0	0	0	0	0	0	0	0	0	0	0	0	0	0	0	0	0	0.945975542068	2.21806049347	3.63179397583	5.01862859726	6.17112064362	6.87424612045	6.94157171249	6.26222705841	4.84888648987	2.87269067764	0.67862123251	0	0	0	0	0	0	0	0	53.5361785889	0	0	0	0	0	0	0	0	0	0	0	0	0	0	0
Feb 22 2023 18:05:21	7.50329065323	87.6520843506	96.1825790405	0.00160994939506	55.896396637	18.5332698822	75.5359191895	-	0	0	0	0	0	0	0	0	0	0	0	0	0	0	0	0	0	0	0	0	0	0	0	0	0	1.16105973721	3.00223827362	5.03818178177	6.73804521561	7.59545660019	7.34986305237	6.1017370224	4.26746511459	2.3922419548	0.921523094177	0.0539922900498	0	0	0	0	0	0	0	8.17620490491e-15	55.3781967163	0	0	0	0	0	0	0	0	0	0	0	0	0	0	0
Feb 22 2023 18:05:22	5.6711473465	89.05519104	96.474937439	0.000977450865321	58.1247062683	13.4183311462	78.9473495483	-	0	0	0	0	0	0	0	0	0	0	0	0	0	0	0	0	0	0	0	0	0	0	0	0	0	0	39.7463302612	0	0	0	0	0	0	0	0	0	0	0	0	0	0	0	0	0	60.2536697388	0	0	0	0	0	0	0	0	0	0	0	0	0	0	0
Feb 22 2023 18:05:23	8.56414413452	88.1129150391	96.2603149414	0.00150397233665	57.3146095276	20.7517719269	79.2932891846	-	0	0	0	0	0	0	0	0	0	0	0	0	0	0	0	0	0	0	0	0	0	0	0	0	0	0.300293892622	1.33383059502	3.10029697418	5.3244137764	7.30568933487	8.2159948349	7.59217309952	5.6689620018	3.25625729561	1.23426425457	0.0705485343933	0	0	0	0	0	0	0	0	56.5972747803	0	0	0	0	0	0	0	0	0	0	0	0	0	0	0
Feb 22 2023 18:05:24	5.67580223083	89.1984634399	96.5287399292	0.00126410741359	58.9841842651	13.7105112076	74.1459960938	-	0	0	0	0	0	0	0	0	0	0	0	0	0	0	0	0	0	0	0	0	0	0	0	0	0	0	38.7557945251	0	0	0	0	0	0	0	0	0	0	0	0	0	0	0	0	0	61.2442092896	0	0	0	0	0	0	0	0	0	0	0	0	0	0	0
Feb 22 2023 18:05:25	9.28411960602	86.310256958	95.969909668	0.00309122214094	54.6485366821	21.6236591339	63.3988189697	-	0	0	0	0	0	0	0	0	0	0	0	0	0	0	0	0	0	0	0	0	0	0	0	0	0	0.465390443802	1.25990092754	2.31109046936	3.57595038414	4.94984006882	6.25622558594	7.24166631699	7.59177494049	6.97998857498	5.16058444977	2.12951231003	0	0	0	0	0	0	0	0	52.0780754089	0	0	0	0	0	0	0	0	0	0	0	0	0	0	0
Feb 22 2023 18:05:26	8.55993843079	86.3940887451	95.9778594971	0.00230192765594	54.4053764343	20.3574943542	69.625213623	-	0	0	0	0	0	0	0	0	0	0	0	0	0	0	0	0	0	0	0	0	0	0	0	0	0.0734163969755	0.822202086449	1.81969499588	3.02000498772	4.32721138	5.59002017975	6.60894060135	7.15166854858	6.98876237869	5.95149707794	4.00860071182	1.36386930943	0	0	0	0	0	0	0	0	52.2741127014	0	0	0	0	0	0	0	0	0	0	0	0	0	0	0
Feb 22 2023 18:05:27	9.99621105194	86.0967559814	95.9496383667	0.00245420797728	54.7058448792	22.8035984039	71.0469818115	-	0	0	0	0	0	0	0	0	0	0	0	0	0	0	0	0	0	0	0	0	0	0	0	0	0	0.282386004925	0.8978754282	1.7613645792	2.87498664856	4.19449567795	5.60830450058	6.91211652756	7.79205656052	7.8324341774	6.57461071014	3.68481326103	0	0	0	0	0	0	0	0	51.5845603943	0	0	0	0	0	0	0	0	0	0	0	0	0	0	0
Feb 22 2023 18:05:28	7.83519029617	86.8598251343	96.0481185913	0.00234230421484	54.7626724243	19.153131485	67.4550170898	-	0	0	0	0	0	0	0	0	0	0	0	0	0	0	0	0	0	0	0	0	0	0	0	0	0	1.15771400928	2.610019207	4.11982774734	5.486079216	6.49382686615	6.95367431641	6.73840427399	5.82101917267	4.30250072479	2.41701602936	0.512884199619	0	0	0	0	0	0	0	0	53.3870353699	0	0	0	0	0	0	0	0	0	0	0	0	0	0	0
Feb 22 2023 18:05:29	7.89613008499	86.0059280396	95.9410018921	0.0019486915553	52.8228797913	18.1305541992	70.7657165527	-	0	0	0	0	0	0	0	0	0	0	0	0	0	0	0	0	0	0	0	0	0	0	0	0	0.0535531155765	0.714266061783	2.12376117706	4.28830480576	6.73290777206	8.5774679184	8.99327278137	7.74553394318	5.38236474991	2.88036251068	1.03591823578	0.0952226445079	0	0	0	0	0	0	0	0	51.3770637512	0	0	0	0	0	0	0	0	0	0	0	0	0	0	0
Feb 22 2023 18:05:30	5.67093038559	89.0482254028	96.4723129272	0.00100032100454	58.0835571289	13.4046545029	78.4923248291	-	0	0	0	0	0	0	0	0	0	0	0	0	0	0	0	0	0	0	0	0	0	0	0	0	0	3.58275881835e-13	39.7937583923	0	0	0	0	0	0	0	0	0	0	0	0	0	0	0	0	0	60.2062454224	0	0	0	0	0	0	0	0	0	0	0	0	0	0	0
Feb 22 2023 18:05:31	5.67954969406	89.3056564331	96.5689620972	0.000966885650996	59.6450386047	13.9439706802	79.8571853638	-	0	0	0	0	0	0	0	0	0	0	0	0	0	0	0	0	0	0	0	0	0	0	0	0	0	0	37.9941596985	0	0	0	0	0	0	0	0	0	0	0	0	0	0	0	0	0	62.0058364868	0	0	0	0	0	0	0	0	0	0	0	0	0	0	0
Feb 22 2023 18:05:32	5.72825336456	89.4897842407	96.6379776001	0.00122405588627	60.817401886	14.3783025742	75.8763580322	-	0	0	0	0	0	0	0	0	0	0	0	0	0	0	0	0	0	0	0	0	0	0	0	0	0	2.60964210311e-14	36.6430244446	7.66505673851e-18	8.26766093952e-42	0	0	0	0	0	0	0	0	0	0	0	0	0	0	0	63.3569717407	0	0	0	0	0	0	0	0	0	0	0	0	0	0	0
Feb 22 2023 18:05:33	5.72650909424	89.4534759521	96.6243743896	0.00113652425352	60.5824012756	14.2890853882	77.2640457153	-	0	0	0	0	0	0	0	0	0	0	0	0	0	0	0	0	0	0	0	0	0	0	0	0	0	0	36.9138641357	0	0	0	0	0	0	0	0	0	0	0	0	0	0	0	0	0	63.0861358643	0	0	0	0	0	0	0	0	0	0	0	0	0	0	0
Feb 22 2023 18:05:34	5.67726325989	89.241065979	96.5447311401	0.00112356024329	59.2449836731	13.8017044067	76.7896270752	-	0	0	0	0	0	0	0	0	0	0	0	0	0	0	0	0	0	0	0	0	0	0	0	0	0	0	38.4552192688	0	0	0	0	0	0	0	0	0	0	0	0	0	0	0	0	0	61.5447769165	0	0	0	0	0	0	0	0	0	0	0	0	0	0	0
Feb 22 2023 18:05:35	5.65705394745	88.2299346924	96.2799987793	0.00128987524658	55.2272529602	12.5189409256	71.5636291504	-	0	0	0	0	0	0	0	0	0	0	0	0	0	0	0	0	0	0	0	0	0	0	0	0	0	0	43.0856208801	0	0	0	0	0	0	0	0	0	0	0	0	0	0	0	0	0	56.9143753052	0	0	0	0	0	0	0	0	0	0	0	0	0	0	0
Feb 22 2023 18:05:36	5.67736291885	89.2439422607	96.5458068848	0.000786292075645	59.2626571655	13.8079280853	83.1321029663	-	0	0	0	0	0	0	0	0	0	0	0	0	0	0	0	0	0	0	0	0	0	0	0	0	0	1.48240946428e-12	38.4348526001	3.49286362016e-32	0	0	0	0	0	0	0	0	0	0	0	0	0	0	0	0	61.5651473999	0	0	0	0	0	0	0	0	0	0	0	0	0	0	0
Feb 22 2023 18:05:37	10.1571340561	88.3898696899	96.3068695068	0.00198420183733	58.7060546875	24.0222606659	76.9636154175	-	0	0	0	0	0	0	0	0	0	0	0	0	0	0	0	0	0	0	0	0	0	0	0	0	0	0.069009155035	0.425511330366	1.26744782925	2.76772165298	4.83649492264	6.96265411377	8.29975414276	8.08253955841	6.16431188583	3.24549722672	0.526173114777	0	0	0	0	0	0	0	0	57.3528823853	0	0	0	0	0	0	0	0	0	0	0	0	0	0	0
Feb 22 2023 18:05:38	5.67260885239	89.1014633179	96.4923171997	0.0008068701718	58.3993797302	13.5103435516	82.3828430176	-	0	0	0	0	0	0	0	0	0	0	0	0	0	0	0	0	0	0	0	0	0	0	0	0	0	0	39.4297714233	0	0	0	0	0	0	0	0	0	0	0	0	0	0	0	0	0	60.5702285767	0	0	0	0	0	0	0	0	0	0	0	0	0	0	0
Feb 22 2023 18:05:39	5.66020154953	88.5180740356	96.32837677	0.00105167948641	55.9164848328	12.721777916	76.4596633911	-	0	0	0	0	0	0	0	0	0	0	0	0	0	0	0	0	0	0	0	0	0	0	0	0	0	0	42.2912864685	0	0	0	0	0	0	0	0	0	0	0	0	0	0	0	0	0	57.7087173462	0	0	0	0	0	0	0	0	0	0	0	0	0	0	0
Feb 22 2023 18:05:40	5.78914403915	88.7235794067	96.3628005981	0.00132015009876	56.9485092163	14.6764764786	74.2784042358	-	0	0	0	0	0	0	0	0	0	0	0	0	0	0	0	0	0	0	0	0	0	0	0	0	0	5.37341403961	11.22178936	10.5999975204	7.38054227829	4.14936828613	1.93486118317	0.749233067036	0.236383587122	0.0576672367752	0.00927185732871	0.000189076643437	0	0	0	0	0	0	1.24715563325e-41	3.13366303392e-13	58.2872810364	0	0	0	0	0	0	0	0	0	0	0	0	0	0	0
Feb 22 2023 18:05:41	8.15637588501	87.5151290894	96.1594085693	0.00170326605439	56.0725631714	19.9158420563	75.9858703613	-	0	0	0	0	0	0	0	0	0	0	0	0	0	0	0	0	0	0	0	0	0	0	0	0	0	0.714641273022	2.06632900238	3.7343506813	5.42476511002	6.75226688385	7.35551548004	7.02207660675	5.78332185745	3.93012952805	1.92816317081	0.263674497604	0	0	0	0	0	0	0	0	55.0247650146	0	0	0	0	0	0	0	0	0	0	0	0	0	0	0
Feb 22 2023 18:05:42	8.40841388702	87.6159057617	96.1764602661	0.00224726600572	56.5175476074	20.6550045013	70.5594482422	-	0	0	0	0	0	0	0	0	0	0	0	0	0	0	0	0	0	0	0	0	0	0	0	0	0	0.652824223042	1.89253461361	3.33812451363	4.80460977554	6.05208778381	6.82786464691	6.9174156189	6.20565652847	4.73233127594	2.72092461586	0.57117164135	0	0	0	0	0	0	0	0	55.2844581604	0	0	0	0	0	0	0	0	0	0	0	0	0	0	0
Feb 22 2023 18:05:43	8.09495353699	86.5682525635	95.998374939	0.00248900381848	54.4135360718	19.5597496033	66.4433288574	-	0	0	0	0	0	0	0	0	0	0	0	0	0	0	0	0	0	0	0	0	0	0	0	0	0	1.00990223885	2.29083418846	3.6902282238	5.05072975159	6.18132305145	6.88314962387	6.97881650925	6.35310506821	4.99811840057	3.05191421509	0.826351881027	0	0	0	0	0	0	0	0	52.6855278015	0	0	0	0	0	0	0	0	0	0	0	0	0	0	0
Feb 22 2023 18:05:44	5.66850328445	88.9683456421	96.4422912598	0.000965158629697	57.6164245605	13.251326561	78.9474639893	-	0	0	0	0	0	0	0	0	0	0	0	0	0	0	0	0	0	0	0	0	0	0	0	0	0	3.48322055471e-15	40.332118988	0	0	0	0	0	0	0	0	0	0	0	0	0	0	0	0	0	59.667881012	0	0	0	0	0	0	0	0	0	0	0	0	0	0	0
Feb 22 2023 18:05:45	5.49159288406	88.2716369629	96.2870101929	0.00139427382965	55.6665534973	13.5433473587	70.9712600708	-	0	0	0	0	0	0	0	0	0	0	0	0	0	0	0	0	0	0	0	0	0	0	0	0	0	8.69680404663	13.5530548096	10.3575191498	5.95692634583	2.80538415909	1.10891485214	0.368011534214	0.100580208004	0.0215034298599	0.00308343255892	7.36854344723e-05	0	0	0	0	0	0	0	0	57.0281448364	0	0	0	0	0	0	0	0	0	0	0	0	0	0	0
Feb 22 2023 18:05:46	5.66886663437	88.9805297852	96.4468765259	0.000441933429101	57.6871910095	13.2743282318	89.7583312988	-	0	0	0	0	0	0	0	0	0	0	0	0	0	0	0	0	0	0	0	0	0	0	0	0	0	7.37476350604e-15	40.2505645752	1.01824798938e-34	0	0	0	0	0	0	0	0	0	0	0	0	0	0	0	0	59.7494354248	0	0	0	0	0	0	0	0	0	0	0	0	0	0	0
Feb 22 2023 18:05:47	5.67380523682	89.1384353638	96.5062026978	0.000715297239367	58.6208152771	13.5854454041	84.2956619263	-	0	0	0	0	0	0	0	0	0	0	0	0	0	0	0	0	0	0	0	0	0	0	0	0	0	0	39.174571991	0	0	0	0	0	0	0	0	0	0	0	0	0	0	0	0	0	60.8254318237	0	0	0	0	0	0	0	0	0	0	0	0	0	0	0
Feb 22 2023 18:05:48	5.6713309288	89.0610733032	96.477142334	0.00113489781506	58.1594429016	13.4298973083	76.0158996582	-	0	0	0	0	0	0	0	0	0	0	0	0	0	0	0	0	0	0	0	0	0	0	0	0	0	0	39.7062988281	0	0	0	0	0	0	0	0	0	0	0	0	0	0	0	0	0	60.2936973572	0	0	0	0	0	0	0	0	0	0	0	0	0	0	0
Feb 22 2023 18:05:49	5.67625570297	89.2117996216	96.533744812	0.00161262589972	59.0655708313	13.7388391495	68.3306732178	-	0	0	0	0	0	0	0	0	0	0	0	0	0	0	0	0	0	0	0	0	0	0	0	0	0	0	38.6619949341	0	0	0	0	0	0	0	0	0	0	0	0	0	0	0	0	0	61.3380012512	0	0	0	0	0	0	0	0	0	0	0	0	0	0	0
Feb 22 2023 18:05:50	5.65624761581	88.1531906128	96.2670898438	0.00107591226697	55.0464897156	12.4668111801	75.5586547852	-	0	0	0	0	0	0	0	0	0	0	0	0	0	0	0	0	0	0	0	0	0	0	0	0	0	0	43.2939453125	0	0	0	0	0	0	0	0	0	0	0	0	0	0	0	0	0	56.7060546875	0	0	0	0	0	0	0	0	0	0	0	0	0	0	0
Feb 22 2023 18:05:51	5.65747213364	88.2692642212	96.2866134644	0.0011769880075	55.3203430176	12.545958519	73.7390594482	-	0	0	0	0	0	0	0	0	0	0	0	0	0	0	0	0	0	0	0	0	0	0	0	0	0	0	42.9783325195	0	0	0	0	0	0	0	0	0	0	0	0	0	0	0	0	0	57.0216674805	0	0	0	0	0	0	0	0	0	0	0	0	0	0	0
Feb 22 2023 18:05:52	5.66771030426	88.9414596558	96.432182312	0.00114387227222	57.4609794617	13.2010793686	75.4850692749	-	0	0	0	0	0	0	0	0	0	0	0	0	0	0	0	0	0	0	0	0	0	0	0	0	0	2.97537103462e-12	40.5112724304	8.11950800808e-23	0	0	0	0	0	0	0	0	0	0	0	0	0	0	0	0	59.4887313843	0	0	0	0	0	0	0	0	0	0	0	0	0	0	0
Feb 22 2023 18:05:53	5.66200685501	88.675491333	96.3547515869	0.0015246826224	56.3002357483	12.8375883102	68.0055007935	-	0	0	0	0	0	0	0	0	0	0	0	0	0	0	0	0	0	0	0	0	0	0	0	0	0	0	41.8490142822	0	0	0	0	0	0	0	0	0	0	0	0	0	0	0	0	0	58.1509819031	0	0	0	0	0	0	0	0	0	0	0	0	0	0	0
Feb 22 2023 18:05:54	10.531627655	86.7955856323	96.0371704102	0.00280404137447	56.1659622192	24.0664520264	69.1301116943	-	0	0	0	0	0	0	0	0	0	0	0	0	0	0	0	0	0	0	0	0	0	0	0	0	0	0.184038385749	0.673855721951	1.41298651695	2.42982244492	3.7106692791	5.17161464691	6.62189626694	7.73114395142	8.01994991302	6.90892410278	3.90401673317	0	0	0	0	0	0	0	0	53.2310905457	0	0	0	0	0	0	0	0	0	0	0	0	0	0	0
Feb 22 2023 18:05:55	5.6629691124	88.7572097778	96.3684310913	0.00141760206316	56.5014953613	12.8991718292	69.9930953979	-	0	0	0	0	0	0	0	0	0	0	0	0	0	0	0	0	0	0	0	0	0	0	0	0	0	1.050251652e-14	41.6170692444	1.54147396e-26	0	0	0	0	0	0	0	0	0	0	0	0	0	0	0	0	58.3829345703	0	0	0	0	0	0	0	0	0	0	0	0	0	0	0
Feb 22 2023 18:05:56	5.67495679855	89.1733016968	96.5192947388	0.00110396649688	58.8312950134	13.6576099396	76.9310073853	-	0	0	0	0	0	0	0	0	0	0	0	0	0	0	0	0	0	0	0	0	0	0	0	0	0	0	38.9319915771	0	0	0	0	0	0	0	0	0	0	0	0	0	0	0	0	0	61.0680046082	0	0	0	0	0	0	0	0	0	0	0	0	0	0	0
Feb 22 2023 18:05:57	5.66769552231	88.9409408569	96.4319839478	0.0012055921834	57.4580230713	13.2001276016	74.3466567993	-	0	0	0	0	0	0	0	0	0	0	0	0	0	0	0	0	0	0	0	0	0	0	0	0	0	0	40.5146789551	0	0	0	0	0	0	0	0	0	0	0	0	0	0	0	0	0	59.4853210449	0	0	0	0	0	0	0	0	0	0	0	0	0	0	0
Feb 22 2023 18:05:58	5.66474056244	88.8371353149	96.3929367065	0.00104703882243	56.8661422729	13.0122690201	77.0126953125	-	0	0	0	0	0	0	0	0	0	0	0	0	0	0	0	0	0	0	0	0	0	0	0	0	0	0	41.1968154907	0	0	0	0	0	0	0	0	0	0	0	0	0	0	0	0	0	58.8031845093	0	0	0	0	0	0	0	0	0	0	0	0	0	0	0
Feb 22 2023 18:05:59	5.65499353409	88.0312423706	96.2465591431	0.00152935937513	54.7616615295	12.3855428696	66.9639129639	-	0	0	0	0	0	0	0	0	0	0	0	0	0	0	0	0	0	0	0	0	0	0	0	0	0	0	43.6222114563	0	0	0	0	0	0	0	0	0	0	0	0	0	0	0	0	0	56.3777923584	0	0	0	0	0	0	0	0	0	0	0	0	0	0	0
Feb 22 2023 18:06:00	5.66779232025	88.9442443848	96.4332275391	0.00152456387877	57.4770507813	13.2062568665	68.7506027222	-	0	0	0	0	0	0	0	0	0	0	0	0	0	0	0	0	0	0	0	0	0	0	0	0	0	8.00039898154e-14	40.4927482605	0	0	0	0	0	0	0	0	0	0	0	0	0	0	0	0	0	59.5072517395	0	0	0	0	0	0	0	0	0	0	0	0	0	0	0
Feb 22 2023 18:06:01	5.67461824417	89.1631240845	96.5154800415	0.00129402661696	58.7697257996	13.6364202499	73.4992523193	-	0	0	0	0	0	0	0	0	0	0	0	0	0	0	0	0	0	0	0	0	0	0	0	0	0	7.02429650903e-13	39.0029563904	0	0	0	0	0	0	0	0	0	0	0	0	0	0	0	0	4.6412275878e-14	60.9970436096	0	0	0	0	0	0	0	0	0	0	0	0	0	0	0
Feb 22 2023 18:06:02	5.73037242889	89.5327835083	96.654083252	0.00144032912795	61.0982322693	14.4863901138	72.4414291382	-	0	0	0	0	0	0	0	0	0	0	0	0	0	0	0	0	0	0	0	0	0	0	0	0	0	0	36.3193702698	0	0	0	0	0	0	0	0	0	0	0	0	0	0	0	0	0	63.6806297302	0	0	0	0	0	0	0	0	0	0	0	0	0	0	0
Feb 22 2023 18:06:03	5.72932052612	89.5115890503	96.6461410522	0.00103583338205	60.9594497681	14.4327726364	79.2372741699	-	0	0	0	0	0	0	0	0	0	0	0	0	0	0	0	0	0	0	0	0	0	0	0	0	0	0	36.4793167114	0	0	0	0	0	0	0	0	0	0	0	0	0	0	0	0	0	63.5206832886	0	0	0	0	0	0	0	0	0	0	0	0	0	0	0
Feb 22 2023 18:06:04	5.73199701309	89.5649490356	96.6661224365	0.00127182039432	61.3101119995	14.5690202713	75.348815918	-	0	0	0	0	0	0	0	0	0	0	0	0	0	0	0	0	0	0	0	0	0	0	0	0	0	0	36.0751838684	0	0	0	0	0	0	0	0	0	0	0	0	0	0	0	0	0	63.9248123169	0	0	0	0	0	0	0	0	0	0	0	0	0	0	0
Feb 22 2023 18:06:05	5.66584253311	88.8765258789	96.4077606201	0.00137596484274	57.0892219543	13.08244133	71.0777130127	-	0	0	0	0	0	0	0	0	0	0	0	0	0	0	0	0	0	0	0	0	0	0	0	0	0	2.73671601873e-13	40.9397201538	1.00357465798e-31	0	0	0	0	0	0	0	0	0	0	0	0	0	0	0	0	59.0602798462	0	0	0	0	0	0	0	0	0	0	0	0	0	0	0
Feb 22 2023 18:06:06	5.66855669022	88.9701309204	96.4429626465	0.00101078941952	57.6268157959	13.2546987534	78.0750274658	-	0	0	0	0	0	0	0	0	0	0	0	0	0	0	0	0	0	0	0	0	0	0	0	0	0	1.63913804405e-13	40.3201446533	0	0	0	0	0	0	0	0	0	0	0	0	0	0	0	0	0	59.6798553467	0	0	0	0	0	0	0	0	0	0	0	0	0	0	0
Feb 22 2023 18:06:07	5.67233419418	89.0928573608	96.4890823364	0.0012093532132	58.3480644226	13.4930562973	74.7637710571	-	0	0	0	0	0	0	0	0	0	0	0	0	0	0	0	0	0	0	0	0	0	0	0	0	0	0	39.4889144897	0	0	0	0	0	0	0	0	0	0	0	0	0	0	0	0	0	60.5110816956	0	0	0	0	0	0	0	0	0	0	0	0	0	0	0
Feb 22 2023 18:06:08	5.42323732376	88.2512435913	96.2835845947	0.00125589279924	55.5683517456	13.3380298615	73.0292663574	-	0	0	0	0	0	0	0	0	0	0	0	0	0	0	0	0	0	0	0	0	0	0	0	0	0	9.79475212097	13.9053325653	10.0417118073	5.49360609055	2.46844482422	0.932542800903	0.295994251966	0.0773135200143	0.0157258734107	0.00209937011823	1.6047997633e-05	0	0	0	0	0	0	0	0	56.9724617004	0	0	0	0	0	0	0	0	0	0	0	0	0	0	0
Feb 22 2023 18:06:09	5.74255180359	89.7585906982	96.7385635376	0.00150484079495	62.6189994812	15.1011390686	72.3995361328	-	0	0	0	0	0	0	0	0	0	0	0	0	0	0	0	0	0	0	0	0	0	0	0	0	0	0	34.5667037964	0	0	0	0	0	0	0	0	0	0	0	0	0	0	0	0	0	65.4332962036	0	0	0	0	0	0	0	0	0	0	0	0	0	0	0
Feb 22 2023 18:06:10	5.72972583771	89.5197906494	96.6492156982	0.000962081132457	61.0130996704	14.4534521103	80.5863647461	-	0	0	0	0	0	0	0	0	0	0	0	0	0	0	0	0	0	0	0	0	0	0	0	0	0	5.63291140078e-15	36.4174880981	0	0	0	0	0	0	0	0	0	0	0	0	0	0	0	0	0	63.5825157166	0	0	0	0	0	0	0	0	0	0	0	0	0	0	0
Feb 22 2023 18:06:11	5.72515964508	89.4247970581	96.6136322021	0.00182249594945	60.3981246948	14.2198963165	65.9903793335	-	0	0	0	0	0	0	0	0	0	0	0	0	0	0	0	0	0	0	0	0	0	0	0	0	0	1.06899962515e-13	37.1262397766	0	0	0	0	0	0	0	0	0	0	0	0	0	0	0	0	0	62.8737564087	0	0	0	0	0	0	0	0	0	0	0	0	0	0	0
Feb 22 2023 18:06:12	6.01347064972	88.5676498413	96.3366851807	0.00306703732349	56.8184738159	15.3909187317	51.8941116333	-	0	0	0	0	0	0	0	0	0	0	0	0	0	0	0	0	0	0	0	0	0	0	0	0	0	4.29638004303	8.64384651184	9.59281158447	8.12845420837	5.65775442123	3.30739283562	1.62296271324	0.65506953001	0.205743148923	0.0421394109726	9.87881576293e-05	0	0	0	0	0	0	0	0	57.8473434448	0	0	0	0	0	0	0	0	0	0	0	0	0	0	0
Feb 22 2023 18:06:13	5.66114854813	88.601348877	96.342338562	0.0025949603878	56.1188392639	12.7825832367	51.731754303	-	0	0	0	0	0	0	0	0	0	0	0	0	0	0	0	0	0	0	0	0	0	0	0	0	0	1.52459208452e-12	42.0580787659	4.7487202359e-39	0	0	0	0	0	0	0	0	0	0	0	0	0	0	0	0	57.9419250488	0	0	0	0	0	0	0	0	0	0	0	0	0	0	0
Feb 22 2023 18:06:14	5.66426134109	88.8197555542	96.386390686	0.00197497918271	56.7682762146	12.9817209244	61.0266456604	-	0	0	0	0	0	0	0	0	0	0	0	0	0	0	0	0	0	0	0	0	0	0	0	0	0	0	41.3096084595	0	0	0	0	0	0	0	0	0	0	0	0	0	0	0	0	0	58.6903915405	0	0	0	0	0	0	0	0	0	0	0	0	0	0	0
Feb 22 2023 18:06:15	5.66847372055	88.967338562	96.4419174194	0.00142568885349	57.6106262207	13.2494449615	70.5230026245	-	0	0	0	0	0	0	0	0	0	0	0	0	0	0	0	0	0	0	0	0	0	0	0	0	0	0	40.3388061523	0	0	0	0	0	0	0	0	0	0	0	0	0	0	0	0	0	59.6611976624	0	0	0	0	0	0	0	0	0	0	0	0	0	0	0
Feb 22 2023 18:06:16	5.66521549225	88.8542251587	96.3993682861	0.00243156030774	56.9626846313	13.0425443649	54.5982551575	-	0	0	0	0	0	0	0	0	0	0	0	0	0	0	0	0	0	0	0	0	0	0	0	0	0	0	41.0855522156	0	0	0	0	0	0	0	0	0	0	0	0	0	0	0	0	0	58.9144477844	0	0	0	0	0	0	0	0	0	0	0	0	0	0	0
Feb 22 2023 18:06:17	5.66872215271	88.975692749	96.4450531006	0.0018389201723	57.6590766907	13.2651805878	63.7682304382	-	0	0	0	0	0	0	0	0	0	0	0	0	0	0	0	0	0	0	0	0	0	0	0	0	0	3.36839287203e-14	40.2829666138	0	0	0	0	0	0	0	0	0	0	0	0	0	0	0	0	0	59.7170333862	0	0	0	0	0	0	0	0	0	0	0	0	0	0	0
Feb 22 2023 18:06:18	7.62631034851	88.2479248047	96.2830276489	0.00247617997229	57.2238998413	19.1791191101	65.9307632446	-	0	0	0	0	0	0	0	0	0	0	0	0	0	0	0	0	0	0	0	0	0	0	0	0	0	1.01518142223	2.79871606827	4.79014444351	6.47275304794	7.34687232971	7.14745426178	5.96094512939	4.18634271622	2.35568380356	0.910157084465	0.0523433946073	0	0	0	0	0	0	0	0	56.9634094238	0	0	0	0	0	0	0	0	0	0	0	0	0	0	0
Feb 22 2023 18:06:19	5.66720628738	88.924156189	96.4256744385	0.00226554903202	57.3614273071	13.1690988541	57.2135391235	-	0	0	0	0	0	0	0	0	0	0	0	0	0	0	0	0	0	0	0	0	0	0	0	0	0	0	40.6260032654	0	0	0	0	0	0	0	0	0	0	0	0	0	0	0	0	0	59.3739929199	0	0	0	0	0	0	0	0	0	0	0	0	0	0	0
Feb 22 2023 18:06:20	5.66904973984	88.9866409302	96.4491729736	0.00219119153917	57.7227287292	13.2859096527	58.5518226624	-	0	0	0	0	0	0	0	0	0	0	0	0	0	0	0	0	0	0	0	0	0	0	0	0	0	0	40.2096061707	0	0	0	0	0	0	0	0	0	0	0	0	0	0	0	0	0	59.7903900146	0	0	0	0	0	0	0	0	0	0	0	0	0	0	0
Feb 22 2023 18:06:21	6.34683895111	87.6914367676	96.1892318726	0.0035649810452	55.2424240112	15.9938354492	48.2113647461	-	0	0	0	0	0	0	0	0	0	0	0	0	0	0	0	0	0	0	0	0	0	0	0	0	0.0333939790726	3.42739009857	6.24769496918	7.86123847961	8.05231666565	7.03981494904	5.33060264587	3.4857506752	1.92835068703	0.854851841927	0.255618155003	0.00248154904693	0	0	0	0	0	0	0	0	55.4804916382	0	0	0	0	0	0	0	0	0	0	0	0	0	0	0
Feb 22 2023 18:06:22	5.66903924942	88.986289978	96.4490356445	0.00143121893052	57.7206878662	13.285243988	70.4947662354	-	0	0	0	0	0	0	0	0	0	0	0	0	0	0	0	0	0	0	0	0	0	0	0	0	0	0	40.2119598389	0	0	0	0	0	0	0	0	0	0	0	0	0	0	0	0	0	59.7880439758	0	0	0	0	0	0	0	0	0	0	0	0	0	0	0
Feb 22 2023 18:06:23	8.91243457794	88.0632858276	96.2519607544	0.00263447803445	57.6621856689	21.8745994568	68.0661621094	-	0	0	0	0	0	0	0	0	0	0	0	0	0	0	0	0	0	0	0	0	0	0	0	0	0	0.392223715782	1.4057918787	2.72171545029	4.1986618042	5.60456609726	6.64964485168	7.04240226746	6.57056665421	5.18843078613	3.08089876175	0.681369304657	0	0	0	0	0	0	0	0	56.4637298584	0	0	0	0	0	0	0	0	0	0	0	0	0	0	0
Feb 22 2023 18:06:24	5.65905094147	88.4148254395	96.3110580444	0.00177821400575	55.6675682068	12.647769928	63.348941803	-	0	0	0	0	0	0	0	0	0	0	0	0	0	0	0	0	0	0	0	0	0	0	0	0	0	0	42.5781593323	0	0	0	0	0	0	0	0	0	0	0	0	0	0	0	0	0	57.4218406677	0	0	0	0	0	0	0	0	0	0	0	0	0	0	0
Feb 22 2023 18:06:25	8.92259788513	86.0777816772	95.9478302002	0.00200709910132	54.0503768921	20.885099411	73.5693283081	-	0	0	0	0	0	0	0	0	0	0	0	0	0	0	0	0	0	0	0	0	0	0	0	0	0	0.546270430088	1.50300645828	2.68293857574	4.01052618027	5.35526418686	6.5310344696	7.30045795441	7.39819574356	6.57997655869	4.70248365402	1.84875392914	0	0	0	0	0	0	0	4.38040798295e-13	51.5410919189	0	0	0	0	0	0	0	0	0	0	0	0	0	0	0
Feb 22 2023 18:06:26	8.56641769409	86.7879180908	96.0358657837	0.00341872312129	55.0820083618	20.5591983795	58.7201538086	-	0	0	0	0	0	0	0	0	0	0	0	0	0	0	0	0	0	0	0	0	0	0	0	0	0	0.678808629513	1.79090535641	3.09619545937	4.47271299362	5.74650907516	6.70657444	7.12724685669	6.80895376205	5.63553762436	3.64094233513	1.08308386803	0	0	0	0	0	0	0	0	53.2125282288	0	0	0	0	0	0	0	0	0	0	0	0	0	0	0
Feb 22 2023 18:06:27	7.24604272842	85.9118270874	95.9320449829	0.00272115203552	52.6907043457	17.5269355774	60.5467147827	-	0	0	0	0	0	0	0	0	0	0	0	0	0	0	0	0	0	0	0	0	0	0	0	0	0.274448990822	1.82825660706	3.46115350723	4.97975111008	6.18624258041	6.90577316284	7.01970386505	6.48785686493	5.36652517319	3.81325864792	2.0718524456	0.441560506821	0	0	0	0	0	0	0	0	51.1636199951	0	0	0	0	0	0	0	0	0	0	0	0	0	0	0
Feb 22 2023 18:06:28	7.17481946945	85.9300689697	95.9337768555	0.0026514113415	52.6562232971	17.3426570892	61.0089073181	-	0	0	0	0	0	0	0	0	0	0	0	0	0	0	0	0	0	0	0	0	0	0	0	0	0.423885643482	1.9089050293	3.52180862427	5.05166339874	6.27354478836	6.98636388779	7.05677127838	6.44879579544	5.24278736115	3.63294696808	1.89761090279	0.350053489208	0	0	0	0	0	0	0	0	51.2048721313	0	0	0	0	0	0	0	0	0	0	0	0	0	0	0
Feb 22 2023 18:06:29	5.65365076065	87.8971710205	96.2239608765	0.00220870669	54.4518470764	12.2983398438	55.8057060242	-	0	0	0	0	0	0	0	0	0	0	0	0	0	0	0	0	0	0	0	0	0	0	0	0	0	1.73827125654e-13	43.9792671204	0	0	0	0	0	0	0	0	0	0	0	0	0	0	0	0	0	56.0207290649	0	0	0	0	0	0	0	0	0	0	0	0	0	0	0
Feb 22 2023 18:06:30	12.4368457794	26.3584785461	95.7710571289	0.00272335601039	53.2465820313	25.9712924957	71.9060058594	-	0	0	0	0	0	0	0	0	0	0	0	0	0	0	0	0	0	0	0	0	0	0	0	0	0	0	0.173752978444	0.568099319935	1.23602378368	2.25779771805	3.68193054199	5.47270059586	7.43401861191	9.12076282501	9.7775592804	8.41903018951	4.25198984146	0	0	0	0	0	0	0	47.6063346863	0	0	0	0	0	0	0	0	0	0	0	0	0	0	0
Feb 22 2023 18:06:31	12.3379840851	87.3723754883	96.1352233887	0.00436582043767	57.9365158081	27.2857646942	60.4469604492	-	0	0	0	0	0	0	0	0	0	0	0	0	0	0	0	0	0	0	0	0	0	0	0	0	0	0	0.148275822401	0.54618871212	1.24234700203	2.32629799843	3.84276509285	5.72091436386	7.67261219025	9.0766620636	8.90596961975	5.85741758347	0	0	0	0	0	0	0	0	54.6605529785	0	0	0	0	0	0	0	0	0	0	0	0	0	0	0
Feb 22 2023 18:06:32	9.53404903412	86.7261199951	96.0253219604	0.0021794650238	55.5440101624	22.3364582062	73.2982940674	-	0	0	0	0	0	0	0	0	0	0	0	0	0	0	0	0	0	0	0	0	0	0	0	0	0	0.372394949198	1.11415994167	2.10950446129	3.32506227493	4.66928386688	5.98049020767	7.01855945587	7.47539997101	7.01692342758	5.370408535	2.48446917534	0	0	0	0	0	0	0	0	53.0633468628	0	0	0	0	0	0	0	0	0	0	0	0	0	0	0
Feb 22 2023 18:06:33	9.09261035919	86.5602264404	95.9970016479	0.00284388195723	55.0354156494	21.5040569305	65.5703277588	-	0	0	0	0	0	0	0	0	0	0	0	0	0	0	0	0	0	0	0	0	0	0	0	0	0	0.509944021702	1.40424609184	2.51581025124	3.77890515327	5.0760269165	6.23575544357	7.03470563889	7.21689033508	6.53803634644	4.8414683342	2.18177652359	0	0	0	0	0	0	0	0	52.6664390564	0	0	0	0	0	0	0	0	0	0	0	0	0	0	0
Feb 22 2023 18:06:34	10.1241521835	24.6125469208	95.7484359741	0.0030902614817	51.7889328003	22.3546924591	64.4827957153	-	0	0	0	0	0	0	0	0	0	0	0	0	0	0	0	0	0	0	0	0	0	0	0	0	0	0.31532138586	0.893107056618	1.69643032551	2.73287081718	3.97415804863	5.33884000778	6.66986322403	7.71689033508	8.13602542877	7.52920055389	5.57215166092	2.27997612953	0	0	0	0	0	0	0	47.1451759338	0	0	0	0	0	0	0	0	0	0	0	0	0	0	0
Feb 22 2023 18:06:35	9.91112041473	85.6047744751	95.9027481079	0.00187729473691	53.9154129028	22.4965267181	76.7070922852	-	0	0	0	0	0	0	0	0	0	0	0	0	0	0	0	0	0	0	0	0	0	0	0	0	0	0.335877716541	0.965957343578	1.83075833321	2.92841672897	4.21449661255	5.58384799957	6.84833526611	7.72232484818	7.83016824722	6.75921058655	4.21021747589	0.292663007975	0	0	0	0	0	0	0	50.4777259827	0	0	0	0	0	0	0	0	0	0	0	0	0	0	0
Feb 22 2023 18:06:36	8.65950870514	87.1679382324	96.1005325317	0.00199258443899	55.8236427307	20.9218425751	73.7330703735	-	0	0	0	0	0	0	0	0	0	0	0	0	0	0	0	0	0	0	0	0	0	0	0	0	0	0.587390303612	1.68445312977	2.9982984066	4.40038204193	5.70342826843	6.68016242981	7.09194564819	6.73711538315	5.51452302933	3.49089121819	0.965118765831	0	0	0	0	0	0	0	5.23770649519e-14	54.1462898254	0	0	0	0	0	0	0	0	0	0	0	0	0	0	0
Feb 22 2023 18:06:37	8.46059703827	86.5168914795	95.9895935059	0.00339563167654	54.5486412048	20.2401542664	58.4156913757	-	0	0	0	0	0	0	0	0	0	0	0	0	0	0	0	0	0	0	0	0	0	0	0	0	0	0.806419074535	1.90679967403	3.1925342083	4.54403448105	5.7912273407	6.72805595398	7.13419628143	6.81471157074	5.65598630905	3.69092011452	1.17151200771	0	0	0	0	0	0	0	0	52.5636024475	0	0	0	0	0	0	0	0	0	0	0	0	0	0	0
Feb 22 2023 18:06:38	8.76447296143	87.5456771851	96.1645812988	0.00292338314466	56.6297225952	21.3766078949	64.5761947632	-	0	0	0	0	0	0	0	0	0	0	0	0	0	0	0	0	0	0	0	0	0	0	0	0	0	0.563665211201	1.61278676987	2.87625193596	4.23436403275	5.50982046127	6.48416900635	6.92376947403	6.62525367737	5.47736930847	3.52938127518	1.0599091053	0	0	0	0	0	0	0	0	55.1032600403	0	0	0	0	0	0	0	0	0	0	0	0	0	0	0
Feb 22 2023 18:06:39	5.68086433411	89.3416900635	96.5824737549	0.00114912295248	59.8706855774	14.02551651	76.6627349854	-	0	0	0	0	0	0	0	0	0	0	0	0	0	0	0	0	0	0	0	0	0	0	0	0	0	0	37.7341079712	2.88100516751e-13	1.09134328164e-32	0	0	0	0	0	0	0	0	0	0	0	0	0	0	3.92518413538e-15	62.2658920288	0	0	0	0	0	0	0	0	0	0	0	0	0	0	0
Feb 22 2023 18:06:40	11.7400159836	85.981803894	95.9387054443	0.00236283661798	55.4356307983	25.6856498718	74.8292236328	-	0	0	0	0	0	0	0	0	0	0	0	0	0	0	0	0	0	0	0	0	0	0	0	0	0	0	0.285834670067	0.807548284531	1.62197911739	2.77717661858	4.26865196228	5.98873376846	7.66319036484	8.79207801819	8.63702869415	6.36033725739	1.4752509594	0	0	0	0	0	0	0	51.3221931458	0	0	0	0	0	0	0	0	0	0	0	0	0	0	0
Feb 22 2023 18:06:41	5.72551774979	89.4324569702	96.6165008545	0.00202679121867	60.4472389221	14.2382717133	63.0241317749	-	0	0	0	0	0	0	0	0	0	0	0	0	0	0	0	0	0	0	0	0	0	0	0	0	0	0	37.0696372986	0	0	0	0	0	0	0	0	0	0	0	0	0	0	0	0	0	62.9303627014	0	0	0	0	0	0	0	0	0	0	0	0	0	0	0
Feb 22 2023 18:06:42	10.1051073074	86.8935699463	96.0538635254	0.00273258285597	56.0997009277	23.3953132629	69.029838562	-	0	0	0	0	0	0	0	0	0	0	0	0	0	0	0	0	0	0	0	0	0	0	0	0	0	0.164479538798	0.782543897629	1.67094612122	2.82964849472	4.20295190811	5.65688896179	6.95502090454	7.74849557877	7.59864616394	6.05815219879	2.8629488945	0	0	0	0	0	0	0	0	53.4692764282	0	0	0	0	0	0	0	0	0	0	0	0	0	0	0
Feb 22 2023 18:06:43	5.65985918045	88.4875717163	96.3232650757	0.00116888305638	55.8427085876	12.6997528076	74.1676940918	-	0	0	0	0	0	0	0	0	0	0	0	0	0	0	0	0	0	0	0	0	0	0	0	0	0	0	42.3763122559	0	0	0	0	0	0	0	0	0	0	0	0	0	0	0	0	0	57.6236915588	0	0	0	0	0	0	0	0	0	0	0	0	0	0	0
Feb 22 2023 18:06:44	5.66876029968	88.9769668579	96.4455337524	0.000945096486248	57.6664848328	13.2675895691	79.3590698242	-	0	0	0	0	0	0	0	0	0	0	0	0	0	0	0	0	0	0	0	0	0	0	0	0	0	0	40.2744293213	0	0	0	0	0	0	0	0	0	0	0	0	0	0	0	0	0	59.7255706787	0	0	0	0	0	0	0	0	0	0	0	0	0	0	0
Feb 22 2023 18:06:45	5.65139484406	87.6633377075	96.1844787598	0.00110843637958	53.9196929932	12.1513881683	74.3565826416	-	0	0	0	0	0	0	0	0	0	0	0	0	0	0	0	0	0	0	0	0	0	0	0	0	0	0	44.5925712585	0	0	0	0	0	0	0	0	0	0	0	0	0	0	0	0	0	55.4074287415	0	0	0	0	0	0	0	0	0	0	0	0	0	0	0
Feb 22 2023 18:06:46	7.37111759186	86.0324859619	95.9435272217	0.00186212803237	52.9600830078	17.8229656219	71.3502502441	-	0	0	0	0	0	0	0	0	0	0	0	0	0	0	0	0	0	0	0	0	0	0	0	0	0.0520316772163	1.64240956306	3.32490205765	4.90093946457	6.16610002518	6.93818569183	7.09158849716	6.58052539825	5.45816087723	3.88241553307	2.1015818119	0.423581957817	0	0	0	0	0	0	0	0	51.4375801086	0	0	0	0	0	0	0	0	0	0	0	0	0	0	0
Feb 22 2023 18:06:47	8.7940864563	85.7543258667	95.9170303345	0.00199198978953	53.4539527893	20.5252094269	73.3245620728	-	0	0	0	0	0	0	0	0	0	0	0	0	0	0	0	0	0	0	0	0	0	0	0	0	0	0.677752733231	1.62875878811	2.7937400341	4.09763669968	5.4122633934	6.55607891083	7.29891872406	7.38526201248	6.58234977722	4.75768709183	1.99975633621	0	0	0	0	0	0	0	0	50.8097953796	0	0	0	0	0	0	0	0	0	0	0	0	0	0	0
Feb 22 2023 18:06:48	7.71900987625	87.2064819336	96.1070785522	0.00300311553292	55.2841110229	18.9945030212	60.0820426941	-	0	0	0	0	0	0	0	0	0	0	0	0	0	0	0	0	0	0	0	0	0	0	0	0	0	1.11020243168	2.74305796623	4.4284696579	5.88610935211	6.84056138992	7.09031391144	6.56031227112	5.33378887177	3.64694976807	1.83988547325	0.277755528688	0	0	0	0	0	0	0	0	54.2425918579	0	0	0	0	0	0	0	0	0	0	0	0	0	0	0
Feb 22 2023 18:06:49	7.72605609894	87.9942398071	96.2403259277	0.00268309679814	56.7056732178	19.1589336395	63.6769065857	-	0	0	0	0	0	0	0	0	0	0	0	0	0	0	0	0	0	0	0	0	0	0	0	0	0	0.824850976467	2.57692170143	4.66949510574	6.54165077209	7.59523200989	7.47623968124	6.24822473526	4.3603811264	2.42350125313	0.928926646709	0.0757314115763	0	0	0	0	0	0	0	0	56.278842926	0	0	0	0	0	0	0	0	0	0	0	0	0	0	0
Feb 22 2023 18:06:50	5.66940164566	88.9983291626	96.4535598755	0.00124269677326	57.7908363342	13.3081617355	73.8562316895	-	0	0	0	0	0	0	0	0	0	0	0	0	0	0	0	0	0	0	0	0	0	0	0	0	0	0	40.131111145	0	0	0	0	0	0	0	0	0	0	0	0	0	0	0	0	0	59.8688850403	0	0	0	0	0	0	0	0	0	0	0	0	0	0	0
Feb 22 2023 18:06:51	4.91506481171	86.7359848022	96.0270080566	0.00245406432077	51.9655761719	11.3434000015	48.7648086548	-	0	0	0	0	0	0	0	0	0	0	0	0	0	0	0	0	0	0	0	0	0	0	0	0	5.52086591721	14.9037256241	12.3584661484	7.57977581024	3.87707543373	1.71386575699	0.660580277443	0.220422789454	0.062127340585	0.0139358500019	0.00206452328712	0	0	0	0	0	0	0	0	5.12732717544e-15	53.0870895386	0	0	0	0	0	0	0	0	0	0	0	0	0	0	0
Feb 22 2023 18:06:52	6.31448984146	87.9733963013	96.2368164063	0.00167666713241	55.7539329529	15.9295387268	70.8387680054	-	0	0	0	0	0	0	0	0	0	0	0	0	0	0	0	0	0	0	0	0	0	0	0	0	0	3.29851102829	6.65038919449	8.41981315613	8.38597869873	6.96748590469	4.91828155518	2.94493150711	1.46585464478	0.57451403141	0.149352297187	0.00164381822105	0	0	0	0	0	0	0	2.02844089182e-13	56.2232437134	0	0	0	0	0	0	0	0	0	0	0	0	0	0	0
Feb 22 2023 18:06:53	5.66982936859	89.0124206543	96.4588623047	0.00147712102626	57.8732070923	13.3351736069	69.8038787842	-	0	0	0	0	0	0	0	0	0	0	0	0	0	0	0	0	0	0	0	0	0	0	0	0	0	3.08916710571e-14	40.0361824036	2.22174911564e-22	0	0	0	0	0	0	0	0	0	0	0	0	0	0	0	0	59.9638175964	0	0	0	0	0	0	0	0	0	0	0	0	0	0	0
Feb 22 2023 18:06:54	5.679438591	89.3025741577	96.5678024292	0.00149867648724	59.6257896423	13.9370584488	70.5521774292	-	0	0	0	0	0	0	0	0	0	0	0	0	0	0	0	0	0	0	0	0	0	0	0	0	0	0	38.0163459778	0	0	0	0	0	0	0	0	0	0	0	0	0	0	0	0	0	61.9836502075	0	0	0	0	0	0	0	0	0	0	0	0	0	0	0
Feb 22 2023 18:06:55	5.72376537323	89.3946075439	96.6023178101	0.00217295391485	60.2053985596	14.1482486725	60.7667388916	-	0	0	0	0	0	0	0	0	0	0	0	0	0	0	0	0	0	0	0	0	0	0	0	0	0	0	37.3483543396	0	0	0	0	0	0	0	0	0	0	0	0	0	0	0	0	0	62.6516456604	0	0	0	0	0	0	0	0	0	0	0	0	0	0	0
Feb 22 2023 18:06:56	4.62697219849	86.4938583374	95.9873046875	0.000974272785243	51.2623138428	10.556634903	73.7835922241	-	0	0	0	0	0	0	0	0	0	0	0	0	0	0	0	0	0	0	0	0	0	0	0	0	10.301402092	16.814617157	11.1170568466	5.59928894043	2.38286471367	0.883684754372	0.28738322854	0.0811823830009	0.0193639565259	0.00363884493709	0.000424922734965	0	0	0	0	0	0	0	0	0	52.5090942383	0	0	0	0	0	0	0	0	0	0	0	0	0	0	0
Feb 22 2023 18:06:57	-1.00000001505e+30	-1.00000001505e+30	-1.00000001505e+30	-1.00000002538e+26	-1.00000001505e+30	-1.00000001505e+30	99.9215087891	-	0	0	0	0	0	0	0	0	0	0	0	0	0	0	0	0	0	0	0	0	0	0	0	0	0	0	0	0	0	0	0	0	0	0	0	0	0	0	0	0	0	0	0	0	0	0	0	0	0	0	0	0	0	0	0	0	0	0	0	0
Feb 22 2023 18:06:58	-1.00000001505e+30	-1.00000001505e+30	-1.00000001505e+30	-1.00000002538e+26	-1.00000001505e+30	-1.00000001505e+30	99.9890823364	-	0	0	0	0	0	0	0	0	0	0	0	0	0	0	0	0	0	0	0	0	0	0	0	0	0	0	0	0	0	0	0	0	0	0	0	0	0	0	0	0	0	0	0	0	0	0	0	0	0	0	0	0	0	0	0	0	0	0	0	0
Feb 22 2023 18:06:59	-1.00000001505e+30	-1.00000001505e+30	-1.00000001505e+30	-1.00000002538e+26	-1.00000001505e+30	-1.00000001505e+30	99.957321167	-	0	0	0	0	0	0	0	0	0	0	0	0	0	0	0	0	0	0	0	0	0	0	0	0	0	0	0	0	0	0	0	0	0	0	0	0	0	0	0	0	0	0	0	0	0	0	0	0	0	0	0	0	0	0	0	0	0	0	0	0
Feb 22 2023 18:07:00	-1.00000001505e+30	-1.00000001505e+30	-1.00000001505e+30	-1.00000002538e+26	-1.00000001505e+30	-1.00000001505e+30	100.012039185	-	0	0	0	0	0	0	0	0	0	0	0	0	0	0	0	0	0	0	0	0	0	0	0	0	0	0	0	0	0	0	0	0	0	0	0	0	0	0	0	0	0	0	0	0	0	0	0	0	0	0	0	0	0	0	0	0	0	0	0	0
Feb 22 2023 18:07:01	-1.00000001505e+30	-1.00000001505e+30	-1.00000001505e+30	-1.00000002538e+26	-1.00000001505e+30	-1.00000001505e+30	99.9825057983	-	0	0	0	0	0	0	0	0	0	0	0	0	0	0	0	0	0	0	0	0	0	0	0	0	0	0	0	0	0	0	0	0	0	0	0	0	0	0	0	0	0	0	0	0	0	0	0	0	0	0	0	0	0	0	0	0	0	0	0	0
Feb 22 2023 18:07:02	-1.00000001505e+30	-1.00000001505e+30	-1.00000001505e+30	-1.00000002538e+26	-1.00000001505e+30	-1.00000001505e+30	99.9320144653	-	0	0	0	0	0	0	0	0	0	0	0	0	0	0	0	0	0	0	0	0	0	0	0	0	0	0	0	0	0	0	0	0	0	0	0	0	0	0	0	0	0	0	0	0	0	0	0	0	0	0	0	0	0	0	0	0	0	0	0	0
Feb 22 2023 18:07:03	-1.00000001505e+30	-1.00000001505e+30	-1.00000001505e+30	-1.00000002538e+26	-1.00000001505e+30	-1.00000001505e+30	99.9732131958	-	0	0	0	0	0	0	0	0	0	0	0	0	0	0	0	0	0	0	0	0	0	0	0	0	0	0	0	0	0	0	0	0	0	0	0	0	0	0	0	0	0	0	0	0	0	0	0	0	0	0	0	0	0	0	0	0	0	0	0	0
Feb 22 2023 18:07:04	-1.00000001505e+30	-1.00000001505e+30	-1.00000001505e+30	-1.00000002538e+26	-1.00000001505e+30	-1.00000001505e+30	99.8239059448	-	0	0	0	0	0	0	0	0	0	0	0	0	0	0	0	0	0	0	0	0	0	0	0	0	0	0	0	0	0	0	0	0	0	0	0	0	0	0	0	0	0	0	0	0	0	0	0	0	0	0	0	0	0	0	0	0	0	0	0	0
Feb 22 2023 18:07:05	-1.00000001505e+30	-1.00000001505e+30	-1.00000001505e+30	-1.00000002538e+26	-1.00000001505e+30	-1.00000001505e+30	99.8817672729	-	0	0	0	0	0	0	0	0	0	0	0	0	0	0	0	0	0	0	0	0	0	0	0	0	0	0	0	0	0	0	0	0	0	0	0	0	0	0	0	0	0	0	0	0	0	0	0	0	0	0	0	0	0	0	0	0	0	0	0	0
Feb 22 2023 18:07:06	-1.00000001505e+30	-1.00000001505e+30	-1.00000001505e+30	-1.00000002538e+26	-1.00000001505e+30	-1.00000001505e+30	99.9797515869	-	0	0	0	0	0	0	0	0	0	0	0	0	0	0	0	0	0	0	0	0	0	0	0	0	0	0	0	0	0	0	0	0	0	0	0	0	0	0	0	0	0	0	0	0	0	0	0	0	0	0	0	0	0	0	0	0	0	0	0	0
Feb 22 2023 18:07:07	-1.00000001505e+30	-1.00000001505e+30	-1.00000001505e+30	-1.00000002538e+26	-1.00000001505e+30	-1.00000001505e+30	99.9750213623	-	0	0	0	0	0	0	0	0	0	0	0	0	0	0	0	0	0	0	0	0	0	0	0	0	0	0	0	0	0	0	0	0	0	0	0	0	0	0	0	0	0	0	0	0	0	0	0	0	0	0	0	0	0	0	0	0	0	0	0	0
Feb 22 2023 18:07:08	-1.00000001505e+30	-1.00000001505e+30	-1.00000001505e+30	-1.00000002538e+26	-1.00000001505e+30	-1.00000001505e+30	99.9643478394	-	0	0	0	0	0	0	0	0	0	0	0	0	0	0	0	0	0	0	0	0	0	0	0	0	0	0	0	0	0	0	0	0	0	0	0	0	0	0	0	0	0	0	0	0	0	0	0	0	0	0	0	0	0	0	0	0	0	0	0	0
Feb 22 2023 18:07:09	-1.00000001505e+30	-1.00000001505e+30	-1.00000001505e+30	-1.00000002538e+26	-1.00000001505e+30	-1.00000001505e+30	99.9852676392	-	0	0	0	0	0	0	0	0	0	0	0	0	0	0	0	0	0	0	0	0	0	0	0	0	0	0	0	0	0	0	0	0	0	0	0	0	0	0	0	0	0	0	0	0	0	0	0	0	0	0	0	0	0	0	0	0	0	0	0	0
Feb 22 2023 18:07:10	-1.00000001505e+30	-1.00000001505e+30	-1.00000001505e+30	-1.00000002538e+26	-1.00000001505e+30	-1.00000001505e+30	99.9936065674	-	0	0	0	0	0	0	0	0	0	0	0	0	0	0	0	0	0	0	0	0	0	0	0	0	0	0	0	0	0	0	0	0	0	0	0	0	0	0	0	0	0	0	0	0	0	0	0	0	0	0	0	0	0	0	0	0	0	0	0	0
Feb 22 2023 18:07:11	-1.00000001505e+30	-1.00000001505e+30	-1.00000001505e+30	-1.00000002538e+26	-1.00000001505e+30	-1.00000001505e+30	99.9975967407	-	0	0	0	0	0	0	0	0	0	0	0	0	0	0	0	0	0	0	0	0	0	0	0	0	0	0	0	0	0	0	0	0	0	0	0	0	0	0	0	0	0	0	0	0	0	0	0	0	0	0	0	0	0	0	0	0	0	0	0	0
Feb 22 2023 18:07:12	-1.00000001505e+30	-1.00000001505e+30	-1.00000001505e+30	-1.00000002538e+26	-1.00000001505e+30	-1.00000001505e+30	99.9954071045	-	0	0	0	0	0	0	0	0	0	0	0	0	0	0	0	0	0	0	0	0	0	0	0	0	0	0	0	0	0	0	0	0	0	0	0	0	0	0	0	0	0	0	0	0	0	0	0	0	0	0	0	0	0	0	0	0	0	0	0	0
Feb 22 2023 18:07:13	-1.00000001505e+30	-1.00000001505e+30	-1.00000001505e+30	-1.00000002538e+26	-1.00000001505e+30	-1.00000001505e+30	100.004302979	-	0	0	0	0	0	0	0	0	0	0	0	0	0	0	0	0	0	0	0	0	0	0	0	0	0	0	0	0	0	0	0	0	0	0	0	0	0	0	0	0	0	0	0	0	0	0	0	0	0	0	0	0	0	0	0	0	0	0	0	0
Feb 22 2023 18:07:14	-1.00000001505e+30	-1.00000001505e+30	-1.00000001505e+30	-1.00000002538e+26	-1.00000001505e+30	-1.00000001505e+30	100.00920105	-	0	0	0	0	0	0	0	0	0	0	0	0	0	0	0	0	0	0	0	0	0	0	0	0	0	0	0	0	0	0	0	0	0	0	0	0	0	0	0	0	0	0	0	0	0	0	0	0	0	0	0	0	0	0	0	0	0	0	0	0
Feb 22 2023 18:07:15	-1.00000001505e+30	-1.00000001505e+30	-1.00000001505e+30	-1.00000002538e+26	-1.00000001505e+30	-1.00000001505e+30	99.9708557129	-	0	0	0	0	0	0	0	0	0	0	0	0	0	0	0	0	0	0	0	0	0	0	0	0	0	0	0	0	0	0	0	0	0	0	0	0	0	0	0	0	0	0	0	0	0	0	0	0	0	0	0	0	0	0	0	0	0	0	0	0
Feb 22 2023 18:07:16	-1.00000001505e+30	-1.00000001505e+30	-1.00000001505e+30	-1.00000002538e+26	-1.00000001505e+30	-1.00000001505e+30	99.9711380005	-	0	0	0	0	0	0	0	0	0	0	0	0	0	0	0	0	0	0	0	0	0	0	0	0	0	0	0	0	0	0	0	0	0	0	0	0	0	0	0	0	0	0	0	0	0	0	0	0	0	0	0	0	0	0	0	0	0	0	0	0
Feb 22 2023 18:07:17	-1.00000001505e+30	-1.00000001505e+30	-1.00000001505e+30	-1.00000002538e+26	-1.00000001505e+30	-1.00000001505e+30	100.009559631	-	0	0	0	0	0	0	0	0	0	0	0	0	0	0	0	0	0	0	0	0	0	0	0	0	0	0	0	0	0	0	0	0	0	0	0	0	0	0	0	0	0	0	0	0	0	0	0	0	0	0	0	0	0	0	0	0	0	0	0	0
Feb 22 2023 18:07:18	-1.00000001505e+30	-1.00000001505e+30	-1.00000001505e+30	-1.00000002538e+26	-1.00000001505e+30	-1.00000001505e+30	100.029823303	-	0	0	0	0	0	0	0	0	0	0	0	0	0	0	0	0	0	0	0	0	0	0	0	0	0	0	0	0	0	0	0	0	0	0	0	0	0	0	0	0	0	0	0	0	0	0	0	0	0	0	0	0	0	0	0	0	0	0	0	0
