Date-Time	Dx(10)	Dx(50)	Dx(90)	Cv(%)	D[4][3]	D[3][2]	Transmission	0.10000020	0.11659167	0.13593590	0.15848963	0.18478534	0.21544389	0.25118914	0.29286504	0.34145555	0.39810795	0.46415979	0.54117060	0.63095856	0.73564368	0.85769761	1.00000191	1.16591668	1.35935903	1.58489633	1.84785342	2.15443897	2.51189137	2.92865038	3.41455555	3.98107958	4.64159775	5.41170597	6.30958605	7.35643721	8.57697582	10.00002003	11.65916729	13.59359074	15.84896278	18.47853470	21.54438972	25.11891365	29.28650284	34.14555740	39.81079483	46.41598129	54.11705780	63.09585953	73.56436920	85.76976013	100.00019836	116.59166718	135.93591309	158.48962402	184.78533936	215.44389343	251.18913269	292.86502075	341.45556641	398.10794067	464.15979004	541.17059326	630.95855713	735.64367676	857.69757080	1000.00195313
Feb 22 2023 18:03:26	1.52023625374	88.7822036743	96.3726119995	0.000193418833078	57.3169784546	7.13959026337	87.7006759644	-	0	0	0	0	0	0	0	0	0	0	0	0	0	0	0.57958817482	2.51646924019	4.03585958481	3.79265069962	2.36422991753	1.00199449062	0.277779072523	0.0456580929458	0.00487362546846	0.0023430630099	0.0162782911211	0.119847945869	0.530864477158	1.53180503845	3.1824529171	5.00600290298	6.06058073044	5.52421665192	3.5220720768	1.29535984993	0.134860962629	0	0	0	0	0	0	0	0	0	58.4542160034	0	0	0	0	0	0	0	0	0	0	0	0	0	0	0
Feb 22 2023 18:03:27	5.52814006805	90.6221542358	97.0603790283	0.000304162793327	68.905921936	9.65329551697	85.7767333984	-	0	0	0	0	0	0	0	0	0	0	0	0	0	0	0	0	8.05281066895	3.65584385681e-12	0	0	0	0	0	0	0	0	16.5971107483	2.26360297203	0.00755036761984	1.29080563056e-05	1.28667219101e-08	7.44797626351e-12	2.34576351501e-15	3.38623418499e-19	7.48749694773e-24	0	0	0	0	0	0	0	0	0	73.0789108276	0	0	0	0	0	0	0	0	0	0	0	0	0	0	0
Feb 22 2023 18:03:28	-1.00000001505e+30	-1.00000001505e+30	-1.00000001505e+30	-1.00000002538e+26	-1.00000001505e+30	-1.00000001505e+30	99.0270385742	-	0	0	0	0	0	0	0	0	0	0	0	0	0	0	0	0	0	0	0	0	0	0	0	0	0	0	0	0	0	0	0	0	0	0	0	0	0	0	0	0	0	0	0	0	0	0	0	0	0	0	0	0	0	0	0	0	0	0	0	0
Feb 22 2023 18:03:29	6.30673742294	90.6617584229	97.0750961304	0.000225007432164	69.3975906372	9.22521781921	88.2369537354	-	0	0	0	0	0	0	0	0	0	0	0	0	0	0	0	0	9.75544261932	0	0	0	0	0	0	0	0	0	0	8.9550743103	7.75058364868	0.0681784674525	4.28507919423e-05	2.56539944843e-09	1.2066944869e-14	1.7615035307e-21	1.12763795542e-34	0	0	0	0	0	0	0	0	0	73.4706726074	0	0	0	0	0	0	0	0	0	0	0	0	0	0	0
Feb 22 2023 18:03:30	6.58881950378	90.8255691528	97.1358947754	0.000370736292098	70.9563140869	10.6951503754	84.0688323975	-	0	0	0	0	0	0	0	0	0	0	0	0	0	0	0	0	7.85010910034	0	0	0	0	0	0	0	0	0	0	9.58926963806	5.54813051224	1.55340266228	0.285289496183	0.0359197482467	0.00300161121413	0.000144463410834	1.33547416681e-06	0	0	0	0	0	0	0	0	0	75.134727478	0	0	0	0	0	0	0	0	0	0	0	0	0	0	0
Feb 22 2023 18:03:31	6.60570859909	90.5369415283	97.028717041	0.000493225059472	68.6045303345	9.82748222351	77.5109710693	-	0	0	0	0	0	0	0	0	0	0	0	0	0	0	0	0	8.92505073547	0	0	0	0	0	0	0	0	0	0	5.19834852219	6.68344593048	4.43545103073	1.8769569397	0.52587813139	0.0951182469726	0.00992516800761	0.000319641432725	0	0	0	0	0	0	0	0	0	72.2495117188	0	0	0	0	0	0	0	0	0	0	0	0	0	0	0
Feb 22 2023 18:03:32	6.52041816711	90.6308059692	97.0635986328	0.000501806847751	69.2743301392	9.81395626068	77.1588821411	-	0	0	0	0	0	0	0	0	0	0	0	0	0	0	0	0	8.89042854309	0	0	0	0	0	0	0	0	0	0	7.61766052246	6.68352603912	2.77676486969	0.727092385292	0.125580638647	0.0138859162107	0.000859191757627	1.2230450011e-05	0	0	0	0	0	0	0	0	0	73.1641921997	0	0	0	0	0	0	0	0	0	0	0	0	0	0	0
Feb 22 2023 18:03:33	5.77356767654	89.8029098511	96.7551269531	0.000551233242732	63.700592041	9.10997962952	73.3798370361	-	0	0	0	0	0	0	0	0	0	0	0	0	0	0	0	0	9.88226699829	0	0	0	0	0	0	0	0	0	0.584907352924	2.08056378365	3.62523150444	4.65074491501	4.78246307373	4.01952505112	2.72434854507	1.40767586231	0.454121470451	0	0	0	0	0	0	0	0	0	65.7881469727	0	0	0	0	0	0	0	0	0	0	0	0	0	0	0
Feb 22 2023 18:03:34	6.01889705658	89.974937439	96.8193817139	0.000527048192453	64.6382980347	9.28878974915	75.0252456665	-	0	0	0	0	0	0	0	0	0	0	0	0	0	0	0	0	9.40917778015	0	0	0	0	0	0	0	0	0	1.13886785507	3.20501995087	4.72024202347	5.06106424332	4.25574445724	2.8467900753	1.48490011692	0.561709523201	0.115466929972	0	0	0	0	0	0	0	0	0	67.2010269165	0	0	0	0	0	0	0	0	0	0	0	0	0	0	0
Feb 22 2023 18:03:35	6.19438171387	90.3143768311	96.9459152222	0.000522132788319	66.8585357666	10.0524902344	77.3692092896	-	0	0	0	0	0	0	0	0	0	0	0	0	0	0	0	0	8.06957530975	2.009994149e-15	0	0	0	0	0	0	0	0	2.39500021935	5.86062431335	6.23494005203	4.29404020309	2.0749874115	0.71136790514	0.16777458787	0.0244880206883	0.00128584925551	0	0	0	0	0	0	0	0	0	70.1659164429	0	0	0	0	0	0	0	0	0	0	0	0	0	0	0
Feb 22 2023 18:03:36	7.3019900322	90.7303085327	97.1005477905	0.000844423659146	70.4437026978	13.3627328873	75.1273117065	-	0	0	0	0	0	0	0	0	0	0	0	0	0	0	0	0	0	6.3942899704	0	0	0	0	0	0	0	0	0	3.90371417999	7.37350416183	5.19865322113	2.22387337685	0.6220728755	0.112824082375	0.0122155249119	0.000548125943169	0	0	0	0	0	0	0	0	0	74.1583023071	0	0	0	0	0	0	0	0	0	0	0	0	0	0	0
Feb 22 2023 18:03:37	7.31741857529	90.3528747559	96.9602508545	0.00063899171073	67.5041656494	10.4395265579	73.4669113159	-	0	0	0	0	0	0	0	0	0	0	0	0	0	0	0	0	8.27092075348	0	0	0	0	0	0	0	0	0	0	1.8423460722	4.85248231888	5.91446733475	4.70777511597	2.60944128036	1.00286018848	0.250412672758	0.031275447458	0	0	0	0	0	0	0	0	0	70.5180206299	0	0	0	0	0	0	0	0	0	0	0	0	0	0	0
Feb 22 2023 18:03:38	6.90872573853	89.9306488037	96.8028411865	0.000607066962402	64.5406570435	10.8898868561	77.0985565186	-	0	0	0	0	0	0	0	0	0	0	0	0	0	0	0	0	0	8.71340274811	0	0	0	0	0	0	0	0	0.0733869299293	2.57728219032	4.73058414459	5.6040558815	5.02413845062	3.53483700752	1.93645119667	0.782571613789	0.191564679146	0	0	0	0	0	0	0	0	0	66.8317260742	0	0	0	0	0	0	0	0	0	0	0	0	0	0	0
Feb 22 2023 18:03:39	1.3650816679	90.268371582	96.9287872314	0.000313497439492	66.838470459	9.31653499603	83.998374939	-	0	0	0	0	0	0	0	0	0	0	0	0	0	0	0	0	10.0102586746	0	0	0	0	0	0	0	0	0	0	0.966991603374	3.61046051979	5.30061483383	5.00892591476	3.30358958244	1.52144479752	0.458969593048	0.0692363232374	0	0	0	0	0	0	0	0	0	69.7495117188	0	0	0	0	0	0	0	0	0	0	0	0	0	0	0
Feb 22 2023 18:03:40	6.79488229752	90.1443710327	96.8825759888	0.00044669903582	66.1892318726	9.48407936096	78.3356399536	-	0	0	0	0	0	0	0	0	0	0	0	0	0	0	0	0	9.86026000977	0	0	0	0	0	0	0	0	0	0	0.610443234444	2.44414138794	4.19242525101	4.97212266922	4.42605113983	2.97692918777	1.44472670555	0.422546952963	0	0	0	0	0	0	0	0	0	68.650352478	0	0	0	0	0	0	0	0	0	0	0	0	0	0	0
Feb 22 2023 18:03:41	6.63740110397	90.1123504639	96.8706436157	0.000524481583852	65.8979644775	9.40792179108	74.9499282837	-	0	0	0	0	0	0	0	0	0	0	0	0	0	0	0	0	9.87502384186	0	0	0	0	0	0	0	0	0	0	0.838688015938	2.86741685867	4.53775691986	5.03189134598	4.21560239792	2.68100976944	1.23550760746	0.34521946311	0	0	0	0	0	0	0	0	0	68.371887207	0	0	0	0	0	0	0	0	0	0	0	0	0	0	0
Feb 22 2023 18:03:42	1.30653738976	89.1653518677	96.5163116455	0.000654916744679	60.0473213196	7.85574769974	64.5388717651	-	0	0	0	0	0	0	0	0	0	0	0	0	0	0	0	0	12.303647995	2.62799493538e-13	0	0	0	0	0	0	0	0	0.233711540699	1.11934912205	2.30355215073	3.5499458313	4.53100347519	4.91823625565	4.51601982117	3.37609434128	1.81653261185	0.319348782301	0	0	0	0	0	0	0	0	61.0125617981	0	0	0	0	0	0	0	0	0	0	0	0	0	0	0
Feb 22 2023 18:03:43	1.31298136711	89.4600524902	96.6268386841	0.000451408384833	61.3568534851	7.99858856201	74.5903930664	-	0	0	0	0	0	0	0	0	0	0	0	0	0	0	0	0	11.7117156982	0	0	0	0	0	0	0	0	0	0.931252002716	2.30991315842	3.65402030945	4.53399753571	4.66909408569	4.03504943848	2.87636303902	1.59229779243	0.551268577576	0	0	0	0	0	0	0	0	0	63.1350288391	0	0	0	0	0	0	0	0	0	0	0	0	0	0	0
Feb 22 2023 18:03:44	1.32876360416	90.2210540771	96.9111557007	0.000385119579732	66.0857543945	8.43446731567	78.8558120728	-	0	0	0	0	0	0	0	0	0	0	0	0	0	0	0	0	11.1238698959	3.30749923977e-12	0	0	0	0	0	0	0	0	0	3.66579556465	6.07657670975	5.37518692017	3.01925063133	1.11304247379	0.262812823057	0.0357474684715	0.00161409401335	0	0	0	0	0	0	0	0	0	69.3261032104	0	0	0	0	0	0	0	0	0	0	0	0	0	0	0
Feb 22 2023 18:03:45	5.81539678574	90.0359802246	96.8421554565	0.000513207167387	65.066947937	9.09882640839	74.9189376831	-	0	0	0	0	0	0	0	0	0	0	0	0	0	0	0	0	9.90052604675	0	0	0	0	0	0	0	0	0	0.579812824726	2.72490787506	4.5022444725	5.0893740654	4.38074493408	2.93724751472	1.50818240643	0.552271187305	0.108318574727	0	0	0	0	0	0	0	0	0	67.7163696289	0	0	0	0	0	0	0	0	0	0	0	0	0	0	0
Feb 22 2023 18:03:46	6.93423128128	90.3459777832	96.9576797485	0.000321287894621	67.3637008667	9.88209819794	84.7338104248	-	0	0	0	0	0	0	0	0	0	0	0	0	0	0	0	0	9.00714206696	0	0	0	0	0	0	0	0	0	0	2.13887095451	4.82867717743	5.65715551376	4.39850664139	2.38459801674	0.892012000084	0.213996320963	0.0243282914162	0	0	0	0	0	0	0	0	0	70.4547195435	0	0	0	0	0	0	0	0	0	0	0	0	0	0	0
Feb 22 2023 18:03:47	7.47075271606	89.9361877441	96.8049163818	0.000533380778506	64.9734954834	11.4289264679	80.3432998657	-	0	0	0	0	0	0	0	0	0	0	0	0	0	0	0	6.54707224804e-37	0.00425239652395	8.4775056839	1.10439623618e-19	0	0	0	0	0	0	0	0	1.28699314594	2.87698364258	4.24708890915	4.90818977356	4.62869596481	3.55868053436	2.14639496803	0.889981269836	0.0974875241518	0	0	0	0	0	0	0	0	66.877746582	0	0	0	0	0	0	0	0	0	0	0	0	0	0	0
Feb 22 2023 18:03:48	1.33922016621	89.2804031372	96.5594940186	0.000351824099198	60.8439865112	8.60848045349	80.9557342529	-	0	0	0	0	0	0	0	0	0	0	0	0	0	0	0	0	10.7754068375	0	0	0	0	0	0	0	0	0	0.426144421101	1.28352224827	2.42539548874	3.62908792496	4.57774162292	4.94666147232	4.5374007225	3.39618253708	1.83694732189	0.340725272894	0	0	0	0	0	0	0	0	61.8247871399	0	0	0	0	0	0	0	0	0	0	0	0	0	0	0
Feb 22 2023 18:03:49	1.30229866505	88.2753143311	96.2876281738	0.000614838150796	57.1903266907	7.61125421524	65.40234375	-	0	0	0	0	0	0	0	0	0	0	0	0	0	0	0	0	12.7285432816	1.49528636001e-11	0	0	0	0	0	0	0	0.0189551599324	0.361804395914	0.978910207748	1.86970901489	2.95748806	4.07232618332	4.9503827095	5.28036355972	4.80524396896	3.45678448677	1.48129594326	0	0	0	0	0	0	0	0	57.038192749	0	0	0	0	0	0	0	0	0	0	0	0	0	0	0
Feb 22 2023 18:03:50	1.33667135239	89.4488449097	96.6226425171	0.000414221460233	61.8151512146	8.64620494843	77.9760513306	-	0	0	0	0	0	0	0	0	0	0	0	0	0	0	0	0	10.8580703735	0	0	0	0	0	0	0	0	0	0.149638026953	1.10701978207	2.36346387863	3.63715553284	4.57085037231	4.84551048279	4.32180976868	3.1307079792	1.64267253876	0.321370184422	0	0	0	0	0	0	0	0	63.0517311096	0	0	0	0	0	0	0	0	0	0	0	0	0	0	0
Feb 22 2023 18:03:51	1.32752406597	89.2069168091	96.5319137573	0.00056728447089	60.3175735474	8.34834003448	70.3272094727	-	0	0	0	0	0	0	0	0	0	0	0	0	0	0	0	0	11.1668643951	0	0	0	0	0	0	0	0	0	0.438389003277	1.43550145626	2.67648649216	3.88340425491	4.72585010529	4.91990232468	4.34934806824	3.14301514626	1.64896214008	0.308618634939	0	0	0	0	0	0	0	0	61.3036575317	0	0	0	0	0	0	0	0	0	0	0	0	0	0	0
Feb 22 2023 18:03:52	6.64974737167	90.6779632568	97.0811157227	0.000810086610727	69.6269226074	9.85606861115	65.9641113281	-	0	0	0	0	0	0	0	0	0	0	0	0	0	0	0	0	8.83114528656	0	0	0	0	0	0	0	0	0	0	6.15249443054	11.3793182373	0.00490414071828	3.13847685618e-08	5.39103267236e-15	2.05006568808e-23	5.8039927961e-34	0	0	0	0	0	0	0	0	0	0	73.6321411133	0	0	0	0	0	0	0	0	0	0	0	0	0	0	0
Feb 22 2023 18:03:53	7.15448951721	90.5808181763	97.0450286865	0.000949968001805	69.1498031616	10.3515272141	62.741394043	-	0	0	0	0	0	0	0	0	0	0	0	0	0	0	0	0	8.52545452118	0	0	0	0	0	0	0	0	0	0	2.10177350044	5.65874099731	5.76850414276	3.50743079185	1.36983144283	0.341086626053	0.0498852618039	0.00296208122745	0	0	0	0	0	0	0	0	0	72.674331665	0	0	0	0	0	0	0	0	0	0	0	0	0	0	0
Feb 22 2023 18:03:54	6.62651824951	90.4350738525	96.9908370972	0.000855241552927	67.8796386719	9.56397438049	63.2643814087	-	0	0	0	0	0	0	0	0	0	0	0	0	0	0	0	0	9.41316795349	1.32218969931e-13	0	0	0	0	0	0	0	0	0	3.01975369453	5.92395591736	5.55909013748	3.23525452614	1.22586071491	0.297338753939	0.0420631729066	0.00223689014092	0	0	0	0	0	0	0	0	0	71.2812805176	0	0	0	0	0	0	0	0	0	0	0	0	0	0	0
Feb 22 2023 18:03:55	1.29318916798	89.0944213867	96.4896697998	0.000664618972223	59.4229431152	7.22386693954	61.3425750732	-	0	0	0	0	0	0	0	0	0	0	0	0	0	0	0	0	13.7546510696	0	0	0	0	0	0	0	0	0	0.38108959794	1.23483037949	2.35936164856	3.52155351639	4.40703678131	4.70852613449	4.2531785965	3.10747551918	1.58870518208	0.161762431264	0	0	0	0	0	0	0	0	60.5218276978	0	0	0	0	0	0	0	0	0	0	0	0	0	0	0
Feb 22 2023 18:03:56	1.29129779339	89.3275146484	96.5771636963	0.000734467874281	60.5144081116	7.14157295227	57.8332176208	-	0	0	0	0	0	0	0	0	0	0	0	0	0	0	0	5.31568559457e-39	13.9897937775	1.16880801912e-11	0	0	0	0	0	0	0	0	0.325242698193	1.33666527271	2.72584438324	4.05038452148	4.76952362061	4.53993368149	3.446372509	1.96858048439	0.684324145317	0	0	0	0	0	0	0	0	0	62.1633338928	0	0	0	0	0	0	0	0	0	0	0	0	0	0	0
Feb 22 2023 18:03:57	1.27869188786	88.3692092896	96.3033981323	0.000533299404196	56.7742576599	6.48354053497	64.2565155029	-	0	0	0	0	0	0	0	0	0	0	0	0	0	0	0	0	15.8003492355	0	0	0	0	0	0	0	0	0	0.291281431913	0.954948067665	1.96511411667	3.18040037155	4.31071615219	4.97600793839	4.84899902344	3.83143901825	2.16331958771	0.381533145905	0	0	0	0	0	0	0	0	57.2958869934	0	0	0	0	0	0	0	0	0	0	0	0	0	0	0
Feb 22 2023 18:03:58	1.30241906643	89.2664337158	96.5542526245	0.000532099104021	60.1640930176	7.53226661682	69.0671386719	-	0	0	0	0	0	0	0	0	0	0	0	0	0	0	0	0	12.716047287	7.09964584952e-14	0	0	0	0	0	0	0	0	0.84334808588	2.13023543358	3.47004079819	4.45226764679	4.75496673584	4.27188110352	3.1703710556	1.82393550873	0.64184230566	0	0	0	0	0	0	0	0	0	61.725063324	0	0	0	0	0	0	0	0	0	0	0	0	0	0	0
Feb 22 2023 18:03:59	5.88267707825	89.9300460815	96.8026199341	0.000454930675915	64.3488464355	9.17565917969	77.743057251	-	0	0	0	0	0	0	0	0	0	0	0	0	0	0	0	0	9.59823322296	0	0	0	0	0	0	0	0	0	1.10516190529	3.04527330399	4.54160070419	4.99550104141	4.3521194458	3.04335284233	1.67345571518	0.672144889832	0.146410644054	0	0	0	0	0	0	0	0	0	66.826751709	0	0	0	0	0	0	0	0	0	0	0	0	0	0	0
Feb 22 2023 18:04:00	5.57737064362	89.3712387085	96.5935592651	0.000198754976736	60.8199234009	8.73348903656	89.1609954834	-	0	0	0	0	0	0	0	0	0	0	0	0	0	0	0	0	9.88211250305	0	0	0	0	0	0	0	0	0	1.30879294872	3.34506678581	4.88099145889	5.43992376328	4.97005319595	3.78387713432	2.37043094635	1.16142618656	0.3744995296	0.00206959806383	0	0	0	0	0	0	0	0	62.4807548523	0	0	0	0	0	0	0	0	0	0	0	0	0	0	0
Feb 22 2023 18:04:01	6.65731954575	90.3049316406	96.9423980713	0.000305278867017	66.8966140747	10.0679569244	85.9540863037	-	0	0	0	0	0	0	0	0	0	0	0	0	0	0	0	0	8.31991481781	0	0	0	0	0	0	0	0	0	0.464367926121	4.71453094482	6.53576040268	5.35718631744	2.99033737183	1.16845881939	0.312995105982	0.0526640228927	0.00376374949701	0	0	0	0	0	0	0	0	0	70.0800170898	0	0	0	0	0	0	0	0	0	0	0	0	0	0	0
Feb 22 2023 18:04:02	6.84867763519	90.3207550049	96.9482879639	0.00037910026731	67.0652313232	10.0198154449	82.6749649048	-	0	0	0	0	0	0	0	0	0	0	0	0	0	0	0	0	8.54771518707	0	0	0	0	0	0	0	0	0	0	3.59874153137	6.35138225555	5.88287878036	3.5240893364	1.42316675186	0.381278306246	0.0623604059219	0.00436071911827	0	0	0	0	0	0	0	0	0	70.224029541	0	0	0	0	0	0	0	0	0	0	0	0	0	0	0
Feb 22 2023 18:04:03	6.85701847076	90.3704452515	96.9667892456	0.000392232061131	67.4927749634	9.81049251556	81.5655517578	-	0	0	0	0	0	0	0	0	0	0	0	0	0	0	0	0	9.07375621796	0	0	0	0	0	0	0	0	0	0	2.39697670937	5.2578496933	5.77158546448	4.08807420731	1.96372675896	0.631702899933	0.125594466925	0.0108981020749	0	0	0	0	0	0	0	0	0	70.6798400879	0	0	0	0	0	0	0	0	0	0	0	0	0	0	0
Feb 22 2023 18:04:04	1.2887737751	88.8322601318	96.3910980225	0.000534501683433	58.2221794128	7.03742456436	66.6594238281	-	0	0	0	0	0	0	0	0	0	0	0	0	0	0	0	0	14.3169879913	3.78445018379e-11	0	0	0	0	0	0	0	0	0.247655361891	0.89255720377	1.83651983738	2.96229720116	4.04252052307	4.76694774628	4.82991600037	4.06306028366	2.55765938759	0.712361872196	0	0	0	0	0	0	0	0	58.7715148926	0	0	0	0	0	0	0	0	0	0	0	0	0	0	0
Feb 22 2023 18:04:05	1.33136487007	89.6523284912	96.6988220215	0.000707536819391	62.8310661316	8.5421295166	64.989982605	-	0	0	0	0	0	0	0	0	0	0	0	0	0	0	0	2.52233723578e-42	11.0348348618	6.22320933934e-14	0	0	0	0	0	0	0	0	0.208360612392	1.40130543709	2.82929897308	4.06464147568	4.69236373901	4.487159729	3.53236317635	2.1887922287	0.914447128773	0.049238178879	0	0	0	0	0	0	0	0	64.5971984863	0	0	0	0	0	0	0	0	0	0	0	0	0	0	0
Feb 22 2023 18:04:06	6.50751113892	90.8472442627	97.1439361572	0.000638021505438	71.0724411011	10.6548624039	74.1903152466	-	0	0	0	0	0	0	0	0	0	0	0	0	0	0	0	0	7.73965740204	0	0	0	0	0	0	0	0	0	0	14.2227830887	2.63243031502	0.0445594787598	0.000225276715355	3.99158608388e-07	2.28756860676e-10	2.89024040161e-14	4.81881109803e-20	0	0	0	0	0	0	0	0	0	75.3603439331	0	0	0	0	0	0	0	0	0	0	0	0	0	0	0
Feb 22 2023 18:04:07	1.36042237282	90.2133026123	96.9082717896	0.000551320845261	66.5057830811	9.25114345551	73.3838043213	-	0	0	0	0	0	0	0	0	0	0	0	0	0	0	0	0	10.1389560699	0	0	0	0	0	0	0	0	0	0	1.13279521465	3.1471953392	4.64490222931	4.81555747986	3.71222352982	2.11999201775	0.845233738422	0.185880273581	0	0	0	0	0	0	0	0	0	69.257270813	0	0	0	0	0	0	0	0	0	0	0	0	0	0	0
Feb 22 2023 18:04:08	1.35825192928	89.947845459	96.8092651367	0.000453772954643	64.5695953369	8.97229671478	77.0784301758	-	0	0	0	0	0	0	0	0	0	0	0	0	0	0	0	1.91344725233e-31	10.2001972198	7.62683698748e-13	0	0	0	0	0	0	0	0	0.524949073792	2.15684938431	3.75692439079	4.6756401062	4.57654428482	3.59792661667	2.23648333549	1.02897465229	0.270863831043	0	0	0	0	0	0	0	0	0	66.974647522	0	0	0	0	0	0	0	0	0	0	0	0	0	0	0
Feb 22 2023 18:04:09	1.35138082504	90.0958099365	96.8644714355	0.000545774993952	65.5841522217	8.97418308258	72.9538879395	-	0	0	0	0	0	0	0	0	0	0	0	0	0	0	0	0	10.3997249603	3.17353077411e-13	0	0	0	0	0	0	0	0	0.054028827697	1.82026398182	3.6682639122	4.73983383179	4.59565114975	3.46193313599	2.00340223312	0.834717988968	0.193291798234	0	0	0	0	0	0	0	0	0	68.2288894653	0	0	0	0	0	0	0	0	0	0	0	0	0	0	0
Feb 22 2023 18:04:10	6.98624706268	90.4976959229	97.0141296387	0.000792112899944	68.4681472778	9.5817527771	65.210357666	-	0	0	0	0	0	0	0	0	0	0	0	0	0	0	0	0	9.67645454407	0	0	0	0	0	0	0	0	0	0	0.988194644451	4.83032894135	5.96454238892	4.19374799728	1.86053025723	0.521332144737	0.085521928966	0.0058195758611	0	0	0	0	0	0	0	0	0	71.8735275269	0	0	0	0	0	0	0	0	0	0	0	0	0	0	0
Feb 22 2023 18:04:11	1.30231487751	88.0489349365	96.2495422363	0.000413214729633	56.5375595093	7.51690816879	75.0024185181	-	0	0	0	0	0	0	0	0	0	0	0	0	0	0	0	0	12.7268600464	0	0	0	0	0	0	0	0	0.128714293242	0.587783336639	1.32273411751	2.28755140305	3.36339092255	4.3582868576	5.0223326683	5.10223007202	4.4326915741	3.0375893116	1.20461857319	0	0	0	0	0	0	0	0	56.4252204895	0	0	0	0	0	0	0	0	0	0	0	0	0	0	0
Feb 22 2023 18:04:12	1.29466891289	87.8025817871	96.2080001831	0.000348296569427	56.1652450562	7.25746631622	77.57371521	-	0	0	0	0	0	0	0	0	0	0	0	0	0	0	0	0	13.5763349533	0	0	0	0	0	0	0	0	0	0.28472751379	0.854157924652	1.72022807598	2.82680106163	4.01271152496	5.00354719162	5.45553398132	5.06669282913	3.73277521133	1.6952855587	0	0	0	0	0	0	0	0	55.7712020874	0	0	0	0	0	0	0	0	0	0	0	0	0	0	0
Feb 22 2023 18:04:13	7.2072558403	90.4345169067	96.9906311035	0.000483965763124	68.0912780762	10.1096124649	78.3249282837	-	0	0	0	0	0	0	0	0	0	0	0	0	0	0	0	0	8.85155773163	2.03779991132e-15	0	0	0	0	0	0	0	0	0	1.48524749279	4.40287542343	5.6867647171	4.62172031403	2.52506303787	0.921304166317	0.208300963044	0.0210864301771	0	0	0	0	0	0	0	0	0	71.2760772705	0	0	0	0	0	0	0	0	0	0	0	0	0	0	0
Feb 22 2023 18:04:14	6.93016242981	89.9353408813	96.8045959473	0.000515462597832	64.7756118774	9.76021957397	76.4168167114	-	0	0	0	0	0	0	0	0	0	0	0	0	0	0	0	0	9.13047981262	6.93239140138e-14	0	0	0	0	0	0	0	0	0.111673213542	1.55716598034	3.19753837585	4.45457267761	4.8704957962	4.32932806015	3.11201405525	1.72680985928	0.626691579819	0.0125390095636	0	0	0	0	0	0	0	0	66.8706893921	0	0	0	0	0	0	0	0	0	0	0	0	0	0	0
Feb 22 2023 18:04:15	1.31244277954	89.8000869751	96.7540740967	0.000369004992535	63.5966415405	8.20348548889	78.9631729126	-	0	0	0	0	0	0	0	0	0	0	0	0	0	0	0	0	11.7588911057	0	0	0	0	0	0	0	0	0	0.173383057117	1.49488353729	3.0045144558	4.17276191711	4.56608104706	4.0591211319	2.90231752396	1.57676172256	0.525857210159	0	0	0	0	0	0	0	0	0	65.7654266357	0	0	0	0	0	0	0	0	0	0	0	0	0	0	0
Feb 22 2023 18:04:16	5.89968156815	90.012588501	96.8334274292	0.000604230852332	64.9160766602	9.25911903381	71.7702713013	-	0	0	0	0	0	0	0	0	0	0	0	0	0	0	0	1.86372695755e-40	9.53835773468	3.79363261725e-13	0	0	0	0	0	0	0	0	1.16433382034	2.97765684128	4.41526174545	4.86214065552	4.23220062256	2.94215273857	1.59678184986	0.625571072102	0.127522826195	0	0	0	0	0	0	0	0	0	67.5180206299	0	0	0	0	0	0	0	0	0	0	0	0	0	0	0
Feb 22 2023 18:04:17	6.15331935883	89.7082748413	96.7197494507	0.000327418762026	63.4180755615	9.347864151	83.5523910522	-	0	0	0	0	0	0	0	0	0	0	0	0	0	0	0	0	9.72870826721	0	0	0	0	0	0	0	0	0	0.377683460712	1.3248257637	2.53286886215	3.7147192955	4.51725959778	4.64326572418	3.99412584305	2.74626159668	1.29535233974	0.0901185274124	0	0	0	0	0	0	0	0	65.0348129272	0	0	0	0	0	0	0	0	0	0	0	0	0	0	0
Feb 22 2023 18:04:18	7.44636011124	90.3887786865	96.9736099243	0.000497555593029	67.9041366577	10.1054811478	77.6508026123	-	0	0	0	0	0	0	0	0	0	0	0	0	0	0	0	0	9.03155994415	0	0	0	0	0	0	0	0	0	0	0.797540307045	3.01310300827	4.82351207733	5.04504346848	3.71914458275	1.9335501194	0.667505860329	0.119527302682	0	0	0	0	0	0	0	0	0	70.8495178223	0	0	0	0	0	0	0	0	0	0	0	0	0	0	0
Feb 22 2023 18:04:19	1.29391217232	87.9944839478	96.2403717041	0.000521750131156	56.2809181213	7.15689706802	68.0598754883	-	0	0	0	0	0	0	0	0	0	0	0	0	0	0	0	0	13.6669244766	0	0	0	0	0	0	0	0	0.0412373766303	0.453910171986	1.18639445305	2.20530867577	3.3760201931	4.46372509003	5.16204833984	5.17774057388	4.3541560173	2.78280806541	0.85023611784	0	0	0	0	0	0	0	0	56.279499054	0	0	0	0	0	0	0	0	0	0	0	0	0	0	0
Feb 22 2023 18:04:20	1.31289958954	88.7945785522	96.376914978	0.000338247453328	58.6884841919	8.20585250854	80.5791702271	-	0	0	0	0	0	0	0	0	0	0	0	0	0	0	0	0	11.7188558578	1.4168696869e-13	0	0	0	0	0	0	0	0	0.136043205857	0.623428046703	1.42453873158	2.50740432739	3.72702598572	4.80931329727	5.3940372467	5.15286636353	3.9550538063	2.02362823486	0	0	0	0	0	0	0	0	58.5278015137	0	0	0	0	0	0	0	0	0	0	0	0	0	0	0
Feb 22 2023 18:04:21	5.78057384491	88.8745727539	96.4070205688	0.000300846877508	59.049156189	9.08701324463	84.4618988037	-	0	0	0	0	0	0	0	0	0	0	0	0	0	0	0	0	9.8648519516	0	0	0	0	0	0	0	0	0.0248373057693	0.413700193167	1.1107404232	2.09851813316	3.26384353638	4.39197778702	5.18595981598	5.34326076508	4.67641925812	3.23045063019	1.34795951843	0	0	0	0	0	0	0	0	59.0474777222	0	0	0	0	0	0	0	0	0	0	0	0	0	0	0
Feb 22 2023 18:04:22	1.34833967686	89.271484375	96.5561447144	0.000372895447072	61.2120513916	8.95083904266	80.5570373535	-	0	0	0	0	0	0	0	0	0	0	0	0	0	0	0	0	10.4908857346	4.44722736285e-13	0	0	0	0	0	0	0	0	0.0737058371305	0.656756818295	1.57732009888	2.74693059921	3.94769096375	4.85031509399	5.10553216934	4.49420547485	3.07060837746	1.22494292259	0	0	0	0	0	0	0	0	61.7611045837	0	0	0	0	0	0	0	0	0	0	0	0	0	0	0
Feb 22 2023 18:04:23	1.35643589497	89.2944259644	96.5647506714	0.000355865515303	61.012134552	8.9068145752	81.4410552979	-	0	0	0	0	0	0	0	0	0	0	0	0	0	0	0	0	10.2520856857	0	0	0	0	0	0	0	0	0	0.458169907331	1.30594873428	2.42925238609	3.61209917068	4.55154561996	4.93655776978	4.5723285675	3.49110364914	1.97811198235	0.487590074539	0	0	0	0	0	0	0	0	61.9252090454	0	0	0	0	0	0	0	0	0	0	0	0	0	0	0
Feb 22 2023 18:04:24	6.41948509216	89.6637802124	96.7031097412	0.000325818225974	63.3174972534	9.37486457825	83.5930709839	-	0	0	0	0	0	0	0	0	0	0	0	0	0	0	0	0	9.8433637619	1.67614641784e-12	0	0	0	0	0	0	0	0	0.0998524948955	0.890640258789	2.02669262886	3.28959941864	4.33779859543	4.80599737167	4.46468544006	3.35836005211	1.82521545887	0.371455579996	0	0	0	0	0	0	0	0	64.686340332	0	0	0	0	0	0	0	0	0	0	0	0	0	0	0
Feb 22 2023 18:04:25	6.7617430687	89.451713562	96.6237106323	0.000391330919228	62.449760437	9.51471138	80.8445892334	-	0	0	0	0	0	0	0	0	0	0	0	0	0	0	0	0	9.78143024445	0	0	0	0	0	0	0	0	0	0.0640244781971	0.513785362244	1.28955483437	2.36216902733	3.57060909271	4.60974836349	5.095495224	4.71539831161	3.41191339493	1.51286149025	0	0	0	0	0	0	0	0	63.073009491	0	0	0	0	0	0	0	0	0	0	0	0	0	0	0
Feb 22 2023 18:04:26	1.30010414124	89.1138839722	96.4969863892	0.000550449942239	60.2766494751	7.76686525345	68.5197906494	-	0	0	0	0	0	0	0	0	0	0	0	0	0	0	0	0	12.960849762	8.73270301015e-14	0	0	0	0	0	0	0	0	0.011607718654	0.355404883623	1.00170111656	1.96572339535	3.1470451355	4.29104566574	5.0135602951	4.92126846313	3.80910754204	1.86693203449	0	0	0	0	0	0	0	0	60.6557540894	0	0	0	0	0	0	0	0	0	0	0	0	0	0	0
Feb 22 2023 18:04:27	1.31208205223	89.6526031494	96.698928833	0.000411875749705	63.2340164185	8.39523506165	77.1096420288	-	0	0	0	0	0	0	0	0	0	0	0	0	0	0	0	0	11.7907152176	2.66885648238e-14	0	0	0	0	0	0	0	0	0	0.397230744362	1.21800875664	2.35949921608	3.5863904953	4.50398492813	4.69437932968	3.93410849571	2.37221431732	0.544121742249	0	0	0	0	0	0	0	0	64.5993499756	0	0	0	0	0	0	0	0	0	0	0	0	0	0	0
Feb 22 2023 18:04:28	8.11175632477	90.5674743652	97.0400619507	0.000346739252564	69.5082473755	10.3434066772	83.9723587036	-	0	0	0	0	0	0	0	0	0	0	0	0	0	0	0	0	9.18006896973	1.53568976112e-12	0	0	0	0	0	0	0	0	0	0.139970719814	1.34917354584	3.08176803589	4.38941907883	4.37558364868	3.09179472923	1.47083210945	0.376782685518	0	0	0	0	0	0	0	0	0	72.5446014404	0	0	0	0	0	0	0	0	0	0	0	0	0	0	0
Feb 22 2023 18:04:29	8.06962013245	90.4810638428	97.0079421997	0.000386378407711	68.775970459	11.3104810715	84.1919555664	-	0	0	0	0	0	0	0	0	0	0	0	0	0	0	0	0	7.65941143036	1.7068018819e-14	0	0	0	0	0	0	0	0	0	0.822161495686	2.92713093758	4.69462966919	5.05362701416	3.92395043373	2.19787240028	0.836684584618	0.169236585498	0	0	0	0	0	0	0	0	0	71.7152938843	0	0	0	0	0	0	0	0	0	0	0	0	0	0	0
Feb 22 2023 18:04:30	7.29959964752	89.3060150146	96.5690994263	0.000363560771802	61.8159599304	9.61698150635	82.2601547241	-	0	0	0	0	0	0	0	0	0	0	0	0	0	0	0	0	9.6622133255	0	0	0	0	0	0	0	0	0	0	0.369891554117	1.06937348843	2.09720373154	3.34014773369	4.53062725067	5.27999162674	5.20406579971	4.11405563354	2.20567131042	0.118362568319	0	0	0	0	0	0	0	62.0084037781	0	0	0	0	0	0	0	0	0	0	0	0	0	0	0
Feb 22 2023 18:04:31	1.33960998058	90.0238342285	96.8376235962	0.000338352663675	65.38722229	8.94437408447	82.0115356445	-	0	0	0	0	0	0	0	0	0	0	0	0	0	0	0	0	10.7628908157	0	0	0	0	0	0	0	0	0	0	0.693574666977	1.99499928951	3.41406202316	4.39456748962	4.48015499115	3.61263871193	2.19528651237	0.838577091694	0	0	0	0	0	0	0	0	0	67.6132507324	0	0	0	0	0	0	0	0	0	0	0	0	0	0	0
Feb 22 2023 18:04:32	7.01819992065	90.3566818237	96.9616622925	0.000351716560544	67.7261886597	9.65210056305	82.7082366943	-	0	0	0	0	0	0	0	0	0	0	0	0	0	0	0	2.05939026213e-38	9.81854915619	8.60795863842e-13	0	0	0	0	0	0	0	0	0	0.447204381227	2.15364074707	3.92033147812	4.74583530426	4.17682981491	2.68857598305	1.1994177103	0.296557188034	0	0	0	0	0	0	0	0	0	70.5530548096	0	0	0	0	0	0	0	0	0	0	0	0	0	0	0
Feb 22 2023 18:04:33	7.02681684494	90.4528656006	96.9974517822	0.00031518531614	68.2563476563	10.0205841064	85.108253479	-	0	0	0	0	0	0	0	0	0	0	0	0	0	0	0	4.4269788799e-36	9.0396938324	2.05132702749e-15	0	0	0	0	0	0	0	0	0	1.71396303177	3.92840981483	5.0393204689	4.42887926102	2.77955150604	1.22719824314	0.350466430187	0.0439210757613	0	0	0	0	0	0	0	0	0	71.4485931396	0	0	0	0	0	0	0	0	0	0	0	0	0	0	0
Feb 22 2023 18:04:34	7.62492179871	90.3745422363	96.9683151245	0.000379063771106	67.8888473511	10.2017450333	82.605430603	-	0	0	0	0	0	0	0	0	0	0	0	0	0	0	0	0	8.97891998291	1.66149700335e-12	0	0	0	0	0	0	0	0	0	0.613317668438	2.55728673935	4.35507726669	4.95928001404	4.09920358658	2.46767520905	1.02197504044	0.229584217072	0	0	0	0	0	0	0	0	0	70.7176818848	0	0	0	0	0	0	0	0	0	0	0	0	0	0	0
Feb 22 2023 18:04:35	8.06140041351	90.4705581665	97.0040359497	0.000425554608228	68.6616287231	10.6862134933	81.5708084106	-	0	0	0	0	0	0	0	0	0	0	0	0	0	0	0	0	8.45436477661	0	0	0	0	0	0	0	0	0	0	0.373446911573	2.41779565811	4.49795198441	5.19785118103	4.14130544662	2.29662561417	0.841199398041	0.163726806641	0	0	0	0	0	0	0	0	0	71.6157302856	0	0	0	0	0	0	0	0	0	0	0	0	0	0	0
Feb 22 2023 18:04:36	1.35737872124	89.8152999878	96.7597579956	0.000391630397644	63.87707901	9.01050949097	79.9166183472	-	0	0	0	0	0	0	0	0	0	0	0	0	0	0	0	0	10.2250709534	1.61823272881e-13	0	0	0	0	0	0	0	0	0.310735225677	1.62213540077	3.08398342133	4.22561693192	4.65869998932	4.24602937698	3.17234611511	1.85063683987	0.71040803194	0.00634661829099	0	0	0	0	0	0	0	0	65.8879928589	0	0	0	0	0	0	0	0	0	0	0	0	0	0	0
Feb 22 2023 18:04:37	1.30882143974	88.8500137329	96.3977813721	0.000335041549988	58.6887741089	7.96505737305	80.210105896	-	0	0	0	0	0	0	0	0	0	0	0	0	0	0	0	0	12.086771965	0	0	0	0	0	0	0	0	0	0.201001301408	0.851724267006	1.81478917599	2.98706769943	4.15286064148	5.00143575668	5.20597553253	4.55546092987	3.08856248856	1.16736698151	0	0	0	0	0	0	0	0	58.8869819641	0	0	0	0	0	0	0	0	0	0	0	0	0	0	0
Feb 22 2023 18:04:38	6.85667800903	89.8543777466	96.7743606567	0.000341300445143	64.2615890503	9.7268371582	83.6621017456	-	0	0	0	0	0	0	0	0	0	0	0	0	0	0	0	0	9.11794281006	0	0	0	0	0	0	0	0	0	0.199131205678	1.62067806721	3.17784547806	4.382625103	4.84278106689	4.42453336716	3.31937980652	1.9491764307	0.755121707916	0.00592386815697	0	0	0	0	0	0	0	0	66.2048568726	0	0	0	0	0	0	0	0	0	0	0	0	0	0	0
Feb 22 2023 18:04:39	7.29239034653	90.2479782104	96.9211883545	0.00055278459331	67.013130188	9.7411813736	74.4891662598	-	0	0	0	0	0	0	0	0	0	0	0	0	0	0	0	0	9.6357126236	0	0	0	0	0	0	0	0	0	0	0.419855117798	2.02806329727	3.77251362801	4.7747759819	4.50117015839	3.18829488754	1.62089920044	0.492262512445	0	0	0	0	0	0	0	0	0	69.5664520264	0	0	0	0	0	0	0	0	0	0	0	0	0	0	0
Feb 22 2023 18:04:40	7.05419063568	89.8423843384	96.7698822021	0.000403727899538	64.3001403809	9.80560207367	81.0702514648	-	0	0	0	0	0	0	0	0	0	0	0	0	0	0	0	0	9.11613750458	0	0	0	0	0	0	0	0	0	0.0961760431528	1.27940833569	2.73806405067	4.04515504837	4.76622724533	4.64191532135	3.72424578667	2.36264753342	1.02893769741	0.0937593504786	0	0	0	0	0	0	0	0	66.1073303223	0	0	0	0	0	0	0	0	0	0	0	0	0	0	0
Feb 22 2023 18:04:41	7.90284156799	90.463432312	97.0013809204	0.000696755363606	68.5360946655	10.7420978546	71.9035949707	-	0	0	0	0	0	0	0	0	0	0	0	0	0	0	0	0	8.27207374573	0	0	0	0	0	0	0	0	0	0	0.640372157097	3.02816390991	5.0636177063	5.26737689972	3.72626638412	1.80124545097	0.562353551388	0.0902380049229	0	0	0	0	0	0	0	0	0	71.5482940674	0	0	0	0	0	0	0	0	0	0	0	0	0	0	0
Feb 22 2023 18:04:42	6.69250106812	89.9644088745	96.8154449463	0.000346189714037	64.9436721802	9.59314823151	83.1362915039	-	0	0	0	0	0	0	0	0	0	0	0	0	0	0	0	9.01369789263e-37	9.41167354584	9.76016668067e-15	0	0	0	0	0	0	0	0	0.186093002558	1.51865124702	3.06919193268	4.29897212982	4.74692058563	4.2605676651	3.08255243301	1.70825445652	0.6042355299	0	0	0	0	0	0	0	0	0	67.1128845215	0	0	0	0	0	0	0	0	0	0	0	0	0	0	0
Feb 22 2023 18:04:43	7.66575431824	89.9875946045	96.8241043091	0.000943345308769	65.3392715454	12.069735527	69.6853713989	-	0	0	0	0	0	0	0	0	0	0	0	0	0	0	0	0	0	7.6614408493	0	0	0	0	0	0	0	0	0.0674158111215	1.55107057095	3.22248458862	4.51894855499	4.99421596527	4.51977157593	3.34336280823	1.94558441639	0.782043755054	0.0864274129272	0	0	0	0	0	0	0	0	67.3072357178	0	0	0	0	0	0	0	0	0	0	0	0	0	0	0
Feb 22 2023 18:04:44	6.87711954117	89.9347991943	96.8043899536	0.000422094424721	64.7741012573	9.94009208679	80.6588745117	-	0	0	0	0	0	0	0	0	0	0	0	0	0	0	0	0	8.81555271149	5.66572559268e-13	0	0	0	0	0	0	0	0	0.401017397642	1.71401178837	3.23285460472	4.42542552948	4.83443641663	4.31043767929	3.10081076622	1.70585048199	0.593438565731	0	0	0	0	0	0	0	0	0	66.8661727905	0	0	0	0	0	0	0	0	0	0	0	0	0	0	0
Feb 22 2023 18:04:45	7.03997993469	90.3495178223	96.9589996338	0.000365389540093	67.5026550293	9.95275878906	82.8723526001	-	0	0	0	0	0	0	0	0	0	0	0	0	0	0	0	0	9.06004428864	0	0	0	0	0	0	0	0	0	0	1.63547730446	3.83104014397	5.07619714737	4.68413066864	3.14381456375	1.51682901382	0.488610744476	0.0766867548227	0	0	0	0	0	0	0	0	0	70.4871749878	0	0	0	0	0	0	0	0	0	0	0	0	0	0	0
Feb 22 2023 18:04:46	1.36540234089	90.1868362427	96.8984069824	0.000335161428666	66.4943237305	9.42865371704	83.1208267212	-	0	0	0	0	0	0	0	0	0	0	0	0	0	0	0	0	10.0015363693	0	0	0	0	0	0	0	0	0	0	0.725818634033	2.34878158569	3.90187430382	4.66337442398	4.28136444092	3.02210235596	1.55656480789	0.475546985865	0	0	0	0	0	0	0	0	0	69.0230407715	0	0	0	0	0	0	0	0	0	0	0	0	0	0	0
Feb 22 2023 18:04:47	1.32081389427	87.7139892578	96.1930389404	0.00048823346151	55.9002151489	8.00897884369	73.0950088501	-	0	0	0	0	0	0	0	0	0	0	0	0	0	0	0	0	11.4062452316	3.89063835402e-13	0	0	0	0	0	0	0	0.17896668613	0.689692020416	1.51298880577	2.59623575211	3.79019260406	4.8573307991	5.50165128708	5.44991970062	4.56480169296	2.94470286369	0.968003630638	0	0	0	0	0	0	0	0	55.5392684937	0	0	0	0	0	0	0	0	0	0	0	0	0	0	0
Feb 22 2023 18:04:48	1.31289887428	89.1831817627	96.5230102539	0.000540410808753	60.0129470825	8.02392673492	70.4578552246	-	0	0	0	0	0	0	0	0	0	0	0	0	0	0	0	0	11.7189130783	3.45926434199e-12	0	0	0	0	0	0	0	0	0.656811773777	1.69036388397	2.91126561165	4.03037643433	4.7313117981	4.7680644989	4.07403898239	2.81751179695	1.35644435883	0.107784219086	0	0	0	0	0	0	0	0	61.1371154785	0	0	0	0	0	0	0	0	0	0	0	0	0	0	0
Feb 22 2023 18:04:49	5.77768611908	89.7895584106	96.7501373291	0.000344009924447	63.8081741333	9.21303939819	82.5309295654	-	0	0	0	0	0	0	0	0	0	0	0	0	0	0	0	5.92004647489e-36	9.92433643341	4.98003764962e-13	0	0	0	0	0	0	0	0	0.380681455135	1.43989241123	2.77082896233	3.98780751228	4.6628704071	4.51632833481	3.57828426361	2.19661259651	0.86150187254	0	0	0	0	0	0	0	0	0	65.6808547974	0	0	0	0	0	0	0	0	0	0	0	0	0	0	0
Feb 22 2023 18:04:50	6.42269468307	89.8157806396	96.7599411011	0.000362205784768	64.0237884521	9.29909706116	81.83253479	-	0	0	0	0	0	0	0	0	0	0	0	0	0	0	0	0	9.86450958252	0	0	0	0	0	0	0	0	0	0.0552326440811	1.27236139774	2.75511789322	4.05864238739	4.74274730682	4.56238794327	3.59867477417	2.22720980644	0.925576806068	0.045671723783	0	0	0	0	0	0	0	0	65.8918685913	0	0	0	0	0	0	0	0	0	0	0	0	0	0	0
Feb 22 2023 18:04:51	1.32854735851	89.8487243652	96.7722473145	0.00035655751708	64.2080917358	8.66685295105	80.5839691162	-	0	0	0	0	0	0	0	0	0	0	0	0	0	0	0	0	11.1313409805	0	0	0	0	0	0	0	0	0	0	0.760408639908	2.07784867287	3.47043275833	4.44133853912	4.58413982391	3.81868624687	2.46055030823	1.04845166206	0.0479377359152	0	0	0	0	0	0	0	0	66.1588668823	0	0	0	0	0	0	0	0	0	0	0	0	0	0	0
Feb 22 2023 18:04:52	6.79456186295	89.6190261841	96.6863632202	0.000415895221522	63.0225486755	9.4791469574	79.8464889526	-	0	0	0	0	0	0	0	0	0	0	0	0	0	0	0	0	9.60063362122	4.86103128236e-13	0	0	0	0	0	0	0	0	0.0683293417096	0.983483731747	2.24500417709	3.5722591877	4.58218002319	4.91817855835	4.41592693329	3.210044384	1.69737243652	0.367272496223	0	0	0	0	0	0	0	0	64.3393173218	0	0	0	0	0	0	0	0	0	0	0	0	0	0	0
Feb 22 2023 18:04:53	6.79186677933	90.2602233887	96.9257507324	0.000535207567737	66.8056640625	9.60031700134	75.0894699097	-	0	0	0	0	0	0	0	0	0	0	0	0	0	0	0	0	9.49731445313	0	0	0	0	0	0	0	0	0	0	1.61419868469	3.87976717949	5.1294093132	4.74394130707	3.2251958847	1.59882760048	0.54046434164	0.0946648269892	0	0	0	0	0	0	0	0	0	69.6762161255	0	0	0	0	0	0	0	0	0	0	0	0	0	0	0
Feb 22 2023 18:04:54	7.17054843903	90.3807601929	96.9706268311	0.000653513881844	67.6713943481	10.5627775192	73.3448867798	-	0	0	0	0	0	0	0	0	0	0	0	0	0	0	0	0	8.04432201385	0	0	0	0	0	0	0	0	0	0	2.57910871506	5.25555515289	5.88304710388	4.34255170822	2.1959373951	0.749348938465	0.159580305219	0.0153125310317	0	0	0	0	0	0	0	0	0	70.7752380371	0	0	0	0	0	0	0	0	0	0	0	0	0	0	0
Feb 22 2023 18:04:55	7.38524103165	90.2113647461	96.9075469971	0.000485234020744	66.6485824585	10.3956975937	78.9788513184	-	0	0	0	0	0	0	0	0	0	0	0	0	0	0	0	0	8.40355110168	3.73796783457e-12	0	0	0	0	0	0	0	0	0	1.51623797417	3.57563781738	4.92980909348	4.97163772583	3.85028266907	2.28076505661	0.98042178154	0.251656234264	0	0	0	0	0	0	0	0	0	69.2399978638	0	0	0	0	0	0	0	0	0	0	0	0	0	0	0
Feb 22 2023 18:04:56	1.3535490036	89.1343383789	96.5046691895	0.000471606617793	60.0594329834	8.76190567017	75.899055481	-	0	0	0	0	0	0	0	0	0	0	0	0	0	0	0	0	10.3358154297	0	0	0	0	0	0	0	0	0.051369022578	0.606151878834	1.50671207905	2.64135909081	3.79050064087	4.66973257065	4.99788713455	4.60301208496	3.5171289444	2.00145673752	0.481784582138	0	0	0	0	0	0	0	0	60.797088623	0	0	0	0	0	0	0	0	0	0	0	0	0	0	0
Feb 22 2023 18:04:57	6.68316507339	90.2358474731	96.9166717529	0.000444853765657	66.686050415	9.5184879303	78.5712814331	-	0	0	0	0	0	0	0	0	0	0	0	0	0	0	0	0	9.69019794464	0	0	0	0	0	0	0	0	0	0	1.38540649414	3.36596751213	4.72392320633	4.75995111465	3.60618042946	2.03708362579	0.803648471832	0.169655114412	0	0	0	0	0	0	0	0	0	69.4579849243	0	0	0	0	0	0	0	0	0	0	0	0	0	0	0
Feb 22 2023 18:04:58	6.5059595108	90.3985977173	96.9772644043	0.000365215557395	67.8355636597	9.4656419754	81.828994751	-	0	0	0	0	0	0	0	0	0	0	0	0	0	0	0	0	9.93233585358	0	0	0	0	0	0	0	0	0	0	0.978483140469	3.25813484192	4.86486339569	4.74157238007	3.22761750221	1.52603924274	0.465100109577	0.0651961117983	0	0	0	0	0	0	0	0	0	70.9406585693	0	0	0	0	0	0	0	0	0	0	0	0	0	0	0
Feb 22 2023 18:04:59	1.34316849709	89.9349594116	96.8044509888	0.000376301934011	64.6391601563	8.86581325531	80.1759033203	-	0	0	0	0	0	0	0	0	0	0	0	0	0	0	0	0	10.6501131058	0	0	0	0	0	0	0	0	0	0	1.19084954262	2.81388950348	4.21870994568	4.79812049866	4.31229972839	3.04336166382	1.5971981287	0.507962405682	0	0	0	0	0	0	0	0	0	66.8674926758	0	0	0	0	0	0	0	0	0	0	0	0	0	0	0
Feb 22 2023 18:05:00	1.33580100536	89.402305603	96.6052017212	0.000493774830829	61.5785903931	8.62865447998	74.2894439697	-	0	0	0	0	0	0	0	0	0	0	0	0	0	0	0	0	10.8866271973	1.24886047684e-11	0	0	0	0	0	0	0	0	0.232899427414	1.07604444027	2.23160982132	3.47107720375	4.46490287781	4.87472295761	4.49514293671	3.3743083477	1.83204936981	0.352480173111	0	0	0	0	0	0	0	0	62.7081336975	0	0	0	0	0	0	0	0	0	0	0	0	0	0	0
Feb 22 2023 18:05:01	1.33380639553	89.2392807007	96.5440597534	0.000506688840687	60.8464546204	8.61727333069	73.6491394043	-	0	0	0	0	0	0	0	0	0	0	0	0	0	0	0	0	10.9527082443	0	0	0	0	0	0	0	0	0	0.276772081852	0.904163002968	1.83473396301	2.96014261246	4.05619430542	4.8085603714	4.9045996666	4.17196178436	2.70231747627	0.895734965801	0	0	0	0	0	0	0	0	61.5321083069	0	0	0	0	0	0	0	0	0	0	0	0	0	0	0
Feb 22 2023 18:05:02	1.35305023193	89.5522766113	96.6613769531	0.000438683608081	63.1714248657	9.29368209839	78.1029281616	-	0	0	0	0	0	0	0	0	0	0	0	0	0	0	0	0	10.3504400253	2.35318139757e-13	0	0	0	0	0	0	0	0	0	0.262657880783	0.87599503994	1.81300210953	2.9786567688	4.1226568222	4.86760044098	4.8339381218	3.83536744118	2.06892871857	0.162360623479	0	0	0	0	0	0	0	63.8283958435	0	0	0	0	0	0	0	0	0	0	0	0	0	0	0
Feb 22 2023 18:05:03	1.30504357815	87.8389434814	96.2141418457	0.000496653199662	57.0930213928	7.91698646545	71.7670059204	-	0	0	0	0	0	0	0	0	0	0	0	0	0	0	0	0	12.4499607086	0	0	0	0	0	0	0	0	0	0.0537279248238	0.357995986938	0.914554417133	1.76528394222	2.88405203819	4.12868690491	5.21301269531	5.73860216141	5.31684160233	3.79431295395	1.5160741806	0	0	0	0	0	0	0	55.866897583	0	0	0	0	0	0	0	0	0	0	0	0	0	0	0
Feb 22 2023 18:05:04	1.3078032732	89.127571106	96.5021286011	0.000559752515983	60.3439903259	8.08447170258	69.3416519165	-	0	0	0	0	0	0	0	0	0	0	0	0	0	0	0	0	12.1824531555	9.7732880816e-12	0	0	0	0	0	0	0	0	0.0171851329505	0.472427755594	1.25071501732	2.31883907318	3.521017313	4.56642913818	5.08420944214	4.75746488571	3.49676418304	1.5822416544	0	0	0	0	0	0	0	0	60.7502632141	0	0	0	0	0	0	0	0	0	0	0	0	0	0	0
Feb 22 2023 18:05:05	1.35005033016	89.8613586426	96.7769699097	0.000473533378681	64.6044158936	9.18224430084	76.356086731	-	0	0	0	0	0	0	0	0	0	0	0	0	0	0	0	0	10.4393873215	0	0	0	0	0	0	0	0	0	0	0.373327881098	1.4174861908	2.74783802032	3.98961591721	4.67595100403	4.47371435165	3.39544415474	1.83644616604	0.389027953148	0	0	0	0	0	0	0	0	66.2617645264	0	0	0	0	0	0	0	0	0	0	0	0	0	0	0
Feb 22 2023 18:05:06	7.28189373016	89.5055847168	96.6438980103	0.000443519442342	62.7757072449	9.63636493683	78.8373718262	-	0	0	0	0	0	0	0	0	0	0	0	0	0	0	0	0	9.64227390289	0	0	0	0	0	0	0	0	0	0	0.403659790754	1.22932636738	2.38378596306	3.66682219505	4.72345209122	5.14392471313	4.64775657654	3.26599025726	1.41746103764	0	0	0	0	0	0	0	0	63.4755477905	0	0	0	0	0	0	0	0	0	0	0	0	0	0	0
Feb 22 2023 18:05:07	1.34351551533	90.1160354614	96.8720169067	0.00039542914601	65.9654006958	9.02647590637	79.4960861206	-	0	0	0	0	0	0	0	0	0	0	0	0	0	0	0	0	10.6392583847	0	0	0	0	0	0	0	0	0	0	0.747193574905	2.16308617592	3.63993763924	4.51306581497	4.34099292755	3.22900676727	1.75837898254	0.565284073353	0	0	0	0	0	0	0	0	0	68.4038009644	0	0	0	0	0	0	0	0	0	0	0	0	0	0	0
Feb 22 2023 18:05:08	1.31669783592	89.9301986694	96.8026809692	0.000422799726948	64.6712341309	8.47377967834	76.8446807861	-	0	0	0	0	0	0	0	0	0	0	0	0	0	0	0	0	11.5588607788	0	0	0	0	0	0	0	0	0	0	0.684206008911	1.98140847683	3.40358281136	4.39155864716	4.48423528671	3.62037277222	2.203145504	0.844579935074	0	0	0	0	0	0	0	0	0	66.8280487061	0	0	0	0	0	0	0	0	0	0	0	0	0	0	0
Feb 22 2023 18:05:09	7.39053726196	89.6202926636	96.6868362427	0.000547856325284	63.2008361816	10.0541582108	75.8367767334	-	0	0	0	0	0	0	0	0	0	0	0	0	0	0	0	0	8.80591869354	0	0	0	0	0	0	0	0	0	0.170351803303	0.970332980156	2.10637712479	3.36796855927	4.42797422409	4.93196105957	4.64589738846	3.58973741531	2.06776952744	0.56660425663	0	0	0	0	0	0	0	0	64.349105835	0	0	0	0	0	0	0	0	0	0	0	0	0	0	0
Feb 22 2023 18:05:10	6.33649921417	89.5579528809	96.6635055542	0.000445129204309	62.3570289612	9.33336544037	78.5000686646	-	0	0	0	0	0	0	0	0	0	0	0	0	0	0	0	0	9.45614910126	0	0	0	0	0	0	0	0	0	0.502547323704	1.82852482796	3.28346896172	4.45011758804	4.96879529953	4.67068815231	3.66209459305	2.28681969643	0.971874713898	0.047368068248	0	0	0	0	0	0	0	0	63.8715515137	0	0	0	0	0	0	0	0	0	0	0	0	0	0	0
Feb 22 2023 18:05:11	1.32381331921	88.5430755615	96.332572937	0.000517262553331	57.5754928589	8.13245487213	72.0583114624	-	0	0	0	0	0	0	0	0	0	0	0	0	0	0	0	0	11.2978372574	1.983846247e-12	0	0	0	0	0	0	0	0.0571035854518	0.615571022034	1.5255600214	2.69658493996	3.92344284058	4.91835594177	5.37081861496	5.05689382553	3.95252895355	2.28901457787	0.517746150494	0	0	0	0	0	0	0	0	57.7785415649	0	0	0	0	0	0	0	0	0	0	0	0	0	0	0
Feb 22 2023 18:05:12	6.89480733871	90.0507125854	96.84765625	0.000481593830045	65.4061203003	10.185344696	78.9115066528	-	0	0	0	0	0	0	0	0	0	0	0	0	0	0	0	6.67561215092e-27	8.34349536896	6.94431627002e-14	0	0	0	0	0	0	0	0	0.482381731272	2.45284223557	4.23946905136	5.10284614563	4.77780485153	3.56422924995	2.08617591858	0.894971370697	0.213866055012	0	0	0	0	0	0	0	0	0	67.8419189453	0	0	0	0	0	0	0	0	0	0	0	0	0	0	0
Feb 22 2023 18:05:13	7.1287984848	90.2259292603	96.9129714966	0.000368665583665	66.6245498657	10.4867935181	83.8642196655	-	0	0	0	0	0	0	0	0	0	0	0	0	0	0	0	2.49096436489e-34	8.08697795868	1.08555720836e-12	0	0	0	0	0	0	0	0	0.133167043328	2.47534823418	4.55357551575	5.35281848907	4.67121267319	3.12347769737	1.5765144825	0.557425916195	0.0999772548676	0	0	0	0	0	0	0	0	0	69.3695068359	0	0	0	0	0	0	0	0	0	0	0	0	0	0	0
Feb 22 2023 18:05:14	7.27132177353	90.4390716553	96.9923248291	0.00042918176041	68.1474761963	10.5360517502	81.4295654297	-	0	0	0	0	0	0	0	0	0	0	0	0	0	0	0	0	8.21899318695	0	0	0	0	0	0	0	0	0	0	2.02775406837	4.81118202209	5.71524000168	4.44225025177	2.37934589386	0.867848575115	0.198743149638	0.0198090616614	0	0	0	0	0	0	0	0	0	71.3188323975	0	0	0	0	0	0	0	0	0	0	0	0	0	0	0
Feb 22 2023 18:05:15	6.97871303558	89.955871582	96.8122634888	0.000357486336725	64.8320007324	10.4708528519	84.4300460815	-	0	0	0	0	0	0	0	0	0	0	0	0	0	0	0	0	7.88443613052	2.86711735083e-13	0	0	0	0	0	0	0	0	0.674718439579	2.51140427589	4.17353343964	5.05194139481	4.88507986069	3.85004401207	2.4361333847	1.16223931313	0.328921437263	0	0	0	0	0	0	0	0	0	67.0415496826	0	0	0	0	0	0	0	0	0	0	0	0	0	0	0
Feb 22 2023 18:05:16	7.11729812622	90.075630188	96.8569488525	0.000575067591853	65.6419754028	10.4200086594	75.8935089111	-	0	0	0	0	0	0	0	0	0	0	0	0	0	0	0	0	8.11115646362	0	0	0	0	0	0	0	0	0	0.288019031286	2.25371623039	4.11768102646	5.1026558876	4.882999897	3.71642041206	2.22468876839	0.987419486046	0.260061383247	0	0	0	0	0	0	0	0	0	68.0551834106	0	0	0	0	0	0	0	0	0	0	0	0	0	0	0
Feb 22 2023 18:05:17	1.31561815739	88.2465438843	96.2827911377	0.000451819971204	57.202911377	8.08330917358	74.8210601807	-	0	0	0	0	0	0	0	0	0	0	0	0	0	0	0	2.10327321273e-37	11.5996551514	2.60283466872e-13	0	0	0	0	0	0	0	0	0.367995738983	1.0595484972	2.06441831589	3.27179217339	4.4569311142	5.30220031738	5.48142671585	4.79379463196	3.29271960258	1.34987998009	0	0	0	0	0	0	0	0	56.9596366882	0	0	0	0	0	0	0	0	0	0	0	0	0	0	0
Feb 22 2023 18:05:18	1.31860542297	87.2091140747	96.1075286865	0.000567009265069	55.3245391846	8.08053588867	69.5775909424	-	0	0	0	0	0	0	0	0	0	0	0	0	0	0	0	2.30752468323e-35	11.4875688553	6.79487878723e-13	0	0	0	0	0	0	0	0.0789147540927	0.424614131451	1.03977179527	1.93256032467	3.04328918457	4.22433805466	5.23056745529	5.75234365463	5.50226545334	4.3420920372	2.4236369133	0.268848985434	0	0	0	0	0	0	0	54.2491912842	0	0	0	0	0	0	0	0	0	0	0	0	0	0	0
Feb 22 2023 18:05:19	1.33616828918	89.0896148682	96.4878692627	0.000648344517685	59.8493461609	8.51281547546	67.4761276245	-	0	0	0	0	0	0	0	0	0	0	0	0	0	0	0	0	10.8745546341	0	0	0	0	0	0	0	0	0.0277839712799	0.490968167782	1.28653347492	2.35161113739	3.51116728783	4.4971909523	5.00296354294	4.7901134491	3.80916810036	2.26754760742	0.601555287838	0	0	0	0	0	0	0	0	60.4888458252	0	0	0	0	0	0	0	0	0	0	0	0	0	0	0
Feb 22 2023 18:05:20	1.29267823696	88.4849472046	96.3228225708	0.000677874952089	57.3389778137	7.16432237625	60.5491294861	-	0	0	0	0	0	0	0	0	0	0	0	0	0	0	0	0	13.8173551559	0	0	0	0	0	0	0	0	0	0.324379861355	1.01869475842	2.02223181725	3.2042350769	4.31950330734	5.04166269302	5.06017446518	4.21846389771	2.63212490082	0.724770963192	0	0	0	0	0	0	0	0	57.6164016724	0	0	0	0	0	0	0	0	0	0	0	0	0	0	0
Feb 22 2023 18:05:21	1.31222426891	89.1031112671	96.4929351807	0.000429060775787	59.5083122253	7.93435239792	75.5359191895	-	0	0	0	0	0	0	0	0	0	0	0	0	0	0	0	0	11.7781419754	0	0	0	0	0	0	0	0	0.119661949575	0.848940730095	1.90029847622	3.08137059212	4.11721229553	4.72483062744	4.69516086578	3.98244142532	2.74861264229	1.32431221008	0.0974882468581	0	0	0	0	0	0	0	8.0971555551e-15	60.58152771	0	0	0	0	0	0	0	0	0	0	0	0	0	0	0
Feb 22 2023 18:05:22	7.57011938095	90.4071426392	96.9804458618	0.000501893693581	68.0311813354	10.7158946991	78.9473495483	-	0	0	0	0	0	0	0	0	0	0	0	0	0	0	0	0	8.11231231689	0	0	0	0	0	0	0	0	0	0	1.33731555939	3.93571710587	5.40279197693	4.94515943527	3.22348952293	1.4914252758	0.45930480957	0.0723297074437	0	0	0	0	0	0	0	0	0	71.0201568604	0	0	0	0	0	0	0	0	0	0	0	0	0	0	0
Feb 22 2023 18:05:23	1.31049489975	89.421081543	96.6122360229	0.000357043580152	61.4583320618	8.0732126236	79.2932891846	-	0	0	0	0	0	0	0	0	0	0	0	0	0	0	0	0	11.9329013824	0	0	0	0	0	0	0	0	0	0.214034736156	1.17912185192	2.43438005447	3.68021798134	4.54700756073	4.72191667557	4.09627914429	2.84493947029	1.37031400204	0.132572621107	0	0	0	0	0	0	0	0	62.8463134766	0	0	0	0	0	0	0	0	0	0	0	0	0	0	0
Feb 22 2023 18:05:24	6.82171916962	90.4605331421	97.0003051758	0.00060167897027	68.1091690063	10.1391096115	74.1459960938	-	0	0	0	0	0	0	0	0	0	0	0	0	0	0	0	0	8.50132369995	0	0	0	0	0	0	0	0	0	0	3.9130191803	6.38619565964	5.44080972672	2.93232727051	1.03715860844	0.235610947013	0.0311532411724	0.00148796709254	0	0	0	0	0	0	0	0	0	71.5209121704	0	0	0	0	0	0	0	0	0	0	0	0	0	0	0
Feb 22 2023 18:05:25	1.30326592922	88.0902404785	96.2565002441	0.000663109123707	56.8157424927	7.63381528854	63.3988189697	-	0	0	0	0	0	0	0	0	0	0	0	0	0	0	0	3.82552956148e-35	12.6288995743	8.08193247569e-13	0	0	0	0	0	0	0	0.0486477874219	0.375510901213	0.981761395931	1.87480783463	2.98133945465	4.12793207169	5.03967523575	5.39145374298	4.91737174988	3.55020093918	1.54620146751	0	0	0	0	0	0	0	0	56.5361976624	0	0	0	0	0	0	0	0	0	0	0	0	0	0	0
Feb 22 2023 18:05:26	1.30589652061	87.5959243774	96.1730804443	0.00047946543782	55.5807571411	6.99265289307	69.625213623	-	0	0	0	0	0	0	0	0	0	0	0	0	0	0	4.66085882219e-39	2.76458611559e-09	12.8157424927	1.64174628258	2.84370460513e-09	3.28963748903e-25	0	0	0	0	0	0.0880899205804	0.382077306509	0.93364149332	1.76412272453	2.82248282433	3.9609413147	4.92100191116	5.36737346649	4.98412418365	3.62166953087	1.46419584751	0	0	0	0	0	0	0	0	55.2327919006	0	0	0	0	0	0	0	0	0	0	0	0	0	0	0
Feb 22 2023 18:05:27	1.29984617233	87.7057571411	96.1916503906	0.000487304379931	56.1897468567	7.51366281509	71.0469818115	-	0	0	0	0	0	0	0	0	0	0	0	0	0	0	0	0	12.9887447357	0	0	0	0	0	0	0	0	0	0.268621295691	0.805577516556	1.6183372736	2.66574001312	3.81894779205	4.845911026	5.43526697159	5.27891206741	4.20633649826	2.34281039238	0.206988930702	0	0	0	0	0	0	0	55.5178031921	0	0	0	0	0	0	0	0	0	0	0	0	0	0	0
Feb 22 2023 18:05:28	1.2948089838	88.4251403809	96.312789917	0.000536791922059	57.07554245	7.18783903122	67.4550170898	-	0	0	0	0	0	0	0	0	0	0	0	0	0	0	0	0	13.5597066879	8.30601039337e-12	0	0	0	0	0	0	0	0.0563670247793	0.593764841557	1.44056785107	2.50568699837	3.61217403412	4.51826906204	4.95917224884	4.72763538361	3.76973700523	2.25082206726	0.555709838867	0	0	0	0	0	0	0	0	57.4503822327	0	0	0	0	0	0	0	0	0	0	0	0	0	0	0
Feb 22 2023 18:05:29	1.63497507572	87.7617492676	96.2011108398	0.000519033521414	55.2344245911	6.90623998642	70.7657165527	-	0	0	0	0	0	0	0	0	0	0	0	0	0	0	1.29027843475	2.32003378868	2.88186955452	2.94592952728	2.60106706619	2.00557494164	1.33027899265	0.717792034149	0.274261564016	0.0676477253437	0.109870105982	0.408543080091	0.967923939228	1.73628687859	2.62126469612	3.48555660248	4.16075801849	4.46106767654	4.22547054291	3.37834215164	1.99238193035	0.353708267212	0	0	0	0	0	0	0	0	55.6640930176	0	0	0	0	0	0	0	0	0	0	0	0	0	0	0
Feb 22 2023 18:05:30	1.35805082321	90.147857666	96.8838806152	0.000428595900303	66.0651092529	9.18988418579	78.4923248291	-	0	0	0	0	0	0	0	0	0	0	0	0	0	0	0	0	10.2059116364	0	0	0	0	0	0	0	0	0	0	1.17978394032	3.06624984741	4.4955997467	4.77647352219	3.87554693222	2.39108872414	1.05918359756	0.269344806671	0	0	0	0	0	0	0	0	0	68.6808166504	0	0	0	0	0	0	0	0	0	0	0	0	0	0	0
Feb 22 2023 18:05:31	6.72843885422	90.6080322266	97.0551376343	0.000501750793774	69.2753219604	11.0048532486	79.8571853638	-	0	0	0	0	0	0	0	0	0	0	0	0	0	0	0	0	7.35007238388	0	0	0	0	0	0	0	0	0	0.674062550068	5.85131216049	6.40128326416	4.17685413361	1.87135529518	0.589949011803	0.127321526408	0.0168618950993	0.000746443285607	0	0	0	0	0	0	0	0	0	72.9401855469	0	0	0	0	0	0	0	0	0	0	0	0	0	0	0
Feb 22 2023 18:05:32	7.51924371719	90.8030319214	97.127532959	0.000608425005339	71.0275726318	11.1330623627	75.8763580322	-	0	0	0	0	0	0	0	0	0	0	0	0	0	0	0	0	7.81760120392	0	0	0	0	0	0	0	0	0	0	1.4627301693	6.45816469193	5.56435060501	2.73994517326	0.861743748188	0.172823861241	0.0202343668789	0.000889032438863	0	0	0	0	0	0	0	0	0	74.901512146	0	0	0	0	0	0	0	0	0	0	0	0	0	0	0
Feb 22 2023 18:05:33	7.81927156448	90.7961578369	97.1249847412	0.000673791568261	71.0424880981	12.3164272308	77.2640457153	-	0	0	0	0	0	0	0	0	0	0	0	0	0	0	0	0	0	7.99683237076	0	0	0	0	0	0	0	0	0	0.187015414238	5.81449890137	6.10710573196	3.48990774155	1.25126695633	0.283424347639	0.0374082401395	0.00192607275676	0	0	0	0	0	0	0	0	2.43682451198e-14	74.8306121826	0	0	0	0	0	0	0	0	0	0	0	0	0	0	0
Feb 22 2023 18:05:34	7.57257318497	90.5772171021	97.0436859131	0.000570300093386	69.2514877319	10.8894872665	76.7896270752	-	0	0	0	0	0	0	0	0	0	0	0	0	0	0	0	0	7.95777416229	0	0	0	0	0	0	0	0	0	0	1.37272262573	4.80668210983	6.01942634583	4.42058706284	2.06183671951	0.608527421951	0.10545001179	0.00775625836104	0	0	0	0	0	0	0	0	0	72.6392364502	0	0	0	0	0	0	0	0	0	0	0	0	0	0	0
Feb 22 2023 18:05:35	6.57735395432	89.8256454468	96.7636260986	0.000662210804876	63.8883323669	9.8897485733	71.5636291504	-	0	0	0	0	0	0	0	0	0	0	0	0	0	0	0	0	8.53155612946	0	0	0	0	0	0	0	0	0	0.923120617867	2.61848902702	4.16880607605	5.00226354599	4.85277605057	3.86302089691	2.48392033577	1.21650469303	0.367916285992	0	0	0	0	0	0	0	0	0	65.9716262817	0	0	0	0	0	0	0	0	0	0	0	0	0	0	0
Feb 22 2023 18:05:36	7.17233324051	90.4696044922	97.0036773682	0.000385181308957	68.3653106689	10.5239210129	83.1321029663	-	0	0	0	0	0	0	0	0	0	0	0	0	0	0	0	3.96226984137e-30	8.24425792694	2.28323891911e-12	0	0	0	0	0	0	0	0	0	2.31125330925	4.79590654373	5.54993438721	4.25836372375	2.24443244934	0.797931075096	0.175266712904	0.0159364100546	0	0	0	0	0	0	0	0	0	71.6067199707	0	0	0	0	0	0	0	0	0	0	0	0	0	0	0
Feb 22 2023 18:05:37	1.34414279461	89.5663528442	96.6666488647	0.000446151912911	62.6007461548	8.85037612915	76.9636154175	-	0	0	0	0	0	0	0	0	0	0	0	0	0	0	0	5.94483057942e-36	10.6196966171	1.05594981543e-12	0	0	0	0	0	0	0	0	0.189225301147	1.00541996956	2.12511181831	3.32946062088	4.30088090897	4.7109951973	4.35713100433	3.28108596802	1.79018270969	0.355314075947	0	0	0	0	0	0	0	0	63.9354934692	0	0	0	0	0	0	0	0	0	0	0	0	0	0	0
Feb 22 2023 18:05:38	6.6236166954	90.1962509155	96.9019165039	0.000355639116606	66.4843139648	9.49524593353	82.3828430176	-	0	0	0	0	0	0	0	0	0	0	0	0	0	0	0	0	9.7900686264	0	0	0	0	0	0	0	0	0	0	1.16348731518	2.86932253838	4.28315734863	4.71151447296	3.98804950714	2.57769656181	1.19687485695	0.313662052155	0	0	0	0	0	0	0	0	0	69.1061706543	0	0	0	0	0	0	0	0	0	0	0	0	0	0	0
Feb 22 2023 18:05:39	6.25807237625	89.7984313965	96.7534561157	0.00048868561862	63.7806053162	9.30437088013	76.4596633911	-	0	0	0	0	0	0	0	0	0	0	0	0	0	0	0	0	9.65912151337	2.15692502921e-12	0	0	0	0	0	0	0	0	0.389190882444	1.77679359913	3.31694555283	4.48353624344	4.85527610779	4.31461429596	3.11225867271	1.72819697857	0.611936509609	0	0	0	0	0	0	0	0	0	65.7521286011	0	0	0	0	0	0	0	0	0	0	0	0	0	0	0
Feb 22 2023 18:05:40	1.35878384113	89.8254089355	96.7635345459	0.000525215291418	64.1094512939	9.14359855652	74.2784042358	-	0	0	0	0	0	0	0	0	0	0	0	0	0	0	0	0	10.1851100922	1.91959620942e-13	0	0	0	0	0	0	0	0	0.127499118447	1.13739919662	2.45467281342	3.72018408775	4.51569461823	4.53631210327	3.75247907639	2.44714140892	1.08169043064	0.072098210454	0	0	0	0	0	0	0	0	65.9697189331	0	0	0	0	0	0	0	0	0	0	0	0	0	0	0
Feb 22 2023 18:05:41	1.31241154671	89.0839691162	96.485748291	0.000423529330874	59.5883140564	8.02956008911	75.9858703613	-	0	0	0	0	0	0	0	0	0	0	0	0	0	0	0	0	11.7616348267	9.22532363001e-12	0	0	0	0	0	0	0	0	0.520554304123	1.43843829632	2.60102152824	3.77303481102	4.65007972717	4.93931865692	4.47619199753	3.32159328461	1.77610218525	0.291877388954	0	0	0	0	0	0	0	0	60.4501533508	0	0	0	0	0	0	0	0	0	0	0	0	0	0	0
Feb 22 2023 18:05:42	1.30481219292	89.1020202637	96.4925308228	0.000516477914061	59.7794418335	7.79804897308	70.5594482422	-	0	0	0	0	0	0	0	0	0	0	0	0	0	0	0	0	12.4729509354	5.18692944498e-13	0	0	0	0	0	0	0	0	0.260591059923	1.01226115227	2.06462168694	3.24887752533	4.29098844528	4.86641359329	4.7126660347	3.76058077812	2.21344065666	0.522558808327	0	0	0	0	0	0	0	0	60.5740470886	0	0	0	0	0	0	0	0	0	0	0	0	0	0	0
Feb 22 2023 18:05:43	1.29110085964	88.0277328491	96.2459716797	0.000543651229236	56.3296852112	7.04435634613	66.4433288574	-	0	0	0	0	0	0	0	0	0	0	0	0	0	0	0	1.9131367414e-38	14.0147733688	6.05508861367e-13	0	0	0	0	0	0	0	0	0.403336524963	1.12911176682	2.14060401917	3.30665755272	4.39609336853	5.10541725159	5.14094543457	4.34072160721	2.78839254379	0.865554451942	0	0	0	0	0	0	0	0	56.3683929443	0	0	0	0	0	0	0	0	0	0	0	0	0	0	0
Feb 22 2023 18:05:44	1.3325906992	89.959777832	96.8137207031	0.000391376815969	64.6921386719	8.6418800354	78.9474639893	-	0	0	0	0	0	0	0	0	0	0	0	0	0	0	0	3.08357592723e-26	10.993429184	4.00893164151e-12	0	0	0	0	0	0	0	0	0.046865914017	1.52701079845	3.18403100967	4.37055206299	4.62067508698	3.89909553528	2.60256290436	1.29630839825	0.385305345058	0	0	0	0	0	0	0	0	0	67.0741653442	0	0	0	0	0	0	0	0	0	0	0	0	0	0	0
Feb 22 2023 18:05:45	1.35999929905	89.6437149048	96.695602417	0.000602042069659	62.9266815186	9.03989982605	70.9712600708	-	0	0	0	0	0	0	0	0	0	0	0	0	0	0	0	0	10.1508264542	0	0	0	0	0	0	0	0	0	0.35350728035	1.41364145279	2.71226763725	3.9097058773	4.63411951065	4.62086772919	3.8444507122	2.55448126793	1.17226088047	0.103563800454	0	0	0	0	0	0	0	0	64.5303039551	0	0	0	0	0	0	0	0	0	0	0	0	0	0	0
Feb 22 2023 18:05:46	5.984603405	90.2211761475	96.9112014771	0.000201557864784	66.0450439453	9.33162689209	89.7583312988	-	0	0	0	0	0	0	0	0	0	0	0	0	0	0	0	0	9.00020217896	0	0	0	0	0	0	0	0	0	2.27354240417	6.76890230179	6.48090171814	3.90276360512	1.64151859283	0.490399688482	0.101067781448	0.0129194846377	0.000586402136832	0	0	0	0	0	0	0	0	0	69.3271942139	0	0	0	0	0	0	0	0	0	0	0	0	0	0	0
Feb 22 2023 18:05:47	6.44569778442	90.3897781372	96.9739837646	0.000314242701279	67.3613891602	9.34660625458	84.2956619263	-	0	0	0	0	0	0	0	0	0	0	0	0	0	0	0	0	9.39738559723	0	0	0	0	0	0	0	0	0	0	6.39094257355	7.13623094559	4.17694091797	1.5732613802	0.39543941617	0.0646893233061	0.00617882469669	0.000194457374164	0	0	0	0	0	0	0	0	0	70.8587341309	0	0	0	0	0	0	0	0	0	0	0	0	0	0	0
Feb 22 2023 18:05:48	6.74682044983	90.2930374146	96.9379730225	0.000528188655153	66.8769073486	9.76398277283	76.0158996582	-	0	0	0	0	0	0	0	0	0	0	0	0	0	0	0	0	8.97578239441	0	0	0	0	0	0	0	0	0	0.0722586289048	3.13934493065	5.6085767746	5.7284860611	3.92059540749	1.85634100437	0.596750438213	0.119546718895	0.0101501205936	0	0	0	0	0	0	0	0	0	69.9721679688	0	0	0	0	0	0	0	0	0	0	0	0	0	0	0
Feb 22 2023 18:05:49	6.9295964241	90.5238571167	97.0238494873	0.000799937697593	68.6366195679	10.5210838318	68.3306732178	-	0	0	0	0	0	0	0	0	0	0	0	0	0	0	0	0	8.04808616638	0	0	0	0	0	0	0	0	0	0	3.95659399033	6.5525097847	5.38077878952	2.77182674408	0.93605452776	0.203353330493	0.0258381739259	0.00122096098494	0	0	0	0	0	0	0	0	0	72.1237335205	0	0	0	0	0	0	0	0	0	0	0	0	0	0	0
Feb 22 2023 18:05:50	6.46456193924	89.7703018188	96.7429428101	0.000590829993598	63.4675178528	10.2999372482	75.5586547852	-	0	0	0	0	0	0	0	0	0	0	0	0	0	0	0	0	7.66441583633	2.0987111517e-13	0	0	0	0	0	0	0	0.118714757264	1.76264774799	3.4947552681	4.73848819733	5.12050628662	4.61102628708	3.48128795624	2.15847015381	1.02873980999	0.294236004353	0	0	0	0	0	0	0	0	0	65.5267105103	0	0	0	0	0	0	0	0	0	0	0	0	0	0	0
Feb 22 2023 18:05:51	6.81255149841	89.7436447144	96.7329788208	0.0005853784387	63.6113777161	9.74316501617	73.7390594482	-	0	0	0	0	0	0	0	0	0	0	0	0	0	0	0	0	9.0405664444	1.49603127195e-12	0	0	0	0	0	0	0	0	0.34970214963	1.56587255001	2.99842476845	4.22729873657	4.846804142	4.63414621353	3.6671037674	2.29842829704	0.984065055847	0.0731246322393	0	0	0	0	0	0	0	0	65.3144683838	0	0	0	0	0	0	0	0	0	0	0	0	0	0	0
Feb 22 2023 18:05:52	6.6875705719	90.1121902466	96.8705825806	0.000523587048519	65.6605682373	9.4883480072	75.4850692749	-	0	0	0	0	0	0	0	0	0	0	0	0	0	0	0	9.05103378664e-32	9.38445854187	1.16575900409e-12	0	0	0	0	0	0	0	0	0	2.46983766556	4.7461848259	5.54120969772	4.66634368896	2.94061255455	1.36919128895	0.438977181911	0.0726974233985	0	0	0	0	0	0	0	0	0	68.3704833984	0	0	0	0	0	0	0	0	0	0	0	0	0	0	0
Feb 22 2023 18:05:53	1.34713065624	89.8031387329	96.7552185059	0.000655540614389	63.6743812561	8.78407764435	68.0055007935	-	0	0	0	0	0	0	0	0	0	0	0	0	0	0	0	0	10.5276288986	1.64388630746e-12	0	0	0	0	0	0	0	0	0.281507581472	1.83140182495	3.47270846367	4.59678936005	4.79629468918	4.05927419662	2.7590405941	1.42604649067	0.45930364728	0	0	0	0	0	0	0	0	0	65.7900009155	0	0	0	0	0	0	0	0	0	0	0	0	0	0	0
Feb 22 2023 18:05:54	1.32150101662	88.7701721191	96.3705978394	0.00059197191149	58.6707000732	8.36791801453	69.1301116943	-	0	0	0	0	0	0	0	0	0	0	0	0	0	0	0	8.7685808819e-36	11.3812055588	1.56470452914e-12	0	0	0	0	0	0	0	0	0.176497831941	0.681214809418	1.47984373569	2.53652644157	3.71507000923	4.76356267929	5.34893989563	5.15727424622	4.04144525528	2.17548084259	0.123054116964	0	0	0	0	0	0	0	58.419883728	0	0	0	0	0	0	0	0	0	0	0	0	0	0	0
Feb 22 2023 18:05:55	1.3128592968	89.7432632446	96.7328338623	0.000555230653845	63.1369438171	8.13930892944	69.9930953979	-	0	0	0	0	0	0	0	0	0	0	0	0	0	0	0	0	11.7223720551	0	0	0	0	0	0	0	0	0	0.403393238783	1.87212491035	3.4381248951	4.49697494507	4.64283323288	3.87370181084	2.57658267021	1.2841565609	0.378321290016	0	0	0	0	0	0	0	0	0	65.311416626	0	0	0	0	0	0	0	0	0	0	0	0	0	0	0
Feb 22 2023 18:05:56	7.23512649536	90.4717636108	97.0044784546	0.000547166739125	68.3485717773	10.5155773163	76.9310073853	-	0	0	0	0	0	0	0	0	0	0	0	0	0	0	0	1.07339462367e-40	8.21715927124	5.28234032036e-13	0	0	0	0	0	0	0	0	0	2.1560959816	5.28580760956	5.98450946808	4.1755361557	1.89673030376	0.554296791553	0.0959431752563	0.00681529799476	0	0	0	0	0	0	0	0	0	71.6271057129	0	0	0	0	0	0	0	0	0	0	0	0	0	0	0
Feb 22 2023 18:05:57	1.35845184326	89.9777145386	96.8204116821	0.000519482302479	64.8377304077	9.04399204254	74.3466567993	-	0	0	0	0	0	0	0	0	0	0	0	0	0	0	0	0	10.1945199966	7.36179780331e-13	0	0	0	0	0	0	0	0	0.316108614206	1.8247269392	3.44124650955	4.52510499954	4.6493434906	3.82748961449	2.48731160164	1.19159471989	0.318286836147	0	0	0	0	0	0	0	0	0	67.2242736816	0	0	0	0	0	0	0	0	0	0	0	0	0	0	0
Feb 22 2023 18:05:58	1.35520601273	89.8603897095	96.7766036987	0.00044966142741	63.9402389526	8.84415531158	77.0126953125	-	0	0	0	0	0	0	0	0	0	0	0	0	0	0	0	0	10.2875671387	0	0	0	0	0	0	0	0	0	0.769515931606	2.39851355553	3.92793703079	4.747423172	4.57136440277	3.56229496002	2.20601272583	1.0131136179	0.262385874987	0	0	0	0	0	0	0	0	0	66.253868103	0	0	0	0	0	0	0	0	0	0	0	0	0	0	0
Feb 22 2023 18:05:59	6.36229610443	89.640914917	96.6945571899	0.000755382643547	62.8025588989	9.50375461578	66.9639129639	-	0	0	0	0	0	0	0	0	0	0	0	0	0	0	0	0	9.12901496887	0	0	0	0	0	0	0	0	0	0.78011739254	2.16163110733	3.58261656761	4.60479927063	4.90271949768	4.39018249512	3.26454782486	1.91711544991	0.749657988548	0.00900655984879	0	0	0	0	0	0	0	0	64.5085983276	0	0	0	0	0	0	0	0	0	0	0	0	0	0	0
Feb 22 2023 18:06:00	6.5319609642	90.1301269531	96.8772659302	0.000704828067683	65.7727966309	9.55663490295	68.7506027222	-	0	0	0	0	0	0	0	0	0	0	0	0	0	0	0	0	9.23281288147	0	0	0	0	0	0	0	0	0	0.36718660593	2.7754483223	4.74210166931	5.29827642441	4.4031047821	2.79694747925	1.3360196352	0.445687025785	0.0762129053473	0	0	0	0	0	0	0	0	0	68.5261993408	0	0	0	0	0	0	0	0	0	0	0	0	0	0	0
Feb 22 2023 18:06:01	7.35525417328	90.4435272217	96.9939804077	0.000656139338389	68.209022522	10.7120771408	73.4992523193	-	0	0	0	0	0	0	0	0	0	0	0	0	0	0	0	0	8.01271915436	6.17474441803e-13	0	0	0	0	0	0	0	0	0	1.97746777534	4.70062112808	5.76645565033	4.58505392075	2.4760594368	0.897577404976	0.202546566725	0.0207597557455	0	0	0	0	0	0	0	0	0	71.3607406616	0	0	0	0	0	0	0	0	0	0	0	0	0	0	0
Feb 22 2023 18:06:02	6.58747768402	90.935333252	97.1765975952	0.000886699650437	71.9454650879	12.605670929	72.4414291382	-	0	0	0	0	0	0	0	0	0	0	0	0	0	0	0	0	0	6.950111866	0	0	0	0	0	0	0	0	0	12.8337488174	3.71871709824	0.201693505049	0.00484729558229	5.77898572374e-05	3.23315106243e-07	6.47964515377e-10	5.27055138357e-14	0	0	0	0	0	0	0	0	0	76.2908248901	0	0	0	0	0	0	0	0	0	0	0	0	0	0	0
Feb 22 2023 18:06:03	6.57269239426	90.9313659668	97.1751251221	0.00063625787152	71.899597168	12.5385694504	79.2372741699	-	0	0	0	0	0	0	0	0	0	0	0	0	0	0	0	0	0	6.9952545166	0	0	0	0	0	0	0	0	0	13.3645858765	3.26165819168	0.128002092242	0.00205205031671	1.51802169057e-05	4.85843187903e-08	4.93076239561e-11	9.79436373009e-16	0	0	0	0	0	0	0	0	0	76.2484283447	0	0	0	0	0	0	0	0	0	0	0	0	0	0	0
Feb 22 2023 18:06:04	6.71824359894	90.9057159424	97.1656188965	0.000647619599476	71.7268371582	11.3558206558	75.348815918	-	0	0	0	0	0	0	0	0	0	0	0	0	0	0	0	0	7.22617053986	4.22628403628e-13	0	0	0	0	0	0	0	0	0	8.30350017548	6.4361205101	1.72880482674	0.293306738138	0.0338747091591	0.00260724662803	0.000118163872685	1.42779151702e-06	0	0	0	0	0	0	0	0	0	75.9754943848	0	0	0	0	0	0	0	0	0	0	0	0	0	0	0
Feb 22 2023 18:06:05	7.07370281219	90.2257385254	96.912902832	0.000724038400222	66.4954071045	10.5230531693	71.0777130127	-	0	0	0	0	0	0	0	0	0	0	0	0	0	0	0	0	7.8486032486	0	0	0	0	0	0	0	0	0	0.173179343343	3.05731034279	5.71425056458	6.17352485657	4.47346830368	2.24341988564	0.766308069229	0.165448710322	0.0166667997837	0	0	0	0	0	0	0	0	0	69.3678283691	0	0	0	0	0	0	0	0	0	0	0	0	0	0	0
Feb 22 2023 18:06:06	6.28425121307	90.1439437866	96.8824234009	0.000464913580799	65.7372741699	9.48783969879	78.0750274658	-	0	0	0	0	0	0	0	0	0	0	0	0	0	0	0	0	9.1362361908	0	0	0	0	0	0	0	0	0	0.907431066036	3.69379377365	5.48666143417	5.35660171509	3.80144906044	1.99841594696	0.760322093964	0.191430404782	0.0210320521146	0	0	0	0	0	0	0	0	0	68.6466293335	0	0	0	0	0	0	0	0	0	0	0	0	0	0	0
Feb 22 2023 18:06:07	1.32164537907	90.0683898926	96.8542480469	0.000469098420581	65.2867660522	8.46259593964	74.7637710571	-	0	0	0	0	0	0	0	0	0	0	0	0	0	0	0	0	11.37596035	0	0	0	0	0	0	0	0	0	0	0.92599272728	3.17558312416	5.33421134949	5.51183462143	3.67779922485	1.56754457951	0.395345330238	0.0426472909749	0	0	0	0	0	0	0	0	0	67.9930801392	0	0	0	0	0	0	0	0	0	0	0	0	0	0	0
Feb 22 2023 18:06:08	1.35519826412	89.6290206909	96.6901016235	0.000542997557204	62.6860084534	8.88456916809	73.0292663574	-	0	0	0	0	0	0	0	0	0	0	0	0	0	0	0	0	10.2877941132	0	0	0	0	0	0	0	0	0	0.240803301334	1.69131433964	3.27795672417	4.49525880814	4.94570016861	4.50243759155	3.36993980408	1.97960698605	0.774188518524	0.0184762198478	0	0	0	0	0	0	0	0	64.416519165	0	0	0	0	0	0	0	0	0	0	0	0	0	0	0
Feb 22 2023 18:06:09	6.54238653183	91.1395721436	97.2522506714	0.000757184810936	73.8044891357	11.683880806	72.3995361328	-	0	0	0	0	0	0	0	0	0	0	0	0	0	0	0	0	7.04231643677	1.54941394459e-13	0	0	0	0	0	0	0	0	0	14.4222755432	0	0	0	0	0	0	0	0	0	0	0	0	0	0	0	0	78.53540802	0	0	0	0	0	0	0	0	0	0	0	0	0	0	0
Feb 22 2023 18:06:10	6.76603889465	90.7998504639	97.1263580322	0.000443518627435	70.7643280029	10.4012298584	80.5863647461	-	0	0	0	0	0	0	0	0	0	0	0	0	0	0	0	0	8.37185764313	0	0	0	0	0	0	0	0	0	0	5.2722363472	8.39806747437	2.56852197647	0.462055385113	0.0542874746025	0.00411741714925	0.000180582690518	2.46388799496e-06	0	0	0	0	0	0	0	0	0	74.8686752319	0	0	0	0	0	0	0	0	0	0	0	0	0	0	0
Feb 22 2023 18:06:11	6.33305501938	90.5670928955	97.0399246216	0.000748594815377	68.7819366455	9.28639316559	65.9903793335	-	0	0	0	0	0	0	0	0	0	0	0	0	0	0	0	0	9.86609077454	4.76283899473e-12	0	0	0	0	0	0	0	0	0	4.11210823059	7.10634231567	4.3253159523	1.59707522392	0.386250793934	0.0602924972773	0.00545277865604	0.000154751483933	0	0	0	0	0	0	0	0	0	72.5409164429	0	0	0	0	0	0	0	0	0	0	0	0	0	0	0
Feb 22 2023 18:06:12	1.2966645956	89.5388717651	96.6563644409	0.000925267115235	61.9857025146	7.51985645294	51.8941116333	-	0	0	0	0	0	0	0	0	0	0	0	0	0	0	0	0	13.3433732986	3.0865084387e-14	0	0	0	0	0	0	0	0	0	0.744929790497	2.05563235283	3.5664870739	4.66179609299	4.79403018951	3.86853408813	2.33828806877	0.892527699471	0.00768117047846	0	0	0	0	0	0	0	0	63.7267227173	0	0	0	0	0	0	0	0	0	0	0	0	0	0	0
Feb 22 2023 18:06:13	1.29472303391	89.5615539551	96.664855957	0.000907521869522	61.79529953	7.313580513	51.731754303	-	0	0	0	0	0	0	0	0	0	0	0	0	0	0	0	0	13.5699090958	0	0	0	0	0	0	0	0	0	0.129807293415	1.424741745	3.2997481823	4.84998703003	5.1647310257	4.10437822342	2.3992767334	0.961136996746	0.197339847684	0	0	0	0	0	0	0	0	0	63.8989448547	0	0	0	0	0	0	0	0	0	0	0	0	0	0	0
Feb 22 2023 18:06:14	1.32612979412	89.8361816406	96.7675628662	0.000803151517175	63.9084663391	8.49843406677	61.0266456604	-	0	0	0	0	0	0	0	0	0	0	0	0	0	0	0	0	11.2156763077	0	0	0	0	0	0	0	0	0	0.138541981578	1.40443336964	2.93681192398	4.18466567993	4.65771150589	4.18406009674	3.00965833664	1.64556407928	0.565923273563	0	0	0	0	0	0	0	0	0	66.0569534302	0	0	0	0	0	0	0	0	0	0	0	0	0	0	0
Feb 22 2023 18:06:15	6.48389911652	90.1360626221	96.8794784546	0.000630633439869	65.8618469238	9.28989887238	70.5230026245	-	0	0	0	0	0	0	0	0	0	0	0	0	0	0	0	0	9.83819484711	1.94285689967e-12	0	0	0	0	0	0	0	0	0	1.84478056431	4.09623241425	5.2624874115	4.8082780838	3.26605987549	1.63502061367	0.565841913223	0.10521966964	0	0	0	0	0	0	0	0	0	68.5778884888	0	0	0	0	0	0	0	0	0	0	0	0	0	0	0
Feb 22 2023 18:06:16	1.30467867851	89.7881698608	96.7496185303	0.000899062491953	63.3640213013	7.8505525589	54.5982551575	-	0	0	0	0	0	0	0	0	0	0	0	0	0	0	0	0	12.4862556458	0	0	0	0	0	0	0	0	0	0	1.13019490242	3.06047749519	4.82423448563	5.27460479736	4.1610455513	2.34339618683	0.880908489227	0.169142469764	0	0	0	0	0	0	0	0	0	65.6697387695	0	0	0	0	0	0	0	0	0	0	0	0	0	0	0
Feb 22 2023 18:06:17	1.32314217091	89.9848556519	96.8230819702	0.000718880794011	64.5603561401	8.32055664063	63.7682304382	-	0	0	0	0	0	0	0	0	0	0	0	0	0	0	0	0	11.321893692	0	0	0	0	0	0	0	0	0	0.289481520653	2.61379265785	4.61616373062	5.21684551239	4.31208848953	2.67962765694	1.22861719131	0.382239758968	0.0549904182553	0	0	0	0	0	0	0	0	0	67.2842636108	0	0	0	0	0	0	0	0	0	0	0	0	0	0	0
Feb 22 2023 18:06:18	1.29122400284	89.240814209	96.5446395874	0.00056094059255	60.2332839966	7.18837594986	65.9307632446	-	0	0	0	0	0	0	0	0	0	0	0	0	0	0	0	5.6051938573e-43	13.9991369247	5.4642640239e-13	0	0	0	0	0	0	0	0	0.205157622695	1.03704595566	2.17278265953	3.3698592186	4.29223299026	4.61207771301	4.15281486511	2.99903202057	1.49559736252	0.121280878782	0	0	0	0	0	0	0	0	61.5429801941	0	0	0	0	0	0	0	0	0	0	0	0	0	0	0
Feb 22 2023 18:06:19	1.32058358192	89.9857940674	96.823425293	0.000887098547537	64.5353088379	8.28372955322	57.2135391235	-	0	0	0	0	0	0	0	0	0	0	0	0	0	0	0	0	11.4146690369	0	0	0	0	0	0	0	0	0	0	1.90682339668	4.92327690125	6.23399782181	4.85587692261	2.43772053719	0.778291463852	0.145839095116	0.0114124212414	0	0	0	0	0	0	0	0	0	67.2920913696	0	0	0	0	0	0	0	0	0	0	0	0	0	0	0
Feb 22 2023 18:06:20	1.31046593189	90.0117950439	96.8331375122	0.000832669786178	64.9384384155	8.22110366821	58.5518226624	-	0	0	0	0	0	0	0	0	0	0	0	0	0	0	0	0	11.9355249405	0	0	0	0	0	0	0	0	0	0	0.566741943359	2.51529169083	4.74735355377	5.52425336838	4.25194597244	2.16202569008	0.682052254677	0.103500284255	0	0	0	0	0	0	0	0	0	67.5113067627	0	0	0	0	0	0	0	0	0	0	0	0	0	0	0
Feb 22 2023 18:06:21	1.28559172153	88.9774398804	96.4457092285	0.000933433009777	58.6283340454	6.83776140213	48.2113647461	-	0	0	0	0	0	0	0	0	0	0	0	0	0	0	0	2.90425243603e-26	14.7529706955	1.54961078691e-11	0	0	0	0	0	0	0	0	0.301914513111	1.14792978764	2.36580562592	3.67791461945	4.66123151779	4.91088151932	4.25543117523	2.88690233231	1.29311072826	0.0171880200505	0	0	0	0	0	0	0	0	59.728717804	0	0	0	0	0	0	0	0	0	0	0	0	0	0	0
Feb 22 2023 18:06:22	1.30998599529	89.9366989136	96.8051071167	0.000533749815077	64.1672592163	8.00307655334	70.4947662354	-	0	0	0	0	0	0	0	0	0	0	0	0	0	0	0	0	11.9792613983	0	0	0	0	0	0	0	0	0	0.170827791095	2.16121792793	4.57053279877	5.63830852509	4.65691995621	2.65061044693	1.0204372406	0.244543939829	0.0253703612834	0	0	0	0	0	0	0	0	0	66.8819732666	0	0	0	0	0	0	0	0	0	0	0	0	0	0	0
Feb 22 2023 18:06:23	1.29005134106	89.2104492188	96.533241272	0.000518096843734	60.3557662964	7.23577022552	68.0661621094	-	0	0	0	0	0	0	0	0	0	0	0	0	0	0	0	0	14.1494121552	0	0	0	0	0	0	0	0	0	0	0.386964827776	1.21175014973	2.43018817902	3.78075051308	4.7869310379	4.95112228394	4.05523395538	2.36487650871	0.554288089275	0	0	0	0	0	0	0	0	61.3284835815	0	0	0	0	0	0	0	0	0	0	0	0	0	0	0
Feb 22 2023 18:06:24	1.56077051163	89.731010437	96.7282562256	0.000927036278881	63.4484405518	9.80138301849	63.348941803	-	0	0	0	0	0	0	0	0	0	0	0	0	0	0	0	0	0	10.7907400131	0	0	0	0	0	0	0	0	0	1.09265720844	2.54481697083	3.90371274948	4.69214296341	4.6112036705	3.70267558098	2.33595252037	1.00971531868	0.102051228285	0	0	0	0	0	0	0	0	65.2143325806	0	0	0	0	0	0	0	0	0	0	0	0	0	0	0
Feb 22 2023 18:06:25	1.5848069191	88.1743087769	96.2706451416	0.000473031570436	56.4889755249	7.33884191513	73.5693283081	-	0	0	0	0	0	0	0	0	0	0	0	0	0	0	0.640249550343	2.23975729942	3.51077246666	3.61509466171	2.7202193737	1.53321313858	0.626004695892	0.162247136235	0.0177459474653	7.38356320653e-05	9.62441504271e-07	0.00979374162853	0.120998255908	0.548822939396	1.53329825401	3.11564159393	4.91632127762	6.11370897293	5.86466169357	4.05330848694	1.68435943127	0.210459023714	0	0	0	0	0	0	0	0	56.7632446289	0	0	0	0	0	0	0	0	0	0	0	0	0	0	0
Feb 22 2023 18:06:26	1.2953056097	88.496055603	96.3246841431	0.000734383938834	57.4676513672	7.30158472061	58.7201538086	-	0	0	0	0	0	0	0	0	0	0	0	0	0	0	0	0	13.5010910034	0	0	0	0	0	0	0	0	0	0.315748542547	0.972152411938	1.93010675907	3.07919740677	4.19973564148	4.98341655731	5.11417627335	4.39821720123	2.89180660248	0.967031240463	0	0	0	0	0	0	0	0	57.647315979	0	0	0	0	0	0	0	0	0	0	0	0	0	0	0
Feb 22 2023 18:06:27	1.2885119915	87.283706665	96.1201858521	0.000647795386612	54.6442565918	6.81758975983	60.5467147827	-	0	0	0	0	0	0	0	0	0	0	0	0	0	0	0	0	14.3518533707	0	0	0	0	0	0	0	0	0.147919431329	0.638781070709	1.44023954868	2.49407434464	3.6490380764	4.67089319229	5.27247190475	5.1910982132	4.296002388	2.68453860283	0.726625859737	0	0	0	0	0	0	0	0	54.4364624023	0	0	0	0	0	0	0	0	0	0	0	0	0	0	0
Feb 22 2023 18:06:28	1.28766715527	87.1983642578	96.1056976318	0.000632123381365	54.3979644775	6.75104999542	61.0089073181	-	0	0	0	0	0	0	0	0	0	0	0	0	0	0	0	0	14.4655303955	0	0	0	0	0	0	0	0	0.215990930796	0.740593135357	1.56683719158	2.62565135956	3.75810265541	4.72956180573	5.26209354401	5.11059856415	4.16463136673	2.5369246006	0.601205170155	0	0	0	0	0	0	0	0	54.222278595	0	0	0	0	0	0	0	0	0	0	0	0	0	0	0
Feb 22 2023 18:06:29	1.29138898849	89.2829971313	96.5604629517	0.000796828942839	60.8599815369	7.34748268127	55.8057060242	-	0	0	0	0	0	0	0	0	0	0	0	0	0	0	0	0	13.978263855	9.42331743236e-14	0	0	0	0	0	0	0	0	0	0.160259738564	0.92843490839	2.16203260422	3.61761832237	4.78441333771	5.08950138092	4.25052213669	2.52981734276	0.655783653259	0	0	0	0	0	0	0	0	61.8433532715	0	0	0	0	0	0	0	0	0	0	0	0	0	0	0
Feb 22 2023 18:06:30	1.43334209919	25.6333332062	95.8719711304	0.00042056851089	52.8169021606	6.55854701996	71.9060058594	-	0	0	0	0	0	0	0	0	0	0	0	0	0	0	0.00765333324671	0.975013911724	6.10642147064	7.86161136627	3.08547186852	0.39415961504	0.0128827802837	3.79463053832e-05	2.81457713039e-12	0	0	0	0	0	3.43221625834e-24	1.70160170399e-08	6.35652759229e-05	0.0132215255871	0.542750120163	5.89463329315	16.3893184662	8.5743188858	0.366009622812	7.92015853222e-05	0	0	0	0	0	0	49.7763633728	0	0	0	0	0	0	0	0	0	0	0	0	0	0	0
Feb 22 2023 18:06:31	1.29496359825	89.0944595337	96.4896850586	0.00071773811942	60.7624664307	7.7185549736	60.4469604492	-	0	0	0	0	0	0	0	0	0	0	0	0	0	0	0	0	13.5414104462	0	0	0	0	0	0	0	0	0	0	0	0.00464255083352	0.165259644389	0.861244022846	2.53119397163	5.07827758789	7.16461849213	6.68774557114	3.26329398155	0.180212318897	0	0	0	0	0	0	0	60.522102356	0	0	0	0	0	0	0	0	0	0	0	0	0	0	0
Feb 22 2023 18:06:32	1.28390955925	87.991607666	96.2398834229	0.000394797913032	56.5622138977	6.82922554016	73.2982940674	-	0	0	0	0	0	0	0	0	0	0	0	0	0	0	0	0	14.9948015213	0	0	0	0	0	0	0	0	0	0.0715623646975	0.503512144089	1.23115313053	2.2455637455	3.43807005882	4.57023096085	5.28865766525	5.21418094635	4.10554075241	2.06491065025	0	0	0	0	0	0	0	0	56.2718162537	0	0	0	0	0	0	0	0	0	0	0	0	0	0	0
Feb 22 2023 18:06:33	1.2796369791	87.6593399048	96.1837997437	0.000516108062584	55.7882766724	6.59027338028	65.5703277588	-	0	0	0	0	0	0	0	0	0	0	0	0	0	0	0	7.98936784785e-12	15.6478271484	9.44072565349e-14	0	0	0	0	0	0	0	0	0.0938285365701	0.530412495136	1.25994229317	2.27235174179	3.45952320099	4.58578634262	5.3014588356	5.2296333313	4.12803268433	2.09417128563	0	0	0	0	0	0	0	0	55.3970336914	0	0	0	0	0	0	0	0	0	0	0	0	0	0	0
Feb 22 2023 18:06:34	1.43359911442	26.5294685364	95.8147201538	0.000592884200159	51.3187103271	6.95571374893	64.4827957153	-	0	0	0	0	0	0	0	0	0	0	0	0	0	0	1.27377155796e-22	5.94816901867e-06	5.39625740051	10.7801265717	0.00118366582319	1.3774634211e-11	4.08477619864e-24	1.40129846432e-43	0	0	0	0	0.0241667665541	0.186719715595	0.584257662296	1.33044445515	2.49838328362	4.03021717072	5.63165616989	6.73362445831	6.64726638794	5.00844049454	2.35776352882	0.26759275794	0	0	0	0	0	0	48.5218925476	0	0	0	0	0	0	0	0	0	0	0	0	0	0	0
Feb 22 2023 18:06:35	1.302983284	86.7845077515	96.0352783203	0.000355092721293	54.4865570068	7.08987426758	76.7070922852	-	0	0	0	0	0	0	0	0	0	0	0	0	0	0	9.65500720608e-21	0.000153949775267	13.0546989441	1.20104122162	3.6138167161e-06	7.73375809194e-16	3.53441246716e-30	0	0	0	0	0	0.190043330193	0.609040379524	1.30578970909	2.28521609306	3.46850419044	4.65739297867	5.53041410446	5.70570993423	4.8872833252	3.08443808556	0.815996527672	0	0	0	0	0	0	0	53.2042732239	0	0	0	0	0	0	0	0	0	0	0	0	0	0	0
Feb 22 2023 18:06:36	1.30905747414	88.9282913208	96.427230835	0.00046173739247	58.9097175598	7.92477178574	73.7330703735	-	0	0	0	0	0	0	0	0	0	0	0	0	0	0	0	0	12.0648164749	0	0	0	0	0	0	0	0	0	0.331801116467	1.10521459579	2.18359303474	3.39623045921	4.46553754807	5.06244659424	4.92049360275	3.96816205978	2.40807104111	0.69226616621	0	0	0	0	0	0	0	0	59.4013671875	0	0	0	0	0	0	0	0	0	0	0	0	0	0	0
Feb 22 2023 18:06:37	1.29032230377	88.0079727173	96.2426452637	0.00071145867696	56.3244667053	7.02071857452	58.4156913757	-	0	0	0	0	0	0	0	0	0	0	0	0	0	0	0	0	14.1143932343	1.56846833698e-12	0	0	0	0	0	0	0	0	0.377958029509	1.07783484459	2.05773067474	3.19740319252	4.28260755539	5.02519989014	5.13423538208	4.42853021622	2.95090460777	1.03766071796	0	0	0	0	0	0	0	0	56.3155403137	0	0	0	0	0	0	0	0	0	0	0	0	0	0	0
Feb 22 2023 18:06:38	1.27989172935	88.8091964722	96.3824157715	0.00053951429436	58.1896018982	6.67668485641	64.5761947632	-	0	0	0	0	0	0	0	0	0	0	0	0	0	0	0	0	15.6072378159	0	0	0	0	0	0	0	0	0	0.028890941292	0.401599049568	1.11589396	2.17807245255	3.43918418884	4.56398391724	5.09934186935	4.66370391846	3.1904463768	1.08951640129	0	0	0	0	0	0	0	0	58.622127533	0	0	0	0	0	0	0	0	0	0	0	0	0	0	0
Feb 22 2023 18:06:39	7.96979570389	90.6846923828	97.0836105347	0.000516792642884	70.1234664917	10.1136779785	76.6627349854	-	0	0	0	0	0	0	0	0	0	0	0	0	0	0	0	0	9.31994247437	1.22384871334e-12	0	0	0	0	0	0	0	0	0	0	2.20359897614	6.15479135513	5.39613342285	2.48973178864	0.643297374249	0.0882899165154	0.00486608408391	0	0	0	0	0	0	0	0	0	73.6993484497	0	0	0	0	0	0	0	0	0	0	0	0	0	0	0
Feb 22 2023 18:06:40	1.48925220966	87.5390625	96.1634597778	0.000435403868323	56.5697669983	7.6143450737	74.8292236328	-	0	0	0	0	0	0	0	0	0	0	0	0	0	0	0	0	0	16.0079727173	0	0	0	0	0	0	0	0	0	0	0.00170152657665	0.0575321018696	0.440435528755	1.80325937271	4.69476795197	8.01263809204	8.50553035736	4.69061994553	0.699292898178	0	0	0	0	0	0	4.75322575692e-15	55.0862503052	0	0	0	0	0	0	0	0	0	0	0	0	0	0	0
Feb 22 2023 18:06:41	1.33716070652	90.6477050781	97.0698776245	0.000799759000074	69.8290328979	9.21551895142	63.0241317749	-	0	0	0	0	0	0	0	0	0	0	0	0	0	0	0	5.91194980593e-22	10.8420906067	5.27245619126e-13	0	0	0	0	0	0	0	0	0	0	0.637022912502	3.82813596725	5.61919021606	3.98391485214	1.47259509563	0.268511742353	0.0173049643636	0	0	0	0	0	0	0	0	0	73.3312301636	0	0	0	0	0	0	0	0	0	0	0	0	0	0	0
Feb 22 2023 18:06:42	1.29221761227	88.7765350342	96.3716583252	0.000507756136358	58.5211830139	7.34360790253	69.029838562	-	0	0	0	0	0	0	0	0	0	0	0	0	0	0	0	0	13.8744068146	3.14524621625e-11	0	0	0	0	0	0	0	0	0	0.221931397915	0.83855342865	1.82232832909	3.10020756721	4.42009544373	5.35618066788	5.42735481262	4.32438325882	2.17651987076	0	0	0	0	0	0	0	0	58.4380378723	0	0	0	0	0	0	0	0	0	0	0	0	0	0	0
Feb 22 2023 18:06:43	1.33342003822	89.6817855835	96.7098464966	0.000489148311317	62.8205299377	8.47407722473	74.1676940918	-	0	0	0	0	0	0	0	0	0	0	0	0	0	0	0	0	10.9656143188	0	0	0	0	0	0	0	0	0	0.447318047285	2.00206327438	3.61291098595	4.68322563171	4.8271021843	4.0511598587	2.7350833416	1.40353631973	0.44504982233	0	0	0	0	0	0	0	0	0	64.8269348145	0	0	0	0	0	0	0	0	0	0	0	0	0	0	0
Feb 22 2023 18:06:44	1.31085455418	89.9263839722	96.8012542725	0.000359685131116	64.4303207397	8.20851993561	79.3590698242	-	0	0	0	0	0	0	0	0	0	0	0	0	0	0	0	0	11.9003639221	0	0	0	0	0	0	0	0	0	0.049857120961	1.23199462891	2.75789022446	4.04384613037	4.53093671799	4.01918172836	2.79666638374	1.43851804733	0.434345752001	0	0	0	0	0	0	0	0	0	66.7964019775	0	0	0	0	0	0	0	0	0	0	0	0	0	0	0
Feb 22 2023 18:06:45	6.25155591965	89.49634552	96.6404342651	0.000650874280836	62.0259246826	10.3376102448	74.3565826416	-	0	0	0	0	0	0	0	0	0	0	0	0	0	0	0	0	0	9.45973587036	0	0	0	0	0	0	0	0	0.606282711029	1.81156599522	3.20852327347	4.39213848114	4.97758817673	4.75269317627	3.78711223602	2.41317272186	1.07129263878	0.113741412759	0	0	0	0	0	0	2.80259692865e-43	3.20153957869e-14	63.4061508179	0	0	0	0	0	0	0	0	0	0	0	0	0	0	0
Feb 22 2023 18:06:46	1.29698884487	87.6156539917	96.1764144897	0.000460707757156	55.2071914673	7.12028741837	71.3502502441	-	0	0	0	0	0	0	0	0	0	0	0	0	0	0	0	0	13.3063049316	0	0	0	0	0	0	0	0	0.304741203785	0.988402307034	1.96992063522	3.1042239666	4.17456293106	4.93271827698	5.14874982834	4.68740558624	3.57932186127	2.04762506485	0.472227662802	0	0	0	0	0	0	0	0	55.2837982178	0	0	0	0	0	0	0	0	0	0	0	0	0	0	0
Feb 22 2023 18:06:47	1.29792380333	87.2524871826	96.1148910522	0.00043189295684	55.0048599243	7.30546379089	73.3245620728	-	0	0	0	0	0	0	0	0	0	0	0	0	0	0	0	0	13.2006168365	0	0	0	0	0	0	0	0	0.111082449555	0.489302486181	1.14238882065	2.06309866905	3.17054247856	4.29601097107	5.18152236938	5.52238416672	5.06072807312	3.71199464798	1.69238114357	0	0	0	0	0	0	0	0	54.3579444885	0	0	0	0	0	0	0	0	0	0	0	0	0	0	0
Feb 22 2023 18:06:48	1.30421733856	88.9398345947	96.4315719604	0.00074446387589	58.7380867004	7.65528535843	60.0820426941	-	0	0	0	0	0	0	0	0	0	0	0	0	0	0	0	0	12.532459259	8.19936046142e-12	0	0	0	0	0	0	0	0	0.500181615353	1.41620993614	2.58387541771	3.76928830147	4.66660881042	4.97835206985	4.53282165527	3.38426089287	1.83069634438	0.32730320096	0	0	0	0	0	0	0	0	59.4779434204	0	0	0	0	0	0	0	0	0	0	0	0	0	0	0
Feb 22 2023 18:06:49	1.28781604767	89.1582489014	96.5136489868	0.000593344215304	59.8269195557	7.05005645752	63.6769065857	-	0	0	0	0	0	0	0	0	0	0	0	0	0	0	0	1.16447902385e-40	14.4453639984	9.82789153878e-13	0	0	0	0	0	0	0	0	0.0540335476398	0.694233834743	1.76150429249	3.08297014236	4.2794046402	4.88243293762	4.56574869156	3.36272501945	1.70216691494	0.206338271499	0	0	0	0	0	0	0	0	60.9630775452	0	0	0	0	0	0	0	0	0	0	0	0	0	0	0
Feb 22 2023 18:06:50	1.31305170059	89.9800262451	96.8212738037	0.000480772374431	64.875869751	8.38050270081	73.8562316895	-	0	0	0	0	0	0	0	0	0	0	0	0	0	0	0	0	11.7055807114	0	0	0	0	0	0	0	0	0	0	0.50555574894	2.04075956345	3.95467686653	5.10556268692	4.69006061554	3.06842899323	1.35596907139	0.3297277987	0	0	0	0	0	0	0	0	0	67.2436752319	0	0	0	0	0	0	0	0	0	0	0	0	0	0	0
Feb 22 2023 18:06:51	1.28047657013	88.1652069092	96.2691116333	0.000866358459461	55.9309501648	6.41783857346	48.7648086548	-	0	0	0	0	0	0	0	0	0	0	0	0	0	0	0	0	15.5148687363	0	0	0	0	0	0	0	0	0	0.834426164627	2.05961966515	3.38815784454	4.46632194519	4.97626304626	4.74054193497	3.8045372963	2.43830060959	1.03837561607	0	0	0	0	0	0	0	0	0	56.7385864258	0	0	0	0	0	0	0	0	0	0	0	0	0	0	0
Feb 22 2023 18:06:52	1.2951925993	89.2004089355	96.5294723511	0.000475504755741	59.9405860901	7.31015968323	70.8387680054	-	0	0	0	0	0	0	0	0	0	0	0	0	0	0	0	2.12941332575e-35	13.5143861771	1.17606380363e-12	0	0	0	0	0	0	0	0	0.38935559988	1.36736273766	2.60246968269	3.78787565231	4.56422519684	4.64436674118	3.94987511635	2.67481613159	1.22025680542	0.027116632089	0	0	0	0	0	0	0	0	61.2578926086	0	0	0	0	0	0	0	0	0	0	0	0	0	0	0
Feb 22 2023 18:06:53	1.30022573471	89.8767929077	96.7827377319	0.000520874687936	63.933303833	7.7119140625	69.8038787842	-	0	0	0	0	0	0	0	0	0	0	0	0	0	0	0	0	12.9477558136	0	0	0	0	0	0	0	0	0	0	0.771624267101	2.59401917458	4.55041027069	5.25675916672	4.20707702637	2.3169066906	0.822595953941	0.144901514053	0	0	0	0	0	0	0	0	0	66.3879547119	0	0	0	0	0	0	0	0	0	0	0	0	0	0	0
Feb 22 2023 18:06:54	1.35479140282	90.4339828491	96.9904327393	0.00059956026962	67.766242981	8.92866706848	70.5521774292	-	0	0	0	0	0	0	0	0	0	0	0	0	0	0	0	2.44075592611e-36	10.480509758	1.70505601825e-12	0	0	0	0	0	0	0	0	0	2.48127436638	6.43197727203	5.47090339661	2.75835418701	0.89636516571	0.186079651117	0.0224541537464	0.000972919689957	0	0	0	0	0	0	0	0	0	71.2711105347	0	0	0	0	0	0	0	0	0	0	0	0	0	0	0
Feb 22 2023 18:06:55	6.42411088943	90.6720352173	97.0789108276	0.000920264050364	69.5212783813	9.4416513443	60.7667388916	-	0	0	0	0	0	0	0	0	0	0	0	0	0	0	0	0	9.44749927521	2.58152462081e-12	0	0	0	0	0	0	0	0	0	7.41874742508	9.56075000763	0	0	0	0	0	0	0	0	0	0	0	0	0	0	0	73.5730056763	0	0	0	0	0	0	0	0	0	0	0	0	0	0	0
Feb 22 2023 18:06:56	1.39742958546	87.9279403687	96.2291564941	0.00034292586497	54.8507003784	5.45966100693	73.7835922241	-	0	0	0	0	0	0	0	0	0	0	0	0	0	0	1.17918276787	3.22303247452	4.69256162643	4.91245079041	4.02170372009	2.62905597687	1.3420907259	0.488271147013	0.0971158966422	0.00374181615189	0.000422478740802	0.0434837378561	0.294452637434	0.921997964382	1.95397400856	3.17943644524	4.17003583908	4.42417430878	3.6600663662	2.10793161392	0.552485585213	0	0	0	0	0	0	0	0	0	56.1023292542	0	0	0	0	0	0	0	0	0	0	0	0	0	0	0
Feb 22 2023 18:06:57	-1.00000001505e+30	-1.00000001505e+30	-1.00000001505e+30	-1.00000002538e+26	-1.00000001505e+30	-1.00000001505e+30	99.9215087891	-	0	0	0	0	0	0	0	0	0	0	0	0	0	0	0	0	0	0	0	0	0	0	0	0	0	0	0	0	0	0	0	0	0	0	0	0	0	0	0	0	0	0	0	0	0	0	0	0	0	0	0	0	0	0	0	0	0	0	0	0
Feb 22 2023 18:06:58	-1.00000001505e+30	-1.00000001505e+30	-1.00000001505e+30	-1.00000002538e+26	-1.00000001505e+30	-1.00000001505e+30	99.9890823364	-	0	0	0	0	0	0	0	0	0	0	0	0	0	0	0	0	0	0	0	0	0	0	0	0	0	0	0	0	0	0	0	0	0	0	0	0	0	0	0	0	0	0	0	0	0	0	0	0	0	0	0	0	0	0	0	0	0	0	0	0
Feb 22 2023 18:06:59	-1.00000001505e+30	-1.00000001505e+30	-1.00000001505e+30	-1.00000002538e+26	-1.00000001505e+30	-1.00000001505e+30	99.957321167	-	0	0	0	0	0	0	0	0	0	0	0	0	0	0	0	0	0	0	0	0	0	0	0	0	0	0	0	0	0	0	0	0	0	0	0	0	0	0	0	0	0	0	0	0	0	0	0	0	0	0	0	0	0	0	0	0	0	0	0	0
Feb 22 2023 18:07:00	-1.00000001505e+30	-1.00000001505e+30	-1.00000001505e+30	-1.00000002538e+26	-1.00000001505e+30	-1.00000001505e+30	100.012039185	-	0	0	0	0	0	0	0	0	0	0	0	0	0	0	0	0	0	0	0	0	0	0	0	0	0	0	0	0	0	0	0	0	0	0	0	0	0	0	0	0	0	0	0	0	0	0	0	0	0	0	0	0	0	0	0	0	0	0	0	0
Feb 22 2023 18:07:01	-1.00000001505e+30	-1.00000001505e+30	-1.00000001505e+30	-1.00000002538e+26	-1.00000001505e+30	-1.00000001505e+30	99.9825057983	-	0	0	0	0	0	0	0	0	0	0	0	0	0	0	0	0	0	0	0	0	0	0	0	0	0	0	0	0	0	0	0	0	0	0	0	0	0	0	0	0	0	0	0	0	0	0	0	0	0	0	0	0	0	0	0	0	0	0	0	0
Feb 22 2023 18:07:02	-1.00000001505e+30	-1.00000001505e+30	-1.00000001505e+30	-1.00000002538e+26	-1.00000001505e+30	-1.00000001505e+30	99.9320144653	-	0	0	0	0	0	0	0	0	0	0	0	0	0	0	0	0	0	0	0	0	0	0	0	0	0	0	0	0	0	0	0	0	0	0	0	0	0	0	0	0	0	0	0	0	0	0	0	0	0	0	0	0	0	0	0	0	0	0	0	0
Feb 22 2023 18:07:03	-1.00000001505e+30	-1.00000001505e+30	-1.00000001505e+30	-1.00000002538e+26	-1.00000001505e+30	-1.00000001505e+30	99.9732131958	-	0	0	0	0	0	0	0	0	0	0	0	0	0	0	0	0	0	0	0	0	0	0	0	0	0	0	0	0	0	0	0	0	0	0	0	0	0	0	0	0	0	0	0	0	0	0	0	0	0	0	0	0	0	0	0	0	0	0	0	0
Feb 22 2023 18:07:04	-1.00000001505e+30	-1.00000001505e+30	-1.00000001505e+30	-1.00000002538e+26	-1.00000001505e+30	-1.00000001505e+30	99.8239059448	-	0	0	0	0	0	0	0	0	0	0	0	0	0	0	0	0	0	0	0	0	0	0	0	0	0	0	0	0	0	0	0	0	0	0	0	0	0	0	0	0	0	0	0	0	0	0	0	0	0	0	0	0	0	0	0	0	0	0	0	0
Feb 22 2023 18:07:05	-1.00000001505e+30	-1.00000001505e+30	-1.00000001505e+30	-1.00000002538e+26	-1.00000001505e+30	-1.00000001505e+30	99.8817672729	-	0	0	0	0	0	0	0	0	0	0	0	0	0	0	0	0	0	0	0	0	0	0	0	0	0	0	0	0	0	0	0	0	0	0	0	0	0	0	0	0	0	0	0	0	0	0	0	0	0	0	0	0	0	0	0	0	0	0	0	0
Feb 22 2023 18:07:06	-1.00000001505e+30	-1.00000001505e+30	-1.00000001505e+30	-1.00000002538e+26	-1.00000001505e+30	-1.00000001505e+30	99.9797515869	-	0	0	0	0	0	0	0	0	0	0	0	0	0	0	0	0	0	0	0	0	0	0	0	0	0	0	0	0	0	0	0	0	0	0	0	0	0	0	0	0	0	0	0	0	0	0	0	0	0	0	0	0	0	0	0	0	0	0	0	0
Feb 22 2023 18:07:07	-1.00000001505e+30	-1.00000001505e+30	-1.00000001505e+30	-1.00000002538e+26	-1.00000001505e+30	-1.00000001505e+30	99.9750213623	-	0	0	0	0	0	0	0	0	0	0	0	0	0	0	0	0	0	0	0	0	0	0	0	0	0	0	0	0	0	0	0	0	0	0	0	0	0	0	0	0	0	0	0	0	0	0	0	0	0	0	0	0	0	0	0	0	0	0	0	0
Feb 22 2023 18:07:08	-1.00000001505e+30	-1.00000001505e+30	-1.00000001505e+30	-1.00000002538e+26	-1.00000001505e+30	-1.00000001505e+30	99.9643478394	-	0	0	0	0	0	0	0	0	0	0	0	0	0	0	0	0	0	0	0	0	0	0	0	0	0	0	0	0	0	0	0	0	0	0	0	0	0	0	0	0	0	0	0	0	0	0	0	0	0	0	0	0	0	0	0	0	0	0	0	0
Feb 22 2023 18:07:09	-1.00000001505e+30	-1.00000001505e+30	-1.00000001505e+30	-1.00000002538e+26	-1.00000001505e+30	-1.00000001505e+30	99.9852676392	-	0	0	0	0	0	0	0	0	0	0	0	0	0	0	0	0	0	0	0	0	0	0	0	0	0	0	0	0	0	0	0	0	0	0	0	0	0	0	0	0	0	0	0	0	0	0	0	0	0	0	0	0	0	0	0	0	0	0	0	0
Feb 22 2023 18:07:10	-1.00000001505e+30	-1.00000001505e+30	-1.00000001505e+30	-1.00000002538e+26	-1.00000001505e+30	-1.00000001505e+30	99.9936065674	-	0	0	0	0	0	0	0	0	0	0	0	0	0	0	0	0	0	0	0	0	0	0	0	0	0	0	0	0	0	0	0	0	0	0	0	0	0	0	0	0	0	0	0	0	0	0	0	0	0	0	0	0	0	0	0	0	0	0	0	0
Feb 22 2023 18:07:11	-1.00000001505e+30	-1.00000001505e+30	-1.00000001505e+30	-1.00000002538e+26	-1.00000001505e+30	-1.00000001505e+30	99.9975967407	-	0	0	0	0	0	0	0	0	0	0	0	0	0	0	0	0	0	0	0	0	0	0	0	0	0	0	0	0	0	0	0	0	0	0	0	0	0	0	0	0	0	0	0	0	0	0	0	0	0	0	0	0	0	0	0	0	0	0	0	0
Feb 22 2023 18:07:12	-1.00000001505e+30	-1.00000001505e+30	-1.00000001505e+30	-1.00000002538e+26	-1.00000001505e+30	-1.00000001505e+30	99.9954071045	-	0	0	0	0	0	0	0	0	0	0	0	0	0	0	0	0	0	0	0	0	0	0	0	0	0	0	0	0	0	0	0	0	0	0	0	0	0	0	0	0	0	0	0	0	0	0	0	0	0	0	0	0	0	0	0	0	0	0	0	0
Feb 22 2023 18:07:13	-1.00000001505e+30	-1.00000001505e+30	-1.00000001505e+30	-1.00000002538e+26	-1.00000001505e+30	-1.00000001505e+30	100.004302979	-	0	0	0	0	0	0	0	0	0	0	0	0	0	0	0	0	0	0	0	0	0	0	0	0	0	0	0	0	0	0	0	0	0	0	0	0	0	0	0	0	0	0	0	0	0	0	0	0	0	0	0	0	0	0	0	0	0	0	0	0
Feb 22 2023 18:07:14	-1.00000001505e+30	-1.00000001505e+30	-1.00000001505e+30	-1.00000002538e+26	-1.00000001505e+30	-1.00000001505e+30	100.00920105	-	0	0	0	0	0	0	0	0	0	0	0	0	0	0	0	0	0	0	0	0	0	0	0	0	0	0	0	0	0	0	0	0	0	0	0	0	0	0	0	0	0	0	0	0	0	0	0	0	0	0	0	0	0	0	0	0	0	0	0	0
Feb 22 2023 18:07:15	-1.00000001505e+30	-1.00000001505e+30	-1.00000001505e+30	-1.00000002538e+26	-1.00000001505e+30	-1.00000001505e+30	99.9708557129	-	0	0	0	0	0	0	0	0	0	0	0	0	0	0	0	0	0	0	0	0	0	0	0	0	0	0	0	0	0	0	0	0	0	0	0	0	0	0	0	0	0	0	0	0	0	0	0	0	0	0	0	0	0	0	0	0	0	0	0	0
Feb 22 2023 18:07:16	-1.00000001505e+30	-1.00000001505e+30	-1.00000001505e+30	-1.00000002538e+26	-1.00000001505e+30	-1.00000001505e+30	99.9711380005	-	0	0	0	0	0	0	0	0	0	0	0	0	0	0	0	0	0	0	0	0	0	0	0	0	0	0	0	0	0	0	0	0	0	0	0	0	0	0	0	0	0	0	0	0	0	0	0	0	0	0	0	0	0	0	0	0	0	0	0	0
Feb 22 2023 18:07:17	-1.00000001505e+30	-1.00000001505e+30	-1.00000001505e+30	-1.00000002538e+26	-1.00000001505e+30	-1.00000001505e+30	100.009559631	-	0	0	0	0	0	0	0	0	0	0	0	0	0	0	0	0	0	0	0	0	0	0	0	0	0	0	0	0	0	0	0	0	0	0	0	0	0	0	0	0	0	0	0	0	0	0	0	0	0	0	0	0	0	0	0	0	0	0	0	0
Feb 22 2023 18:07:18	-1.00000001505e+30	-1.00000001505e+30	-1.00000001505e+30	-1.00000002538e+26	-1.00000001505e+30	-1.00000001505e+30	100.029823303	-	0	0	0	0	0	0	0	0	0	0	0	0	0	0	0	0	0	0	0	0	0	0	0	0	0	0	0	0	0	0	0	0	0	0	0	0	0	0	0	0	0	0	0	0	0	0	0	0	0	0	0	0	0	0	0	0	0	0	0	0
