Date-Time	Dx(10)	Dx(50)	Dx(90)	Cv(%)	D[4][3]	D[3][2]	Transmission	0.10000020	0.11659167	0.13593590	0.15848963	0.18478534	0.21544389	0.25118914	0.29286504	0.34145555	0.39810795	0.46415979	0.54117060	0.63095856	0.73564368	0.85769761	1.00000191	1.16591668	1.35935903	1.58489633	1.84785342	2.15443897	2.51189137	2.92865038	3.41455555	3.98107958	4.64159775	5.41170597	6.30958605	7.35643721	8.57697582	10.00002003	11.65916729	13.59359074	15.84896278	18.47853470	21.54438972	25.11891365	29.28650284	34.14555740	39.81079483	46.41598129	54.11705780	63.09585953	73.56436920	85.76976013	100.00019836	116.59166718	135.93591309	158.48962402	184.78533936	215.44389343	251.18913269	292.86502075	341.45556641	398.10794067	464.15979004	541.17059326	630.95855713	735.64367676	857.69757080	1000.00195313
Feb 22 2023 18:03:26	1.43124973774	88.8303756714	96.3903884888	0.000190106657101	57.5583839417	7.27881002426	87.7006759644	-	0	0	0	0	0	0	0	0	0	0	0	0	0	0	0.111922599375	2.42648601532	5.75665569305	4.07460355759	1.11509275436	0.12102804333	0.00444638449699	3.76812131435e-05	1.13407594426e-07	2.14405602605e-07	5.76648817514e-05	0.00431189266965	0.0890174880624	0.728184998035	2.97524499893	6.75565004349	8.77199840546	6.16024112701	1.96498894691	0.179977655411	0.00079493818339	0	0	0	0	0	0	0	0	0	58.759262085	0	0	0	0	0	0	0	0	0	0	0	0	0	0	0
Feb 22 2023 18:03:27	5.59860229492	90.6952590942	97.0875320435	0.000326832465362	69.5854797363	10.2598485947	85.7767333984	-	0	0	0	0	0	0	0	0	0	0	0	0	0	0	0	0	7.3203368187	2.99725115603e-13	0	0	0	0	0	0	0	0	15.0035800934	3.83725118637	0.0335601754487	8.96427009138e-05	9.83876304872e-08	4.50916734507e-11	7.448186863e-15	2.67820454528e-19	7.25229027268e-27	0	0	0	0	0	0	0	0	0	73.8051834106	0	0	0	0	0	0	0	0	0	0	0	0	0	0	0
Feb 22 2023 18:03:28	-1.00000001505e+30	-1.00000001505e+30	-1.00000001505e+30	-1.00000002538e+26	-1.00000001505e+30	-1.00000001505e+30	99.0270385742	-	0	0	0	0	0	0	0	0	0	0	0	0	0	0	0	0	0	0	0	0	0	0	0	0	0	0	0	0	0	0	0	0	0	0	0	0	0	0	0	0	0	0	0	0	0	0	0	0	0	0	0	0	0	0	0	0	0	0	0	0
Feb 22 2023 18:03:29	6.3802614212	90.7360534668	97.1026763916	0.00023770367261	70.0398712158	9.65901279449	88.2369537354	-	0	0	0	0	0	0	0	0	0	0	0	0	0	0	0	0	9.05319786072	0	0	0	0	0	0	0	0	0	0	12.4356327057	3.99414896965	0.292863816023	0.00755052408203	7.15416681487e-05	2.21321982963e-07	1.44885367592e-10	0	0	0	0	0	0	0	0	0	0	74.2165298462	0	0	0	0	0	0	0	0	0	0	0	0	0	0	0
Feb 22 2023 18:03:30	6.58449316025	90.9104309082	97.1673660278	0.000397846655687	71.7080993652	11.3220996857	84.0688323975	-	0	0	0	0	0	0	0	0	0	0	0	0	0	0	0	0	7.1019449234	1.76132586706e-13	0	0	0	0	0	0	0	0	0	12.3882961273	3.82784485817	0.594464242458	0.0580936856568	0.00367169152014	0.000142174118082	2.74884655482e-06	2.2379111897e-09	0	0	0	0	0	0	0	0	0	76.0255432129	0	0	0	0	0	0	0	0	0	0	0	0	0	0	0
Feb 22 2023 18:03:31	6.40318489075	90.6655273438	97.0764923096	0.000546651135664	69.6472473145	10.6486196518	77.5109710693	-	0	0	0	0	0	0	0	0	0	0	0	0	0	0	0	0	7.71409034729	0	0	0	0	0	0	0	0	0	1.77060937881	6.61390733719	5.7520866394	3.09959793091	1.16618514061	0.311695754528	0.0571603998542	0.00631843926385	0.000173889333382	0	0	0	0	0	0	0	0	0	73.5081710815	0	0	0	0	0	0	0	0	0	0	0	0	0	0	0
Feb 22 2023 18:03:32	5.68795537949	90.7797164917	97.1188812256	0.000549657095689	70.3604202271	10.3625717163	77.1588821411	-	0	0	0	0	0	0	0	0	0	0	0	0	0	0	0	0	7.55408763885	0	0	0	0	0	0	0	0	0	9.80073451996	7.72368478775	0.254938185215	0.00481865927577	5.96900863457e-05	4.87333295496e-07	2.48236520228e-09	6.67080800321e-12	2.31054049693e-15	0	0	0	0	0	0	0	0	0	74.6616744995	0	0	0	0	0	0	0	0	0	0	0	0	0	0	0
Feb 22 2023 18:03:33	6.51859140396	89.9787521362	96.8208007813	0.000637389719486	64.9044799805	10.2301778793	73.3798370361	-	0	0	0	0	0	0	0	0	0	0	0	0	0	0	0	0	8.10842132568	0	0	0	0	0	0	0	0	0.0542579106987	1.34721767902	2.87048220634	4.12553310394	4.69557142258	4.42803001404	3.48107361794	2.23400688171	1.09666025639	0.325730323792	0	0	0	0	0	0	0	0	0	67.2330169678	0	0	0	0	0	0	0	0	0	0	0	0	0	0	0
Feb 22 2023 18:03:34	6.23113918304	90.1130065918	96.8708877563	0.000592416559812	65.6166763306	10.1799411774	75.0252456665	-	0	0	0	0	0	0	0	0	0	0	0	0	0	0	0	0	7.98234796524	0	0	0	0	0	0	0	0	0.162467718124	2.09988021851	3.93952178955	4.92274188995	4.76194524765	3.72017240524	2.35433697701	1.17488348484	0.425458848476	0.078700967133	0	0	0	0	0	0	0	0	0	68.3775405884	0	0	0	0	0	0	0	0	0	0	0	0	0	0	0
Feb 22 2023 18:03:35	6.14870882034	90.4212112427	96.9856796265	0.000577224651352	67.691116333	10.8519601822	77.3692092896	-	0	0	0	0	0	0	0	0	0	0	0	0	0	0	0	0	6.95830154419	0	0	0	0	0	0	0	0	0	3.93972015381	6.37302923203	5.78396224976	3.57887530327	1.58592009544	0.503389000893	0.110094636679	0.0146769322455	0.000576860504225	0	0	0	0	0	0	0	0	0	71.1514511108	0	0	0	0	0	0	0	0	0	0	0	0	0	0	0
Feb 22 2023 18:03:36	7.15727043152	90.8188247681	97.133392334	0.000795168802142	71.1974258423	13.2072820663	75.1273117065	-	0	0	0	0	0	0	0	0	0	0	0	0	0	0	0	0	5.47050762177	0	0	0	0	0	0	0	0	0	0	5.8499121666	7.13481664658	4.31453323364	1.66125023365	0.425736367702	0.0711766183376	0.00705340877175	0.0002653200645	0	0	0	0	0	0	0	0	0	75.0647506714	0	0	0	0	0	0	0	0	0	0	0	0	0	0	0
Feb 22 2023 18:03:37	7.44153738022	90.4943847656	97.0128936768	0.00072795158485	68.6153488159	11.5933103561	73.4669113159	-	0	0	0	0	0	0	0	0	0	0	0	0	0	0	0	0	6.9221534729	0	0	0	0	0	0	0	0	0	0	2.71398282051	5.60012769699	6.1172747612	4.2251458168	1.91446578503	0.559832036495	0.0976339057088	0.00740037346259	0	0	0	0	0	0	0	0	0	71.8419876099	0	0	0	0	0	0	0	0	0	0	0	0	0	0	0
Feb 22 2023 18:03:38	6.93834257126	90.049987793	96.8473815918	0.000570602307562	65.378074646	10.7592411041	77.0985565186	-	0	0	0	0	0	0	0	0	0	0	0	0	0	0	0	3.51368965486e-23	7.42776679993	1.48789699094e-13	0	0	0	0	0	0	0	0	0.883281350136	3.130620718	4.88512229919	5.41610383987	4.67432832718	3.20254778862	1.71481704712	0.674417734146	0.155309990048	0	0	0	0	0	0	0	0	0	67.83568573	0	0	0	0	0	0	0	0	0	0	0	0	0	0	0
Feb 22 2023 18:03:39	7.03443717957	90.3705978394	96.9668426514	0.000336941389833	67.6104125977	9.89235591888	83.998374939	-	0	0	0	0	0	0	0	0	0	0	0	0	0	0	0	0	9.12286567688	1.2470949837e-12	0	0	0	0	0	0	0	0	0	1.59908807278	4.14743518829	5.40375947952	4.67104291916	2.82740545273	1.18664729595	0.320250689983	0.0402098298073	0	0	0	0	0	0	0	0	0	70.6812973022	0	0	0	0	0	0	0	0	0	0	0	0	0	0	0
Feb 22 2023 18:03:40	7.48894834518	90.2884902954	96.9362792969	0.00049918028526	67.2532272339	10.4020376205	78.3356399536	-	0	0	0	0	0	0	0	0	0	0	0	0	0	0	0	0	8.55072879791	3.70214492743e-12	0	0	0	0	0	0	0	0	0	1.17561066151	3.06783628464	4.5542473793	4.8888168335	3.99166798592	2.46722149849	1.09199440479	0.280852079391	0	0	0	0	0	0	0	0	0	69.9310302734	0	0	0	0	0	0	0	0	0	0	0	0	0	0	0
Feb 22 2023 18:03:41	7.43146085739	90.2802810669	96.9332199097	0.000597380567342	67.1506118774	10.4862279892	74.9499282837	-	0	0	0	0	0	0	0	0	0	0	0	0	0	0	0	0	8.35783290863	0	0	0	0	0	0	0	0	0	0	1.45699560642	3.45831441879	4.85546922684	4.93279314041	3.7894346714	2.18607664108	0.89497166872	0.211250662804	0	0	0	0	0	0	0	0	0	69.8568572998	0	0	0	0	0	0	0	0	0	0	0	0	0	0	0
Feb 22 2023 18:03:42	6.22962379456	89.5577697754	96.6634368896	0.000830358476378	62.3909759521	9.55181121826	64.5388717651	-	0	0	0	0	0	0	0	0	0	0	0	0	0	0	0	0	9.04397583008	0	0	0	0	0	0	0	0	0.106902897358	0.967993676662	2.09342813492	3.25840902328	4.19131755829	4.64255285263	4.45978069305	3.65719151497	2.44063448906	1.14742481709	0.120255291462	0	0	0	0	0	0	0	0	63.8701324463	0	0	0	0	0	0	0	0	0	0	0	0	0	0	0
Feb 22 2023 18:03:43	5.22181129456	89.6616210938	96.7023010254	0.000517575303093	62.6298942566	8.9314289093	74.5903930664	-	0	0	0	0	0	0	0	0	0	0	0	0	0	0	0	0	9.74800777435	4.17327915389e-14	0	0	0	0	0	0	0	0.431603848934	1.69275176525	3.03679275513	4.08038330078	4.53658676147	4.3059129715	3.49332475662	2.36509394646	1.24604725838	0.394007742405	0	0	0	0	0	0	0	0	0	64.6694869995	0	0	0	0	0	0	0	0	0	0	0	0	0	0	0
Feb 22 2023 18:03:44	5.74016714096	90.3751602173	96.9685440063	0.000425513397204	67.2264099121	9.12959766388	78.8558120728	-	0	0	0	0	0	0	0	0	0	0	0	0	0	0	0	0	9.70697307587	1.19008481455e-12	0	0	0	0	0	0	0	0	1.69293153286	5.39007425308	5.81905651093	3.9709854126	1.89115440845	0.637303292751	0.146841704845	0.0204502306879	0.000797140295617	0	0	0	0	0	0	0	0	0	70.7234344482	0	0	0	0	0	0	0	0	0	0	0	0	0	0	0
Feb 22 2023 18:03:45	6.3047375679	90.1954193115	96.9016036987	0.000580621126574	66.1796798706	10.0239858627	74.9189376831	-	0	0	0	0	0	0	0	0	0	0	0	0	0	0	0	0	8.3373260498	0	0	0	0	0	0	0	0	0	1.66399586201	3.8393638134	5.05951452255	4.8800611496	3.6582660675	2.14871287346	0.963577926159	0.303333222866	0.0470506623387	0	0	0	0	0	0	0	0	0	69.0988006592	0	0	0	0	0	0	0	0	0	0	0	0	0	0	0
Feb 22 2023 18:03:46	7.03586578369	90.4283981323	96.9883499146	0.000343070394592	67.9995346069	10.4236078262	84.7338104248	-	0	0	0	0	0	0	0	0	0	0	0	0	0	0	0	0	8.25116729736	0	0	0	0	0	0	0	0	0	0.075022816658	2.80064034462	5.22378587723	5.59148359299	4.01486825943	1.99539160728	0.673691630363	0.142145261168	0.0130434334278	0	0	0	0	0	0	0	0	0	71.2187576294	0	0	0	0	0	0	0	0	0	0	0	0	0	0	0
Feb 22 2023 18:03:47	7.53272724152	90.0275421143	96.839012146	0.00048430688912	65.5967941284	10.9999370575	80.3432998657	-	0	0	0	0	0	0	0	0	0	0	0	0	0	0	0	0	7.58559989929	0	0	0	0	0	0	0	0	0	0.349488437176	1.66538095474	3.12358951569	4.27671861649	4.74523973465	4.37877988815	3.33489322662	2.00636696815	0.824297964573	0.0649367496371	0	0	0	0	0	0	0	0	67.6447143555	0	0	0	0	0	0	0	0	0	0	0	0	0	0	0
Feb 22 2023 18:03:48	5.8951997757	89.4182281494	96.6111679077	0.000385087070754	61.6042976379	9.24708271027	80.9557342529	-	0	0	0	0	0	0	0	0	0	0	0	0	0	0	0	0	9.52960968018	0	0	0	0	0	0	0	0	0.113339141011	0.832150757313	1.84347999096	2.97693991661	3.99028110504	4.62275695801	4.66469240189	4.04251670837	2.87783169746	1.47139251232	0.209733590484	0	0	0	0	0	0	0	0	62.8252754211	0	0	0	0	0	0	0	0	0	0	0	0	0	0	0
Feb 22 2023 18:03:49	5.59123849869	88.9530105591	96.4365234375	0.000772883882746	59.1995124817	9.16564941406	65.40234375	-	0	0	0	0	0	0	0	0	0	0	0	0	0	0	0	0	9.41691398621	8.9924752757e-13	0	0	0	0	0	0	0.0377019420266	0.389257013798	0.999737620354	1.82761871815	2.78428554535	3.73272371292	4.49282932281	4.86226844788	4.66563749313	3.83399128914	2.47773003578	0.913724184036	0	0	0	0	0	0	0	0	59.5655784607	0	0	0	0	0	0	0	0	0	0	0	0	0	0	0
Feb 22 2023 18:03:50	6.51285648346	89.6205596924	96.6869354248	0.000465789606096	62.9357795715	9.53955459595	77.9760513306	-	0	0	0	0	0	0	0	0	0	0	0	0	0	0	0	0	9.3585729599	0	0	0	0	0	0	0	0	0	0.43928283453	1.41872251034	2.62018489838	3.77648615837	4.5663485527	4.7156162262	4.11935806274	2.921002388	1.48007154465	0.233163610101	0	0	0	0	0	0	0	0	64.3511886597	0	0	0	0	0	0	0	0	0	0	0	0	0	0	0
Feb 22 2023 18:03:51	6.24862003326	89.4642868042	96.6284255981	0.000675614457577	61.8543586731	9.6196346283	70.3272094727	-	0	0	0	0	0	0	0	0	0	0	0	0	0	0	0	0	8.85352897644	0	0	0	0	0	0	0	0	0.213926076889	1.02771735191	2.12129330635	3.280772686	4.23404455185	4.72237443924	4.57771444321	3.79846477509	2.57893109322	1.25292623043	0.171761244535	0	0	0	0	0	0	0	0	63.1665458679	0	0	0	0	0	0	0	0	0	0	0	0	0	0	0
Feb 22 2023 18:03:52	6.56748962402	90.913520813	97.168510437	0.000990610686131	71.7284088135	11.6285438538	65.9641113281	-	0	0	0	0	0	0	0	0	0	0	0	0	0	0	0	0	6.66477108002	1.35634762428e-13	0	0	0	0	0	0	0	0	0	14.8780927658	2.31470680237	0.0829684659839	0.00110574602149	5.83941937293e-06	1.10313491675e-08	5.06899773892e-12	2.03190498552e-17	0	0	0	0	0	0	0	0	0	76.0583496094	0	0	0	0	0	0	0	0	0	0	0	0	0	0	0
Feb 22 2023 18:03:53	7.03213834763	90.8235473633	97.1351470947	0.00119024165906	71.1837081909	12.3865251541	62.741394043	-	0	0	0	0	0	0	0	0	0	0	0	0	0	0	0	0	6.21847772598	0	0	0	0	0	0	0	0	0	0	5.91203594208	6.59062957764	4.04019784927	1.61120462418	0.430584967136	0.075129263103	0.00772435590625	0.000287008413579	0	0	0	0	0	0	0	0	0	75.1137313843	0	0	0	0	0	0	0	0	0	0	0	0	0	0	0
Feb 22 2023 18:03:54	6.52732610703	90.7159118652	97.095199585	0.00108712876681	70.1559371948	11.5539970398	63.2643814087	-	0	0	0	0	0	0	0	0	0	0	0	0	0	0	0	0	6.71795368195	0	0	0	0	0	0	0	0	0	2.1638712883	6.12622261047	5.69416904449	3.3685669899	1.40262341499	0.416863143444	0.0855798721313	0.0108345896006	0.000455992674688	0	0	0	0	0	0	0	0	0	74.0128555298	0	0	0	0	0	0	0	0	0	0	0	0	0	0	0
Feb 22 2023 18:03:55	5.15578651428	89.5870819092	96.674407959	0.00087300746236	62.3261489868	9.03898143768	61.3425750732	-	0	0	0	0	0	0	0	0	0	0	0	0	0	0	0	0	9.64453697205	0	0	0	0	0	0	0	0.0244486760348	0.610786676407	1.52047300339	2.55527257919	3.48837304115	4.10669088364	4.25604009628	3.87798333168	3.0400261879	1.93751525879	0.840593218803	0.00339754042216	0	0	0	0	0	0	0	0	64.0938720703	0	0	0	0	0	0	0	0	0	0	0	0	0	0	0
Feb 22 2023 18:03:56	5.46520423889	89.889755249	96.7875747681	0.00102486892138	64.0805282593	9.37798309326	57.8332176208	-	0	0	0	0	0	0	0	0	0	0	0	0	0	0	0	0	9.02245998383	0	0	0	0	0	0	0	0	0.869475960732	2.12589335442	3.30795764923	4.07702827454	4.24453830719	3.81062579155	2.93883633614	1.89261364937	0.943049490452	0.273290991783	0	0	0	0	0	0	0	0	0	66.4942321777	0	0	0	0	0	0	0	0	0	0	0	0	0	0	0
Feb 22 2023 18:03:57	1.31150102615	89.1160507202	96.497795105	0.000671885441989	59.5591964722	7.8802022934	64.2565155029	-	0	0	0	0	0	0	0	0	0	0	0	0	0	0	0	0	11.8423547745	0	0	0	0	0	0	0	0.0202330239117	0.411492317915	1.10407328606	2.01119637489	2.98744130135	3.84511137009	4.38339281082	4.42797899246	3.88840389252	2.82077407837	1.45157396793	0.135320052505	0	0	0	0	0	0	0	0	60.6706542969	0	0	0	0	0	0	0	0	0	0	0	0	0	0	0
Feb 22 2023 18:03:58	4.77239751816	89.5648498535	96.6660842896	0.000638366967905	61.9489860535	8.72006034851	69.0671386719	-	0	0	0	0	0	0	0	0	0	0	0	0	0	0	0	4.73638880942e-41	9.95442867279	6.38250899614e-13	0	0	0	0	0	0	0	0.630797147751	1.93015301228	3.25519824028	4.22978591919	4.59334039688	4.27883291245	3.41471290588	2.27328634262	1.16980862617	0.345603734255	0	0	0	0	0	0	0	0	0	63.9240493774	0	0	0	0	0	0	0	0	0	0	0	0	0	0	0
Feb 22 2023 18:03:59	6.19828367233	90.0609283447	96.8514633179	0.000506243610289	65.260925293	9.98077487946	77.743057251	-	0	0	0	0	0	0	0	0	0	0	0	0	0	0	0	0	8.26949214935	0	0	0	0	0	0	0	0	0.100075118244	1.95069146156	3.75643253326	4.81056118011	4.7925825119	3.8794093132	2.56004452705	1.34049892426	0.511903524399	0.0991336852312	0	0	0	0	0	0	0	0	0	67.9291687012	0	0	0	0	0	0	0	0	0	0	0	0	0	0	0
Feb 22 2023 18:04:00	5.98584985733	89.4361953735	96.6178970337	0.000209784004255	61.2444572449	9.1233625412	89.1609954834	-	0	0	0	0	0	0	0	0	0	0	0	0	0	0	0	0	9.19015884399	0	0	0	0	0	0	0	0	0	1.56123757362	3.46493506432	4.93177080154	5.46411705017	4.96948719025	3.74651861191	2.30112123489	1.08738565445	0.325292110443	0	0	0	0	0	0	0	0	0	62.9579734802	0	0	0	0	0	0	0	0	0	0	0	0	0	0	0
Feb 22 2023 18:04:01	6.46916627884	90.3650588989	96.9647827148	0.000321674742736	67.3248291016	10.4589290619	85.9540863037	-	0	0	0	0	0	0	0	0	0	0	0	0	0	0	0	0	7.67869138718	0	0	0	0	0	0	0	0	0	1.65185058117	5.44136762619	6.36400604248	4.69622850418	2.41015982628	0.873973965645	0.217769473791	0.0337559357285	0.00201111426577	0	0	0	0	0	0	0	0	0	70.6301879883	0	0	0	0	0	0	0	0	0	0	0	0	0	0	0
Feb 22 2023 18:04:02	6.74720048904	90.4048080444	96.9795761108	0.000406499370001	67.6968841553	10.5749206543	82.6749649048	-	0	0	0	0	0	0	0	0	0	0	0	0	0	0	0	0	7.73155593872	0	0	0	0	0	0	0	0	0	0.637153446674	4.78275775909	6.4135222435	5.15864849091	2.83995676041	1.09666621685	0.290142893791	0.047929700464	0.00321258744225	0	0	0	0	0	0	0	0	0	70.9984512329	0	0	0	0	0	0	0	0	0	0	0	0	0	0	0
Feb 22 2023 18:04:03	6.94357299805	90.4759597778	97.0060424805	0.000426336511737	68.3227081299	10.4998188019	81.5655517578	-	0	0	0	0	0	0	0	0	0	0	0	0	0	0	0	0	8.11598205566	0	0	0	0	0	0	0	0	0	0.117337413132	3.43058586121	5.66162872314	5.40343141556	3.47854757309	1.55601501465	0.473375767469	0.0893809497356	0.00683548301458	0	0	0	0	0	0	0	0	0	71.6668777466	0	0	0	0	0	0	0	0	0	0	0	0	0	0	0
Feb 22 2023 18:04:04	1.33826982975	89.2715835571	96.5561828613	0.000668470922392	60.6649627686	8.49077606201	66.6594238281	-	0	0	0	0	0	0	0	0	0	0	0	0	0	0	0	0	10.8060626984	0	0	0	0	0	0	0	0	0.243567928672	0.886085093021	1.77002441883	2.76828718185	3.69892787933	4.34890222549	4.51690244675	4.07966279984	3.06814146042	1.70209014416	0.34956663847	0	0	0	0	0	0	0	0	61.7617797852	0	0	0	0	0	0	0	0	0	0	0	0	0	0	0
Feb 22 2023 18:04:05	6.65949249268	89.9788131714	96.8208236694	0.000889633549377	64.9870986938	10.288687706	64.989982605	-	0	0	0	0	0	0	0	0	0	0	0	0	0	0	0	0	8.14502239227	0	0	0	0	0	0	0	0	0	1.11399281025	2.5322432518	3.81339669228	4.54463005066	4.5019659996	3.73779726028	2.55413293839	1.35735237598	0.465978950262	0	0	0	0	0	0	0	0	0	67.2334823608	0	0	0	0	0	0	0	0	0	0	0	0	0	0	0
Feb 22 2023 18:04:06	6.55043840408	90.9887924194	97.1964111328	0.000730774889234	72.4066085815	11.9236097336	74.1903152466	-	0	0	0	0	0	0	0	0	0	0	0	0	0	0	0	0	6.42606449127	0	0	0	0	0	0	0	0	0	0	16.7076702118	0	0	0	0	0	0	0	0	0	0	0	0	0	0	0	0	76.8662643433	0	0	0	0	0	0	0	0	0	0	0	0	0	0	0
Feb 22 2023 18:04:07	7.10578107834	90.4017410278	96.9784317017	0.000635752745438	67.9211273193	10.4063444138	73.3838043213	-	0	0	0	0	0	0	0	0	0	0	0	0	0	0	0	0	8.42679786682	0	0	0	0	0	0	0	0	0	0.177182078362	2.03506755829	4.02118635178	4.98882293701	4.45650959015	2.95129108429	1.42636358738	0.468357056379	0.0785386785865	0	0	0	0	0	0	0	0	0	70.9698867798	0	0	0	0	0	0	0	0	0	0	0	0	0	0	0
Feb 22 2023 18:04:08	6.29779577255	90.1084136963	96.8691711426	0.000512305879965	65.6463851929	9.8718957901	77.0784301758	-	0	0	0	0	0	0	0	0	0	0	0	0	0	0	0	0	8.62846755981	0	0	0	0	0	0	0	0	0	1.3905172348	3.19894886017	4.49377298355	4.78638648987	4.08501386642	2.81531691551	1.52961444855	0.606182992458	0.127998560667	0	0	0	0	0	0	0	0	0	68.3377838135	0	0	0	0	0	0	0	0	0	0	0	0	0	0	0
Feb 22 2023 18:04:09	6.56239700317	90.2889480591	96.9364471436	0.000632399809547	66.9793701172	10.1083154678	72.9538879395	-	0	0	0	0	0	0	0	0	0	0	0	0	0	0	0	0	8.54317569733	0	0	0	0	0	0	0	0	0	0.9022975564	2.87537908554	4.3926281929	4.78058052063	4.018201828	2.64734101295	1.33754372597	0.479306608438	0.0883759260178	0	0	0	0	0	0	0	0	0	69.9351730347	0	0	0	0	0	0	0	0	0	0	0	0	0	0	0
Feb 22 2023 18:04:10	7.06347417831	90.7590408325	97.1112136841	0.000977021292783	70.6081161499	11.3674631119	65.210357666	-	0	0	0	0	0	0	0	0	0	0	0	0	0	0	0	0	7.30771207809	0	0	0	0	0	0	0	0	0	0	4.17224359512	6.40545940399	4.69802808762	2.16425943375	0.657357513905	0.129169031978	0.0149116339162	0.000641527061816	0	0	0	0	0	0	0	0	0	74.4502182007	0	0	0	0	0	0	0	0	0	0	0	0	0	0	0
Feb 22 2023 18:04:11	1.34350275993	88.6026306152	96.3425521851	0.000475614215247	57.8525085449	8.45231151581	75.0024185181	-	0	0	0	0	0	0	0	0	0	0	0	0	0	0	0	0	10.6396541595	0	0	0	0	0	0	0	0.0308570154011	0.329761564732	0.879014909267	1.66095733643	2.60974025726	3.60377836227	4.46518325806	4.97460794449	4.91675281525	4.16329336166	2.76497220993	1.01588928699	0	0	0	0	0	0	0	0	57.9455375671	0	0	0	0	0	0	0	0	0	0	0	0	0	0	0
Feb 22 2023 18:04:12	1.31401240826	88.3181762695	96.2948303223	0.000392194895539	57.2551574707	8.00428390503	77.57371521	-	0	0	0	0	0	0	0	0	0	0	0	0	0	0	0	0	11.6609210968	2.51008957543e-12	0	0	0	0	0	0	0	0.143199115992	0.628457605839	1.36774706841	2.31477403641	3.36356377602	4.33869123459	5.00484991074	5.11083698273	4.48037862778	3.12110996246	1.30988252163	0	0	0	0	0	0	0	0	57.1555862427	0	0	0	0	0	0	0	0	0	0	0	0	0	0	0
Feb 22 2023 18:04:13	7.24621248245	90.5646514893	97.0390167236	0.000538503809366	69.0901031494	11.0089883804	78.3249282837	-	0	0	0	0	0	0	0	0	0	0	0	0	0	0	0	0	7.64728116989	0	0	0	0	0	0	0	0	0	0	2.75531125069	5.55788230896	5.74387454987	3.71772098541	1.56757891178	0.422531038523	0.0665165632963	0.00408212980255	0	0	0	0	0	0	0	0	0	72.5172195435	0	0	0	0	0	0	0	0	0	0	0	0	0	0	0
Feb 22 2023 18:04:14	7.04799985886	90.0711288452	96.8552703857	0.000578538805712	65.6620788574	10.6771125793	76.4168167114	-	0	0	0	0	0	0	0	0	0	0	0	0	0	0	0	0	7.76488780975	6.26169417966e-13	0	0	0	0	0	0	0	0	0.709659814835	2.35350608826	3.90276312828	4.78212738037	4.6986489296	3.76947927475	2.43446207047	1.19739830494	0.370478749275	0	0	0	0	0	0	0	0	0	68.0165863037	0	0	0	0	0	0	0	0	0	0	0	0	0	0	0
Feb 22 2023 18:04:15	1.35941457748	89.972366333	96.8184204102	0.000413390196627	64.7657089233	9.0142583847	78.9631729126	-	0	0	0	0	0	0	0	0	0	0	0	0	0	0	0	7.00649232162e-43	10.1672878265	9.02716324001e-13	0	0	0	0	0	0	0	0	0.683381736279	2.13917517662	3.54089283943	4.38836717606	4.39192199707	3.60369873047	2.38002705574	1.18296849728	0.342846602201	0	0	0	0	0	0	0	0	4.96370116234e-15	67.1794433594	0	0	0	0	0	0	0	0	0	0	0	0	0	0	0
Feb 22 2023 18:04:16	6.05878067017	90.1836090088	96.8972015381	0.000697391864378	66.0971069336	10.3311948776	71.7702713013	-	0	0	0	0	0	0	0	0	0	0	0	0	0	0	0	0	7.7399096489	0	0	0	0	0	0	0	0	0.617819488049	2.46858382225	4.02607154846	4.71280908585	4.39862585068	3.37796211243	2.1313700676	1.07155311108	0.39180830121	0.0689194500446	0	0	0	0	0	0	0	0	0	68.9945678711	0	0	0	0	0	0	0	0	0	0	0	0	0	0	0
Feb 22 2023 18:04:17	6.61903238297	89.8079528809	96.7570114136	0.000351071270416	64.0062026978	9.87241840363	83.5523910522	-	0	0	0	0	0	0	0	0	0	0	0	0	0	0	0	0	8.83571624756	0	0	0	0	0	0	0	0	0	0.715331375599	1.81870222092	3.03329205513	4.04532623291	4.55257797241	4.37139511108	3.52809214592	2.27276325226	0.984190404415	0.0138485440984	0	0	0	0	0	0	0	0	65.8287658691	0	0	0	0	0	0	0	0	0	0	0	0	0	0	0
Feb 22 2023 18:04:18	7.66191625595	90.5224914551	97.0233459473	0.000557141960599	68.9427642822	11.0877838135	77.6508026123	-	0	0	0	0	0	0	0	0	0	0	0	0	0	0	0	0	7.78503417969	5.01219996497e-13	0	0	0	0	0	0	0	0	0	1.42564880848	3.76294374466	5.2404665947	4.82618236542	3.0791490078	1.34584903717	0.374745696783	0.0493887476623	0	0	0	0	0	0	0	0	0	72.1105957031	0	0	0	0	0	0	0	0	0	0	0	0	0	0	0
Feb 22 2023 18:04:19	1.34212684631	88.7859573364	96.3736724854	0.000628895766567	58.0057144165	8.32543373108	68.0598754883	-	0	0	0	0	0	0	0	0	0	0	0	0	0	0	0	0	10.6828489304	0	0	0	0	0	0	0	0.0874733179808	0.476677805185	1.16832363605	2.09011864662	3.11177754402	4.05295944214	4.70664787292	4.87549781799	4.4332613945	3.39635062218	1.96175003052	0.483996272087	0	0	0	0	0	0	0	0	58.4723167419	0	0	0	0	0	0	0	0	0	0	0	0	0	0	0
Feb 22 2023 18:04:20	1.35068953037	88.9633560181	96.4404144287	0.000372157373931	59.6537017822	8.90338134766	80.5791702271	-	0	0	0	0	0	0	0	0	0	0	0	0	0	0	0	0	10.4202899933	4.35895980769e-12	0	0	0	0	0	0	0	0	0.257659465075	0.784298121929	1.59909665585	2.66055631638	3.82262325287	4.82191848755	5.31814193726	5.00810050964	3.78517460823	1.88756608963	0	0	0	0	0	0	0	0	59.6345710754	0	0	0	0	0	0	0	0	0	0	0	0	0	0	0
Feb 22 2023 18:04:21	6.66981458664	88.9748077393	96.4447250366	0.000323522661347	59.6066322327	9.63905715942	84.4618988037	-	0	0	0	0	0	0	0	0	0	0	0	0	0	0	0	0	8.95856285095	3.29006316142e-15	0	0	0	0	0	0	0	0.11298147589	0.555500924587	1.28836143017	2.28005695343	3.41070103645	4.46867132187	5.17195224762	5.24137783051	4.51559352875	3.06029891968	1.22481036186	0	0	0	0	0	0	0	0	59.7111282349	0	0	0	0	0	0	0	0	0	0	0	0	0	0	0
Feb 22 2023 18:04:22	7.02974510193	89.420501709	96.6120223999	0.000411291781347	62.1419372559	9.7222366333	80.5570373535	-	0	0	0	0	0	0	0	0	0	0	0	0	0	0	0	0	9.27866649628	0	0	0	0	0	0	0	0	0	0.214921221137	0.839989423752	1.76770150661	2.90073442459	4.02487802505	4.82921218872	4.99166822433	4.32122135162	2.89186644554	1.09708189964	0	0	0	0	0	0	0	0	62.8420600891	0	0	0	0	0	0	0	0	0	0	0	0	0	0	0
Feb 22 2023 18:04:23	6.28919124603	89.4084014893	96.6074829102	0.000386608560802	61.7035255432	9.52748394012	81.4410552979	-	0	0	0	0	0	0	0	0	0	0	0	0	0	0	0	0	9.1877450943	6.34574180312e-14	0	0	0	0	0	0	0	0.124989591539	0.70686841011	1.59624147415	2.67803359032	3.74426794052	4.53229904175	4.78753805161	4.35948181152	3.28988385201	1.83539950848	0.404311656952	0	0	0	0	0	0	0	0	62.7529373169	0	0	0	0	0	0	0	0	0	0	0	0	0	0	0
Feb 22 2023 18:04:24	7.14799499512	89.775100708	96.7447357178	0.000352502800524	64.0554122925	10.0095396042	83.5930709839	-	0	0	0	0	0	0	0	0	0	0	0	0	0	0	0	0	8.90081596375	0	0	0	0	0	0	0	0	0	0.273016840219	1.10430943966	2.22876882553	3.42455387115	4.36673927307	4.7233247757	4.30074691772	3.16772508621	1.66512191296	0.279840797186	0	0	0	0	0	0	0	0	65.5650405884	0	0	0	0	0	0	0	0	0	0	0	0	0	0	0
Feb 22 2023 18:04:25	7.66385936737	89.5876541138	96.674621582	0.000431185821071	63.2400054932	10.295668602	80.8445892334	-	0	0	0	0	0	0	0	0	0	0	0	0	0	0	0	0	8.61450386047	0	0	0	0	0	0	0	0	0	0.21789342165	0.807849109173	1.69265902042	2.78404736519	3.87945723534	4.67928218842	4.86873006821	4.25633430481	2.90634822845	1.19469094276	0	0	0	0	0	0	0	0	64.0982055664	0	0	0	0	0	0	0	0	0	0	0	0	0	0	0
Feb 22 2023 18:04:26	1.3607738018	89.4730300903	96.6316986084	0.000675157934893	62.4767990112	9.2653837204	68.5197906494	-	0	0	0	0	0	0	0	0	0	0	0	0	0	0	0	0	10.1291160583	0	0	0	0	0	0	0	0	0	0.207525938749	0.670631110668	1.41412639618	2.40528011322	3.50045609474	4.43120908737	4.8520321846	4.47328805923	3.23658251762	1.4480265379	0	0	0	0	0	0	0	0	63.2317237854	0	0	0	0	0	0	0	0	0	0	0	0	0	0	0
Feb 22 2023 18:04:27	1.36178517342	89.8712158203	96.7806472778	0.000466937286546	64.6405792236	9.34103775024	77.1096420288	-	0	0	0	0	0	0	0	0	0	0	0	0	0	0	0	0	10.1009235382	2.87786728313e-14	0	0	0	0	0	0	0	0	0.116679921746	0.765017449856	1.73702204227	2.87920475006	3.90464663506	4.46066761017	4.27088785172	3.29662704468	1.81019830704	0.315812349319	0	0	0	0	0	0	0	3.20607018852e-14	66.3423156738	0	0	0	0	0	0	0	0	0	0	0	0	0	0	0
Feb 22 2023 18:04:28	8.3175573349	90.6645889282	97.0761413574	0.000374921801267	70.2896499634	11.0473890305	83.9723587036	-	0	0	0	0	0	0	0	0	0	0	0	0	0	0	0	0	8.32220649719	4.01227770626e-13	0	0	0	0	0	0	0	0	0	0.380730330944	1.78032708168	3.46139073372	4.43630456924	4.05487775803	2.64573740959	1.15829026699	0.261334806681	0	0	0	0	0	0	0	0	0	73.4987945557	0	0	0	0	0	0	0	0	0	0	0	0	0	0	0
Feb 22 2023 18:04:29	8.01073646545	90.5517654419	97.0342254639	0.000413741712691	69.3125305176	11.938668251	84.1919555664	-	0	0	0	0	0	0	0	0	0	0	0	0	0	0	0	0	6.96672296524	2.36579093989e-13	0	0	0	0	0	0	0	0	0	1.33149516582	3.49035263062	4.95641803741	4.86845541	3.47672438622	1.78949570656	0.619581639767	0.108274750412	0	0	0	0	0	0	0	0	0	72.3924789429	0	0	0	0	0	0	0	0	0	0	0	0	0	0	0
Feb 22 2023 18:04:30	8.11832046509	89.4294204712	96.6153640747	0.000396955612814	62.5497016907	10.3442325592	82.2601547241	-	0	0	0	0	0	0	0	0	0	0	0	0	0	0	0	0	8.63575935364	0	0	0	0	0	0	0	0	0	0.0842986777425	0.542370557785	1.30433738232	2.34800481796	3.53734087944	4.60380744934	5.18873643875	4.9671587944	3.81889057159	1.98247003555	0.0789317935705	0	0	0	0	0	0	0	62.9078941345	0	0	0	0	0	0	0	0	0	0	0	0	0	0	0
Feb 22 2023 18:04:31	6.62379074097	90.1455993652	96.8830413818	0.000367896893295	66.2206039429	9.5856962204	82.0115356445	-	0	0	0	0	0	0	0	0	0	0	0	0	0	0	0	0	9.66657447815	0	0	0	0	0	0	0	0	0	0.0882811397314	1.22057878971	2.62192225456	3.83634161949	4.40495443344	4.09937334061	3.06182408333	1.73456799984	0.604489088058	0	0	0	0	0	0	0	1.26116861789e-42	1.58540681397e-14	68.6610946655	0	0	0	0	0	0	0	0	0	0	0	0	0	0	0
Feb 22 2023 18:04:32	7.51808452606	90.4640579224	97.0016174316	0.00038137746742	68.5466766357	10.3285074234	82.7082366943	-	0	0	0	0	0	0	0	0	0	0	0	0	0	0	0	0	8.85928916931	0	0	0	0	0	0	0	0	0	0	0.865700960159	2.68509840965	4.25706863403	4.67588472366	3.77551794052	2.23030614853	0.903925776482	0.192950248718	0	0	0	0	0	0	0	0	0	71.5542526245	0	0	0	0	0	0	0	0	0	0	0	0	0	0	0
Feb 22 2023 18:04:33	7.1646771431	90.5334091187	97.0274047852	0.000337173725711	68.8907318115	10.5889987946	85.108253479	-	0	0	0	0	0	0	0	0	0	0	0	0	0	0	0	0	8.27159023285	0	0	0	0	0	0	0	0	0	0.177924454212	2.05599355698	4.27859544754	5.2193441391	4.26327753067	2.3925011158	0.901008367538	0.206568181515	0.0177423544228	0	0	0	0	0	0	0	0	0	72.2154541016	0	0	0	0	0	0	0	0	0	0	0	0	0	0	0
Feb 22 2023 18:04:34	7.73965740204	90.4720077515	97.0045700073	0.000410767126596	68.6314315796	10.8965415955	82.605430603	-	0	0	0	0	0	0	0	0	0	0	0	0	0	0	0	0	8.08279800415	0	0	0	0	0	0	0	0	0	0	1.09486651421	3.11830282211	4.65669536591	4.82293462753	3.66152000427	2.02408671379	0.761828899384	0.147540181875	0	0	0	0	0	0	0	0	0	71.6294250488	0	0	0	0	0	0	0	0	0	0	0	0	0	0	0
Feb 22 2023 18:04:35	8.07734012604	90.563331604	97.0385284424	0.000462485681055	69.3890151978	11.4368267059	81.5708084106	-	0	0	0	0	0	0	0	0	0	0	0	0	0	0	0	0	7.57433462143	2.84973786105e-13	0	0	0	0	0	0	0	0	0	0.841159999371	3.01565432549	4.79816579819	4.99685335159	3.65407013893	1.87333965302	0.632725477219	0.109293170273	0	0	0	0	0	0	0	2.52233723578e-42	2.31326070089e-14	72.5044021606	0	0	0	0	0	0	0	0	0	0	0	0	0	0	0
Feb 22 2023 18:04:36	6.59928035736	89.9543533325	96.8116912842	0.000437369482825	64.8476791382	9.86775016785	79.9166183472	-	0	0	0	0	0	0	0	0	0	0	0	0	0	0	0	0	8.85573291779	0	0	0	0	0	0	0	0	0	0.693906843662	2.01156949997	3.39002227783	4.37203550339	4.61074256897	4.03133058548	2.87590408325	1.58079957962	0.549058258533	0	0	0	0	0	0	0	0	0	67.0289001465	0	0	0	0	0	0	0	0	0	0	0	0	0	0	0
Feb 22 2023 18:04:37	1.34516096115	89.0319061279	96.4661865234	0.000371279078536	59.6300392151	8.66646194458	80.210105896	-	0	0	0	0	0	0	0	0	0	0	0	0	0	0	0	0	10.5881204605	2.88757705897e-13	0	0	0	0	0	0	0	0	0.464316308498	1.27539741993	2.33209609985	3.47738909721	4.46962881088	5.02366161346	4.89782142639	4.01020622253	2.52290940285	0.842927932739	0	0	0	0	0	0	0	0	60.0955238342	0	0	0	0	0	0	0	0	0	0	0	0	0	0	0
Feb 22 2023 18:04:38	7.03887796402	89.9365921021	96.8050613403	0.000367596920114	64.8147201538	10.3193159103	83.6621017456	-	0	0	0	0	0	0	0	0	0	0	0	0	0	0	0	0	8.24247550964	3.92704938663e-14	0	0	0	0	0	0	0	0	0.522878885269	1.9598146677	3.45485067368	4.52608156204	4.8141708374	4.24110794067	3.053845644	1.70071578026	0.602995634079	0	0	0	0	0	0	0	0	0	66.8810577393	0	0	0	0	0	0	0	0	0	0	0	0	0	0	0
Feb 22 2023 18:04:39	7.7739982605	90.4168167114	96.9840393066	0.000633137358818	68.2633361816	10.8934164047	74.4891662598	-	0	0	0	0	0	0	0	0	0	0	0	0	0	0	0	0	8.07967090607	0	0	0	0	0	0	0	0	0	0	1.06892228127	2.92788553238	4.42867040634	4.78962898254	3.90618228912	2.39169859886	1.03885924816	0.258068591356	0	0	0	0	0	0	0	0	0	71.1104125977	0	0	0	0	0	0	0	0	0	0	0	0	0	0	0
Feb 22 2023 18:04:40	7.28119087219	89.943977356	96.8078231812	0.000438700430095	64.9992370605	10.4901866913	81.0702514648	-	0	0	0	0	0	0	0	0	0	0	0	0	0	0	0	0	8.164894104	0	0	0	0	0	0	0	0	0	0.395088136196	1.58583164215	2.96512699127	4.13232421875	4.70274066925	4.46858739853	3.51115059853	2.17698717117	0.909869909286	0.0449068248272	0	0	0	0	0	0	0	0	66.9424972534	0	0	0	0	0	0	0	0	0	0	0	0	0	0	0
Feb 22 2023 18:04:41	8.01332473755	90.6170501709	97.0584869385	0.000807693926618	69.7583312988	12.1054048538	71.9035949707	-	0	0	0	0	0	0	0	0	0	0	0	0	0	0	0	0	6.78184461594	0	0	0	0	0	0	0	0	0	0	1.3160507679	3.94347167015	5.65971374512	5.02104520798	2.90056943893	1.08118462563	0.242499932647	0.0248880889267	0	0	0	0	0	0	0	0	0	73.0287322998	0	0	0	0	0	0	0	0	0	0	0	0	0	0	0
Feb 22 2023 18:04:42	6.94281053543	90.0453414917	96.8456497192	0.000372431211872	65.522819519	10.1796274185	83.1362915039	-	0	0	0	0	0	0	0	0	0	0	0	0	0	0	0	0	8.54350566864	0	0	0	0	0	0	0	0	0	0.486651539803	1.82716619968	3.28650927544	4.36269283295	4.65822458267	4.07774925232	2.88488006592	1.55644786358	0.52010756731	0	0	0	0	0	0	0	0	0	67.7960662842	0	0	0	0	0	0	0	0	0	0	0	0	0	0	0
Feb 22 2023 18:04:43	7.75498723984	90.114112854	96.8712997437	0.000915402371902	66.242805481	12.2247552872	69.6853713989	-	0	0	0	0	0	0	0	0	0	0	0	0	0	0	0	1.58169786662e-24	6.25442934036	2.26674018097e-12	0	0	0	0	0	0	0	0	0.636308610439	2.04305434227	3.51023340225	4.55480670929	4.82166671753	4.24244213104	3.07054638863	1.74798595905	0.677566111088	0.0537852458656	0	0	0	0	0	0	0	0	68.3871765137	0	0	0	0	0	0	0	0	0	0	0	0	0	0	0
Feb 22 2023 18:04:44	6.93317174911	90.0222396851	96.8370285034	0.000457949528936	65.3315124512	10.5802688599	80.6588745117	-	0	0	0	0	0	0	0	0	0	0	0	0	0	0	0	0	7.84511995316	0	0	0	0	0	0	0	0	0	0.881913602352	2.35251641273	3.77786874771	4.65232610703	4.67120361328	3.86966729164	2.59890651703	1.33167695999	0.419114857912	0	0	0	0	0	0	0	0	0	67.5996856689	0	0	0	0	0	0	0	0	0	0	0	0	0	0	0
Feb 22 2023 18:04:45	7.15441989899	90.4435577393	96.9939956665	0.00039546485641	68.2193222046	10.6103277206	82.8723526001	-	0	0	0	0	0	0	0	0	0	0	0	0	0	0	0	0	8.15032958984	0	0	0	0	0	0	0	0	0	0.21373231709	2.19056820869	4.30631637573	5.19910955429	4.39764070511	2.67579388618	1.14776623249	0.318674862385	0.0390401035547	0	0	0	0	0	0	0	0	0	71.3610305786	0	0	0	0	0	0	0	0	0	0	0	0	0	0	0
Feb 22 2023 18:04:46	7.32671689987	90.2936401367	96.9381942749	0.000363307568477	67.3201293945	10.1007785797	83.1208267212	-	0	0	0	0	0	0	0	0	0	0	0	0	0	0	0	0	9.05220603943	0	0	0	0	0	0	0	0	0	0	0.990057945251	2.56404519081	4.01049232483	4.6374874115	4.14223003387	2.8356487751	1.39933764935	0.390860706568	0	0	0	0	0	0	0	0	0	69.9776382446	0	0	0	0	0	0	0	0	0	0	0	0	0	0	0
Feb 22 2023 18:04:47	5.48260641098	88.2061843872	96.276008606	0.000565731723327	56.9322738647	8.98923397064	73.0950088501	-	0	0	0	0	0	0	0	0	0	0	0	0	0	0	0	0	9.30151081085	6.32737731567e-13	0	0	0	0	0	0	0.107612915337	0.513657450676	1.20966517925	2.14589262009	3.21259045601	4.23933696747	5.01533174515	5.31976795197	4.9835858345	3.96845459938	2.42562270164	0.707201480865	0	0	0	0	0	0	0	0	56.8497657776	0	0	0	0	0	0	0	0	0	0	0	0	0	0	0
Feb 22 2023 18:04:48	5.6501698494	89.4489517212	96.6226806641	0.000642918399535	61.596282959	9.23740005493	70.4578552246	-	0	0	0	0	0	0	0	0	0	0	0	0	0	0	0	0	9.30062389374	1.12077448017e-13	0	0	0	0	0	0	0	0.426889777184	1.30722463131	2.40128207207	3.48208022118	4.2933549881	4.61762714386	4.33704185486	3.48824906349	2.27497172356	1.00998902321	0.00810834113508	0	0	0	0	0	0	0	0	63.0525588989	0	0	0	0	0	0	0	0	0	0	0	0	0	0	0
Feb 22 2023 18:04:49	6.52629709244	89.8882904053	96.7870254517	0.000371967907995	64.4242706299	9.79845142365	82.5309295654	-	0	0	0	0	0	0	0	0	0	0	0	0	0	0	0	0	8.91749286652	0	0	0	0	0	0	0	0	0	0.755311012268	1.98849415779	3.3050429821	4.29777574539	4.62605524063	4.16512489319	3.08059549332	1.75987780094	0.622053384781	0	0	0	0	0	0	0	0	0	66.4821777344	0	0	0	0	0	0	0	0	0	0	0	0	0	0	0
Feb 22 2023 18:04:50	6.94766378403	89.9322509766	96.8034439087	0.000394219910959	64.8167266846	9.97064971924	81.83253479	-	0	0	0	0	0	0	0	0	0	0	0	0	0	0	0	0	8.83643627167	0	0	0	0	0	0	0	0	0	0.339620530605	1.56797635555	3.00175285339	4.19683265686	4.73214864731	4.40465259552	3.34740233421	1.97292006016	0.755213081837	0	0	0	0	0	0	0	0	0	66.8450393677	0	0	0	0	0	0	0	0	0	0	0	0	0	0	0
Feb 22 2023 18:04:51	6.43900728226	90.0104370117	96.8326263428	0.0003953340929	65.3426361084	9.46463394165	80.5839691162	-	0	0	0	0	0	0	0	0	0	0	0	0	0	0	0	0	9.79916954041	8.17135801297e-13	0	0	0	0	0	0	0	0	0.119928233325	1.08695673943	2.40095853806	3.68440294266	4.46779870987	4.41409778595	3.52269601822	2.1577129364	0.846503198147	0	0	0	0	0	0	0	0	0	67.4997711182	0	0	0	0	0	0	0	0	0	0	0	0	0	0	0
Feb 22 2023 18:04:52	7.35926437378	89.7455215454	96.7336807251	0.000460533075966	63.8680534363	10.3089151382	79.8464889526	-	0	0	0	0	0	0	0	0	0	0	0	0	0	0	0	0	8.40887069702	0	0	0	0	0	0	0	0	0	0.316797167063	1.26387751102	2.4880130291	3.71549010277	4.59329557419	4.80767917633	4.23091745377	3.01393342018	1.5450823307	0.286710351706	0	0	0	0	0	0	0	0	65.3293304443	0	0	0	0	0	0	0	0	0	0	0	0	0	0	0
Feb 22 2023 18:04:53	7.07634544373	90.4179611206	96.9844665527	0.000608197995462	67.9985275269	10.650097847	75.0894699097	-	0	0	0	0	0	0	0	0	0	0	0	0	0	0	0	0	8.0087928772	3.01423816462e-13	0	0	0	0	0	0	0	0	0.307776391506	2.55503940582	4.63258838654	5.25630617142	4.23993825912	2.49536943436	1.05145323277	0.292998373508	0.0386366806924	0	0	0	0	0	0	0	0	0	71.1211013794	0	0	0	0	0	0	0	0	0	0	0	0	0	0	0
Feb 22 2023 18:04:54	6.95938444138	90.5078964233	97.0179138184	0.000740415416658	68.6348648071	11.6145343781	73.3448867798	-	0	0	0	0	0	0	0	0	0	0	0	0	0	0	0	0	6.69662809372	0	0	0	0	0	0	0	0	0	1.01203012466	4.06378555298	5.77471494675	5.19696235657	3.26962065697	1.46350717545	0.454702734947	0.0896637737751	0.00754524860531	0	0	0	0	0	0	0	0	0	71.9708404541	0	0	0	0	0	0	0	0	0	0	0	0	0	0	0
Feb 22 2023 18:04:55	7.49011659622	90.3071060181	96.9432067871	0.000533433165401	67.390296936	11.2243442535	78.9788513184	-	0	0	0	0	0	0	0	0	0	0	0	0	0	0	0	0	7.40058660507	0	0	0	0	0	0	0	0	0	0.224162191153	1.99606657028	3.83356761932	4.89821434021	4.74665260315	3.59235334396	2.09805297852	0.890580534935	0.219969823956	0	0	0	0	0	0	0	0	0	70.0997924805	0	0	0	0	0	0	0	0	0	0	0	0	0	0	0
Feb 22 2023 18:04:56	6.36132335663	89.2942962646	96.564704895	0.000534779625013	61.0335083008	9.70448303223	75.899055481	-	0	0	0	0	0	0	0	0	0	0	0	0	0	0	0	0	8.74583244324	0	0	0	0	0	0	0	0	0.27826654911	0.897306680679	1.80823278427	2.89079999924	3.93613433838	4.68640470505	4.89534759521	4.42110586166	3.31183409691	1.82748961449	0.376982450485	0	0	0	0	0	0	0	0	61.9242591858	0	0	0	0	0	0	0	0	0	0	0	0	0	0	0
Feb 22 2023 18:04:57	7.07109546661	90.3739242554	96.9680786133	0.000497494183946	67.7301635742	10.432595253	78.5712814331	-	0	0	0	0	0	0	0	0	0	0	0	0	0	0	0	0	8.36863231659	0	0	0	0	0	0	0	0	0	0.274904102087	2.08486199379	3.93481063843	4.85717201233	4.4359369278	3.07475543022	1.58878457546	0.566898524761	0.101257629693	0	0	0	0	0	0	0	0	1.97974702597e-15	70.7119903564	0	0	0	0	0	0	0	0	0	0	0	0	0	0	0
Feb 22 2023 18:04:58	7.14415693283	90.5188217163	97.0219802856	0.000398383213906	68.7694702148	10.1774425507	81.828994751	-	0	0	0	0	0	0	0	0	0	0	0	0	0	0	0	0	8.88622665405	0	0	0	0	0	0	0	0	0	0	1.57658994198	3.92651557922	5.15802145004	4.44153404236	2.61790108681	1.03893601894	0.253865987062	0.0250130183995	0	0	0	0	0	0	0	0	0	72.0753936768	0	0	0	0	0	0	0	0	0	0	0	0	0	0	0
Feb 22 2023 18:04:59	6.60721349716	90.0691604614	96.8545379639	0.000416763243265	65.6161651611	9.65715026855	80.1759033203	-	0	0	0	0	0	0	0	0	0	0	0	0	0	0	0	0	9.35561847687	0	0	0	0	0	0	0	0	0	0.309286743402	1.61999201775	3.12439918518	4.27575016022	4.61504983902	4.02204656601	2.7899415493	1.4465521574	0.441661566496	0	0	0	0	0	0	0	0	0	67.9997024536	0	0	0	0	0	0	0	0	0	0	0	0	0	0	0
Feb 22 2023 18:05:00	6.51482915878	89.6011734009	96.6796798706	0.000564274552744	62.791759491	9.62624931335	74.2894439697	-	0	0	0	0	0	0	0	0	0	0	0	0	0	0	0	0	9.14981365204	0	0	0	0	0	0	0	0	0	0.606231510639	1.59475266933	2.77942228317	3.88940501213	4.61157417297	4.69017457962	4.04271888733	2.82823061943	1.40656995773	0.199174970388	0	0	0	0	0	0	0	0	64.2019348145	0	0	0	0	0	0	0	0	0	0	0	0	0	0	0
Feb 22 2023 18:05:01	6.54778146744	89.4681930542	96.6298904419	0.000590882264078	62.1867141724	9.77028465271	73.6491394043	-	0	0	0	0	0	0	0	0	0	0	0	0	0	0	0	0	8.95692062378	0	0	0	0	0	0	0	0	0.133966311812	0.641600370407	1.42505192757	2.40981698036	3.4381582737	4.28435850143	4.69521045685	4.47108793259	3.56668233871	2.1565554142	0.624922215939	0	0	0	0	0	0	0	0	63.1956710815	0	0	0	0	0	0	0	0	0	0	0	0	0	0	0
Feb 22 2023 18:05:02	8.08929538727	89.7281570435	96.7271881104	0.000495448010042	64.3266067505	10.3103017807	78.1029281616	-	0	0	0	0	0	0	0	0	0	0	0	0	0	0	0	0	8.91158866882	0	0	0	0	0	0	0	0	0	0.0502798631787	0.440356731415	1.11334347725	2.06098675728	3.16664433479	4.18224096298	4.76378631592	4.59193754196	3.54540991783	1.85609984398	0.125576630235	0	0	0	0	0	0	0	65.1917495728	0	0	0	0	0	0	0	0	0	0	0	0	0	0	0
Feb 22 2023 18:05:03	1.36267900467	88.5373077393	96.3316040039	0.000588789349422	58.6423835754	9.13988399506	71.7670059204	-	0	0	0	0	0	0	0	0	0	0	0	0	0	0	0	0	10.0761566162	0	0	0	0	0	0	0	0	0.00501025700942	0.239296212792	0.678104996681	1.3566160202	2.2729074955	3.35512971878	4.43167924881	5.22546005249	5.40939903259	4.73284816742	3.20455217361	1.250415802	0	0	0	0	0	0	0	57.762424469	0	0	0	0	0	0	0	0	0	0	0	0	0	0	0
Feb 22 2023 18:05:04	6.80094051361	89.4712677002	96.6310424805	0.000690351880621	62.439907074	9.66440868378	69.3416519165	-	0	0	0	0	0	0	0	0	0	0	0	0	0	0	0	0	9.40498638153	0	0	0	0	0	0	0	0	0	0.265575051308	0.857036173344	1.72684288025	2.79144048691	3.86088013649	4.65018510818	4.84963035583	4.25777435303	2.91994810104	1.19712805748	0	0	0	0	0	0	0	0	63.2185745239	0	0	0	0	0	0	0	0	0	0	0	0	0	0	0
Feb 22 2023 18:05:05	7.66776323318	90.0601425171	96.8511734009	0.000539131462574	65.9694290161	10.2486524582	76.356086731	-	0	0	0	0	0	0	0	0	0	0	0	0	0	0	0	0	8.88120937347	1.4944001711e-13	0	0	0	0	0	0	0	0	0	0.726729154587	1.88810551167	3.18773603439	4.21929645538	4.57848405838	4.07454109192	2.86902093887	1.41734933853	0.235058277845	0	0	0	0	0	0	0	7.10874010346e-15	67.9224700928	0	0	0	0	0	0	0	0	0	0	0	0	0	0	0
Feb 22 2023 18:05:06	8.1790933609	89.6555938721	96.700050354	0.000496065884363	63.7441864014	10.5812978745	78.8373718262	-	0	0	0	0	0	0	0	0	0	0	0	0	0	0	0	0	8.36470508575	1.12605779735e-13	0	0	0	0	0	0	0	0	0.0799027383327	0.625010371208	1.50352287292	2.63992810249	3.82265663147	4.72048950195	4.97872209549	4.38198280334	3.00384807587	1.25663375854	0	0	0	0	0	0	0	0	64.6225967407	0	0	0	0	0	0	0	0	0	0	0	0	0	0	0
Feb 22 2023 18:05:07	6.89637947083	90.2651443481	96.9275817871	0.000440349336714	67.0441665649	9.87448501587	79.4960861206	-	0	0	0	0	0	0	0	0	0	0	0	0	0	0	0	0	9.27899265289	0	0	0	0	0	0	0	0	0	0.133645579219	1.30537164211	2.80012893677	4.03823852539	4.46638298035	3.90183734894	2.65788221359	1.32343542576	0.373614519835	0	0	0	0	0	0	0	0	0	69.7204742432	0	0	0	0	0	0	0	0	0	0	0	0	0	0	0
Feb 22 2023 18:05:08	6.26002073288	90.1208572388	96.8738098145	0.000480106682517	66.0143051147	9.43478870392	76.8446807861	-	0	0	0	0	0	0	0	0	0	0	0	0	0	0	0	0	9.86322021484	0	0	0	0	0	0	0	0	0	0.163966551423	1.25309932232	2.63080644608	3.84013438225	4.40612840652	4.08764839172	3.0315349102	1.69701039791	0.5807903409	0	0	0	0	0	0	0	0	0	68.4456558228	0	0	0	0	0	0	0	0	0	0	0	0	0	0	0
Feb 22 2023 18:05:09	7.66352033615	89.7683029175	96.7421951294	0.000620368635282	64.1117782593	11.0916433334	75.8367767334	-	0	0	0	0	0	0	0	0	0	0	0	0	0	0	0	0	7.42240619659	1.61617106417e-12	0	0	0	0	0	0	0	0	0.511865973473	1.47169601917	2.64772891998	3.78492283821	4.57591056824	4.75377178192	4.20836639404	3.06364917755	1.65295827389	0.396003574133	0	0	0	0	0	0	0	0	65.5107192993	0	0	0	0	0	0	0	0	0	0	0	0	0	0	0
Feb 22 2023 18:05:10	6.84571409225	89.6917037964	96.7135543823	0.000494626350701	63.2390518188	10.168217659	78.5000686646	-	0	0	0	0	0	0	0	0	0	0	0	0	0	0	0	0	8.21746826172	0	0	0	0	0	0	0	0	0	0.822064995766	2.11819434166	3.50860834122	4.57933330536	4.9765124321	4.55322265625	3.45353937149	2.05896615982	0.8074696064	0	0	0	0	0	0	0	0	0	64.9046173096	0	0	0	0	0	0	0	0	0	0	0	0	0	0	0
Feb 22 2023 18:05:11	5.93220996857	88.9232406616	96.4253311157	0.000609330425505	58.87342453	9.27099514008	72.0583114624	-	0	0	0	0	0	0	0	0	0	0	0	0	0	0	0	0	9.04950332642	0	0	0	0	0	0	0	0	0.379627227783	1.12576603889	2.14622330666	3.29175138474	4.33895206451	5.03471326828	5.15314388275	4.57894849777	3.38121581078	1.82776975632	0.324443131685	0	0	0	0	0	0	0	0	59.3679428101	0	0	0	0	0	0	0	0	0	0	0	0	0	0	0
Feb 22 2023 18:05:12	6.87292957306	90.1527557373	96.8857040405	0.000531419238541	66.1060638428	10.9798851013	78.9115066528	-	0	0	0	0	0	0	0	0	0	0	0	0	0	0	0	0	7.23162460327	5.34097133111e-15	0	0	0	0	0	0	0	0	1.19436359406	3.2241127491	4.70173597336	5.08217000961	4.37051296234	3.02691674232	1.6512542963	0.656403541565	0.137295335531	0	0	0	0	0	0	0	0	0	68.7236099243	0	0	0	0	0	0	0	0	0	0	0	0	0	0	0
Feb 22 2023 18:05:13	7.1267580986	90.2949676514	96.9386901855	0.000395740760723	67.1481323242	11.0878982544	83.8642196655	-	0	0	0	0	0	0	0	0	0	0	0	0	0	0	0	0	7.32417917252	0	0	0	0	0	0	0	0	0	0.611164212227	2.81730079651	4.67103242874	5.25810909271	4.45581531525	2.89969611168	1.41826164722	0.478949248791	0.0758784413338	0	0	0	0	0	0	0	0	0	69.989616394	0	0	0	0	0	0	0	0	0	0	0	0	0	0	0
Feb 22 2023 18:05:14	7.30299758911	90.5340042114	97.0276260376	0.000465550663648	68.8764572144	11.2385559082	81.4295654297	-	0	0	0	0	0	0	0	0	0	0	0	0	0	0	0	0	7.34243249893	1.35543800576e-12	0	0	0	0	0	0	0	0	0	2.86642551422	5.57508850098	5.8327460289	3.88769459724	1.70663499832	0.48286268115	0.0800046771765	0.00492799142376	0	0	0	0	0	0	0	0	0	72.2211837769	0	0	0	0	0	0	0	0	0	0	0	0	0	0	0
Feb 22 2023 18:05:15	7.01194810867	90.0147247314	96.8342285156	0.000381636753445	65.2451171875	11.0128488541	84.4300460815	-	0	0	0	0	0	0	0	0	0	0	0	0	0	0	0	0	7.17783212662	0	0	0	0	0	0	0	0	0	1.0555460453	2.83950400352	4.34990167618	5.04816865921	4.74499607086	3.6563410759	2.26415109634	1.05040836334	0.277087807655	0	0	0	0	0	0	0	0	0	67.5360641479	0	0	0	0	0	0	0	0	0	0	0	0	0	0	0
Feb 22 2023 18:05:16	7.18777227402	90.1783828735	96.8952560425	0.000642628234345	66.4082183838	11.3716697693	75.8935089111	-	0	0	0	0	0	0	0	0	0	0	0	0	0	0	0	0	6.9421620369	0	0	0	0	0	0	0	0	0	0.863999247551	2.70845603943	4.31683588028	5.03489255905	4.64562320709	3.44385719299	2.0139298439	0.868447303772	0.2132512182	0	0	0	0	0	0	0	0	0	68.9485397339	0	0	0	0	0	0	0	0	0	0	0	0	0	0	0
Feb 22 2023 18:05:17	5.66947603226	88.7489318848	96.3670425415	0.000520010886248	58.3092422485	9.04962921143	74.8210601807	-	0	0	0	0	0	0	0	0	0	0	0	0	0	0	0	0	9.61242294312	0	0	0	0	0	0	0	0	0.217460557818	0.790764868259	1.64069330692	2.68786931038	3.77931141853	4.69808006287	5.19383478165	5.05219745636	4.19086885452	2.73600506783	1.0411195755	0	0	0	0	0	0	0	0	58.3593711853	0	0	0	0	0	0	0	0	0	0	0	0	0	0	0
Feb 22 2023 18:05:18	1.89097416401	87.7885055542	96.2056274414	0.000650806876365	56.0022926331	8.1539888382	69.5775909424	-	0	0	0	0	0	0	0	0	0	0	0	0	0	0	1.04613935947	1.91826915741	2.37166810036	2.37659287453	2.03038167953	1.4932268858	0.923588514328	0.44210973382	0.129379034042	0.0175443999469	0.0823357030749	0.352987200022	0.85712325573	1.57454633713	2.44779014587	3.37594079971	4.21097707748	4.76183795929	4.82772350311	4.26878356934	3.09412264824	1.54308521748	0.11959875375	0	0	0	0	0	0	2.11525794032e-14	55.7342453003	0	0	0	0	0	0	0	0	0	0	0	0	0	0	0
Feb 22 2023 18:05:19	6.3923664093	89.3441390991	96.5833969116	0.000783155206591	61.3218307495	9.90544605255	67.4761276245	-	0	0	0	0	0	0	0	0	0	0	0	0	0	0	0	0	8.42830085754	3.6199605054e-13	0	0	0	0	0	0	0.0259182937443	0.379951030016	1.03205394745	1.93335819244	2.96089601517	3.92372059822	4.59357357025	4.7545542717	4.28085565567	3.21482610703	1.79294073582	0.395402640104	0	0	0	0	0	0	0	0	62.2836456299	0	0	0	0	0	0	0	0	0	0	0	0	0	0	0
Feb 22 2023 18:05:20	5.48515176773	89.1809234619	96.5221557617	0.00091164407786	60.2354240417	9.14871120453	60.5491294861	-	0	0	0	0	0	0	0	0	0	0	0	0	0	0	0	0	9.42074775696	0	0	0	0	0	0	0	0.0433091931045	0.459977924824	1.16505682468	2.08084797859	3.07420778275	3.96704220772	4.56060838699	4.67105150223	4.18806648254	3.14411830902	1.7483445406	0.355322867632	0	0	0	0	0	0	0	0	61.121295929	0	0	0	0	0	0	0	0	0	0	0	0	0	0	0
Feb 22 2023 18:05:21	4.92250156403	89.3117446899	96.5712432861	0.000488427293021	60.6937828064	8.80587387085	75.5359191895	-	0	0	0	0	0	0	0	0	0	0	0	0	0	0	0	0	9.89586162567	0	0	0	0	0	0	0	0	0.491147994995	1.41475427151	2.52841091156	3.59784626961	4.3717918396	4.64676332474	4.32299804688	3.45094871521	2.23749995232	0.987918317318	0.00445653032511	0	0	0	0	0	0	0	0	62.0496025085	0	0	0	0	0	0	0	0	0	0	0	0	0	0	0
Feb 22 2023 18:05:22	7.72706604004	90.5217666626	97.0230712891	0.000560903223231	68.958732605	11.7344236374	78.9473495483	-	0	0	0	0	0	0	0	0	0	0	0	0	0	0	0	0	6.99586725235	0	0	0	0	0	0	0	0	0	0	1.83860933781	4.33074569702	5.56878614426	4.78277826309	2.86013245583	1.17485678196	0.307243973017	0.0373243652284	0	0	0	0	0	0	0	0	0	72.1036529541	0	0	0	0	0	0	0	0	0	0	0	0	0	0	0
Feb 22 2023 18:05:23	1.34996950626	89.6016921997	96.6798782349	0.00039620991447	62.5528678894	8.799492836	79.2932891846	-	0	0	0	0	0	0	0	0	0	0	0	0	0	0	0	0	10.4418077469	0	0	0	0	0	0	0	0	0	0.600600659847	1.72520208359	2.97430920601	4.0278339386	4.57624530792	4.42791366577	3.60140728951	2.34326219559	1.03581893444	0.0397191643715	0	0	0	0	0	0	0	0	64.2058792114	0	0	0	0	0	0	0	0	0	0	0	0	0	0	0
Feb 22 2023 18:05:24	6.56427717209	90.6000671387	97.0521774292	0.000680226425175	69.2032699585	11.13534832	74.1459960938	-	0	0	0	0	0	0	0	0	0	0	0	0	0	0	0	0	7.10694932938	0	0	0	0	0	0	0	0	0	1.70439386368	5.71245765686	6.02797698975	3.99114441872	1.84059715271	0.600633561611	0.13441374898	0.0184270050377	0.000825742899906	0	0	0	0	0	0	0	0	0	72.8621749878	0	0	0	0	0	0	0	0	0	0	0	0	0	0	0
Feb 22 2023 18:05:25	1.84032618999	88.8630752563	96.4026947021	0.00080670020543	58.3503227234	8.10362815857	63.3988189697	-	0	0	0	0	0	0	0	0	0	0	0	0	0	0	1.02905094624	1.96259725094	2.46813106537	2.48365664482	2.11010527611	1.53104948997	0.92910861969	0.438196778297	0.137302666903	0.040257923305	0.111983716488	0.380830705166	0.877197563648	1.57719874382	2.4139559269	3.27500510216	4.00166416168	4.39878797531	4.27724742889	3.53717327118	2.26152038574	0.785749018192	0	0	0	0	0	0	0	0	58.9722290039	0	0	0	0	0	0	0	0	0	0	0	0	0	0	0
Feb 22 2023 18:05:26	1.46674120426	88.3748855591	96.3043518066	0.000554530881345	56.938495636	7.72831487656	69.625213623	-	0	0	0	0	0	0	0	0	0	0	0	0	0	0	0.00153261225205	0.734959602356	5.9903459549	5.67761707306	1.08051538467	0.0478956103325	0.000440932315541	5.35508547728e-07	4.30794913631e-11	3.38174960752e-15	1.62452326981e-13	3.0987219457e-09	6.85617533236e-06	0.00168094935361	0.086132876575	1.31854200363	7.04269790649	13.0004644394	6.98382282257	0.717004001141	0.00479149725288	2.23038565395e-08	0	0	0	0	0	0	0	0	57.3115463257	0	0	0	0	0	0	0	0	0	0	0	0	0	0	0
Feb 22 2023 18:05:27	1.35436570644	88.4635391235	96.319229126	0.000584027555306	57.8632278442	8.73390865326	71.0469818115	-	0	0	0	0	0	0	0	0	0	0	0	0	0	0	0	0	10.3119726181	4.3214935211e-13	0	0	0	0	0	0	0	0.198614254594	0.644816339016	1.32214069366	2.20065736771	3.20043611526	4.17624521255	4.91656589508	5.17327880859	4.7414484024	3.56971025467	1.86560189724	0.121649332345	0	0	0	0	0	0	0	57.5568618774	0	0	0	0	0	0	0	0	0	0	0	0	0	0	0
Feb 22 2023 18:05:28	1.35180294514	89.0006332397	96.4544296265	0.000660080870148	59.1128616333	8.52834606171	67.4550170898	-	0	0	0	0	0	0	0	0	0	0	0	0	0	0	0	0	10.3872108459	0	0	0	0	0	0	0	0.0342046767473	0.475657910109	1.21007871628	2.15058088303	3.15643954277	4.0461397171	4.62084102631	4.70180797577	4.18764448166	3.11951041222	1.71083450317	0.314654737711	0	0	0	0	0	0	0	0	59.8843917847	0	0	0	0	0	0	0	0	0	0	0	0	0	0	0
Feb 22 2023 18:05:29	1.54770922661	88.2378540039	96.2813339233	0.000516128726304	56.2485580444	7.15027141571	70.7657165527	-	0	0	0	0	0	0	0	0	0	0	0	0	0	0	0.738033354282	2.49662780762	3.71115016937	3.55131173134	2.42980051041	1.21627986431	0.431026190519	0.0980484560132	0.0139682348818	0.00528731197119	0.0259090922773	0.151577144861	0.565667152405	1.4555066824	2.84170031548	4.42817926407	5.61471986771	5.72959327698	4.49309444427	2.41916942596	0.641707658768	0.00569796888158	0	0	0	0	0	0	0	6.74297010101e-15	56.9359550476	0	0	0	0	0	0	0	0	0	0	0	0	0	0	0
Feb 22 2023 18:05:30	6.96218919754	90.2962265015	96.9391555786	0.000479175214423	67.1642532349	10.079744339	78.4923248291	-	0	0	0	0	0	0	0	0	0	0	0	0	0	0	0	0	8.8375787735	0	0	0	0	0	0	0	0	0	0.162940174341	1.90206766129	3.68509030342	4.68914890289	4.49890947342	3.35271835327	1.91341412067	0.781737923622	0.175341650844	0	0	0	0	0	0	0	0	0	70.0010528564	0	0	0	0	0	0	0	0	0	0	0	0	0	0	0
Feb 22 2023 18:05:31	6.47128200531	90.6849136353	97.083694458	0.00054192810785	69.8917312622	11.6430015564	79.8571853638	-	0	0	0	0	0	0	0	0	0	0	0	0	0	0	0	0	6.52714538574	0	0	0	0	0	0	0	0	0	2.60299038887	6.26368618011	5.70696496964	3.33658385277	1.37083721161	0.400183916092	0.0800769925117	0.00967471394688	0.000308852613671	0	0	0	0	0	0	0	0	0	73.7015457153	0	0	0	0	0	0	0	0	0	0	0	0	0	0	0
Feb 22 2023 18:05:32	7.13781499863	90.9203643799	97.1710510254	0.000677644798998	72.0201797485	12.1107788086	75.8763580322	-	0	0	0	0	0	0	0	0	0	0	0	0	0	0	0	0	6.69903230667	0	0	0	0	0	0	0	0	0	0	4.49477148056	6.75088405609	4.02510213852	1.47943711281	0.358207553625	0.0561496540904	0.00512226345018	0.000152822569362	0	0	0	0	0	0	0	0	0	76.1311416626	0	0	0	0	0	0	0	0	0	0	0	0	0	0	0
Feb 22 2023 18:05:33	7.52671909332	90.9090194702	97.1668395996	0.000623830826953	71.9961013794	12.0395298004	77.2640457153	-	0	0	0	0	0	0	0	0	0	0	0	0	0	0	0	0	6.93657016754	0	0	0	0	0	0	0	0	0	0	2.27639389038	6.26221895218	5.11976957321	2.46332836151	0.762685120106	0.150610476732	0.0172088313848	0.000682097568642	0	0	0	0	0	0	0	0	0	76.0105285645	0	0	0	0	0	0	0	0	0	0	0	0	0	0	0
Feb 22 2023 18:05:34	7.46451997757	90.6934661865	97.0868682861	0.000636085052975	70.2017059326	11.8801174164	76.7896270752	-	0	0	0	0	0	0	0	0	0	0	0	0	0	0	0	0	6.84381484985	0	0	0	0	0	0	0	0	0	0	2.69004917145	5.63733816147	5.66853284836	3.52506375313	1.42267286777	0.366766810417	0.0552943609655	0.00327850971371	0	0	0	0	0	0	0	0	0	73.7871856689	0	0	0	0	0	0	0	0	0	0	0	0	0	0	0
Feb 22 2023 18:05:35	6.62207317352	89.964805603	96.8155975342	0.000761440198403	64.821975708	10.9979200363	71.5636291504	-	0	0	0	0	0	0	0	0	0	0	0	0	0	0	0	0	6.94629764557	0	0	0	0	0	0	0	0	0.301642268896	1.82105767727	3.41138696671	4.54772615433	4.88396215439	4.38557004929	3.3031899929	2.04048538208	0.966948628426	0.275549441576	0	0	0	0	0	0	0	0	0	67.1161804199	0	0	0	0	0	0	0	0	0	0	0	0	0	0	0
Feb 22 2023 18:05:36	7.0799574852	90.5484924316	97.0330123901	0.000415208720369	68.9773635864	11.1573572159	83.1321029663	-	0	0	0	0	0	0	0	0	0	0	0	0	0	0	0	0	7.41451454163	0	0	0	0	0	0	0	0	0	0.517418324947	3.07785534859	5.17327737808	5.28979253769	3.68108963966	1.77877676487	0.581429243088	0.116333402693	0.0086540794	0	0	0	0	0	0	0	0	0	72.3608551025	0	0	0	0	0	0	0	0	0	0	0	0	0	0	0
Feb 22 2023 18:05:37	6.68908882141	89.7523651123	96.7362365723	0.000505545525812	63.7686462402	9.80690288544	76.9636154175	-	0	0	0	0	0	0	0	0	0	0	0	0	0	0	0	0	9.02822780609	1.34872907114e-12	0	0	0	0	0	0	0	0	0.526406824589	1.49068164825	2.64485788345	3.7283706665	4.43874263763	4.52764320374	3.91253781319	2.74457216263	1.37136304379	0.202863007784	0	0	0	0	0	0	0	0	65.3837356567	0	0	0	0	0	0	0	0	0	0	0	0	0	0	0
Feb 22 2023 18:05:38	7.05725240707	90.3014144897	96.9410858154	0.000387321226299	67.287612915	10.1937141418	82.3828430176	-	0	0	0	0	0	0	0	0	0	0	0	0	0	0	0	0	8.77479076385	0	0	0	0	0	0	0	0	0	0.212285757065	1.60821735859	3.19533467293	4.31604814529	4.48133516312	3.67270231247	2.33944940567	1.07994699478	0.271816670895	0	0	0	0	0	0	0	0	0	70.0480728149	0	0	0	0	0	0	0	0	0	0	0	0	0	0	0
Feb 22 2023 18:05:39	6.71892261505	89.9452819824	96.808303833	0.00055248773424	64.7558898926	10.2556810379	76.4596633911	-	0	0	0	0	0	0	0	0	0	0	0	0	0	0	0	0	8.16491413116	0	0	0	0	0	0	0	0	0	0.990259170532	2.50261378288	3.89089298248	4.68940591812	4.64755058289	3.82942008972	2.57621455193	1.33091378212	0.424495518208	0	0	0	0	0	0	0	0	0	66.9533157349	0	0	0	0	0	0	0	0	0	0	0	0	0	0	0
Feb 22 2023 18:05:40	6.99606561661	90.0188217163	96.8357543945	0.000606142973993	65.4304351807	10.2854137421	74.2784042358	-	0	0	0	0	0	0	0	0	0	0	0	0	0	0	0	0	8.449426651	8.89884767572e-15	0	0	0	0	0	0	0	0	0.549378216267	1.69385266304	2.98338937759	4.03809928894	4.50474405289	4.2076420784	3.2467148304	1.96550345421	0.784671127796	0.005851353053	0	0	0	0	0	0	0	0	67.5707244873	0	0	0	0	0	0	0	0	0	0	0	0	0	0	0
Feb 22 2023 18:05:41	5.28275775909	89.3009796143	96.5672073364	0.000484863994643	60.8144416809	8.95978164673	75.9858703613	-	0	0	0	0	0	0	0	0	0	0	0	0	0	0	0	0	9.83261108398	0	0	0	0	0	0	0	0	0.239155575633	1.02355062962	2.0685403347	3.18848109245	4.14117479324	4.68280982971	4.63215732574	3.94414997101	2.75687026978	1.36909985542	0.149171084166	0	0	0	0	0	0	0	0	61.9722290039	0	0	0	0	0	0	0	0	0	0	0	0	0	0	0
Feb 22 2023 18:05:42	5.22406959534	89.4012069702	96.6047897339	0.000616735371295	61.5443649292	9.04205226898	70.5594482422	-	0	0	0	0	0	0	0	0	0	0	0	0	0	0	0	7.83325841558e-41	9.95564079285	1.85171951557e-12	0	0	0	0	0	0	0	0.0984264537692	0.713228821754	1.61879885197	2.69150090218	3.72596335411	4.468791008	4.67894220352	4.21744155884	3.13457036018	1.69349932671	0.303141176701	0	0	0	0	0	0	0	0	62.7000579834	0	0	0	0	0	0	0	0	0	0	0	0	0	0	0
Feb 22 2023 18:05:43	1.34656131268	88.8722763062	96.4061584473	0.000680143130012	58.5752372742	8.49372673035	66.4433288574	-	0	0	0	0	0	0	0	0	0	0	0	0	0	0	0	0	10.5450353622	0	0	0	0	0	0	0	0	0.336569726467	0.968020200729	1.84126269817	2.85493946075	3.84849572182	4.61545705795	4.93443346024	4.63003158569	3.65924048424	2.17917609215	0.554930746555	0	0	0	0	0	0	0	0	59.0324058533	0	0	0	0	0	0	0	0	0	0	0	0	0	0	0
Feb 22 2023 18:05:44	6.27589654922	90.1088180542	96.8693237305	0.000436991453171	65.7907714844	9.48198795319	78.9474639893	-	0	0	0	0	0	0	0	0	0	0	0	0	0	0	0	0	9.56759262085	1.037877141e-12	0	0	0	0	0	0	0	0	0.464353621006	1.89704596996	3.40549039841	4.39709091187	4.47528409958	3.66004419327	2.36369848251	1.1255928278	0.302505552769	0	0	0	0	0	0	0	0	0	68.3413009644	0	0	0	0	0	0	0	0	0	0	0	0	0	0	0
Feb 22 2023 18:05:45	6.78150415421	89.8574905396	96.7755203247	0.000706700899173	64.3290481567	10.2931966782	70.9712600708	-	0	0	0	0	0	0	0	0	0	0	0	0	0	0	0	0	8.19967651367	0	0	0	0	0	0	0	0	0.0506996810436	0.918960928917	2.08376383781	3.28178668022	4.19462680817	4.55114173889	4.22515392303	3.30202174187	2.0632314682	0.872650206089	0.0260409787297	0	0	0	0	0	0	0	0	66.2302398682	0	0	0	0	0	0	0	0	0	0	0	0	0	0	0
Feb 22 2023 18:05:46	5.88207387924	90.2744369507	96.9310455322	0.000209847392398	66.4192886353	9.60633277893	89.7583312988	-	0	0	0	0	0	0	0	0	0	0	0	0	0	0	0	0	8.45746517181	0	0	0	0	0	0	0	0	0	3.82467794418	7.10488128662	5.90630817413	3.22805118561	1.25227510929	0.34756052494	0.066590808332	0.00780444312841	0.000271320081083	0	0	0	0	0	0	0	0	0	69.8041152954	0	0	0	0	0	0	0	0	0	0	0	0	0	0	0
Feb 22 2023 18:05:47	6.24632740021	90.4869613647	97.0101318359	0.000336511555361	68.1013565063	9.84747123718	84.2956619263	-	0	0	0	0	0	0	0	0	0	0	0	0	0	0	0	0	8.50765895844	0	0	0	0	0	0	0	0	0	1.79675579071	7.61215543747	6.04625177383	2.95878100395	1.01328647137	0.247597485781	0.0417761169374	0.00430629309267	0.000126094455482	0	0	0	0	0	0	0	0	0	71.7713088989	0	0	0	0	0	0	0	0	0	0	0	0	0	0	0
Feb 22 2023 18:05:48	6.64600801468	90.4293060303	96.9886856079	0.000594592245761	67.9076461792	10.7072725296	76.0158996582	-	0	0	0	0	0	0	0	0	0	0	0	0	0	0	0	0	7.59049510956	0	0	0	0	0	0	0	0	0	1.23925125599	4.35538864136	5.89009523392	5.0409040451	2.98927903175	1.24601614475	0.354786425829	0.0624021962285	0.00414722179994	0	0	0	0	0	0	0	0	0	71.2272338867	0	0	0	0	0	0	0	0	0	0	0	0	0	0	0
Feb 22 2023 18:05:49	6.66885185242	90.6970748901	97.0882034302	0.000943231279962	70.0398178101	11.9345092773	68.3306732178	-	0	0	0	0	0	0	0	0	0	0	0	0	0	0	0	0	6.31393194199	0	0	0	0	0	0	0	0	0	1.75451993942	6.27524852753	6.06953525543	3.65844225883	1.53853547573	0.45941978693	0.0944863557816	0.011984154582	0.000515619001817	0	0	0	0	0	0	0	0	0	73.8233795166	0	0	0	0	0	0	0	0	0	0	0	0	0	0	0
Feb 22 2023 18:05:50	6.45025110245	89.8622512817	96.7772979736	0.000661956320982	64.088394165	11.2050514221	75.5586547852	-	0	0	0	0	0	0	0	0	0	0	0	0	0	0	0	0	6.42247962952	0	0	0	0	0	0	0	0	0.742027997971	2.35497260094	3.863925457	4.80816602707	4.94193077087	4.31029939651	3.18640518188	1.94543075562	0.910642921925	0.244688406587	0	0	0	0	0	0	0	0	0	66.26902771	0	0	0	0	0	0	0	0	0	0	0	0	0	0	0
Feb 22 2023 18:05:51	7.07548093796	89.8999023438	96.7913665771	0.000666647683829	64.6242523193	10.7934017181	73.7390594482	-	0	0	0	0	0	0	0	0	0	0	0	0	0	0	0	0	7.5488448143	1.00368843824e-13	0	0	0	0	0	0	0	0	0.905625879765	2.2391834259	3.56821489334	4.49689006805	4.73672008514	4.21808767319	3.12932348251	1.83817613125	0.723283529282	0.0179599132389	0	0	0	0	0	0	0	0	66.5776901245	0	0	0	0	0	0	0	0	0	0	0	0	0	0	0
Feb 22 2023 18:05:52	6.79279661179	90.2625808716	96.9266281128	0.000595039862674	66.777381897	10.5103654861	75.4850692749	-	0	0	0	0	0	0	0	0	0	0	0	0	0	0	0	0	7.8822479248	0	0	0	0	0	0	0	0	0	0.829593658447	3.30958843231	5.08275127411	5.28075170517	4.09170913696	2.40890288353	1.05462098122	0.316498577595	0.0459367670119	0	0	0	0	0	0	0	0	0	69.6973953247	0	0	0	0	0	0	0	0	0	0	0	0	0	0	0
Feb 22 2023 18:05:53	6.67485284805	90.0523605347	96.8482666016	0.000796956126578	65.4284667969	10.3029499054	68.0055007935	-	0	0	0	0	0	0	0	0	0	0	0	0	0	0	0	0	8.13417625427	3.19774762225e-12	0	0	0	0	0	0	0	0	1.06976568699	2.64451622963	4.04785108566	4.74757575989	4.51121473312	3.50540089607	2.18277192116	1.01966667175	0.281129062176	0	0	0	0	0	0	0	0	0	67.8559265137	0	0	0	0	0	0	0	0	0	0	0	0	0	0	0
Feb 22 2023 18:05:54	6.92524385452	89.0575561523	96.4758224487	0.000713310146239	60.2927742004	9.78621101379	69.1301116943	-	0	0	0	0	0	0	0	0	0	0	0	0	0	0	0	0	8.99621963501	0	0	0	0	0	0	0	0	0.0783084705472	0.40954220295	0.980272710323	1.79969239235	2.81648635864	3.8935315609	4.79732465744	5.22897720337	4.9187078476	3.76373529434	1.96642744541	0.0810115039349	0	0	0	0	0	0	0	60.2697601318	0	0	0	0	0	0	0	0	0	0	0	0	0	0	0
Feb 22 2023 18:05:55	5.92686319351	90.0046463013	96.8304672241	0.000661376107018	64.9052124023	9.39093780518	69.9930953979	-	0	0	0	0	0	0	0	0	0	0	0	0	0	0	0	0	9.31887149811	1.4570174494e-12	0	0	0	0	0	0	0	0.0370664037764	1.40769338608	2.98902082443	4.19817066193	4.60541439056	4.13341474533	3.05196523666	1.81022751331	0.800509929657	0.196755811572	0	0	0	0	0	0	0	0	0	67.4508895874	0	0	0	0	0	0	0	0	0	0	0	0	0	0	0
Feb 22 2023 18:05:56	7.12349033356	90.5989532471	97.0517654419	0.000611891096924	69.3527145386	11.4852247238	76.9310073853	-	0	0	0	0	0	0	0	0	0	0	0	0	0	0	0	0	7.02138471603	0	0	0	0	0	0	0	0	0	0.051574409008	4.04399394989	6.07381248474	5.24769258499	3.06113934517	1.24278008938	0.343539953232	0.0588501058519	0.00397432362661	0	0	0	0	0	0	0	0	0	72.8512573242	0	0	0	0	0	0	0	0	0	0	0	0	0	0	0
Feb 22 2023 18:05:57	6.51874446869	90.1567459106	96.8871917725	0.000595619610976	66.066619873	10.0863180161	74.3466567993	-	0	0	0	0	0	0	0	0	0	0	0	0	0	0	0	0	8.46738147736	0	0	0	0	0	0	0	0	0	1.0769546032	2.82006859779	4.22596502304	4.74037361145	4.24309492111	3.06134438515	1.7383377552	0.716311275959	0.151601195335	0	0	0	0	0	0	0	0	0	68.7585678101	0	0	0	0	0	0	0	0	0	0	0	0	0	0	0
Feb 22 2023 18:05:58	6.15653324127	90.0159225464	96.8346710205	0.00050658400869	65.0136795044	9.73232746124	77.0126953125	-	0	0	0	0	0	0	0	0	0	0	0	0	0	0	0	0	8.7576341629	0	0	0	0	0	0	0	0	0.0818776115775	1.50265371799	3.11961054802	4.33260679245	4.7063369751	4.17974233627	3.0484161377	1.78027188778	0.768712580204	0.175955757499	0	0	0	0	0	0	0	0	0	67.5461807251	0	0	0	0	0	0	0	0	0	0	0	0	0	0	0
Feb 22 2023 18:05:59	6.62345743179	89.8202285767	96.7616043091	0.000895236968063	63.953086853	10.8293914795	66.9639129639	-	0	0	0	0	0	0	0	0	0	0	0	0	0	0	0	0	7.14033842087	0	0	0	0	0	0	0	0	0.427195072174	1.62115752697	2.98070502281	4.12260150909	4.71365594864	4.59407281876	3.82445001602	2.66379833221	1.46355521679	0.520662248135	0	0	0	0	0	0	0	0	0	65.9278106689	0	0	0	0	0	0	0	0	0	0	0	0	0	0	0
Feb 22 2023 18:06:00	6.64391422272	90.322769165	96.9490432739	0.000834760081489	67.1932830811	10.9153709412	68.7506027222	-	0	0	0	0	0	0	0	0	0	0	0	0	0	0	0	0	7.28465080261	0	0	0	0	0	0	0	0	0	1.60646498203	3.94226980209	5.25021409988	4.9873046875	3.60227775574	1.99552309513	0.825270712376	0.233194187284	0.0304751824588	0	0	0	0	0	0	0	0	0	70.2423553467	0	0	0	0	0	0	0	0	0	0	0	0	0	0	0
Feb 22 2023 18:06:01	7.21294593811	90.5601501465	97.0373458862	0.000734479865059	69.1085205078	11.6899595261	73.4992523193	-	0	0	0	0	0	0	0	0	0	0	0	0	0	0	0	0	6.81747436523	1.09719640329e-13	0	0	0	0	0	0	0	0	0.45387122035	3.2929494381	5.45785951614	5.43120670319	3.67201828957	1.72760653496	0.553368866444	0.110638678074	0.00942644942552	0	0	0	0	0	0	0	0	0	72.4735794067	0	0	0	0	0	0	0	0	0	0	0	0	0	0	0
Feb 22 2023 18:06:02	6.58873844147	91.0617523193	97.2234344482	0.000855085323565	73.12915802	12.7432384491	72.4414291382	-	0	0	0	0	0	0	0	0	0	0	0	0	0	0	0	0	5.76084327698	0	0	0	0	0	0	0	0	0	0	16.57380867	1.29005183272e-12	5.28847432291e-31	0	0	0	0	0	0	0	0	0	0	0	0	0	0	77.6653442383	0	0	0	0	0	0	0	0	0	0	0	0	0	0	0
Feb 22 2023 18:06:03	6.56860399246	91.0278625488	97.2108840942	0.000590876385104	72.7889404297	12.2968606949	79.2372741699	-	0	0	0	0	0	0	0	0	0	0	0	0	0	0	0	0	6.12239217758	0	0	0	0	0	0	0	0	0	0	16.5853862762	0	0	0	0	0	0	0	0	0	0	0	0	0	0	0	0	77.2922210693	0	0	0	0	0	0	0	0	0	0	0	0	0	0	0
Feb 22 2023 18:06:04	6.61288833618	91.0247039795	97.2097167969	0.000723829434719	72.7870330811	12.3845911026	75.348815918	-	0	0	0	0	0	0	0	0	0	0	0	0	0	0	0	0	6.10173654556	0	0	0	0	0	0	0	0	0	0	14.3324422836	2.26796483994	0.0400339998305	0.000194709151401	2.96734242511e-07	1.27465968336e-10	9.82193147615e-15	3.18039555637e-21	0	0	0	0	0	0	0	0	0	77.2576293945	0	0	0	0	0	0	0	0	0	0	0	0	0	0	0
Feb 22 2023 18:06:05	6.80015993118	90.3597564697	96.9628067017	0.000829277094454	67.4774398804	11.6430711746	71.0777130127	-	0	0	0	0	0	0	0	0	0	0	0	0	0	0	0	0	6.38913726807	0	0	0	0	0	0	0	0	0	1.65752136707	4.62718582153	5.94480228424	5.1856303215	3.32717776299	1.59126031399	0.55350202322	0.128591939807	0.0138467820361	0	0	0	0	0	0	0	0	0	70.5813446045	0	0	0	0	0	0	0	0	0	0	0	0	0	0	0
Feb 22 2023 18:06:06	6.37913656235	90.2716140747	96.9299926758	0.000518083921634	66.6892318726	10.3339767456	78.0750274658	-	0	0	0	0	0	0	0	0	0	0	0	0	0	0	0	0	7.85531568527	0	0	0	0	0	0	0	0	0	1.88270843029	4.4372844696	5.61760234833	4.94867610931	3.22649526596	1.56723725796	0.549646675587	0.125427335501	0.0109292473644	0	0	0	0	0	0	0	0	0	69.7786712646	0	0	0	0	0	0	0	0	0	0	0	0	0	0	0
Feb 22 2023 18:06:07	6.29543161392	90.2758560181	96.9315719604	0.000535730738193	66.760925293	9.42918491364	74.7637710571	-	0	0	0	0	0	0	0	0	0	0	0	0	0	0	0	0	9.54863739014	0	0	0	0	0	0	0	0	0	0.458722323179	2.7725353241	4.69217824936	5.1045050621	4.00854730606	2.32384753227	0.972529292107	0.268879622221	0.032683506608	0	0	0	0	0	0	0	0	0	69.8169326782	0	0	0	0	0	0	0	0	0	0	0	0	0	0	0
Feb 22 2023 18:06:08	6.60384607315	89.8145980835	96.7594985962	0.000622160208877	63.8677482605	9.90665054321	73.0292663574	-	0	0	0	0	0	0	0	0	0	0	0	0	0	0	0	0	8.55910587311	3.57978132814e-13	0	0	0	0	0	0	0	0	0.873204529285	2.45207715034	3.93321990967	4.81688499451	4.82540082932	4.01263666153	2.72830247879	1.43475961685	0.482045382261	0	0	0	0	0	0	0	0	0	65.8823623657	0	0	0	0	0	0	0	0	0	0	0	0	0	0	0
Feb 22 2023 18:06:09	6.63018989563	91.2618179321	97.2974700928	0.000890234718099	75.0862350464	13.3681087494	72.3995361328	-	0	0	0	0	0	0	0	0	0	0	0	0	0	0	0	0	5.6721777916	0	0	0	0	0	0	0	0	0	0	14.3872156143	0	0	0	0	0	0	0	0	0	0	0	0	0	0	0	0	79.9406051636	0	0	0	0	0	0	0	0	0	0	0	0	0	0	0
Feb 22 2023 18:06:10	6.6418056488	90.9114227295	97.1677322388	0.000486235308927	71.7450637817	11.2045135498	80.5863647461	-	0	0	0	0	0	0	0	0	0	0	0	0	0	0	0	0	7.35545301437	0	0	0	0	0	0	0	0	0	0	9.59702777863	5.53118085861	1.27162873745	0.188195034862	0.0190897285938	0.00129245407879	5.12463884661e-05	4.98082499689e-07	0	0	0	0	0	0	0	0	0	76.0360794067	0	0	0	0	0	0	0	0	0	0	0	0	0	0	0
Feb 22 2023 18:06:11	6.56741094589	90.846244812	97.1435623169	0.000924180960283	71.1220855713	11.0121068954	65.9903793335	-	0	0	0	0	0	0	0	0	0	0	0	0	0	0	0	0	7.3658041954	0	0	0	0	0	0	0	0	0	0	12.2725467682	4.20426082611	0.722718954086	0.0788767114282	0.00564274983481	0.000253215577686	6.05685363553e-06	2.48473845943e-08	0	0	0	0	0	0	0	0	0	75.3498916626	0	0	0	0	0	0	0	0	0	0	0	0	0	0	0
Feb 22 2023 18:06:12	6.55793380737	90.2255401611	96.9128265381	0.00147577468306	66.6416320801	11.0181102753	51.8941116333	-	0	0	0	0	0	0	0	0	0	0	0	0	0	0	0	0	7.2135181427	0	0	0	0	0	0	0	0	0.353183537722	1.75147652626	3.15084671974	4.11039638519	4.36135435104	3.88980364799	2.91773414612	1.79516148567	0.846878349781	0.243582606316	0	0	0	0	0	0	0	0	0	69.3660583496	0	0	0	0	0	0	0	0	0	0	0	0	0	0	0
Feb 22 2023 18:06:13	5.91239118576	90.257484436	96.9247283936	0.00142268219497	66.5508651733	10.5021677017	51.731754303	-	0	0	0	0	0	0	0	0	0	0	0	0	0	0	0	0	7.37258481979	0	0	0	0	0	0	0	0	1.00055062771	3.22511601448	4.61934089661	4.81499195099	4.02408313751	2.77062726021	1.56426692009	0.699336946011	0.224397495389	0.0330298952758	0	0	0	0	0	0	0	0	0	69.6516723633	0	0	0	0	0	0	0	0	0	0	0	0	0	0	0
Feb 22 2023 18:06:14	6.62439107895	90.2037353516	96.9047012329	0.00106203102041	66.481918335	10.6589431763	61.0266456604	-	0	0	0	0	0	0	0	0	0	0	0	0	0	0	0	0	7.73038101196	0	0	0	0	0	0	0	0	0.108798056841	1.38743579388	2.88501262665	4.06318807602	4.50261497498	4.09935331345	3.08220887184	1.87223613262	0.860093533993	0.236305356026	0	0	0	0	0	0	0	0	0	69.1723709106	0	0	0	0	0	0	0	0	0	0	0	0	0	0	0
Feb 22 2023 18:06:15	6.84903097153	90.3317947388	96.9524002075	0.000738503120374	67.3108291626	10.5505027771	70.5230026245	-	0	0	0	0	0	0	0	0	0	0	0	0	0	0	0	0	7.95383310318	0	0	0	0	0	0	0	0	0	0.709725260735	3.02746200562	4.843085289	5.18022298813	4.0911359787	2.43292188644	1.06782639027	0.320569574833	0.0484508648515	0	0	0	0	0	0	0	0	0	70.3247680664	0	0	0	0	0	0	0	0	0	0	0	0	0	0	0
Feb 22 2023 18:06:16	6.47484636307	90.3949279785	96.9758987427	0.00138403358869	67.6746749878	11.1112537384	54.5982551575	-	0	0	0	0	0	0	0	0	0	0	0	0	0	0	0	0	6.96888637543	0	0	0	0	0	0	0	0	0.0798743739724	2.31037664413	4.51574420929	5.41179609299	4.66753149033	3.02037358284	1.46698021889	0.51787340641	0.121212288737	0.0128042530268	0	0	0	0	0	0	0	0	0	70.9065475464	0	0	0	0	0	0	0	0	0	0	0	0	0	0	0
Feb 22 2023 18:06:17	6.21797609329	90.3504867554	96.9593582153	0.000932910013944	67.2142562866	10.2551298141	63.7682304382	-	0	0	0	0	0	0	0	0	0	0	0	0	0	0	0	0	7.94995880127	0	0	0	0	0	0	0	0	0	2.38994312286	4.84800958633	5.59170341492	4.49483299255	2.65076684952	1.14977312088	0.354297608137	0.069587662816	0.00500823138282	0	0	0	0	0	0	0	0	0	70.4961166382	0	0	0	0	0	0	0	0	0	0	0	0	0	0	0
Feb 22 2023 18:06:18	1.34829735756	89.6783218384	96.7085494995	0.000707578379661	62.95835495	8.75469589233	65.9307632446	-	0	0	0	0	0	0	0	0	0	0	0	0	0	0	0	0	10.4921646118	0	0	0	0	0	0	0	0	0.129215344787	0.874327600002	1.91161859035	3.02424049377	3.92733001709	4.35351705551	4.14308547974	3.3223669529	2.12257957458	0.899754345417	0	0	0	0	0	0	0	0	0	64.7997970581	0	0	0	0	0	0	0	0	0	0	0	0	0	0	0
Feb 22 2023 18:06:19	6.32904624939	90.4733505249	97.0050735474	0.00126804457977	68.1552810669	11.0077362061	57.2135391235	-	0	0	0	0	0	0	0	0	0	0	0	0	0	0	0	0	6.96900558472	0	0	0	0	0	0	0	0	0	2.91090154648	5.92993354797	5.91934394836	3.94258213043	1.87275779247	0.638480365276	0.151161372662	0.0224173627794	0.00128256645985	0	0	0	0	0	0	0	0	0	71.6421356201	0	0	0	0	0	0	0	0	0	0	0	0	0	0	0
Feb 22 2023 18:06:20	6.91589593887	90.4911499023	97.0116882324	0.00116518745199	68.5101928711	10.8510150909	58.5518226624	-	0	0	0	0	0	0	0	0	0	0	0	0	0	0	0	0	7.71150827408	0	0	0	0	0	0	0	0	0	0.676226258278	3.17255735397	4.99538469315	5.07095241547	3.68036317825	1.94658172131	0.733268558979	0.181115597486	0.0209034271538	0	0	0	0	0	0	0	0	0	71.8111419678	0	0	0	0	0	0	0	0	0	0	0	0	0	0	0
Feb 22 2023 18:06:21	5.92793750763	89.9462203979	96.8086624146	0.0017675794661	64.6064224243	11.3458776474	48.2113647461	-	0	0	0	0	0	0	0	0	0	0	0	0	0	0	0	0	6.07328653336	0	0	0	0	0	0	0	0.617340326309	1.72584331036	2.86575126648	3.74342918396	4.18255472183	4.13022136688	3.63770127296	2.83247113228	1.89109766483	1.00612127781	0.333018898964	0	0	0	0	0	0	0	0	0	66.9611663818	0	0	0	0	0	0	0	0	0	0	0	0	0	0	0
Feb 22 2023 18:06:22	5.82486248016	90.2171859741	96.9097137451	0.000638297235128	66.1647949219	9.25683498383	70.4947662354	-	0	0	0	0	0	0	0	0	0	0	0	0	0	0	0	0	9.4544467926	0	0	0	0	0	0	0	0	0	1.7487654686	4.18348360062	5.33180475235	4.72206497192	3.09324741364	1.50919103622	0.531715631485	0.122292250395	0.0112461671233	0	0	0	0	0	0	0	0	0	69.2917404175	0	0	0	0	0	0	0	0	0	0	0	0	0	0	0
Feb 22 2023 18:06:23	1.3309994936	89.610458374	96.6831588745	0.000634696276393	62.7801437378	8.61135673523	68.0661621094	-	0	0	0	0	0	0	0	0	0	0	0	0	0	0	0	0	11.0472421646	6.61590270415e-12	0	0	0	0	0	0	0	0	0.332461863756	1.11737549305	2.16051506996	3.26475453377	4.14316082001	4.49541711807	4.12951946259	3.08282423019	1.65330243111	0.300114959478	0	0	0	0	0	0	0	0	64.2733078003	0	0	0	0	0	0	0	0	0	0	0	0	0	0	0
Feb 22 2023 18:06:24	6.99165391922	90.0515670776	96.8479690552	0.000970002147369	65.6000900269	10.5982704163	63.348941803	-	0	0	0	0	0	0	0	0	0	0	0	0	0	0	0	0	7.9351568222	0	0	0	0	0	0	0	0	0	0.799119472504	2.11700081825	3.44708633423	4.35210704803	4.52939510345	3.93870258331	2.82282137871	1.58699548244	0.596644043922	0.0258188266307	0	0	0	0	0	0	0	0	67.8491516113	0	0	0	0	0	0	0	0	0	0	0	0	0	0	0
Feb 22 2023 18:06:25	1.49867975712	88.5690078735	96.3369140625	0.000476801156765	57.3689041138	7.72704267502	73.5693283081	-	0	0	0	0	0	0	0	0	0	0	0	0	0	0	0.11474122107	2.01063895226	4.9273982048	4.24131965637	1.65347993374	0.307996213436	0.0248959809542	0.000626536144409	2.4383298296e-06	6.77025591145e-09	6.0880000774e-07	0.00018294727488	0.00872275512666	0.126886188984	0.845356166363	3.1161813736	6.86510276794	9.01114273071	6.52552175522	2.16279268265	0.204984068871	0.00088099448476	0	0	0	0	0	0	0	0	57.851146698	0	0	0	0	0	0	0	0	0	0	0	0	0	0	0
Feb 22 2023 18:06:26	1.593770504	89.2075271606	96.5321426392	0.00086690421449	60.1342926025	7.88648366928	58.7201538086	-	0	0	0	0	0	0	0	0	0	0	0	0	0	0	0.615722954273	2.34621047974	3.58704519272	3.35086297989	2.14251899719	0.954073131084	0.277013480663	0.041645295918	0.00160063209478	1.22699229905e-05	0.00170391763095	0.0352019928396	0.218047812581	0.746482551098	1.78369855881	3.28085684776	4.81279039383	5.59930896759	4.94017696381	2.97814011574	0.936633229256	0.0423328988254	0	0	0	0	0	0	0	0	61.3079185486	0	0	0	0	0	0	0	0	0	0	0	0	0	0	0
Feb 22 2023 18:06:27	1.55297613144	88.458480835	96.3183822632	0.00075059273513	56.7922592163	7.15252494812	60.5467147827	-	0	0	0	0	0	0	0	0	0	0	0	0	0	0	0.87929880619	2.53732252121	3.57642173767	3.42197465897	2.42882061005	1.29820752144	0.500629901886	0.121865220368	0.0155946398154	0.00524173025042	0.0357537604868	0.197829380631	0.648852467537	1.49144482613	2.68495249748	3.99623584747	5.01879644394	5.27892541885	4.47627782822	2.79494571686	1.00172281265	0.0460664667189	0	0	0	0	0	0	0	0	57.5428199768	0	0	0	0	0	0	0	0	0	0	0	0	0	0	0
Feb 22 2023 18:06:28	1.54608309269	88.4051208496	96.3094329834	0.000738166971132	56.628074646	7.1597738266	61.0089073181	-	0	0	0	0	0	0	0	0	0	0	0	0	0	0	0.850066244602	2.5705242157	3.64843678474	3.4307551384	2.34227180481	1.17627060413	0.413149863482	0.0874971523881	0.00986815989017	0.00545447599143	0.0430147126317	0.228678151965	0.73112642765	1.6497399807	2.91665363312	4.25364923477	5.2143445015	5.32212018967	4.33484554291	2.54644322395	0.810923695564	0.0191514976323	0	0	0	0	0	0	0	0	57.3950157166	0	0	0	0	0	0	0	0	0	0	0	0	0	0	0
Feb 22 2023 18:06:29	7.4238948822	89.9989852905	96.8283538818	0.00120251998305	65.4988861084	10.4468698502	55.8057060242	-	0	0	0	0	0	0	0	0	0	0	0	0	0	0	0	0	8.43046379089	0	0	0	0	0	0	0	0	0	0.232907727361	1.21747672558	2.41366386414	3.55469799042	4.31714296341	4.43173742294	3.81244707108	2.64037919044	1.30818998814	0.237786486745	0	0	0	0	0	0	0	0	67.4031066895	0	0	0	0	0	0	0	0	0	0	0	0	0	0	0
Feb 22 2023 18:06:30	1.28241062164	56.0117721558	86.0756530762	0.000417711155023	46.3327522278	6.84963226318	71.9060058594	-	0	0	0	0	0	0	0	0	0	0	0	0	0	0	0	0	15.2173633575	0	0	0	0	0	0	0	0	0	0	0	0.0954684242606	0.833557069302	1.97366023064	3.33930778503	4.60052680969	5.31514120102	5.1006026268	3.888194561	2.11390733719	0.627930760384	0.144417524338	1.00487411022	4.22207212448	9.70905780792	15.1068716049	16.3664531708	10.340593338	0	0	0	0	0	0	0	0	0	0	0	0	0	0	0
Feb 22 2023 18:06:31	9.39989852905	89.7305908203	96.7280960083	0.00100620300509	64.6828079224	10.3834943771	60.4469604492	-	0	0	0	0	0	0	0	0	0	0	0	0	0	0	0	0	9.0968503952	1.4554397184e-12	0	0	0	0	0	0	0	0	0	0	0.329227924347	1.16210174561	2.38549637794	3.79728341103	4.96294260025	5.33723306656	4.54295253754	2.68848752975	0.486427128315	0	0	0	0	0	0	0	65.2109985352	0	0	0	0	0	0	0	0	0	0	0	0	0	0	0
Feb 22 2023 18:06:32	1.30540025234	88.8013534546	96.3794631958	0.000462170195533	58.4930076599	7.82950639725	73.2982940674	-	0	0	0	0	0	0	0	0	0	0	0	0	0	0	0	0	12.4146986008	0	0	0	0	0	0	0	0	0	0.287810981274	0.857694268227	1.68946278095	2.72589874268	3.81862306595	4.72007036209	5.11710262299	4.73310184479	3.47714567184	1.58693492413	0	0	0	0	0	0	0	0	58.5714569092	0	0	0	0	0	0	0	0	0	0	0	0	0	0	0
Feb 22 2023 18:06:33	1.31789541245	88.8602294922	96.4016265869	0.00066354603041	58.7263755798	8.17241191864	65.5703277588	-	0	0	0	0	0	0	0	0	0	0	0	0	0	0	0	0	11.5139913559	0	0	0	0	0	0	0	0	0.0987348631024	0.554104447365	1.25034224987	2.14542365074	3.14398622513	4.0840420723	4.74234724045	4.8722820282	4.2961139679	3.02084088326	1.32416152954	0	0	0	0	0	0	0	0	58.9536323547	0	0	0	0	0	0	0	0	0	0	0	0	0	0	0
Feb 22 2023 18:06:34	1.32192099094	49.4004096985	85.4097366333	0.000684791593812	43.6206016541	8.00569534302	64.4827957153	-	0	0	0	0	0	0	0	0	0	0	0	0	0	0	0	0	11.3659620285	3.78396756474e-14	0	0	0	0	0	0	0	0.2067168504	0.625230252743	1.21783638	1.96162796021	2.8225069046	3.73113942146	4.56283330917	5.12492322922	5.19032382965	4.58596992493	3.32539367676	1.72664952278	0.419602632523	0.116659551859	1.41315042973	4.71797132492	9.39297103882	13.5246324539	14.3572826385	9.61061668396	0	0	0	0	0	0	0	0	0	0	0	0	0	0	0
Feb 22 2023 18:06:35	1.30905127525	87.4537734985	96.149017334	0.000401016994147	55.9285774231	7.89554214478	76.7070922852	-	0	0	0	0	0	0	0	0	0	0	0	0	0	0	0	0	12.0653886795	2.05232034302e-14	0	0	0	0	0	0	0	0.104959107935	0.398344218731	0.905610799789	1.64712929726	2.60203433037	3.68031334877	4.69892263412	5.38097381592	5.41246700287	4.56568813324	2.87629556656	0.794157385826	0	0	0	0	0	0	1.06698338233e-16	54.8677139282	0	0	0	0	0	0	0	0	0	0	0	0	0	0	0
Feb 22 2023 18:06:36	5.0702214241	89.1723175049	96.5189285278	0.000534811988473	60.2563972473	8.93933296204	73.7330703735	-	0	0	0	0	0	0	0	0	0	0	0	0	0	0	0	0	9.96642494202	0	0	0	0	0	0	0	0	0.135438024998	0.772669613361	1.70352721214	2.80203199387	3.8623650074	4.63286733627	4.87290716171	4.4391450882	3.37011027336	1.91309380531	0.46827724576	0	0	0	0	0	0	0	0	61.0611419678	0	0	0	0	0	0	0	0	0	0	0	0	0	0	0
Feb 22 2023 18:06:37	5.50669288635	89.033782959	96.4668884277	0.000994187197648	59.4642105103	9.23594760895	58.4156913757	-	0	0	0	0	0	0	0	0	0	0	0	0	0	0	0	0	9.1209859848	0	0	0	0	0	0	0	0.162687167525	0.603295326233	1.30581438541	2.19064092636	3.13656616211	3.98792314529	4.56864023209	4.70760726929	4.28751564026	3.31331110001	1.95761156082	0.549159407616	0	0	0	0	0	0	0	0	60.1082382202	0	0	0	0	0	0	0	0	0	0	0	0	0	0	0
Feb 22 2023 18:06:38	1.31778681278	89.3619003296	96.590057373	0.000693155801855	61.2988586426	8.2833404541	64.5761947632	-	0	0	0	0	0	0	0	0	0	0	0	0	0	0	0	0	11.5180444717	0	0	0	0	0	0	0	0	0.0402770452201	0.511064112186	1.24982261658	2.18751549721	3.18286895752	4.02583789825	4.46972179413	4.30249071121	3.4541592598	2.08061552048	0.564870417118	0	0	0	0	0	0	0	0	62.4127159119	0	0	0	0	0	0	0	0	0	0	0	0	0	0	0
Feb 22 2023 18:06:39	7.98832798004	90.851020813	97.1453323364	0.000586437818129	71.5193557739	11.2359733582	76.6627349854	-	0	0	0	0	0	0	0	0	0	0	0	0	0	0	0	0	7.93150234222	0	0	0	0	0	0	0	0	0	0	0	4.85196113586	6.64274787903	3.75274157524	1.18394219875	0.21550257504	0.0210821609944	0.000786115822848	0	0	0	0	0	0	0	0	0	75.3997344971	0	0	0	0	0	0	0	0	0	0	0	0	0	0	0
Feb 22 2023 18:06:40	1.29442965984	88.4804000854	96.3220596313	0.000409464119002	58.6607551575	7.61829185486	74.8292236328	-	0	0	0	0	0	0	0	0	0	0	0	0	0	0	0	0	13.6048469543	0	0	0	0	0	0	0	0	0	0	0	0.0329402945936	0.273833751678	1.05865681171	2.74275422096	5.19169044495	7.23522377014	7.07840108871	4.22455120087	0.953360378742	0	0	0	0	0	0	0	57.6037406921	0	0	0	0	0	0	0	0	0	0	0	0	0	0	0
Feb 22 2023 18:06:41	7.92882680893	91.0215377808	97.2085418701	0.00105480186176	73.0002822876	11.6321029663	63.0241317749	-	0	0	0	0	0	0	0	0	0	0	0	0	0	0	0	0	7.66029262543	0	0	0	0	0	0	0	0	0	0	0	5.89187526703	6.01214599609	2.5229883194	0.600202262402	0.0832412242889	0.00616919854656	0.000153957080329	0	0	0	0	0	0	0	0	0	77.2229309082	0	0	0	0	0	0	0	0	0	0	0	0	0	0	0
Feb 22 2023 18:06:42	1.33265721798	89.1822052002	96.5226364136	0.000614629418124	60.6785926819	8.64752674103	69.029838562	-	0	0	0	0	0	0	0	0	0	0	0	0	0	0	0	0	10.9911899567	0	0	0	0	0	0	0	0	0	0.0959990173578	0.679822146893	1.57323908806	2.69949316978	3.86573600769	4.77059459686	5.07440328598	4.54098129272	3.19141077995	1.38687086105	0	0	0	0	0	0	0	0	61.1302604675	0	0	0	0	0	0	0	0	0	0	0	0	0	0	0
Feb 22 2023 18:06:43	6.18239593506	89.8829727173	96.7850418091	0.000564463553019	64.1667404175	9.52277851105	74.1676940918	-	0	0	0	0	0	0	0	0	0	0	0	0	0	0	0	0	9.07651805878	0	0	0	0	0	0	0	0	0	1.15752732754	2.77563023567	4.16478586197	4.81828832626	4.54062318802	3.51732373238	2.19434022903	1.03120720387	0.285187393427	0	0	0	0	0	0	0	0	0	66.4385681152	0	0	0	0	0	0	0	0	0	0	0	0	0	0	0
Feb 22 2023 18:06:44	1.35182583332	90.089263916	96.8620300293	0.000400650926167	65.5747299194	8.98548603058	79.3590698242	-	0	0	0	0	0	0	0	0	0	0	0	0	0	0	0	0	10.3865356445	0	0	0	0	0	0	0	0	0	0.46432235837	1.81026554108	3.27822375298	4.27369880676	4.37452220917	3.57957744598	2.29910302162	1.0802564621	0.281042993069	0	0	0	0	0	0	0	0	0	68.172454834	0	0	0	0	0	0	0	0	0	0	0	0	0	0	0
Feb 22 2023 18:06:45	6.58995580673	89.6556396484	96.7000656128	0.000617871817667	62.9712753296	10.2776880264	74.3565826416	-	0	0	0	0	0	0	0	0	0	0	0	0	0	0	0	0	7.89503145218	1.66662040071e-13	0	0	0	0	0	0	0	0.276620775461	1.24214613438	2.49983286858	3.72651362419	4.57090473175	4.78057479858	4.28747463226	3.24513268471	1.97406077385	0.827184140682	0.0515646003187	0	0	0	0	0	0	0	0	64.6229553223	0	0	0	0	0	0	0	0	0	0	0	0	0	0	0
Feb 22 2023 18:06:46	1.50309717655	88.3067703247	96.2929153442	0.00048075435916	56.4136352539	6.89066505432	71.3502502441	-	0	0	0	0	0	0	0	0	0	0	0	0	0	0	0.773844957352	2.65157556534	3.97744250298	3.82626771927	2.6190507412	1.29939889908	0.444232344627	0.0880938395858	0.00671273935586	0.000466253637569	0.00689918361604	0.0781327337027	0.376888602972	1.10361814499	2.34287214279	3.90301895142	5.25935697556	5.70247554779	4.77223825455	2.78012919426	0.841931641102	0.0210522115231	0	0	0	0	0	0	0	0	57.1242980957	0	0	0	0	0	0	0	0	0	0	0	0	0	0	0
Feb 22 2023 18:06:47	1.65229523182	87.8557434082	96.2169723511	0.00048830464948	55.7722740173	7.32181119919	73.3245620728	-	0	0	0	0	0	0	0	0	0	0	0	0	0	0	1.14660799503	2.30309224129	2.92641735077	2.91024637222	2.40075039864	1.65992975235	0.933921337128	0.384337216616	0.0826458707452	0.00249279220589	0.043398719281	0.268131315708	0.752453744411	1.49462449551	2.43037390709	3.43027305603	4.30143928528	4.80241632462	4.69886112213	3.86987400055	2.429885149	0.816616117954	0	0	0	0	0	0	0	0	55.9112129211	0	0	0	0	0	0	0	0	0	0	0	0	0	0	0
Feb 22 2023 18:06:48	5.90082073212	89.4208831787	96.612159729	0.00100650859531	61.4391822815	9.73682498932	60.0820426941	-	0	0	0	0	0	0	0	0	0	0	0	0	0	0	0	0	8.31064510345	0	0	0	0	0	0	0	0.0625574663281	0.760886132717	1.75362420082	2.83673548698	3.78830981255	4.40586185455	4.54469776154	4.15072584152	3.28943395615	2.15060830116	1.0011203289	0.0999416336417	0	0	0	0	0	0	0	0	62.8448562622	0	0	0	0	0	0	0	0	0	0	0	0	0	0	0
Feb 22 2023 18:06:49	1.34589874744	89.6579208374	96.700920105	0.000763531308621	62.8586769104	8.73158931732	63.6769065857	-	0	0	0	0	0	0	0	0	0	0	0	0	0	0	0	0	10.5653686523	0	0	0	0	0	0	0	0	0.0140281422064	0.799384534359	1.8658670187	2.9932012558	3.9087202549	4.35832881927	4.18626689911	3.40691518784	2.22985982895	0.994564414024	0.0367926210165	0	0	0	0	0	0	0	0	64.6407012939	0	0	0	0	0	0	0	0	0	0	0	0	0	0	0
Feb 22 2023 18:06:50	6.44235610962	90.2024917603	96.9042434692	0.000552149955183	66.4479675293	9.41244411469	73.8562316895	-	0	0	0	0	0	0	0	0	0	0	0	0	0	0	0	0	9.82685947418	0	0	0	0	0	0	0	0	0	0.0554834716022	1.6086742878	3.33017492294	4.46764802933	4.53046417236	3.59202408791	2.20098280907	0.978603839874	0.24770013988	0	0	0	0	0	0	0	0	0	69.1613845825	0	0	0	0	0	0	0	0	0	0	0	0	0	0	0
Feb 22 2023 18:06:51	5.40541028976	89.4850921631	96.6362228394	0.00153548677918	61.4655685425	10.0981359482	48.7648086548	-	0	0	0	0	0	0	0	0	0	0	0	0	0	0	0	0	6.99953126907	0	0	0	0	0	0	0.0174741409719	0.901592433453	2.09419560432	3.26872467995	4.13139677048	4.52274847031	4.41026210785	3.86080217361	3.00706386566	2.02075791359	1.08620691299	0.357393503189	0	0	0	0	0	0	0	0	0	63.3218536377	0	0	0	0	0	0	0	0	0	0	0	0	0	0	0
Feb 22 2023 18:06:52	1.33777570724	89.5139694214	96.6470336914	0.000565472466405	61.8042182922	8.43928432465	70.8387680054	-	0	0	0	0	0	0	0	0	0	0	0	0	0	0	0	0	10.8220787048	1.65804078366e-12	0	0	0	0	0	0	0	0.22852358222	1.1323775053	2.29791474342	3.44218754768	4.25327253342	4.49195480347	4.07176685333	3.10554599762	1.87847483158	0.737282514572	0	0	0	0	0	0	0	0	0	63.5386238098	0	0	0	0	0	0	0	0	0	0	0	0	0	0	0
Feb 22 2023 18:06:53	1.35461235046	90.1860733032	96.8981246948	0.000624882988632	66.1300811768	8.99254322052	69.8038787842	-	0	0	0	0	0	0	0	0	0	0	0	0	0	0	0	0	10.3047943115	0	0	0	0	0	0	0	0	0	0.552803874016	2.33491778374	3.95900917053	4.64240455627	4.14463853836	2.871062994	1.5113722086	0.558664023876	0.104083910584	0	0	0	0	0	0	0	0	0	69.0162506104	0	0	0	0	0	0	0	0	0	0	0	0	0	0	0
Feb 22 2023 18:06:54	6.63150501251	90.6694412231	97.0779418945	0.000707082275767	69.6701583862	10.2277898788	70.5521774292	-	0	0	0	0	0	0	0	0	0	0	0	0	0	0	0	0	8.42280864716	1.76546955223e-13	0	0	0	0	0	0	0	0	0	6.51943588257	6.65305709839	3.42735433578	1.13727343082	0.2530618608	0.0367483980954	0.00309414207004	7.63063580962e-05	0	0	0	0	0	0	0	0	0	73.547088623	0	0	0	0	0	0	0	0	0	0	0	0	0	0	0
Feb 22 2023 18:06:55	6.55383491516	91.0074539185	97.2033233643	0.00122505018953	72.5819778442	11.9843702316	60.7667388916	-	0	0	0	0	0	0	0	0	0	0	0	0	0	0	0	0	6.40301036835	0	0	0	0	0	0	0	0	0	0	16.5278205872	0	0	0	0	0	0	0	0	0	0	0	0	0	0	0	0	77.0691680908	0	0	0	0	0	0	0	0	0	0	0	0	0	0	0
Feb 22 2023 18:06:56	1.41926658154	88.5391540527	96.3319091797	0.000367036293028	56.2968597412	5.82523298264	73.7835922241	-	0	0	0	0	0	0	0	0	0	0	0	0	0	0	1.30117070675	3.15595006943	4.29055595398	4.29308176041	3.41206789017	2.19510245323	1.12047052383	0.421663194895	0.1027334705	0.0233265664428	0.0483738183975	0.220534607768	0.67092359066	1.44745159149	2.45548987389	3.44769048691	4.08655500412	4.05263710022	3.21899175644	1.81525027752	0.452387809753	0	0	0	0	0	0	0	0	0	57.7675933838	0	0	0	0	0	0	0	0	0	0	0	0	0	0	0
Feb 22 2023 18:06:57	-1.00000001505e+30	-1.00000001505e+30	-1.00000001505e+30	-1.00000002538e+26	-1.00000001505e+30	-1.00000001505e+30	99.9215087891	-	0	0	0	0	0	0	0	0	0	0	0	0	0	0	0	0	0	0	0	0	0	0	0	0	0	0	0	0	0	0	0	0	0	0	0	0	0	0	0	0	0	0	0	0	0	0	0	0	0	0	0	0	0	0	0	0	0	0	0	0
Feb 22 2023 18:06:58	-1.00000001505e+30	-1.00000001505e+30	-1.00000001505e+30	-1.00000002538e+26	-1.00000001505e+30	-1.00000001505e+30	99.9890823364	-	0	0	0	0	0	0	0	0	0	0	0	0	0	0	0	0	0	0	0	0	0	0	0	0	0	0	0	0	0	0	0	0	0	0	0	0	0	0	0	0	0	0	0	0	0	0	0	0	0	0	0	0	0	0	0	0	0	0	0	0
Feb 22 2023 18:06:59	-1.00000001505e+30	-1.00000001505e+30	-1.00000001505e+30	-1.00000002538e+26	-1.00000001505e+30	-1.00000001505e+30	99.957321167	-	0	0	0	0	0	0	0	0	0	0	0	0	0	0	0	0	0	0	0	0	0	0	0	0	0	0	0	0	0	0	0	0	0	0	0	0	0	0	0	0	0	0	0	0	0	0	0	0	0	0	0	0	0	0	0	0	0	0	0	0
Feb 22 2023 18:07:00	-1.00000001505e+30	-1.00000001505e+30	-1.00000001505e+30	-1.00000002538e+26	-1.00000001505e+30	-1.00000001505e+30	100.012039185	-	0	0	0	0	0	0	0	0	0	0	0	0	0	0	0	0	0	0	0	0	0	0	0	0	0	0	0	0	0	0	0	0	0	0	0	0	0	0	0	0	0	0	0	0	0	0	0	0	0	0	0	0	0	0	0	0	0	0	0	0
Feb 22 2023 18:07:01	-1.00000001505e+30	-1.00000001505e+30	-1.00000001505e+30	-1.00000002538e+26	-1.00000001505e+30	-1.00000001505e+30	99.9825057983	-	0	0	0	0	0	0	0	0	0	0	0	0	0	0	0	0	0	0	0	0	0	0	0	0	0	0	0	0	0	0	0	0	0	0	0	0	0	0	0	0	0	0	0	0	0	0	0	0	0	0	0	0	0	0	0	0	0	0	0	0
Feb 22 2023 18:07:02	-1.00000001505e+30	-1.00000001505e+30	-1.00000001505e+30	-1.00000002538e+26	-1.00000001505e+30	-1.00000001505e+30	99.9320144653	-	0	0	0	0	0	0	0	0	0	0	0	0	0	0	0	0	0	0	0	0	0	0	0	0	0	0	0	0	0	0	0	0	0	0	0	0	0	0	0	0	0	0	0	0	0	0	0	0	0	0	0	0	0	0	0	0	0	0	0	0
Feb 22 2023 18:07:03	-1.00000001505e+30	-1.00000001505e+30	-1.00000001505e+30	-1.00000002538e+26	-1.00000001505e+30	-1.00000001505e+30	99.9732131958	-	0	0	0	0	0	0	0	0	0	0	0	0	0	0	0	0	0	0	0	0	0	0	0	0	0	0	0	0	0	0	0	0	0	0	0	0	0	0	0	0	0	0	0	0	0	0	0	0	0	0	0	0	0	0	0	0	0	0	0	0
Feb 22 2023 18:07:04	-1.00000001505e+30	-1.00000001505e+30	-1.00000001505e+30	-1.00000002538e+26	-1.00000001505e+30	-1.00000001505e+30	99.8239059448	-	0	0	0	0	0	0	0	0	0	0	0	0	0	0	0	0	0	0	0	0	0	0	0	0	0	0	0	0	0	0	0	0	0	0	0	0	0	0	0	0	0	0	0	0	0	0	0	0	0	0	0	0	0	0	0	0	0	0	0	0
Feb 22 2023 18:07:05	-1.00000001505e+30	-1.00000001505e+30	-1.00000001505e+30	-1.00000002538e+26	-1.00000001505e+30	-1.00000001505e+30	99.8817672729	-	0	0	0	0	0	0	0	0	0	0	0	0	0	0	0	0	0	0	0	0	0	0	0	0	0	0	0	0	0	0	0	0	0	0	0	0	0	0	0	0	0	0	0	0	0	0	0	0	0	0	0	0	0	0	0	0	0	0	0	0
Feb 22 2023 18:07:06	-1.00000001505e+30	-1.00000001505e+30	-1.00000001505e+30	-1.00000002538e+26	-1.00000001505e+30	-1.00000001505e+30	99.9797515869	-	0	0	0	0	0	0	0	0	0	0	0	0	0	0	0	0	0	0	0	0	0	0	0	0	0	0	0	0	0	0	0	0	0	0	0	0	0	0	0	0	0	0	0	0	0	0	0	0	0	0	0	0	0	0	0	0	0	0	0	0
Feb 22 2023 18:07:07	-1.00000001505e+30	-1.00000001505e+30	-1.00000001505e+30	-1.00000002538e+26	-1.00000001505e+30	-1.00000001505e+30	99.9750213623	-	0	0	0	0	0	0	0	0	0	0	0	0	0	0	0	0	0	0	0	0	0	0	0	0	0	0	0	0	0	0	0	0	0	0	0	0	0	0	0	0	0	0	0	0	0	0	0	0	0	0	0	0	0	0	0	0	0	0	0	0
Feb 22 2023 18:07:08	-1.00000001505e+30	-1.00000001505e+30	-1.00000001505e+30	-1.00000002538e+26	-1.00000001505e+30	-1.00000001505e+30	99.9643478394	-	0	0	0	0	0	0	0	0	0	0	0	0	0	0	0	0	0	0	0	0	0	0	0	0	0	0	0	0	0	0	0	0	0	0	0	0	0	0	0	0	0	0	0	0	0	0	0	0	0	0	0	0	0	0	0	0	0	0	0	0
Feb 22 2023 18:07:09	-1.00000001505e+30	-1.00000001505e+30	-1.00000001505e+30	-1.00000002538e+26	-1.00000001505e+30	-1.00000001505e+30	99.9852676392	-	0	0	0	0	0	0	0	0	0	0	0	0	0	0	0	0	0	0	0	0	0	0	0	0	0	0	0	0	0	0	0	0	0	0	0	0	0	0	0	0	0	0	0	0	0	0	0	0	0	0	0	0	0	0	0	0	0	0	0	0
Feb 22 2023 18:07:10	-1.00000001505e+30	-1.00000001505e+30	-1.00000001505e+30	-1.00000002538e+26	-1.00000001505e+30	-1.00000001505e+30	99.9936065674	-	0	0	0	0	0	0	0	0	0	0	0	0	0	0	0	0	0	0	0	0	0	0	0	0	0	0	0	0	0	0	0	0	0	0	0	0	0	0	0	0	0	0	0	0	0	0	0	0	0	0	0	0	0	0	0	0	0	0	0	0
Feb 22 2023 18:07:11	-1.00000001505e+30	-1.00000001505e+30	-1.00000001505e+30	-1.00000002538e+26	-1.00000001505e+30	-1.00000001505e+30	99.9975967407	-	0	0	0	0	0	0	0	0	0	0	0	0	0	0	0	0	0	0	0	0	0	0	0	0	0	0	0	0	0	0	0	0	0	0	0	0	0	0	0	0	0	0	0	0	0	0	0	0	0	0	0	0	0	0	0	0	0	0	0	0
Feb 22 2023 18:07:12	-1.00000001505e+30	-1.00000001505e+30	-1.00000001505e+30	-1.00000002538e+26	-1.00000001505e+30	-1.00000001505e+30	99.9954071045	-	0	0	0	0	0	0	0	0	0	0	0	0	0	0	0	0	0	0	0	0	0	0	0	0	0	0	0	0	0	0	0	0	0	0	0	0	0	0	0	0	0	0	0	0	0	0	0	0	0	0	0	0	0	0	0	0	0	0	0	0
Feb 22 2023 18:07:13	-1.00000001505e+30	-1.00000001505e+30	-1.00000001505e+30	-1.00000002538e+26	-1.00000001505e+30	-1.00000001505e+30	100.004302979	-	0	0	0	0	0	0	0	0	0	0	0	0	0	0	0	0	0	0	0	0	0	0	0	0	0	0	0	0	0	0	0	0	0	0	0	0	0	0	0	0	0	0	0	0	0	0	0	0	0	0	0	0	0	0	0	0	0	0	0	0
Feb 22 2023 18:07:14	-1.00000001505e+30	-1.00000001505e+30	-1.00000001505e+30	-1.00000002538e+26	-1.00000001505e+30	-1.00000001505e+30	100.00920105	-	0	0	0	0	0	0	0	0	0	0	0	0	0	0	0	0	0	0	0	0	0	0	0	0	0	0	0	0	0	0	0	0	0	0	0	0	0	0	0	0	0	0	0	0	0	0	0	0	0	0	0	0	0	0	0	0	0	0	0	0
Feb 22 2023 18:07:15	-1.00000001505e+30	-1.00000001505e+30	-1.00000001505e+30	-1.00000002538e+26	-1.00000001505e+30	-1.00000001505e+30	99.9708557129	-	0	0	0	0	0	0	0	0	0	0	0	0	0	0	0	0	0	0	0	0	0	0	0	0	0	0	0	0	0	0	0	0	0	0	0	0	0	0	0	0	0	0	0	0	0	0	0	0	0	0	0	0	0	0	0	0	0	0	0	0
Feb 22 2023 18:07:16	-1.00000001505e+30	-1.00000001505e+30	-1.00000001505e+30	-1.00000002538e+26	-1.00000001505e+30	-1.00000001505e+30	99.9711380005	-	0	0	0	0	0	0	0	0	0	0	0	0	0	0	0	0	0	0	0	0	0	0	0	0	0	0	0	0	0	0	0	0	0	0	0	0	0	0	0	0	0	0	0	0	0	0	0	0	0	0	0	0	0	0	0	0	0	0	0	0
Feb 22 2023 18:07:17	-1.00000001505e+30	-1.00000001505e+30	-1.00000001505e+30	-1.00000002538e+26	-1.00000001505e+30	-1.00000001505e+30	100.009559631	-	0	0	0	0	0	0	0	0	0	0	0	0	0	0	0	0	0	0	0	0	0	0	0	0	0	0	0	0	0	0	0	0	0	0	0	0	0	0	0	0	0	0	0	0	0	0	0	0	0	0	0	0	0	0	0	0	0	0	0	0
Feb 22 2023 18:07:18	-1.00000001505e+30	-1.00000001505e+30	-1.00000001505e+30	-1.00000002538e+26	-1.00000001505e+30	-1.00000001505e+30	100.029823303	-	0	0	0	0	0	0	0	0	0	0	0	0	0	0	0	0	0	0	0	0	0	0	0	0	0	0	0	0	0	0	0	0	0	0	0	0	0	0	0	0	0	0	0	0	0	0	0	0	0	0	0	0	0	0	0	0	0	0	0	0
