Date-Time	Dx(10)	Dx(50)	Dx(90)	Cv(%)	D[4][3]	D[3][2]	Transmission	0.10000020	0.11659167	0.13593590	0.15848963	0.18478534	0.21544389	0.25118914	0.29286504	0.34145555	0.39810795	0.46415979	0.54117060	0.63095856	0.73564368	0.85769761	1.00000191	1.16591668	1.35935903	1.58489633	1.84785342	2.15443897	2.51189137	2.92865038	3.41455555	3.98107958	4.64159775	5.41170597	6.30958605	7.35643721	8.57697582	10.00002003	11.65916729	13.59359074	15.84896278	18.47853470	21.54438972	25.11891365	29.28650284	34.14555740	39.81079483	46.41598129	54.11705780	63.09585953	73.56436920	85.76976013	100.00019836	116.59166718	135.93591309	158.48962402	184.78533936	215.44389343	251.18913269	292.86502075	341.45556641	398.10794067	464.15979004	541.17059326	630.95855713	735.64367676	857.69757080	1000.00195313
Mar 10 2023 19:47:37	4.4755859375	5.04006099701	91.8191680908	0.000138568502734	20.2174911499	5.89145565033	92.2929916382	-	0	0	0	0	0	0	0	0	0	0	0	0	0	0	0	0	1.40129846432e-42	8.84515535505e-32	2.24555914657e-23	1.24724013296e-16	3.58682493429e-11	8.50456842727e-07	0.00209325505421	0.580401003361	17.7967185974	52.8436050415	11.2702884674	0.104319758713	1.71901519934e-05	9.71394319149e-12	5.07556236619e-22	4.52619403977e-41	0	0	0	0	0	0	0	0	0	0	0	0	17.402557373	0	0	0	0	0	0	0	0	0	0	0	0	0	0	0
Mar 10 2023 19:47:38	3.00912213326	3.18854427338	88.8679199219	0.000120790275105	14.8698377609	3.6198925972	87.2559585571	-	0	0	0	0	0	0	0	0	0	0	0	0	0	0	0	0	0	0	0	0	0	0	86.9115905762	0	0	0	0	0	0	0	0	0	0	0	0	0	0	0	0	0	0	0	0	0	13.0884113312	0	0	0	0	0	0	0	0	0	0	0	0	0	0	0
Mar 10 2023 19:47:39	3.00893259048	3.18778562546	88.6064910889	0.000148897481267	14.5772666931	3.60684943199	84.479598999	-	0	0	0	0	0	0	0	0	0	0	0	0	0	0	0	0	0	0	0	0	0	0	87.2386703491	0	0	0	0	0	0	0	0	0	0	0	0	0	0	0	0	0	0	0	0	0	12.7613334656	0	0	0	0	0	0	0	0	0	0	0	0	0	0	0
Mar 10 2023 19:47:40	1.87031412125	5.84333705902	39.6478042603	8.85023764567e-05	13.2327680588	4.24564266205	92.2158432007	-	0	0	0	0	0	0	0	0	0	0	0	0	0	0	0.590273857117	1.24877846241	1.93572568893	2.62852787971	3.30717492104	3.95304250717	4.54838418961	5.07565355301	5.5172867775	5.85672283173	6.08019399643	6.17687273026	6.13850259781	5.96183538437	5.64858675003	5.20740509033	4.65394592285	4.01229524612	3.31562161446	2.60600209236	1.93330776691	1.35267293453	0.919260919094	0.6807076931	0.669354498386	0.895353138447	1.32580077648	1.84889030457	2.24814295769	2.21359157562	1.45008420944	0	0	0	0	0	0	0	0	0	0	0	0	0	0	0
Mar 10 2023 19:47:41	3.00947523117	3.18995738029	89.2269287109	0.000171339590452	15.4088468552	3.64417123795	82.5246658325	-	0	0	0	0	0	0	0	0	0	0	0	0	0	0	0	0	0	0	0	0	0	0	86.3090057373	0	0	0	0	0	0	0	0	0	0	0	0	0	0	0	0	0	0	0	0	0	13.6909942627	0	0	0	0	0	0	0	0	0	0	0	0	0	0	0
Mar 10 2023 19:47:42	3.0084707737	3.18593859673	87.8083190918	0.000111369809019	13.8554439545	3.57506775856	88.048324585	-	0	0	0	0	0	0	0	0	0	0	0	0	0	0	0	0	0	0	0	0	0	0	88.0456237793	0	0	0	0	0	0	0	0	0	0	0	0	0	0	0	0	0	0	0	0	0	11.9543743134	0	0	0	0	0	0	0	0	0	0	0	0	0	0	0
Mar 10 2023 19:47:43	3.00949048996	3.19001865387	89.24168396	0.000107837986434	15.4320163727	3.64522194862	88.6165161133	-	0	0	0	0	0	0	0	0	0	0	0	0	0	0	0	0	0	0	0	0	0	0	86.2831039429	0	0	0	0	0	0	0	0	0	0	0	0	0	0	0	0	0	0	0	0	0	13.7168970108	0	0	0	0	0	0	0	0	0	0	0	0	0	0	0
Mar 10 2023 19:47:44	-1.00000001505e+30	-1.00000001505e+30	-1.00000001505e+30	-1.00000002538e+26	-1.00000001505e+30	-1.00000001505e+30	98.1446304321	-	0	0	0	0	0	0	0	0	0	0	0	0	0	0	0	0	0	0	0	0	0	0	0	0	0	0	0	0	0	0	0	0	0	0	0	0	0	0	0	0	0	0	0	0	0	0	0	0	0	0	0	0	0	0	0	0	0	0	0	0
Mar 10 2023 19:47:45	3.00948286057	3.18998765945	89.2342376709	0.000106659957964	15.4203157425	3.64469122887	88.7320251465	-	0	0	0	0	0	0	0	0	0	0	0	0	0	0	0	0	0	0	0	0	0	0	86.2961807251	0	0	0	0	0	0	0	0	0	0	0	0	0	0	0	0	0	0	0	0	0	13.7038154602	0	0	0	0	0	0	0	0	0	0	0	0	0	0	0
Mar 10 2023 19:47:46	3.01020646095	3.19288563728	89.8692398071	0.00011727034871	16.501455307	3.69439816475	87.8398208618	-	0	0	0	0	0	0	0	0	0	0	0	0	0	0	0	0	0	0	0	0	0	0	85.0875320435	9.64944676897e-14	0	0	0	0	0	0	0	0	0	0	0	0	0	0	0	0	0	0	0	0	14.9124708176	0	0	0	0	0	0	0	0	0	0	0	0	0	0	0
Mar 10 2023 19:47:47	3.00821423531	3.18491244316	87.3124694824	8.45444592414e-05	13.4483909607	3.55739116669	90.745552063	-	0	0	0	0	0	0	0	0	0	0	0	0	0	0	0	0	0	0	0	0	0	0	88.5006866455	6.27075907967e-16	0	0	0	0	0	0	0	0	0	0	0	0	0	0	0	0	0	0	0	0	11.4993114471	0	0	0	0	0	0	0	0	0	0	0	0	0	0	0
Mar 10 2023 19:47:48	1.88371837139	5.26569271088	59.8898849487	0.000159633491421	14.5887365341	4.10985374451	86.1252365112	-	0	0	0	0	0	0	0	0	0	0	0	0	0	0	0.436106979847	1.08222091198	1.83791220188	2.6541891098	3.48942399025	4.30496692657	5.06403160095	5.73077583313	6.27026176453	6.65070772171	6.84729909897	6.84316968918	6.62936353683	6.20945644379	5.59958124161	4.83132362366	3.95065617561	3.018004179	2.1054418087	1.29060876369	0.646705150604	0.227168649435	0.04173797369	0.0332308262587	0.2187949121	0.733350992203	1.60664355755	2.6674656868	3.48817920685	3.44041371346	2.05082082748	0	0	0	0	0	0	0	0	0	0	0	0	0	0	0
Mar 10 2023 19:47:49	3.00940346718	3.18967032433	89.1568756104	0.000258603802649	15.2999858856	3.63924145699	74.804397583	-	0	0	0	0	0	0	0	0	0	0	0	0	0	0	0	0	0	0	0	0	0	0	86.4307022095	1.9494441597e-13	0	0	0	0	0	0	0	0	0	0	0	0	0	0	0	0	0	0	0	0	13.5692939758	0	0	0	0	0	0	0	0	0	0	0	0	0	0	0
Mar 10 2023 19:47:50	4.31301784515	4.92164468765	92.3571014404	0.000306146888761	21.5072040558	5.81153821945	83.7900314331	-	0	0	0	0	0	0	0	0	0	0	0	0	0	0	0	0	9.80908925027e-42	5.56563614253e-31	1.28960203995e-22	6.38201791609e-16	1.59055421611e-10	3.15643796966e-06	0.00620508380234	1.2876329422	26.9582118988	47.7769126892	4.93319940567	0.0156450923532	4.7122318847e-07	1.30827364255e-14	9.78834923825e-28	0	0	0	0	0	0	0	0	0	0	0	0	0	19.0221767426	0	0	0	0	0	0	0	0	0	0	0	0	0	0	0
Mar 10 2023 19:47:51	6.1604347229	6.79598140717	87.4439239502	0.000159868635819	16.6629962921	7.46383190155	93.0133666992	-	0	0	0	0	0	0	0	0	0	0	0	0	0	0	0	0	0	0	0	0	0	8.68535998576e-38	9.58742655828e-26	6.04195853996e-16	2.63532058398e-08	0.00791859813035	12.9276247025	74.7013092041	0.746356725693	4.4346179493e-06	3.00107817795e-15	1.73784106814e-29	0	0	0	0	0	0	0	0	0	0	0	0	11.6167888641	0	0	0	0	0	0	0	0	0	0	0	0	0	0	0
Mar 10 2023 19:47:52	1.86040782928	5.2758102417	58.6006202698	8.21213689051e-05	14.3348646164	4.0801358223	92.5184936523	-	0	0	0	0	0	0	0	0	0	0	0	0	0	0	0.487416505814	1.15845918655	1.91877579689	2.72364759445	3.53562688828	4.3203868866	5.04554414749	5.67965555191	6.19203615189	6.55468845367	6.74561882019	6.74954128265	6.55769014359	6.17199707031	5.60511207581	4.8832616806	4.04563045502	3.14509797096	2.24668860435	1.42334842682	0.748420476913	0.2832724154	0.0560826100409	0.0309335682541	0.212633311749	0.716254651546	1.55364322662	2.55498385429	3.32753396034	3.30200576782	2.0240008831	0	0	0	0	0	0	0	0	0	0	0	0	0	0	0
Mar 10 2023 19:47:53	50.0406990051	67.3555297852	88.0105361938	0.0038062708918	68.2738494873	65.3037796021	83.6294174194	-	0	0	0	0	0	0	0	0	0	0	0	0	0	0	0	0	0	0	0	0	0	0	0	0	0	0	0	0	0	0	0	0	0	0	0	0	0	0	0	4.32629823685	13.7778282166	21.3638324738	24.8638801575	22.3656177521	13.3025426865	0	0	0	0	0	0	0	0	0	0	0	0	0	0	0
Mar 10 2023 19:47:54	4.33426809311	4.93041133881	91.0734176636	0.000290388707072	18.5026283264	5.63420248032	84.0613327026	-	0	0	0	0	0	0	0	0	0	0	0	0	0	0	0	0	1.30320757182e-41	9.28882406867e-31	2.23504565019e-22	1.03582272103e-15	2.28590688045e-10	3.92546326111e-06	0.00671656243503	1.25829124451	25.625169754	50.3095626831	7.19452667236	0.0468052513897	6.09345124758e-06	3.63398547365e-12	4.58173291517e-22	2.97860001577e-39	0	0	0	0	0	0	0	0	0	0	0	0	15.5589122772	0	0	0	0	0	0	0	0	0	0	0	0	0	0	0
Mar 10 2023 19:47:55	4.51279783249	5.08109617233	90.5189208984	0.000238756576437	19.3547077179	5.88191127777	86.9085998535	-	0	0	0	0	0	0	0	0	0	0	0	0	0	0	0	0	0	9.24856986454e-41	4.65680306135e-30	1.78484553361e-21	1.56924864406e-14	5.76123682094e-09	0.000119519281725	0.157464697957	13.0970048904	59.6668548584	10.6559343338	0.0425740890205	1.43450961332e-06	7.15866371715e-14	1.46182729663e-25	0	0	0	0	0	0	0	0	0	0	0	0	0	16.3800449371	0	0	0	0	0	0	0	0	0	0	0	0	0	0	0
Mar 10 2023 19:47:56	4.80458545685	5.17030906677	89.7627410889	0.00014675752027	18.0189666748	5.97977972031	91.6539077759	-	0	0	0	0	0	0	0	0	0	0	0	0	0	0	0	0	0	0	0	0	0	1.14440570361e-36	1.72746109031e-21	3.96965155192e-10	0.0151112861931	69.2092208862	16.0799045563	4.47573984275e-05	1.29286423918e-16	6.42652102986e-36	0	0	0	0	0	0	0	0	0	0	0	0	0	0	14.6957244873	0	0	0	0	0	0	0	0	0	0	0	0	0	0	0
Mar 10 2023 19:47:57	50.0924568176	67.3962173462	88.0280303955	0.00248146383092	68.3115386963	65.3474884033	89.0054855347	-	0	0	0	0	0	0	0	0	0	0	0	0	0	0	0	0	0	0	0	0	0	0	0	0	0	0	0	0	0	0	0	0	0	0	0	0	0	0	0	4.25618267059	13.7405157089	21.3630371094	24.8939876556	22.4100933075	13.336183548	0	0	0	0	0	0	0	0	0	0	0	0	0	0	0
Mar 10 2023 19:47:58	3.0093061924	3.18928050995	89.0594482422	0.000118006108096	15.1516180038	3.6325442791	87.5715942383	-	0	0	0	0	0	0	0	0	0	0	0	0	0	0	0	0	0	0	0	0	0	0	86.596572876	0	0	0	0	0	0	0	0	0	0	0	0	0	0	0	0	0	0	0	0	0	13.4034261703	0	0	0	0	0	0	0	0	0	0	0	0	0	0	0
Mar 10 2023 19:47:59	2.03600549698	5.49317073822	58.1425094604	4.03836129408e-05	14.6058692932	4.36659383774	96.589805603	-	0	0	0	0	0	0	0	0	0	0	0	0	0	0	0.242472320795	0.732316672802	1.39536571503	2.18409228325	3.05109596252	3.94709706306	4.82135534286	5.62195444107	6.29689264297	6.79793357849	7.08655405045	7.13652276993	6.93487596512	6.48804283142	5.82173490524	4.983253479	4.03782892227	3.06493091583	2.14995265007	1.37177705765	0.787699580193	0.419212043285	0.247630432248	0.241443440318	0.422114372253	0.883558511734	1.68923544884	2.70564508438	3.47079086304	3.26714324951	1.69947636127	0	0	0	0	0	0	0	0	0	0	0	0	0	0	0
Mar 10 2023 19:48:00	4.38594293594	4.99019432068	92.0579605103	0.000382607133361	20.7572498322	5.84872627258	80.1650772095	-	0	0	0	0	0	0	0	0	0	0	0	0	0	0	0	0	2.27873551075e-38	1.44714508429e-28	6.26552478622e-21	8.32085356834e-15	7.39621197621e-10	6.69263454256e-06	0.00756106385961	1.13995528221	22.3016605377	49.2896003723	9.0924282074	0.0836992785335	1.52388165588e-05	9.33952568061e-12	3.09989670599e-22	2.80259692865e-43	0	0	0	0	0	0	0	0	0	0	0	0	18.0850734711	0	0	0	0	0	0	0	0	0	0	0	0	0	0	0
Mar 10 2023 19:48:01	3.0097990036	3.19125366211	89.5266647339	9.08059446374e-05	15.8965177536	3.66641950607	90.3779296875	-	0	0	0	0	0	0	0	0	0	0	0	0	0	0	0	0	0	0	0	0	0	0	85.7638168335	6.33516439449e-15	0	0	0	0	0	0	0	0	0	0	0	0	0	0	0	0	0	0	0	0	14.2361850739	0	0	0	0	0	0	0	0	0	0	0	0	0	0	0
Mar 10 2023 19:48:02	1.90199220181	5.54092502594	53.8082542419	0.000135865702759	14.0306196213	4.21054315567	88.3228683472	-	0	0	0	0	0	0	0	0	0	0	0	0	0	0	0.458899646997	1.09141504765	1.80972087383	2.57277750969	3.34634494781	4.0989985466	4.8009853363	5.42328357697	5.93741464615	6.31713962555	6.5413980484	6.59494400024	6.46815824509	6.16079902649	5.68203496933	5.05304861069	4.30654525757	3.48753666878	2.65214729309	1.8641564846	1.18886101246	0.683548808098	0.384519308805	0.301274895668	0.445803254843	0.858551740646	1.53759884834	2.34408664703	2.95173954964	2.88259458542	1.75367355347	0	0	0	0	0	0	0	0	0	0	0	0	0	0	0
Mar 10 2023 19:48:03	4.44814300537	5.08671331406	91.6792144775	0.000290162337478	19.9171676636	5.91434717178	84.4958496094	-	0	0	0	0	0	0	0	0	0	0	0	0	0	0	0	0	0	1.66551865731e-35	3.48866678727e-26	1.07055762149e-18	1.2457435257e-12	9.19903087038e-08	0.00055742362747	0.304669290781	14.8090181351	55.8338928223	11.9410705566	0.0855764746666	8.15189014247e-06	1.91564949667e-12	3.02548446655e-23	1.12103877146e-42	0	0	0	0	0	0	0	0	0	0	0	0	17.0252151489	0	0	0	0	0	0	0	0	0	0	0	0	0	0	0
Mar 10 2023 19:48:04	4.30618810654	4.93291807175	92.5534973145	0.000244015871431	22.120382309	5.86201190948	86.9690093994	-	0	0	0	0	0	0	0	0	0	0	0	0	0	0	0	0	2.67439213215e-38	1.84579524941e-28	8.56195426567e-21	1.1989560786e-14	1.10256404007e-09	1.00716306406e-05	0.0111075108871	1.5594689846	26.5704994202	46.3375701904	5.77862071991	0.027785461396	1.64069206221e-06	1.16848018891e-13	2.39389378894e-26	0	0	0	0	0	0	0	0	0	0	0	0	0	19.7149372101	0	0	0	0	0	0	0	0	0	0	0	0	0	0	0
Mar 10 2023 19:48:05	1.8453451395	5.51259422302	53.1708450317	0.000192265666556	13.9182710648	4.13023281097	83.4426803589	-	0	0	0	0	0	0	0	0	0	0	0	0	0	0	0.572936296463	1.25719797611	1.98891997337	2.73662209511	3.47360372543	4.17545938492	4.8192191124	5.38246393204	5.84305810928	6.1804933548	6.37824106216	6.42404127121	6.30953979492	6.03341913223	5.60137796402	5.02854776382	4.33942747116	3.56931018829	2.76445293427	1.98081827164	1.28102886677	0.72860366106	0.377523064613	0.260267466307	0.397314280272	0.815213441849	1.48814916611	2.26960372925	2.86133384705	2.83866834641	1.82315635681	0	0	0	0	0	0	0	0	0	0	0	0	0	0	0
Mar 10 2023 19:48:06	3.008425951	3.18575954437	87.724647522	0.000131609049276	13.7846784592	3.57198214531	86.023727417	-	0	0	0	0	0	0	0	0	0	0	0	0	0	0	0	0	0	0	0	0	0	0	88.1247406006	5.29847365527e-14	0	0	0	0	0	0	0	0	0	0	0	0	0	0	0	0	0	0	0	0	11.8752622604	0	0	0	0	0	0	0	0	0	0	0	0	0	0	0
Mar 10 2023 19:48:07	4.43158864975	5.00717973709	91.611114502	0.000270578166237	19.7001934052	5.81031131744	85.3706817627	-	0	0	0	0	0	0	0	0	0	0	0	0	0	0	0	0	1.44333741825e-41	6.15918414746e-31	1.12332265669e-22	4.58568655748e-16	9.91667373218e-11	1.81005043487e-06	0.00351558858529	0.790193021297	20.2411174774	52.0022888184	10.0265865326	0.0890228748322	1.53911023517e-05	1.06899602018e-11	9.80185599862e-22	5.43423544465e-40	0	0	0	0	0	0	0	0	0	0	0	0	16.8472595215	0	0	0	0	0	0	0	0	0	0	0	0	0	0	0
Mar 10 2023 19:48:08	3.00943231583	3.18978595734	89.185256958	0.000151508545969	15.3438692093	3.64122700691	84.3680953979	-	0	0	0	0	0	0	0	0	0	0	0	0	0	0	0	0	0	0	0	0	0	0	86.381652832	2.90667793654e-12	0	0	0	0	0	0	0	0	0	0	0	0	0	0	0	0	0	0	0	0	13.61835289	0	0	0	0	0	0	0	0	0	0	0	0	0	0	0
Mar 10 2023 19:48:09	1.93043601513	5.94271469116	51.2852973938	4.43086246378e-05	14.4266548157	4.37433338165	96.1732635498	-	0	0	0	0	0	0	0	0	0	0	0	0	0	0	0.476200550795	1.08744895458	1.76200044155	2.46673941612	3.17416143417	3.85916757584	4.4980635643	5.06770038605	5.54522943497	5.90940904617	6.14289903641	6.23263883591	6.16958999634	5.95174598694	5.58413982391	5.08107995987	4.46595048904	3.77228593826	3.04348754883	2.3310341835	1.69096851349	1.17832696438	0.839417040348	0.706449449062	0.801250457764	1.13708341122	1.68507301807	2.31620669365	2.76212000847	2.63845205307	1.62368023396	0	0	0	0	0	0	0	0	0	0	0	0	0	0	0
Mar 10 2023 19:48:10	49.7228240967	67.1169433594	87.9146652222	0.00533595075831	68.0508117676	65.0420303345	77.7527770996	-	0	0	0	0	0	0	0	0	0	0	0	0	0	0	0	0	0	0	0	0	0	0	0	0	0	0	0	0	0	0	0	0	0	0	0	0	0	0	0	4.77068519592	13.9937925339	21.3449115753	24.6663799286	22.1042423248	13.1199893951	0	0	0	0	0	0	0	0	0	0	0	0	0	0	0
Mar 10 2023 19:48:11	4.3445892334	4.9359998703	92.0464019775	0.000367669592379	20.6761436462	5.77961492538	80.7000427246	-	0	0	0	0	0	0	0	0	0	0	0	0	0	0	0	0	1.40129846432e-43	2.76520940099e-32	1.41282668874e-23	1.29386598799e-16	5.23738830083e-11	1.5214228597e-06	0.00401336094365	1.0371516943	25.3776340485	49.9597740173	5.55152606964	0.0190576110035	6.82021948251e-07	3.15868343851e-14	1.41159818086e-26	0	0	0	0	0	0	0	0	0	0	0	0	0	18.0508403778	0	0	0	0	0	0	0	0	0	0	0	0	0	0	0
Mar 10 2023 19:48:12	3.00944161415	3.18982291222	89.1942749023	7.59159374866e-05	15.3578662872	3.64186096191	91.8368225098	-	0	0	0	0	0	0	0	0	0	0	0	0	0	0	0	0	0	0	0	0	0	0	86.3659973145	3.56759137206e-13	0	0	0	0	0	0	0	0	0	0	0	0	0	0	0	0	0	0	0	0	13.6340007782	0	0	0	0	0	0	0	0	0	0	0	0	0	0	0
Mar 10 2023 19:48:13	3.01035737991	3.19348955154	89.9872741699	0.000162766373251	16.7228355408	3.70474433899	83.5731201172	-	0	0	0	0	0	0	0	0	0	0	0	0	0	0	0	0	0	0	0	0	0	0	84.8400344849	0	0	0	0	0	0	0	0	0	0	0	0	0	0	0	0	0	0	0	0	0	15.1599626541	0	0	0	0	0	0	0	0	0	0	0	0	0	0	0
Mar 10 2023 19:48:14	4.80286121368	5.16274595261	91.0953445435	0.000300749321468	20.8273487091	6.16797828674	84.047492981	-	0	0	0	0	0	0	0	0	0	0	0	0	0	0	0	0	0	0	0	0	0	0	7.51012761066e-27	6.49584715445e-13	0.00165792356711	69.5621032715	12.5007410049	1.00248780655e-06	6.774569332e-22	0	0	0	0	0	0	0	0	0	0	0	0	0	0	0	17.9355010986	0	0	0	0	0	0	0	0	0	0	0	0	0	0	0
Mar 10 2023 19:48:15	50.4064102173	68.8388061523	89.0787658691	0.00307456753217	69.3942565918	66.3138198853	86.7472000122	-	0	0	0	0	0	0	0	0	0	0	0	0	0	0	0	0	0	0	0	0	0	0	0	0	0	0	0	0	0	0	0	0	0	0	0	0	0	0	0	4.31771802902	12.2758951187	19.7226314545	24.4478149414	23.7682533264	15.4676856995	0	0	0	0	0	0	0	0	0	0	0	0	0	0	0
Mar 10 2023 19:48:16	4.52786064148	5.06754684448	90.5277786255	0.000282323773718	19.3590297699	5.86734294891	84.6245498657	-	0	0	0	0	0	0	0	0	0	0	0	0	0	0	0	0	0	0	5.75623971563e-33	1.54748982065e-23	6.45469598994e-16	8.08884403902e-10	4.25387370342e-05	0.106889419258	12.7684116364	62.1467285156	8.55787849426	0.0180932264775	2.03170500868e-07	1.83681910997e-15	2.78314547371e-28	0	0	0	0	0	0	0	0	0	0	0	0	0	16.4019546509	0	0	0	0	0	0	0	0	0	0	0	0	0	0	0
Mar 10 2023 19:48:17	54.1156234741	73.1397476196	91.0339736938	0.00487394910306	72.9198989868	70.1109924316	80.8138198853	-	0	0	0	0	0	0	0	0	0	0	0	0	0	0	0	0	0	0	0	0	0	0	0	0	0	0	0	0	0	0	0	0	0	0	0	0	0	0	0	1.76417326927	8.18000411987	16.5138473511	24.5465888977	27.97605896	21.0193271637	0	0	0	0	0	0	0	0	0	0	0	0	0	0	0
Mar 10 2023 19:48:18	50.0286178589	67.3455963135	88.0063781738	0.00230439915322	68.2648010254	65.2933578491	89.7401809692	-	0	0	0	0	0	0	0	0	0	0	0	0	0	0	0	0	0	0	0	0	0	0	0	0	0	0	0	0	0	0	0	0	0	0	0	0	0	0	0	4.34235668182	13.7875108719	21.3644828796	24.8564624786	22.3546409607	13.2945451736	0	0	0	0	0	0	0	0	0	0	0	0	0	0	0
Mar 10 2023 19:48:19	3.01012134552	3.19254493713	89.8006362915	0.000181477560545	16.3759403229	3.68855810165	81.7941589355	-	0	0	0	0	0	0	0	0	0	0	0	0	0	0	0	0	0	0	0	0	0	0	85.2278442383	3.29187892223e-12	0	0	0	0	0	0	0	0	0	0	0	0	0	0	0	0	0	0	0	0	14.7721529007	0	0	0	0	0	0	0	0	0	0	0	0	0	0	0
Mar 10 2023 19:48:20	3.00921297073	3.18890762329	88.9637451172	0.000231829355471	15.0092163086	3.62613964081	77.0136108398	-	0	0	0	0	0	0	0	0	0	0	0	0	0	0	0	0	0	0	0	0	0	0	86.7557678223	5.75320913753e-15	0	0	0	0	0	0	0	0	0	0	0	0	0	0	0	0	0	0	0	0	13.2442293167	0	0	0	0	0	0	0	0	0	0	0	0	0	0	0
Mar 10 2023 19:48:21	3.0098195076	3.1913356781	89.5447235107	0.000116023547889	15.9270887375	3.66782331467	87.8784255981	-	0	0	0	0	0	0	0	0	0	0	0	0	0	0	0	0	0	0	0	0	0	0	85.729637146	0	0	0	0	0	0	0	0	0	0	0	0	0	0	0	0	0	0	0	0	0	14.2703609467	0	0	0	0	0	0	0	0	0	0	0	0	0	0	0
Mar 10 2023 19:48:22	3.00964689255	3.19064497948	89.3891448975	7.39514289307e-05	15.6682434082	3.6559715271	92.0691986084	-	0	0	0	0	0	0	0	0	0	0	0	0	0	0	0	0	0	0	0	0	0	0	86.0190124512	0	0	0	0	0	0	0	0	0	0	0	0	0	0	0	0	0	0	0	0	0	13.9809865952	0	0	0	0	0	0	0	0	0	0	0	0	0	0	0
Mar 10 2023 19:48:23	6.02671146393	6.66238927841	86.928314209	0.000235753701418	16.1800422668	7.29286766052	89.7390975952	-	0	0	0	0	0	0	0	0	0	0	0	0	0	0	0	0	0	0	0	0	8.01057872325e-38	3.75509924244e-27	2.71173813712e-18	4.09197710438e-11	1.49344468809e-05	0.131828501821	23.7004871368	63.4970016479	1.50226211548	0.000144016958075	1.67789306754e-11	3.62451874292e-22	6.48047290409e-38	0	0	0	0	0	0	0	0	0	0	0	11.1682691574	0	0	0	0	0	0	0	0	0	0	0	0	0	0	0
Mar 10 2023 19:48:24	51.2203407288	69.3558044434	89.277557373	0.00498724961653	69.8893127441	66.9096679688	79.5686569214	-	0	0	0	0	0	0	0	0	0	0	0	0	0	0	0	0	0	0	0	0	0	0	0	0	0	0	0	0	0	0	0	0	0	0	0	0	0	0	0	3.3977701664	11.7934045792	19.7101345062	24.8335285187	24.3475074768	15.9176530838	0	0	0	0	0	0	0	0	0	0	0	0	0	0	0
Mar 10 2023 19:48:25	4.37421798706	4.95518159866	91.7393112183	0.000455414381577	19.9423389435	5.75842571259	76.5395202637	-	0	0	0	0	0	0	0	0	0	0	0	0	0	0	0	0	4.20389539297e-43	5.91294112065e-32	2.41272240115e-23	1.82025686299e-16	6.26568102957e-11	1.60147590123e-06	0.0038638736587	0.956489622593	23.7444496155	51.1498031616	6.92591667175	0.0341880656779	2.33782429859e-06	3.64497196531e-13	2.32765578265e-24	0	0	0	0	0	0	0	0	0	0	0	0	0	17.1852893829	0	0	0	0	0	0	0	0	0	0	0	0	0	0	0
Mar 10 2023 19:48:26	53.8358535767	72.9685821533	90.9841461182	0.00422748271376	72.7487487793	69.8952407837	83.0819168091	-	0	0	0	0	0	0	0	0	0	0	0	0	0	0	0	0	0	0	0	0	0	0	0	0	0	0	0	0	0	0	0	0	0	0	0	0	0	0	0	2.01207327843	8.36010837555	16.5731201172	24.4575042725	27.7723674774	20.8248291016	0	0	0	0	0	0	0	0	0	0	0	0	0	0	0
Mar 10 2023 19:48:27	1.85132753849	5.38606357574	56.6795158386	0.000133455730975	14.2132606506	4.10326242447	88.1530380249	-	0	0	0	0	0	0	0	0	0	0	0	0	0	0	0.530807197094	1.21097052097	1.95901584625	2.73647975922	3.51123356819	4.25399923325	4.93726825714	5.5343170166	6.01895427704	6.36713218689	6.55974435806	6.58310651779	6.42864561081	6.09655237198	5.59578132629	4.94671583176	4.18087863922	3.34210801125	2.4859957695	1.67730426788	0.984823226929	0.47233748436	0.18286575377	0.121681302786	0.300287812948	0.779129624367	1.54981720448	2.4517595768	3.13787984848	3.11079239845	1.95161497593	0	0	0	0	0	0	0	0	0	0	0	0	0	0	0
Mar 10 2023 19:48:28	1.85672986507	5.25158548355	58.7961502075	0.000184513031854	14.3201169968	4.06740665436	83.9190597534	-	0	0	0	0	0	0	0	0	0	0	0	0	0	0	0.489977747202	1.16449439526	1.92862939835	2.73735189438	3.55294275284	4.34082651138	5.0683927536	5.70398426056	6.21671915054	6.57843780518	6.76704406738	6.76722669601	6.57026100159	6.17822885513	5.60403966904	4.87430953979	4.02874279022	3.12087130547	2.21648955345	1.38940250874	0.713853657246	0.252115488052	0.0331943817437	0.012153474614	0.188860654831	0.695011973381	1.54179525375	2.55700397491	3.34323382378	3.3243932724	2.0399992466	0	0	0	0	0	0	0	0	0	0	0	0	0	0	0
Mar 10 2023 19:48:29	63.8531990051	82.9152526855	94.2588272095	0.00638651987538	80.7118911743	78.7281799316	78.0301895142	-	0	0	0	0	0	0	0	0	0	0	0	0	0	0	0	0	0	0	0	0	0	0	0	0	0	0	0	0	0	0	0	0	0	0	0	0	0	0	0	0.231469839811	1.87262368202	6.79547405243	17.493013382	33.2667236328	40.3406944275	0	0	0	0	0	0	0	0	0	0	0	0	0	0	0
Mar 10 2023 19:48:30	61.7543144226	80.9521255493	93.6717529297	0.00603058142588	79.0812530518	76.9173965454	78.6732025146	-	0	0	0	0	0	0	0	0	0	0	0	0	0	0	0	0	0	0	0	0	0	0	0	0	0	0	0	0	0	0	0	0	0	0	0	0	0	0	0	0.260024398565	2.71577596664	8.83248233795	19.8903503418	33.0774230957	35.223941803	0	0	0	0	0	0	0	0	0	0	0	0	0	0	0
Mar 10 2023 19:48:31	5.72815561295	6.47114801407	91.4192581177	0.000502697890624	20.4585094452	7.43003845215	79.9720916748	-	0	0	0	0	0	0	0	0	0	0	0	0	0	0	0	0	0	0	0	7.34003238649e-36	7.48232103412e-27	3.22620678971e-19	8.10191432173e-13	1.3631620277e-07	0.00157598080114	1.13701927662	39.4254493713	42.4003067017	0.670948445797	4.44533143309e-05	1.16181077345e-12	6.55792519721e-26	0	0	0	0	0	0	0	0	0	0	0	0	16.3646697998	0	0	0	0	0	0	0	0	0	0	0	0	0	0	0
Mar 10 2023 19:48:32	4.42249059677	5.02506446838	92.6427612305	0.00034376163967	22.4955615997	6.01152038574	82.3812713623	-	0	0	0	0	0	0	0	0	0	0	0	0	0	0	0	0	3.16795747725e-38	1.33341338402e-28	4.63623383836e-21	5.5744322461e-15	4.86365614449e-10	4.57104215457e-06	0.00557727273554	0.930034101009	20.2736148834	49.1970252991	9.46693229675	0.0805742070079	1.03023494376e-05	2.22935233642e-12	2.87621269563e-24	0	0	0	0	0	0	0	0	0	0	0	0	0	20.0462245941	0	0	0	0	0	0	0	0	0	0	0	0	0	0	0
Mar 10 2023 19:48:33	66.3273773193	84.5636062622	94.7158508301	0.0046050385572	82.371711731	80.6765441895	83.9895629883	-	0	0	0	0	0	0	0	0	0	0	0	0	0	0	0	0	0	0	0	0	0	0	0	0	0	0	0	0	0	0	0	0	0	0	0	0	0	0	0	0.0859010219574	1.06857264042	4.87007904053	15.0495510101	33.3454437256	45.5804519653	0	0	0	0	0	0	0	0	0	0	0	0	0	0	0
Mar 10 2023 19:48:34	52.6486358643	71.2968826294	90.2496414185	0.00515233026817	71.4551086426	68.5525817871	79.4228820801	-	0	0	0	0	0	0	0	0	0	0	0	0	0	0	0	0	0	0	0	0	0	0	0	0	0	0	0	0	0	0	0	0	0	0	0	0	0	0	0	2.44782614708	9.86946296692	18.1482753754	24.847278595	26.2718238831	18.4153347015	0	0	0	0	0	0	0	0	0	0	0	0	0	0	0
Mar 10 2023 19:48:35	3.34569692612	4.53044748306	90.2597427368	0.000261685112491	16.7079105377	4.87107849121	83.210067749	-	0	0	0	0	0	0	0	0	0	0	0	0	0	0	1.89017816224e-15	2.95200724976e-10	3.62774898122e-07	5.46867740923e-05	0.0023956305813	0.0447273775935	0.434315294027	2.44390726089	8.41801929474	18.1350688934	24.4243793488	20.0670375824	9.48905563354	2.34254550934	0.254973948002	0.00907237734646	5.73614379391e-05	1.33951143511e-08	6.02010601636e-17	0	0	0	0	0	0	0	0	0	0	0	13.9343757629	0	0	0	0	0	0	0	0	0	0	0	0	0	0	0
Mar 10 2023 19:48:36	4.27139997482	4.88703727722	91.2147140503	0.000176425062818	18.7381820679	5.58953046799	89.9841156006	-	0	0	0	0	0	0	0	0	0	0	0	0	0	0	0	0	5.3203098795e-39	9.75102965112e-29	7.96485668699e-21	1.5203413005e-14	1.60439816987e-09	1.4920796275e-05	0.0154413729906	1.93933451176	29.2307815552	46.8499450684	6.04641008377	0.0393655151129	5.69488975088e-06	4.13421076886e-12	6.37873079423e-22	2.88751561559e-39	0	0	0	0	0	0	0	0	0	0	0	0	15.87870121	0	0	0	0	0	0	0	0	0	0	0	0	0	0	0
Mar 10 2023 19:48:37	5.50068855286	6.37668991089	91.7715377808	0.000490131147671	21.1457176208	7.33432483673	80.1219711304	-	0	0	0	0	0	0	0	0	0	0	0	0	0	0	0	0	9.91441084285e-38	1.11790325265e-29	3.59752032554e-23	9.66537219275e-18	3.79792253419e-13	2.96660895849e-09	5.39435040992e-06	0.00243758875877	0.275163173676	7.30628156662	39.2346076965	33.0704612732	2.827221632	0.0114843407646	4.96529821703e-07	6.14188502845e-15	1.21952168358e-32	0	0	0	0	0	0	0	0	0	0	0	17.2723350525	0	0	0	0	0	0	0	0	0	0	0	0	0	0	0
Mar 10 2023 19:48:38	51.8426132202	70.7812957764	90.075012207	0.00363065907732	70.9527893066	67.9372253418	84.8890457153	-	0	0	0	0	0	0	0	0	0	0	0	0	0	0	0	0	0	0	0	0	0	0	0	0	0	0	0	0	0	0	0	0	0	0	0	0	0	0	0	3.25618124008	10.3886404037	18.2582035065	24.5276374817	25.6741943359	17.8951416016	0	0	0	0	0	0	0	0	0	0	0	0	0	0	0
Mar 10 2023 19:48:39	3.01121640205	3.19693303108	90.5843353271	0.000295583799016	17.9602432251	3.76365756989	72.5623779297	-	0	0	0	0	0	0	0	0	0	0	0	0	0	0	0	0	0	0	0	0	0	6.63656991799e-22	83.4566802979	2.75970761e-13	0	0	0	0	0	0	0	0	0	0	0	0	0	0	0	0	0	0	5.40578908583e-39	5.04148631547e-15	16.5433158875	0	0	0	0	0	0	0	0	0	0	0	0	0	0	0
Mar 10 2023 19:48:40	6.00274324417	6.65392684937	87.3106842041	0.000580680556595	16.4519882202	7.30229711533	76.6389846802	-	0	0	0	0	0	0	0	0	0	0	0	0	0	0	0	0	0	0	0	0	1.39766629871e-36	2.87983503397e-26	1.07643263043e-17	9.69945235241e-11	2.40297340497e-05	0.161865323782	24.7400875092	62.1070785522	1.49306511879	0.00015291175805	1.8748310196e-11	3.61265477978e-22	3.32221241221e-38	0	0	0	0	0	0	0	0	0	0	0	11.4977245331	0	0	0	0	0	0	0	0	0	0	0	0	0	0	0
Mar 10 2023 19:48:41	1.85669827461	5.26522111893	60.3354263306	0.000173385924427	14.7135467529	4.07994365692	84.8475570679	-	0	0	0	0	0	0	0	0	0	0	0	0	0	0	0.490279138088	1.16507232189	1.92921423912	2.73745512962	3.55187702179	4.33774232864	5.06231784821	5.69386100769	6.20144510269	6.55693054199	6.73834514618	6.73060703278	6.52532482147	6.12505245209	5.54329442978	4.80739974976	3.9578974247	3.04920005798	2.14794301987	1.32858121395	0.66557174921	0.220568150282	0.0203628838062	0.0111231431365	0.207924723625	0.748903214931	1.63906788826	2.69610404968	3.50675988197	3.47537541389	2.12840938568	0	0	0	0	0	0	0	0	0	0	0	0	0	0	0
Mar 10 2023 19:48:42	3.00969386101	3.19083237648	89.4320755005	0.000121086690342	15.738656044	3.65918803215	87.3561935425	-	0	0	0	0	0	0	0	0	0	0	0	0	0	0	0	0	0	0	0	0	0	0	85.9402923584	3.50822581434e-15	0	0	0	0	0	0	0	0	0	0	0	0	0	0	0	0	0	0	0	0	14.0597028732	0	0	0	0	0	0	0	0	0	0	0	0	0	0	0
Mar 10 2023 19:48:43	4.26837682724	4.85957336426	91.6826095581	0.000343044783222	19.7182197571	5.62228536606	81.5869979858	-	0	0	0	0	0	0	0	0	0	0	0	0	0	0	0	0	0	7.53636611619e-34	1.49843340086e-24	3.68159958848e-17	3.02448309453e-11	1.41981320212e-06	0.00495371548459	1.40428137779	31.4043254852	46.9071350098	3.23956799507	0.00554820429534	7.74316575303e-08	1.07964534699e-15	1.27775027714e-28	0	0	0	0	0	0	0	0	0	0	0	0	0	17.0341854095	0	0	0	0	0	0	0	0	0	0	0	0	0	0	0
Mar 10 2023 19:48:44	55.7644691467	74.9598312378	91.6993637085	0.00478836754337	74.3751831055	71.6953887939	81.4984588623	-	0	0	0	0	0	0	0	0	0	0	0	0	0	0	0	0	0	0	0	0	0	0	0	0	0	0	0	0	0	0	0	0	0	0	0	0	0	0	0	1.17298746109	6.63099575043	14.8225603104	24.0047626495	29.5468482971	23.821844101	0	0	0	0	0	0	0	0	0	0	0	0	0	0	0
Mar 10 2023 19:48:45	4.33568143845	4.94710350037	91.7938232422	0.000350072601577	20.0625801086	5.74997234344	81.4657440186	-	0	0	0	0	0	0	0	0	0	0	0	0	0	0	0	0	3.64295561771e-39	4.76861909326e-29	3.39333559518e-21	6.3667350065e-15	7.14974690563e-10	7.47480999053e-06	0.00903930328786	1.36195516586	24.9858627319	48.7562522888	7.49910449982	0.0547349527478	7.66975153965e-06	3.76600443538e-12	1.3908570703e-22	1.68155815719e-42	0	0	0	0	0	0	0	0	0	0	0	0	17.3330345154	0	0	0	0	0	0	0	0	0	0	0	0	0	0	0
Mar 10 2023 19:48:46	3.00846743584	3.18592524529	87.8020324707	0.000107471249066	13.8501005173	3.57483458519	88.4407958984	-	0	0	0	0	0	0	0	0	0	0	0	0	0	0	0	0	0	0	0	0	0	0	88.0515975952	0	0	0	0	0	0	0	0	0	0	0	0	0	0	0	0	0	0	0	0	0	11.9483995438	0	0	0	0	0	0	0	0	0	0	0	0	0	0	0
Mar 10 2023 19:48:47	3.0087480545	3.18704771996	88.3009643555	0.000153358356329	14.2905263901	3.59415698051	84.0017318726	-	0	0	0	0	0	0	0	0	0	0	0	0	0	0	0	0	0	0	0	0	0	0	87.5592269897	1.39163409529e-12	0	0	0	0	0	0	0	0	0	0	0	0	0	0	0	0	0	0	0	0	12.4407730103	0	0	0	0	0	0	0	0	0	0	0	0	0	0	0
Mar 10 2023 19:48:48	4.82404994965	5.25935745239	90.6307601929	0.000348290370312	19.7965431213	6.18769884109	82.0432815552	-	0	0	0	0	0	0	0	0	0	0	0	0	0	0	0	0	0	0	0	0	0	0	0	1.35199517916e-37	3.77896412079e-12	60.5494384766	22.7894573212	9.51180095042e-16	0	0	0	0	0	0	0	0	0	0	0	0	0	0	0	0	16.6611042023	0	0	0	0	0	0	0	0	0	0	0	0	0	0	0
Mar 10 2023 19:48:49	61.7785377502	80.961151123	93.6738204956	0.00434336438775	79.0927200317	76.9333190918	84.1371536255	-	0	0	0	0	0	0	0	0	0	0	0	0	0	0	0	0	0	0	0	0	0	0	0	0	0	0	0	0	0	0	0	0	0	0	0	0	0	0	0	0.250076770782	2.70377159119	8.82305145264	19.8904628754	33.0908203125	35.2418174744	0	0	0	0	0	0	0	0	0	0	0	0	0	0	0
Mar 10 2023 19:48:50	4.4049654007	4.96549463272	91.152885437	0.000350026326487	18.6934757233	5.69563388824	81.1902008057	-	0	0	0	0	0	0	0	0	0	0	0	0	0	0	0	0	0	6.15866800259e-33	4.80188823238e-24	5.85451306041e-17	2.88863741954e-11	9.66498760135e-07	0.00284460303374	0.813776135445	22.4826946259	52.967338562	7.94953393936	0.0465893186629	4.54435212305e-06	1.60283483534e-12	8.58910680754e-23	1.4377322244e-40	0	0	0	0	0	0	0	0	0	0	0	0	15.7372255325	0	0	0	0	0	0	0	0	0	0	0	0	0	0	0
Mar 10 2023 19:48:51	3.01015949249	3.19269680977	89.831413269	0.000258395710262	16.4319648743	3.69116258621	75.1309356689	-	0	0	0	0	0	0	0	0	0	0	0	0	0	0	0	0	0	0	0	0	0	0	85.1652145386	0	0	0	0	0	0	0	0	0	0	0	0	0	0	0	0	0	0	0	0	0	14.8347835541	0	0	0	0	0	0	0	0	0	0	0	0	0	0	0
Mar 10 2023 19:48:52	4.49487161636	5.1066236496	92.5094146729	0.000336572265951	22.1388092041	6.0984749794	82.692489624	-	0	0	0	0	0	0	0	0	0	0	0	0	0	0	0	0	0	4.12633098943e-36	9.06104047627e-27	3.23917879118e-19	4.65420833384e-13	4.36309726126e-08	0.000336961384164	0.230321660638	13.3777427673	55.482093811	11.2947616577	0.0595337934792	2.54022552326e-06	9.05960826107e-14	1.10329400573e-26	0	0	0	0	0	0	0	0	0	0	0	0	0	19.5552196503	0	0	0	0	0	0	0	0	0	0	0	0	0	0	0
Mar 10 2023 19:48:53	50.1628417969	68.6727600098	89.0136566162	0.00284000416286	69.2379837036	66.1279220581	87.6606445313	-	0	0	0	0	0	0	0	0	0	0	0	0	0	0	0	0	0	0	0	0	0	0	0	0	0	0	0	0	0	0	0	0	0	0	0	0	0	0	0	4.60812997818	12.4281415939	19.7265834808	24.326128006	23.5854320526	15.3255853653	0	0	0	0	0	0	0	0	0	0	0	0	0	0	0
Mar 10 2023 19:48:54	3.01025986671	3.19309878349	89.9114303589	0.000189512575162	16.5797901154	3.69805264473	81.1137466431	-	0	0	0	0	0	0	0	0	0	0	0	0	0	0	0	0	0	0	0	0	0	2.69173149779e-27	84.9999542236	1.92914721741e-13	0	0	0	0	0	0	0	0	0	0	0	0	0	0	0	0	0	0	2.79517004679e-39	8.96470448737e-15	15.0000457764	0	0	0	0	0	0	0	0	0	0	0	0	0	0	0
Mar 10 2023 19:48:55	3.00818276405	3.18478679657	87.2488174438	0.000141042110045	13.3982105255	3.55522418022	85.0351333618	-	0	0	0	0	0	0	0	0	0	0	0	0	0	0	0	0	0	0	0	0	0	0	88.5567932129	2.72778598754e-13	0	0	0	0	0	0	0	0	0	0	0	0	0	0	0	0	0	0	0	0	11.4432115555	0	0	0	0	0	0	0	0	0	0	0	0	0	0	0
Mar 10 2023 19:48:56	54.5847930908	72.4821395874	90.6355514526	0.00248258421198	72.6561813354	70.0654220581	89.7097091675	-	0	0	0	0	0	0	0	0	0	0	0	0	0	0	0	0	0	0	0	0	0	0	0	0	0	0	0	0	0	0	0	0	0	0	0	0	0	0	0	0.543887794018	8.62132835388	17.862953186	25.5948390961	27.7030773163	19.6739139557	0	0	0	0	0	0	0	0	0	0	0	0	0	0	0
Mar 10 2023 19:48:57	64.0531616211	83.0030975342	94.2824401855	0.00475951191038	80.8232727051	78.873588562	83.1495666504	-	0	0	0	0	0	0	0	0	0	0	0	0	0	0	0	0	0	0	0	0	0	0	0	0	0	0	0	0	0	0	0	0	0	0	0	0	0	0	0	0.181391522288	1.78299307823	6.67827939987	17.4155273438	33.3470535278	40.5947570801	0	0	0	0	0	0	0	0	0	0	0	0	0	0	0
Mar 10 2023 19:48:58	1.9311580658	5.77665948868	56.2701416016	0.000156508715008	14.9297151566	4.33763074875	87.0523757935	-	0	0	0	0	0	0	0	0	0	0	0	0	0	0	0.441707730293	1.05062270164	1.74235033989	2.47755289078	3.22345423698	3.94999861717	4.62874603271	5.23196411133	5.7324385643	6.10509538651	6.32981824875	6.39203500748	6.28253650665	6.0010509491	5.5562505722	4.96822166443	4.26795625687	3.49805641174	2.71154665947	1.96854197979	1.33050060272	0.851807296276	0.569874405861	0.503905951977	0.675114870071	1.11422646046	1.80336892605	2.59403705597	3.15776395798	3.022179842	1.81728672981	0	0	0	0	0	0	0	0	0	0	0	0	0	0	0
Mar 10 2023 19:48:59	5.11082220078	6.09685182571	91.1936721802	0.000372412177967	19.6732292175	6.87632608414	83.4658050537	-	0	0	0	0	0	0	0	0	0	0	0	0	0	0	0	1.69696407824e-34	1.62860056549e-26	1.50076396355e-20	8.76370462778e-16	7.51466597282e-12	1.46792782374e-08	8.31359193398e-06	0.00154757976998	0.0999554768205	2.25885605812	17.1549034119	39.3546447754	22.8085289001	2.46178269386	0.0294848140329	1.46394040712e-05	3.27526686328e-11	2.09211478267e-22	0	0	0	0	0	0	0	0	0	1.85475864738e-39	2.83271110968e-15	15.8302736282	0	0	0	0	0	0	0	0	0	0	0	0	0	0	0
Mar 10 2023 19:49:00	52.2420692444	71.0458831787	90.1657867432	0.00409021181986	71.2078704834	68.2475814819	83.2172622681	-	0	0	0	0	0	0	0	0	0	0	0	0	0	0	0	0	0	0	0	0	0	0	0	0	0	0	0	0	0	0	0	0	0	0	0	0	0	0	0	2.85058951378	10.1237745285	18.1985702515	24.6872119904	25.9781208038	18.16173172	0	0	0	0	0	0	0	0	0	0	0	0	0	0	0
Mar 10 2023 19:49:01	51.5097999573	69.5401763916	89.3476257324	0.00292997830547	70.0677490234	67.1261825562	87.4733810425	-	0	0	0	0	0	0	0	0	0	0	0	0	0	0	0	0	0	0	0	0	0	0	0	0	0	0	0	0	0	0	0	0	0	0	0	0	0	0	0	3.0731844902	11.6164960861	19.7004413605	24.9701213837	24.5575752258	16.0821819305	0	0	0	0	0	0	0	0	0	0	0	0	0	0	0
Mar 10 2023 19:49:02	-1.00000001505e+30	-1.00000001505e+30	-1.00000001505e+30	-1.00000002538e+26	-1.00000001505e+30	-1.00000001505e+30	99.9671401978	-	0	0	0	0	0	0	0	0	0	0	0	0	0	0	0	0	0	0	0	0	0	0	0	0	0	0	0	0	0	0	0	0	0	0	0	0	0	0	0	0	0	0	0	0	0	0	0	0	0	0	0	0	0	0	0	0	0	0	0	0
Mar 10 2023 19:49:03	-1.00000001505e+30	-1.00000001505e+30	-1.00000001505e+30	-1.00000002538e+26	-1.00000001505e+30	-1.00000001505e+30	99.9614105225	-	0	0	0	0	0	0	0	0	0	0	0	0	0	0	0	0	0	0	0	0	0	0	0	0	0	0	0	0	0	0	0	0	0	0	0	0	0	0	0	0	0	0	0	0	0	0	0	0	0	0	0	0	0	0	0	0	0	0	0	0
Mar 10 2023 19:49:04	-1.00000001505e+30	-1.00000001505e+30	-1.00000001505e+30	-1.00000002538e+26	-1.00000001505e+30	-1.00000001505e+30	100.006103516	-	0	0	0	0	0	0	0	0	0	0	0	0	0	0	0	0	0	0	0	0	0	0	0	0	0	0	0	0	0	0	0	0	0	0	0	0	0	0	0	0	0	0	0	0	0	0	0	0	0	0	0	0	0	0	0	0	0	0	0	0
Mar 10 2023 19:49:05	-1.00000001505e+30	-1.00000001505e+30	-1.00000001505e+30	-1.00000002538e+26	-1.00000001505e+30	-1.00000001505e+30	100.004959106	-	0	0	0	0	0	0	0	0	0	0	0	0	0	0	0	0	0	0	0	0	0	0	0	0	0	0	0	0	0	0	0	0	0	0	0	0	0	0	0	0	0	0	0	0	0	0	0	0	0	0	0	0	0	0	0	0	0	0	0	0
Mar 10 2023 19:49:06	-1.00000001505e+30	-1.00000001505e+30	-1.00000001505e+30	-1.00000002538e+26	-1.00000001505e+30	-1.00000001505e+30	100.015960693	-	0	0	0	0	0	0	0	0	0	0	0	0	0	0	0	0	0	0	0	0	0	0	0	0	0	0	0	0	0	0	0	0	0	0	0	0	0	0	0	0	0	0	0	0	0	0	0	0	0	0	0	0	0	0	0	0	0	0	0	0
Mar 10 2023 19:49:07	-1.00000001505e+30	-1.00000001505e+30	-1.00000001505e+30	-1.00000002538e+26	-1.00000001505e+30	-1.00000001505e+30	100.00226593	-	0	0	0	0	0	0	0	0	0	0	0	0	0	0	0	0	0	0	0	0	0	0	0	0	0	0	0	0	0	0	0	0	0	0	0	0	0	0	0	0	0	0	0	0	0	0	0	0	0	0	0	0	0	0	0	0	0	0	0	0
Mar 10 2023 19:49:08	-1.00000001505e+30	-1.00000001505e+30	-1.00000001505e+30	-1.00000002538e+26	-1.00000001505e+30	-1.00000001505e+30	99.9411087036	-	0	0	0	0	0	0	0	0	0	0	0	0	0	0	0	0	0	0	0	0	0	0	0	0	0	0	0	0	0	0	0	0	0	0	0	0	0	0	0	0	0	0	0	0	0	0	0	0	0	0	0	0	0	0	0	0	0	0	0	0
Mar 10 2023 19:49:09	-1.00000001505e+30	-1.00000001505e+30	-1.00000001505e+30	-1.00000002538e+26	-1.00000001505e+30	-1.00000001505e+30	99.9786529541	-	0	0	0	0	0	0	0	0	0	0	0	0	0	0	0	0	0	0	0	0	0	0	0	0	0	0	0	0	0	0	0	0	0	0	0	0	0	0	0	0	0	0	0	0	0	0	0	0	0	0	0	0	0	0	0	0	0	0	0	0
Mar 10 2023 19:49:10	-1.00000001505e+30	-1.00000001505e+30	-1.00000001505e+30	-1.00000002538e+26	-1.00000001505e+30	-1.00000001505e+30	99.9981307983	-	0	0	0	0	0	0	0	0	0	0	0	0	0	0	0	0	0	0	0	0	0	0	0	0	0	0	0	0	0	0	0	0	0	0	0	0	0	0	0	0	0	0	0	0	0	0	0	0	0	0	0	0	0	0	0	0	0	0	0	0
Mar 10 2023 19:49:11	-1.00000001505e+30	-1.00000001505e+30	-1.00000001505e+30	-1.00000002538e+26	-1.00000001505e+30	-1.00000001505e+30	99.9775314331	-	0	0	0	0	0	0	0	0	0	0	0	0	0	0	0	0	0	0	0	0	0	0	0	0	0	0	0	0	0	0	0	0	0	0	0	0	0	0	0	0	0	0	0	0	0	0	0	0	0	0	0	0	0	0	0	0	0	0	0	0
Mar 10 2023 19:49:12	-1.00000001505e+30	-1.00000001505e+30	-1.00000001505e+30	-1.00000002538e+26	-1.00000001505e+30	-1.00000001505e+30	99.9867248535	-	0	0	0	0	0	0	0	0	0	0	0	0	0	0	0	0	0	0	0	0	0	0	0	0	0	0	0	0	0	0	0	0	0	0	0	0	0	0	0	0	0	0	0	0	0	0	0	0	0	0	0	0	0	0	0	0	0	0	0	0
Mar 10 2023 19:49:13	-1.00000001505e+30	-1.00000001505e+30	-1.00000001505e+30	-1.00000002538e+26	-1.00000001505e+30	-1.00000001505e+30	99.5772628784	-	0	0	0	0	0	0	0	0	0	0	0	0	0	0	0	0	0	0	0	0	0	0	0	0	0	0	0	0	0	0	0	0	0	0	0	0	0	0	0	0	0	0	0	0	0	0	0	0	0	0	0	0	0	0	0	0	0	0	0	0
Mar 10 2023 19:49:14	-1.00000001505e+30	-1.00000001505e+30	-1.00000001505e+30	-1.00000002538e+26	-1.00000001505e+30	-1.00000001505e+30	99.9588165283	-	0	0	0	0	0	0	0	0	0	0	0	0	0	0	0	0	0	0	0	0	0	0	0	0	0	0	0	0	0	0	0	0	0	0	0	0	0	0	0	0	0	0	0	0	0	0	0	0	0	0	0	0	0	0	0	0	0	0	0	0
Mar 10 2023 19:49:15	-1.00000001505e+30	-1.00000001505e+30	-1.00000001505e+30	-1.00000002538e+26	-1.00000001505e+30	-1.00000001505e+30	100.006759644	-	0	0	0	0	0	0	0	0	0	0	0	0	0	0	0	0	0	0	0	0	0	0	0	0	0	0	0	0	0	0	0	0	0	0	0	0	0	0	0	0	0	0	0	0	0	0	0	0	0	0	0	0	0	0	0	0	0	0	0	0
Mar 10 2023 19:49:16	-1.00000001505e+30	-1.00000001505e+30	-1.00000001505e+30	-1.00000002538e+26	-1.00000001505e+30	-1.00000001505e+30	99.9948806763	-	0	0	0	0	0	0	0	0	0	0	0	0	0	0	0	0	0	0	0	0	0	0	0	0	0	0	0	0	0	0	0	0	0	0	0	0	0	0	0	0	0	0	0	0	0	0	0	0	0	0	0	0	0	0	0	0	0	0	0	0
Mar 10 2023 19:49:17	-1.00000001505e+30	-1.00000001505e+30	-1.00000001505e+30	-1.00000002538e+26	-1.00000001505e+30	-1.00000001505e+30	99.9619903564	-	0	0	0	0	0	0	0	0	0	0	0	0	0	0	0	0	0	0	0	0	0	0	0	0	0	0	0	0	0	0	0	0	0	0	0	0	0	0	0	0	0	0	0	0	0	0	0	0	0	0	0	0	0	0	0	0	0	0	0	0
Mar 10 2023 19:49:18	-1.00000001505e+30	-1.00000001505e+30	-1.00000001505e+30	-1.00000002538e+26	-1.00000001505e+30	-1.00000001505e+30	99.9860076904	-	0	0	0	0	0	0	0	0	0	0	0	0	0	0	0	0	0	0	0	0	0	0	0	0	0	0	0	0	0	0	0	0	0	0	0	0	0	0	0	0	0	0	0	0	0	0	0	0	0	0	0	0	0	0	0	0	0	0	0	0
Mar 10 2023 19:49:19	-1.00000001505e+30	-1.00000001505e+30	-1.00000001505e+30	-1.00000002538e+26	-1.00000001505e+30	-1.00000001505e+30	99.7229919434	-	0	0	0	0	0	0	0	0	0	0	0	0	0	0	0	0	0	0	0	0	0	0	0	0	0	0	0	0	0	0	0	0	0	0	0	0	0	0	0	0	0	0	0	0	0	0	0	0	0	0	0	0	0	0	0	0	0	0	0	0
Mar 10 2023 19:49:20	-1.00000001505e+30	-1.00000001505e+30	-1.00000001505e+30	-1.00000002538e+26	-1.00000001505e+30	-1.00000001505e+30	99.9820022583	-	0	0	0	0	0	0	0	0	0	0	0	0	0	0	0	0	0	0	0	0	0	0	0	0	0	0	0	0	0	0	0	0	0	0	0	0	0	0	0	0	0	0	0	0	0	0	0	0	0	0	0	0	0	0	0	0	0	0	0	0
Mar 10 2023 19:49:21	-1.00000001505e+30	-1.00000001505e+30	-1.00000001505e+30	-1.00000002538e+26	-1.00000001505e+30	-1.00000001505e+30	99.9672851563	-	0	0	0	0	0	0	0	0	0	0	0	0	0	0	0	0	0	0	0	0	0	0	0	0	0	0	0	0	0	0	0	0	0	0	0	0	0	0	0	0	0	0	0	0	0	0	0	0	0	0	0	0	0	0	0	0	0	0	0	0
Mar 10 2023 19:49:22	-1.00000001505e+30	-1.00000001505e+30	-1.00000001505e+30	-1.00000002538e+26	-1.00000001505e+30	-1.00000001505e+30	99.9911651611	-	0	0	0	0	0	0	0	0	0	0	0	0	0	0	0	0	0	0	0	0	0	0	0	0	0	0	0	0	0	0	0	0	0	0	0	0	0	0	0	0	0	0	0	0	0	0	0	0	0	0	0	0	0	0	0	0	0	0	0	0
Mar 10 2023 19:49:23	-1.00000001505e+30	-1.00000001505e+30	-1.00000001505e+30	-1.00000002538e+26	-1.00000001505e+30	-1.00000001505e+30	100.017616272	-	0	0	0	0	0	0	0	0	0	0	0	0	0	0	0	0	0	0	0	0	0	0	0	0	0	0	0	0	0	0	0	0	0	0	0	0	0	0	0	0	0	0	0	0	0	0	0	0	0	0	0	0	0	0	0	0	0	0	0	0
Mar 10 2023 19:49:24	-1.00000001505e+30	-1.00000001505e+30	-1.00000001505e+30	-1.00000002538e+26	-1.00000001505e+30	-1.00000001505e+30	99.967124939	-	0	0	0	0	0	0	0	0	0	0	0	0	0	0	0	0	0	0	0	0	0	0	0	0	0	0	0	0	0	0	0	0	0	0	0	0	0	0	0	0	0	0	0	0	0	0	0	0	0	0	0	0	0	0	0	0	0	0	0	0
Mar 10 2023 19:49:25	-1.00000001505e+30	-1.00000001505e+30	-1.00000001505e+30	-1.00000002538e+26	-1.00000001505e+30	-1.00000001505e+30	99.97706604	-	0	0	0	0	0	0	0	0	0	0	0	0	0	0	0	0	0	0	0	0	0	0	0	0	0	0	0	0	0	0	0	0	0	0	0	0	0	0	0	0	0	0	0	0	0	0	0	0	0	0	0	0	0	0	0	0	0	0	0	0
Mar 10 2023 19:49:26	-1.00000001505e+30	-1.00000001505e+30	-1.00000001505e+30	-1.00000002538e+26	-1.00000001505e+30	-1.00000001505e+30	99.9835586548	-	0	0	0	0	0	0	0	0	0	0	0	0	0	0	0	0	0	0	0	0	0	0	0	0	0	0	0	0	0	0	0	0	0	0	0	0	0	0	0	0	0	0	0	0	0	0	0	0	0	0	0	0	0	0	0	0	0	0	0	0
Mar 10 2023 19:49:27	-1.00000001505e+30	-1.00000001505e+30	-1.00000001505e+30	-1.00000002538e+26	-1.00000001505e+30	-1.00000001505e+30	99.9716491699	-	0	0	0	0	0	0	0	0	0	0	0	0	0	0	0	0	0	0	0	0	0	0	0	0	0	0	0	0	0	0	0	0	0	0	0	0	0	0	0	0	0	0	0	0	0	0	0	0	0	0	0	0	0	0	0	0	0	0	0	0
Mar 10 2023 19:49:28	3.01033711433	3.19340920448	87.5330810547	4.52191852673e-05	16.2064342499	3.70243144035	95.1342010498	-	0	0	0	0	0	0	0	0	0	0	0	0	0	0	0	0	0	0	0	0	0	0	84.8728485107	0	0	0	0	0	0	0	0	0	0	0	0	0	0	0	1.2261071447e-07	1.58439270308e-05	0.000770041719079	0.0205215197057	0.328794717789	3.02907276154	11.7479753494	0	0	0	0	0	0	0	0	0	0	0	0	0	0	0
Mar 10 2023 19:49:29	-1.00000001505e+30	-1.00000001505e+30	-1.00000001505e+30	-1.00000002538e+26	-1.00000001505e+30	-1.00000001505e+30	99.9917068481	-	0	0	0	0	0	0	0	0	0	0	0	0	0	0	0	0	0	0	0	0	0	0	0	0	0	0	0	0	0	0	0	0	0	0	0	0	0	0	0	0	0	0	0	0	0	0	0	0	0	0	0	0	0	0	0	0	0	0	0	0
Mar 10 2023 19:49:30	4.56104373932	5.04286241531	89.6694107056	0.000124599275296	17.6843662262	5.72947597504	92.6856613159	-	0	0	0	0	0	0	0	0	0	0	0	0	0	0	0	0	0	0	9.06499976572e-40	2.8343954325e-28	4.81116937088e-19	1.04130332829e-11	4.48314813184e-06	0.0465659461915	12.0485582352	67.6708602905	5.71935653687	0.00394347496331	7.84798093179e-09	7.84364089686e-18	1.47766469521e-31	0	0	0	0	0	0	0	0	0	0	0	0	0	14.5107059479	0	0	0	0	0	0	0	0	0	0	0	0	0	0	0
Mar 10 2023 19:49:31	3.01339530945	3.20567774773	88.8013305664	0.000198542664293	19.9699230194	3.91054677963	81.2840576172	-	0	0	0	0	0	0	0	0	0	0	0	0	0	0	0	0	0	0	0	0	0	0	80.1445236206	2.74644998584e-13	0	0	0	0	0	0	0	0	0	0	0	0	0	0	1.55754889875e-06	0.000156289694132	0.00492936791852	0.0846264734864	0.883732259274	5.35377168655	13.5282564163	0	0	0	0	0	0	0	0	0	0	0	0	0	0	0
Mar 10 2023 19:49:32	3.00932812691	3.18936824799	89.0815887451	3.39973521477e-05	15.1850271225	3.63405013084	96.2502593994	-	0	0	0	0	0	0	0	0	0	0	0	0	0	0	0	0	0	0	0	0	0	0	86.5592269897	0	0	0	0	0	0	0	0	0	0	0	0	0	0	0	0	0	0	0	0	0	13.4407758713	0	0	0	0	0	0	0	0	0	0	0	0	0	0	0
Mar 10 2023 19:49:33	-1.00000001505e+30	-1.00000001505e+30	-1.00000001505e+30	-1.00000002538e+26	-1.00000001505e+30	-1.00000001505e+30	99.9562225342	-	0	0	0	0	0	0	0	0	0	0	0	0	0	0	0	0	0	0	0	0	0	0	0	0	0	0	0	0	0	0	0	0	0	0	0	0	0	0	0	0	0	0	0	0	0	0	0	0	0	0	0	0	0	0	0	0	0	0	0	0
Mar 10 2023 19:49:34	-1.00000001505e+30	-1.00000001505e+30	-1.00000001505e+30	-1.00000002538e+26	-1.00000001505e+30	-1.00000001505e+30	100.011566162	-	0	0	0	0	0	0	0	0	0	0	0	0	0	0	0	0	0	0	0	0	0	0	0	0	0	0	0	0	0	0	0	0	0	0	0	0	0	0	0	0	0	0	0	0	0	0	0	0	0	0	0	0	0	0	0	0	0	0	0	0
Mar 10 2023 19:49:35	1.92014610767	5.89892911911	55.2365646362	7.05944985384e-05	14.9793872833	4.36028623581	93.9451065063	-	0	0	0	0	0	0	0	0	0	0	0	0	0	0	0.483096241951	1.10286021233	1.78608500957	2.49874711037	3.21254944801	3.90169739723	4.54189300537	5.10944986343	5.58105659485	5.9351401329	6.1542725563	6.22556257248	6.14038610458	5.89752292633	5.50314807892	4.97314071655	4.33283853531	3.61808872223	2.8748486042	2.15714025497	1.52311086655	1.02880954742	0.719830691814	0.626977324486	0.77432769537	1.18069767952	1.81608736515	2.53701424599	3.04604125023	2.91851687431	1.79905021191	0	0	0	0	0	0	0	0	0	0	0	0	0	0	0
Mar 10 2023 19:49:36	3.01234698296	3.20146775246	81.337852478	0.000167244579643	17.3531513214	3.83588290215	83.6981277466	-	0	0	0	0	0	0	0	0	0	0	0	0	0	0	0	0	0	0	0	0	0	0	81.7045516968	0	0	0	0	0	0	0	0	0	0	0	0	0	0	0.000418886193074	0.0101180290803	0.0719860047102	0.334172129631	1.16571855545	3.14263391495	6.2442984581	7.32611513138	0	0	0	0	0	0	0	0	0	0	0	0	0	0	0
Mar 10 2023 19:49:37	3.01305246353	3.20430016518	85.6223068237	0.000109860156954	18.8338718414	3.88548231125	89.101234436	-	0	0	0	0	0	0	0	0	0	0	0	0	0	0	0	0	0	0	0	0	0	0	80.6481933594	9.1745827515e-13	0	0	0	0	0	0	0	0	0	0	0	0	0	0	0.000476310320664	0.00895226467401	0.0838231369853	0.519063651562	2.25810909271	6.5860376358	9.89534378052	0	0	0	0	0	0	0	0	0	0	0	0	0	0	0
Mar 10 2023 19:49:38	2.00938487053	5.53655099869	59.9802474976	0.000141095937579	15.1608886719	4.36268281937	88.5109863281	-	0	0	0	0	0	0	0	0	0	0	0	0	0	0	0.279268682003	0.80010163784	1.47812652588	2.26414585114	3.11183643341	3.97483491898	4.80661487579	5.56035709381	6.18964242935	6.65173959732	6.91280508041	6.94990539551	6.75162696838	6.32366609573	5.68873643875	4.88902711868	3.98335170746	3.04457616806	2.15290260315	1.38514983654	0.800874471664	0.427832603455	0.254998207092	0.257558345795	0.463827610016	0.967964529991	1.81917607784	2.86606478691	3.64403676987	3.44674777985	1.85250377655	0	0	0	0	0	0	0	0	0	0	0	0	0	0	0
Mar 10 2023 19:49:39	48.9809532166	65.3734054565	86.5422286987	0.00262710708193	66.6460952759	63.7181434631	88.1175842285	-	0	0	0	0	0	0	0	0	0	0	0	0	0	0	0	0	0	0	0	0	0	0	0	0	0	0	0	0	0	0	0	0	0	0	0	0	0	0	0	5.44266939163	15.9214601517	22.8733901978	24.5601005554	20.2508506775	10.9515314102	0	0	0	0	0	0	0	0	0	0	0	0	0	0	0
Mar 10 2023 19:49:40	4.43114948273	5.00825786591	91.3954544067	0.000241860383539	19.2312660217	5.78119373322	86.756729126	-	0	0	0	0	0	0	0	0	0	0	0	0	0	0	0	0	3.19496049866e-41	1.17676783438e-30	1.86987171353e-22	6.73224804033e-16	1.30076296956e-10	2.15220097743e-06	0.00385444518179	0.815788030624	20.2064666748	52.0005989075	10.5600395203	0.106581658125	2.38013417402e-05	2.72271320073e-11	7.26273786668e-21	8.54007336098e-38	0	0	0	0	0	0	0	0	0	0	0	0	16.3066425323	0	0	0	0	0	0	0	0	0	0	0	0	0	0	0
Mar 10 2023 19:49:41	69.4182357788	86.1755523682	95.1607894897	0.00636069802567	84.1843338013	82.8055801392	79.0812072754	-	0	0	0	0	0	0	0	0	0	0	0	0	0	0	0	0	0	0	0	0	0	0	0	0	0	0	0	0	0	0	0	0	0	0	0	0	0	0	0	0.0292378794402	0.485796064138	2.97100782394	11.8512945175	32.5503425598	52.112323761	0	0	0	0	0	0	0	0	0	0	0	0	0	0	0
Mar 10 2023 19:49:42	48.5028572083	66.240852356	87.5578155518	0.000465581892058	67.243598938	64.1046295166	97.7967376709	-	0	0	0	0	0	0	0	0	0	0	0	0	0	0	0	0	0	0	0	0	0	0	0	0	0	0	0	0	0	0	0	0	0	0	0	0	0	0	0	6.44412994385	14.7445068359	21.2295703888	23.9321346283	21.1705684662	12.4791002274	0	0	0	0	0	0	0	0	0	0	0	0	0	0	0
Mar 10 2023 19:49:43	5.3671245575	6.33107566833	91.1560287476	0.000291239382932	19.796541214	7.15522241592	87.3452072144	-	0	0	0	0	0	0	0	0	0	0	0	0	0	0	0	1.17709071003e-41	2.74402669891e-32	2.98116526496e-25	1.33494013244e-19	6.51779359176e-15	5.77032796545e-11	1.22538651226e-07	7.22661643522e-05	0.0126251326874	0.661617994308	9.96950435638	38.4579048157	31.2632408142	3.84936618805	0.041291218251	1.37869183163e-05	1.54323515772e-11	6.82090727401e-23	0	0	0	0	0	0	0	0	0	0	0	15.7443628311	0	0	0	0	0	0	0	0	0	0	0	0	0	0	0
Mar 10 2023 19:49:44	-1.00000001505e+30	-1.00000001505e+30	-1.00000001505e+30	-1.00000002538e+26	-1.00000001505e+30	-1.00000001505e+30	99.7436676025	-	0	0	0	0	0	0	0	0	0	0	0	0	0	0	0	0	0	0	0	0	0	0	0	0	0	0	0	0	0	0	0	0	0	0	0	0	0	0	0	0	0	0	0	0	0	0	0	0	0	0	0	0	0	0	0	0	0	0	0	0
Mar 10 2023 19:49:45	-1.00000001505e+30	-1.00000001505e+30	-1.00000001505e+30	-1.00000002538e+26	-1.00000001505e+30	-1.00000001505e+30	99.9289321899	-	0	0	0	0	0	0	0	0	0	0	0	0	0	0	0	0	0	0	0	0	0	0	0	0	0	0	0	0	0	0	0	0	0	0	0	0	0	0	0	0	0	0	0	0	0	0	0	0	0	0	0	0	0	0	0	0	0	0	0	0
Mar 10 2023 19:49:46	5.20609045029	6.18728733063	90.9984664917	0.000326313573169	19.3771362305	6.95736598969	85.5303344727	-	0	0	0	0	0	0	0	0	0	0	0	0	0	0	0	1.92448690023e-36	4.49053533248e-28	8.07812802531e-22	8.12069809472e-17	1.10205800648e-12	3.2017233309e-09	2.56605153481e-06	0.000647916167509	0.0546503998339	1.55757689476	14.4381341934	39.1945762634	26.1388149261	3.17850971222	0.0427882447839	2.52123809332e-05	8.74473618517e-11	4.2012830468e-21	0	0	0	0	0	0	0	0	0	0	0	15.3942737579	0	0	0	0	0	0	0	0	0	0	0	0	0	0	0
Mar 10 2023 19:49:47	1.82003903389	5.62556219101	26.233417511	0.000183187468792	12.2787694931	4.10218143463	83.9775161743	-	0	0	0	0	0	0	0	0	0	0	0	0	0	0	0.670999765396	1.36981797218	2.07951831818	2.78297066689	3.46339416504	4.10464334488	4.69108247757	5.20705032349	5.63668441772	5.96489858627	6.17905092239	6.26901292801	6.22675991058	6.04865026474	5.73535203934	5.2937335968	4.73700141907	4.08623027802	3.37131810188	2.63135004044	1.91436982155	1.27617776394	0.776788294315	0.473993450403	0.412573993206	0.608623325825	1.0269960165	1.55589222908	1.98850464821	2.03049826622	1.38607430458	0	0	0	0	0	0	0	0	0	0	0	0	0	0	0
Mar 10 2023 19:49:48	-1.00000001505e+30	-1.00000001505e+30	-1.00000001505e+30	-1.00000002538e+26	-1.00000001505e+30	-1.00000001505e+30	94.2402572632	-	0	0	0	0	0	0	0	0	0	0	0	0	0	0	0	0	0	0	0	0	0	0	0	0	0	0	0	0	0	0	0	0	0	0	0	0	0	0	0	0	0	0	0	0	0	0	0	0	0	0	0	0	0	0	0	0	0	0	0	0
Mar 10 2023 19:49:49	4.52007293701	5.08173656464	90.791847229	0.000313445954816	19.9664058685	5.92431354523	83.2725372314	-	0	0	0	0	0	0	0	0	0	0	0	0	0	0	0	0	0	2.80259692865e-41	1.79396518698e-30	8.58566926726e-22	9.22823168386e-15	4.04547062516e-09	9.74783324637e-05	0.144204422832	12.9058198929	59.802066803	10.0317459106	0.0333874747157	7.68064921886e-07	1.80271938463e-14	7.39859315572e-27	0	0	0	0	0	0	0	0	0	0	0	0	0	17.0826873779	0	0	0	0	0	0	0	0	0	0	0	0	0	0	0
Mar 10 2023 19:49:50	3.00909328461	3.18842840195	88.8368835449	7.16322902008e-05	14.8253583908	3.61790347099	92.2295761108	-	0	0	0	0	0	0	0	0	0	0	0	0	0	0	0	0	0	0	0	0	0	0	86.9613113403	0	0	0	0	0	0	0	0	0	0	0	0	0	0	0	0	0	0	0	9.08993032275e-37	7.36139800376e-14	13.0386857986	0	0	0	0	0	0	0	0	0	0	0	0	0	0	0
Mar 10 2023 19:49:51	3.0105702877	3.19434285164	90.146736145	0.00020236398268	17.0333747864	3.71935510635	80.0740280151	-	0	0	0	0	0	0	0	0	0	0	0	0	0	0	0	0	0	0	0	0	0	0	84.4928665161	7.69433995684e-13	0	0	0	0	0	0	0	0	0	0	0	0	0	0	0	0	0	0	2.28701718467e-38	1.45432151971e-14	15.5071287155	0	0	0	0	0	0	0	0	0	0	0	0	0	0	0
Mar 10 2023 19:49:52	4.43861722946	5.0207452774	92.0021286011	0.000149535524542	20.6464824677	5.88817310333	91.7339248657	-	0	0	0	0	0	0	0	0	0	0	0	0	0	0	0	0	1.08740760832e-40	2.33955029526e-30	2.66685876959e-22	7.81758206059e-16	1.33839550553e-10	2.0817612949e-06	0.00365374539979	0.778754174709	19.6714572906	51.3259963989	10.2067689896	0.0924384444952	1.51939902935e-05	7.9933473035e-12	2.60590014268e-22	1.26116861789e-42	0	0	0	0	0	0	0	0	0	0	0	0	17.9209060669	0	0	0	0	0	0	0	0	0	0	0	0	0	0	0
Mar 10 2023 19:49:53	5.42438697815	6.37140369415	91.4991760254	0.000298001890769	20.5291996002	7.26011133194	87.253616333	-	0	0	0	0	0	0	0	0	0	0	0	0	0	0	0	5.6051938573e-43	2.04550931128e-33	3.23127503244e-26	2.05286340158e-20	1.38870395252e-15	1.6641077405e-11	4.67130156778e-08	3.55174961442e-05	0.00778469396755	0.496299833059	8.7722234726	37.8998260498	32.4058303833	3.82198023796	0.0336106866598	6.79337699694e-06	2.15923177775e-12	1.14713823232e-25	0	0	0	0	0	0	0	0	0	0	0	16.5624046326	0	0	0	0	0	0	0	0	0	0	0	0	0	0	0
Mar 10 2023 19:49:54	3.0106253624	3.19456386566	90.1867446899	0.000243556118221	17.1134433746	3.72314095497	76.5537261963	-	0	0	0	0	0	0	0	0	0	0	0	0	0	0	0	0	0	0	0	0	0	0	84.4033584595	2.50210144487e-13	0	0	0	0	0	0	0	0	0	0	0	0	0	0	0	0	0	0	0	0	15.5966396332	0	0	0	0	0	0	0	0	0	0	0	0	0	0	0
Mar 10 2023 19:49:55	52.3820075989	71.1362228394	90.1963119507	0.00392961362377	71.2954483032	68.354637146	83.8430786133	-	0	0	0	0	0	0	0	0	0	0	0	0	0	0	0	0	0	0	0	0	0	0	0	0	0	0	0	0	0	0	0	0	0	0	0	0	0	0	0	2.71287679672	10.0317049026	18.1769447327	24.7420883179	26.0831604004	18.2532215118	0	0	0	0	0	0	0	0	0	0	0	0	0	0	0
Mar 10 2023 19:49:56	5.43558073044	6.17543172836	91.8953704834	0.000406036328059	21.3007240295	7.18113231659	82.983505249	-	0	0	0	0	0	0	0	0	0	0	0	0	0	0	0	0	0	3.77037983491e-37	6.68017227154e-29	4.9076225885e-22	3.05319272706e-16	2.37375518547e-11	2.81001319991e-07	0.000547340023331	0.175139725208	8.41811943054	49.0639953613	24.1886711121	0.538468360901	0.000176749454113	8.51802656188e-11	1.37270140501e-22	0	0	0	0	0	0	0	0	0	0	0	0	17.6148834229	0	0	0	0	0	0	0	0	0	0	0	0	0	0	0
Mar 10 2023 19:49:57	3.40904664993	4.37041378021	89.8994827271	0.000140298798215	16.0420913696	4.75059175491	90.4129943848	-	0	0	0	0	0	0	0	0	0	0	0	0	0	0	2.75698556004e-22	1.05390380396e-14	3.15938192275e-10	4.29577255545e-07	9.47139269556e-05	0.00596177065745	0.143759772182	1.55826699734	8.23563861847	21.9209499359	29.3919181824	19.1731739044	5.5973367691	0.635826468468	0.0220714304596	0.00015306417481	9.0041197609e-08	5.18350119771e-13	1.84023460375e-24	0	0	0	0	0	0	0	0	0	0	0	13.3148460388	0	0	0	0	0	0	0	0	0	0	0	0	0	0	0
Mar 10 2023 19:49:58	6.23460912704	6.81141519547	88.2066116333	0.000182958683581	17.3031635284	7.54068660736	92.1164016724	-	0	0	0	0	0	0	0	0	0	0	0	0	0	0	0	0	0	0	0	0	0	3.1039895476e-37	1.9279771617e-25	8.05177714138e-16	2.69364175409e-08	0.00710232695565	11.5581274033	75.1443710327	0.945597529411	7.78481171437e-06	7.71033424282e-15	6.22962443332e-29	0	0	0	0	0	0	0	0	0	0	0	0	12.3447942734	0	0	0	0	0	0	0	0	0	0	0	0	0	0	0
Mar 10 2023 19:49:59	5.11107492447	5.89698982239	90.8103027344	0.000569680240005	18.8058185577	6.65721559525	75.1730728149	-	0	0	0	0	0	0	0	0	0	0	0	0	0	0	0	0	3.87655207171e-39	3.62655429715e-30	4.79997216812e-23	3.30814540902e-17	2.34566250971e-12	2.4877893523e-08	4.79890622955e-05	0.0183401722461	1.41005921364	20.562253952	48.5085487366	14.1789731979	0.326185405254	0.000274825288216	2.01349514839e-09	5.38256764346e-18	2.40119333068e-34	0	0	0	0	0	0	0	0	0	0	0	14.9953174591	0	0	0	0	0	0	0	0	0	0	0	0	0	0	0
Mar 10 2023 19:50:00	5.43430233002	6.27559518814	91.9297180176	0.000272691046121	21.4497127533	7.26759052277	88.3122177124	-	0	0	0	0	0	0	0	0	0	0	0	0	0	0	0	0	1.83233787195e-39	5.41596702961e-31	3.7787951973e-24	1.92026877277e-18	1.2795670014e-13	1.5410339671e-09	3.9504934648e-06	0.00230115558952	0.304822206497	8.55831336975	42.9376220703	28.8963012695	1.58545517921	0.00294114090502	3.08445535779e-08	1.86931039385e-17	2.25889312449e-40	0	0	0	0	0	0	0	0	0	0	0	17.7122383118	0	0	0	0	0	0	0	0	0	0	0	0	0	0	0
Mar 10 2023 19:50:01	49.1921653748	66.7324981689	87.7565383911	0.00171277322806	67.694152832	64.6266479492	92.1922607422	-	0	0	0	0	0	0	0	0	0	0	0	0	0	0	0	0	0	0	0	0	0	0	0	0	0	0	0	0	0	0	0	0	0	0	0	0	0	0	0	5.49434328079	14.3293142319	21.306224823	24.3508529663	21.6902427673	12.8290176392	0	0	0	0	0	0	0	0	0	0	0	0	0	0	0
Mar 10 2023 19:50:02	4.37523984909	4.9728102684	92.1321334839	0.000401994562708	20.9348087311	5.84081840515	79.2535705566	-	0	0	0	0	0	0	0	0	0	0	0	0	0	0	0	0	3.43458253606e-40	6.6268337922e-30	6.77220350659e-22	1.77778493695e-15	2.71877881319e-10	3.75926106244e-06	0.00581580400467	1.07761120796	23.1592235565	49.704082489	7.69608402252	0.0494393631816	4.85240298076e-06	1.06130967729e-12	5.4731840136e-24	0	0	0	0	0	0	0	0	0	0	0	0	0	18.307723999	0	0	0	0	0	0	0	0	0	0	0	0	0	0	0
Mar 10 2023 19:50:03	52.7820701599	71.3761672974	90.2757339478	0.00466562388465	71.5340805054	68.6507492065	81.1947021484	-	0	0	0	0	0	0	0	0	0	0	0	0	0	0	0	0	0	0	0	0	0	0	0	0	0	0	0	0	0	0	0	0	0	0	0	0	0	0	0	2.31827640533	9.78825855255	18.1329097748	24.8991394043	26.3656978607	18.4957180023	0	0	0	0	0	0	0	0	0	0	0	0	0	0	0
Mar 10 2023 19:50:04	3.00991487503	3.19171714783	89.6276397705	0.00015756659559	16.0692806244	3.67436671257	83.9317016602	-	0	0	0	0	0	0	0	0	0	0	0	0	0	0	0	0	0	0	0	0	0	4.351502352e-31	85.5706787109	7.13766204344e-14	0	0	0	0	0	0	0	0	0	0	0	0	0	0	0	0	0	0	0	0	14.4293231964	0	0	0	0	0	0	0	0	0	0	0	0	0	0	0
Mar 10 2023 19:50:05	3.0088660717	3.1875193119	88.4981460571	0.00015026035544	14.4740285873	3.60226917267	84.3308410645	-	0	0	0	0	0	0	0	0	0	0	0	0	0	0	0	0	0	0	0	0	0	0	87.3540802002	2.11260899725e-13	0	0	0	0	0	0	0	0	0	0	0	0	0	0	0	0	0	0	0	0	12.6459178925	0	0	0	0	0	0	0	0	0	0	0	0	0	0	0
Mar 10 2023 19:50:06	4.44742155075	5.00715494156	91.7519454956	0.000433116278145	20.0248832703	5.83611154556	77.6709365845	-	0	0	0	0	0	0	0	0	0	0	0	0	0	0	0	0	0	7.34776686381e-33	4.11178127401e-24	4.18120245096e-17	1.90849107351e-11	6.37164760064e-07	0.00198132428341	0.625182926655	19.6277256012	53.3154602051	9.15188503265	0.0584386512637	5.43521582586e-06	1.29977528306e-12	1.7708289647e-23	1.40129846432e-43	0	0	0	0	0	0	0	0	0	0	0	0	17.2193202972	0	0	0	0	0	0	0	0	0	0	0	0	0	0	0
Mar 10 2023 19:50:07	4.47793292999	5.05320835114	91.9016342163	0.00014258750889	20.4293308258	5.91941785812	92.1199569702	-	0	0	0	0	0	0	0	0	0	0	0	0	0	0	0	0	6.51603785911e-41	1.40581149805e-30	1.62883722031e-22	4.91190329767e-16	8.7544332894e-11	1.43530553487e-06	0.00269246869721	0.623508512974	17.4648189545	51.9123268127	12.2248315811	0.139224231243	3.19197242789e-05	2.87866744331e-11	2.70293220496e-21	3.2524137357e-40	0	0	0	0	0	0	0	0	0	0	0	0	17.632566452	0	0	0	0	0	0	0	0	0	0	0	0	0	0	0
Mar 10 2023 19:50:08	1.90428495407	5.23307704926	60.9926338196	0.000208072087844	14.7841510773	4.1273059845	82.4485168457	-	0	0	0	0	0	0	0	0	0	0	0	0	0	0	0.389720141888	1.01190567017	1.76413679123	2.59393167496	3.4555439949	4.30569648743	5.102684021	5.80563116074	6.37466526031	6.77360057831	6.97436475754	6.9583363533	6.71649885178	6.25458812714	5.59307718277	4.77006435394	3.83957147598	2.87069106102	1.94319880009	1.1392364502	0.530596971512	0.160651981831	0.0187530405819	0.0218427367508	0.202518731356	0.724058628082	1.63630580902	2.76667690277	3.6470644474	3.58039927483	2.07398915291	0	0	0	0	0	0	0	0	0	0	0	0	0	0	0
Mar 10 2023 19:50:09	4.58968019485	5.04654884338	90.6014480591	0.000423119636253	19.494222641	5.85437202454	77.6087188721	-	0	0	0	0	0	0	0	0	0	0	0	0	0	0	0	0	0	0	2.80259692865e-43	7.94527916467e-31	7.76254640374e-21	7.25407906486e-13	1.0133168189e-06	0.0251416694373	10.9874362946	68.6500015259	3.75009298325	0.000785842188634	1.51018322847e-10	2.08668547589e-21	1.10432128078e-38	0	0	0	0	0	0	0	0	0	0	0	0	0	16.5865421295	0	0	0	0	0	0	0	0	0	0	0	0	0	0	0
Mar 10 2023 19:50:10	3.00948524475	3.1899971962	89.2365112305	0.00016521679936	15.4238796234	3.64485287666	83.0959472656	-	0	0	0	0	0	0	0	0	0	0	0	0	0	0	0	0	0	0	0	0	0	0	86.2921981812	0	0	0	0	0	0	0	0	0	0	0	0	0	0	0	0	0	0	0	0	0	13.7077999115	0	0	0	0	0	0	0	0	0	0	0	0	0	0	0
Mar 10 2023 19:50:11	3.01035666466	3.19348669052	89.9867401123	0.000188519479707	16.7218170166	3.70469665527	81.2334213257	-	0	0	0	0	0	0	0	0	0	0	0	0	0	0	0	0	0	0	0	0	0	0	84.8411712646	0	0	0	0	0	0	0	0	0	0	0	0	0	0	0	0	0	0	0	0	0	15.1588249207	0	0	0	0	0	0	0	0	0	0	0	0	0	0	0
Mar 10 2023 19:50:12	4.62006521225	5.05098009109	90.9559326172	0.000192953069927	20.3248462677	5.92246770859	89.1460800171	-	0	0	0	0	0	0	0	0	0	0	0	0	0	0	0	0	0	0	0	9.40030491958e-35	1.53575614578e-23	1.39375061717e-14	1.14089992564e-07	0.0100723495707	9.34928894043	70.6825714111	2.42414808273	0.000141170123243	2.49406419996e-12	5.88072779965e-25	0	0	0	0	0	0	0	0	0	0	0	0	0	0	17.5337753296	0	0	0	0	0	0	0	0	0	0	0	0	0	0	0
Mar 10 2023 19:50:13	52.0634155273	70.9266433716	90.1245193481	0.00321132270619	71.0933151245	68.1084899902	86.542350769	-	0	0	0	0	0	0	0	0	0	0	0	0	0	0	0	0	0	0	0	0	0	0	0	0	0	0	0	0	0	0	0	0	0	0	0	0	0	0	0	3.02867507935	10.243555069	18.2285270691	24.6180610657	25.8413963318	18.0397949219	0	0	0	0	0	0	0	0	0	0	0	0	0	0	0
Mar 10 2023 19:50:14	3.00931286812	3.18930768967	89.0663375854	7.11438624421e-05	15.1619987488	3.63301205635	92.3116073608	-	0	0	0	0	0	0	0	0	0	0	0	0	0	0	0	0	0	0	0	0	0	0	86.5849685669	2.85444106231e-14	0	0	0	0	0	0	0	0	0	0	0	0	0	0	0	0	0	0	0	0	13.4150314331	0	0	0	0	0	0	0	0	0	0	0	0	0	0	0
Mar 10 2023 19:50:15	6.30981588364	6.82329463959	88.3456878662	0.000277386337984	17.4495658875	7.58955526352	88.3294525146	-	0	0	0	0	0	0	0	0	0	0	0	0	0	0	0	0	0	0	0	0	0	0	5.16754604686e-31	2.33179061053e-19	3.01805552771e-10	0.00109907216392	8.37258529663	78.7592849731	0.380277276039	2.53654519611e-07	3.02092563559e-18	2.50835800786e-35	0	0	0	0	0	0	0	0	0	0	0	0	12.4867553711	0	0	0	0	0	0	0	0	0	0	0	0	0	0	0
Mar 10 2023 19:50:16	1.92288196087	5.17608833313	61.3558731079	0.000176639092388	14.7255048752	4.12761354446	84.9530258179	-	0	0	0	0	0	0	0	0	0	0	0	0	0	0	0.347302496433	0.945716381073	1.69486534595	2.53986954689	3.43116402626	4.32069206238	5.16137886047	5.90667390823	6.51103019714	6.93312120438	7.14100503922	7.1139216423	6.84269285202	6.33546733856	5.61763191223	4.73462438583	3.74941301346	2.74049115181	1.79560112953	1.00095415115	0.425828069448	0.102469056845	0.00148376566358	0.00555188767612	0.159936264157	0.662373483181	1.5887362957	2.77380990982	3.71478462219	3.64596843719	2.05545210838	0	0	0	0	0	0	0	0	0	0	0	0	0	0	0
Mar 10 2023 19:50:17	55.1223526001	74.5978088379	91.6036453247	0.00279048178345	74.01537323	71.2387619019	88.6922683716	-	0	0	0	0	0	0	0	0	0	0	0	0	0	0	0	0	0	0	0	0	0	0	0	0	0	0	0	0	0	0	0	0	0	0	0	0	0	0	0	1.61038768291	7.01427745819	15.0136203766	23.8843574524	29.1224212646	23.3549461365	0	0	0	0	0	0	0	0	0	0	0	0	0	0	0
Mar 10 2023 19:50:18	52.342338562	71.1113433838	90.1881866455	0.00507814297453	71.2711410522	68.32472229	79.6259994507	-	0	0	0	0	0	0	0	0	0	0	0	0	0	0	0	0	0	0	0	0	0	0	0	0	0	0	0	0	0	0	0	0	0	0	0	0	0	0	0	2.75183987617	10.0575065613	18.1823558807	24.7259063721	26.0537509918	18.2286434174	0	0	0	0	0	0	0	0	0	0	0	0	0	0	0
Mar 10 2023 19:50:19	52.5144233704	71.2205886841	90.2250518799	0.00609509507194	71.3776016235	68.4552612305	76.1146697998	-	0	0	0	0	0	0	0	0	0	0	0	0	0	0	0	0	0	0	0	0	0	0	0	0	0	0	0	0	0	0	0	0	0	0	0	0	0	0	0	2.58370947838	9.94620990753	18.1566066742	24.7924613953	26.1810417175	18.3399715424	0	0	0	0	0	0	0	0	0	0	0	0	0	0	0
Mar 10 2023 19:50:20	4.82452726364	5.26279163361	90.9507446289	0.000391501234844	20.5441875458	6.24496030807	80.2122802734	-	0	0	0	0	0	0	0	0	0	0	0	0	0	0	0	0	0	0	0	0	0	1.73761009576e-41	1.02792017356e-24	5.48595543992e-12	0.00253025442362	60.1704063416	22.3078765869	1.7264717826e-05	8.23629888075e-19	4.20389539297e-42	0	0	0	0	0	0	0	0	0	0	0	0	0	0	17.5191707611	0	0	0	0	0	0	0	0	0	0	0	0	0	0	0
Mar 10 2023 19:50:21	3.00953435898	3.19019412994	89.2836532593	0.000158231094247	15.4983797073	3.64823555946	83.7630233765	-	0	0	0	0	0	0	0	0	0	0	0	0	0	0	0	0	0	0	0	0	0	0	86.2089080811	0	0	0	0	0	0	0	0	0	0	0	0	0	0	0	0	0	0	0	0	0	13.7910871506	0	0	0	0	0	0	0	0	0	0	0	0	0	0	0
Mar 10 2023 19:50:22	3.01028156281	3.19318675995	89.9286346436	9.9531505839e-05	16.6119804382	3.69955635071	89.5934524536	-	0	0	0	0	0	0	0	0	0	0	0	0	0	0	0	0	0	0	0	0	0	0	84.9639663696	0	0	0	0	0	0	0	0	0	0	0	0	0	0	0	0	0	0	0	0	0	15.036031723	0	0	0	0	0	0	0	0	0	0	0	0	0	0	0
Mar 10 2023 19:50:23	3.01004266739	3.19222903252	89.7357406616	5.35438048246e-05	16.2592868805	3.68314671516	94.2347412109	-	0	0	0	0	0	0	0	0	0	0	0	0	0	0	0	0	0	0	0	0	0	0	85.358253479	0	0	0	0	0	0	0	0	0	0	0	0	0	0	0	0	0	0	0	0	1.05650398335e-15	14.641740799	0	0	0	0	0	0	0	0	0	0	0	0	0	0	0
Mar 10 2023 19:50:24	5.86907434464	6.57948446274	87.0519180298	0.00031722971471	16.186920166	7.19343757629	86.3427963257	-	0	0	0	0	0	0	0	0	0	0	0	0	0	0	0	0	0	0	0	0	6.41462600135e-37	2.22060415923e-26	1.19886106863e-17	1.36018599162e-10	3.72234680981e-05	0.242831423879	31.2353515625	56.4358711243	0.813028931618	3.98826050514e-05	1.75353806996e-12	8.13755146579e-24	9.92119312742e-41	0	0	0	0	0	0	0	0	0	0	0	11.2728404999	0	0	0	0	0	0	0	0	0	0	0	0	0	0	0
Mar 10 2023 19:50:25	6.09146595001	6.6946015358	87.252822876	0.000363298051525	16.4531173706	7.35967969894	84.7222061157	-	0	0	0	0	0	0	0	0	0	0	0	0	0	0	0	0	0	0	0	0	1.75302437887e-40	3.79745026136e-29	1.01354194887e-19	4.58186960595e-12	4.07895595345e-06	0.0712207406759	20.2362689972	66.7886734009	1.45703113079	9.06066779862e-05	4.35644142288e-12	2.08496647225e-23	3.23419685566e-40	0	0	0	0	0	0	0	0	0	0	0	11.4467229843	0	0	0	0	0	0	0	0	0	0	0	0	0	0	0
Mar 10 2023 19:50:26	4.3692445755	4.96030044556	91.9398880005	0.000571863085497	20.4305763245	5.79412031174	71.6485748291	-	0	0	0	0	0	0	0	0	0	0	0	0	0	0	0	0	1.44333741825e-41	6.96576229162e-31	1.40041907422e-22	6.14432300103e-16	1.39082620421e-10	2.58051704805e-06	0.0049212994054	1.04040014744	23.7152824402	50.2880821228	7.17040729523	0.039643805474	3.16973637382e-06	5.64356937918e-13	3.04858097279e-24	0	0	0	0	0	0	0	0	0	0	0	0	0	17.7412567139	0	0	0	0	0	0	0	0	0	0	0	0	0	0	0
Mar 10 2023 19:50:27	2.82744765282	3.22446298599	91.6934127808	0.000231688900385	18.4256515503	3.75049233437	79.0207061768	-	0	0	0	0	0	0	0	0	0	0	0	0	0	0	0	8.58437064303e-35	4.88987182973e-22	1.24835824187e-13	8.64196039174e-08	0.000997178838588	0.489174574614	16.7714595795	50.7989463806	14.5058612823	0.370096683502	0.000694137066603	6.35885157863e-08	1.4192276911e-13	2.17549187726e-21	1.88630079721e-32	0	0	0	0	0	0	0	0	0	0	0	0	0	0	17.0627784729	0	0	0	0	0	0	0	0	0	0	0	0	0	0	0
Mar 10 2023 19:50:28	2.76149368286	3.23979210854	90.2638626099	0.000132755507366	15.6560964584	3.63107800484	87.2678833008	-	0	0	0	0	0	0	0	0	0	0	0	0	0	0	8.45263233681e-40	7.94546541309e-24	5.95860361581e-15	3.8830103577e-09	4.05897771998e-05	0.0247658193111	1.72107684612	19.5178985596	43.132598877	19.7756175995	1.85401105881	0.0321177095175	8.20165951154e-05	2.11428172747e-08	2.8321949278e-13	5.85575114299e-20	1.3670174009e-29	0	0	0	0	0	0	0	0	0	0	0	0	0	13.9417915344	0	0	0	0	0	0	0	0	0	0	0	0	0	0	0
Mar 10 2023 19:50:29	3.00936150551	3.18950247765	89.1152648926	0.000130344284116	15.2361879349	3.63635873795	86.3782730103	-	0	0	0	0	0	0	0	0	0	0	0	0	0	0	0	0	0	0	0	0	0	0	86.5020294189	0	0	0	0	0	0	0	0	0	0	0	0	0	0	0	0	0	0	0	0	0	13.4979705811	0	0	0	0	0	0	0	0	0	0	0	0	0	0	0
Mar 10 2023 19:50:30	3.00893831253	3.18780827522	88.6155929565	0.000182050076546	14.5860242844	3.60723829269	81.367805481	-	0	0	0	0	0	0	0	0	0	0	0	0	0	0	0	0	0	0	0	0	0	0	87.2288742065	1.14318181776e-15	0	0	0	0	0	0	0	0	0	0	0	0	0	0	0	0	0	0	0	0	12.7711238861	0	0	0	0	0	0	0	0	0	0	0	0	0	0	0
Mar 10 2023 19:50:31	4.4869222641	5.03646469116	91.6220932007	0.000547067553271	19.7575263977	5.86096811295	72.6985702515	-	0	0	0	0	0	0	0	0	0	0	0	0	0	0	0	0	0	3.42485679039e-33	2.08856722785e-24	2.31181446757e-17	1.14849102451e-11	4.17991913082e-07	0.00142299768049	0.495599210262	17.4100837708	54.1047744751	11.0234746933	0.0889366492629	1.17096178656e-05	4.99062206491e-12	2.13920624462e-22	4.30198628548e-41	0	0	0	0	0	0	0	0	0	0	0	0	16.8756999969	0	0	0	0	0	0	0	0	0	0	0	0	0	0	0
Mar 10 2023 19:50:32	3.00919771194	3.18884658813	88.9477767944	0.000160451076226	14.9857749939	3.62508749962	83.4582672119	-	0	0	0	0	0	0	0	0	0	0	0	0	0	0	0	0	0	0	0	0	0	0	86.7819824219	0	0	0	0	0	0	0	0	0	0	0	0	0	0	0	0	0	0	0	0	0	13.2180233002	0	0	0	0	0	0	0	0	0	0	0	0	0	0	0
Mar 10 2023 19:50:33	3.00893878937	3.18781042099	88.6164627075	0.000145268932101	14.5868644714	3.60727572441	84.829208374	-	0	0	0	0	0	0	0	0	0	0	0	0	0	0	0	0	0	0	0	0	0	0	87.227935791	0	0	0	0	0	0	0	0	0	0	0	0	0	0	0	0	0	0	0	0	0	12.7720623016	0	0	0	0	0	0	0	0	0	0	0	0	0	0	0
Mar 10 2023 19:50:34	4.40631818771	4.9847407341	91.7343139648	0.000660347228404	19.9595088959	5.79625844955	67.9784469604	-	0	0	0	0	0	0	0	0	0	0	0	0	0	0	0	0	1.93379188077e-41	8.22811627101e-31	1.49116294321e-22	6.01647978891e-16	1.2780576597e-10	2.27426039601e-06	0.00426424108446	0.913136482239	21.8859577179	51.2833251953	8.6778383255	0.0635922178626	8.152657756e-06	3.39714020803e-12	1.11249140713e-22	3.08285662151e-42	0	0	0	0	0	0	0	0	0	0	0	0	17.171875	0	0	0	0	0	0	0	0	0	0	0	0	0	0	0
Mar 10 2023 19:50:35	51.9113998413	69.8236312866	89.4565582275	0.00359961646609	70.3425674438	67.4600372314	84.9078216553	-	0	0	0	0	0	0	0	0	0	0	0	0	0	0	0	0	0	0	0	0	0	0	0	0	0	0	0	0	0	0	0	0	0	0	0	0	0	0	0	2.58852505684	11.340845108	19.6736850739	25.1711730957	24.8819732666	16.3437957764	0	0	0	0	0	0	0	0	0	0	0	0	0	0	0
Mar 10 2023 19:50:36	3.0093023777	3.18926596642	89.0557327271	0.000164961253176	15.146033287	3.6322927475	83.0660858154	-	0	0	0	0	0	0	0	0	0	0	0	0	0	0	0	0	0	0	0	0	0	0	86.6028213501	2.24522914908e-13	0	0	0	0	0	0	0	0	0	0	0	0	0	0	0	0	0	0	2.28636395538e-36	2.08282840302e-13	13.3971843719	0	0	0	0	0	0	0	0	0	0	0	0	0	0	0
Mar 10 2023 19:50:37	3.36758613586	4.59706163406	91.5605010986	0.000282800028799	19.1738529205	5.03894424438	82.5410766602	-	0	0	0	0	0	0	0	0	0	0	0	0	0	0	1.51093754072e-14	9.53170653517e-10	7.31201907911e-07	8.24057933642e-05	0.00298373098485	0.0491188429296	0.440118730068	2.36419415474	7.98025226593	17.1897068024	23.4806556702	19.7088603973	9.4898223877	2.33267378807	0.23747882247	0.00672491220757	2.11173028219e-05	3.21369014733e-10	0	0	0	0	0	0	0	0	0	0	0	0	16.7173061371	0	0	0	0	0	0	0	0	0	0	0	0	0	0	0
Mar 10 2023 19:50:38	4.29783010483	4.90277242661	92.4306259155	0.000378974247724	21.7102470398	5.80152463913	80.3493499756	-	0	0	0	0	0	0	0	0	0	0	0	0	0	0	0	0	1.40129846432e-43	2.23597480788e-32	1.30060073312e-23	1.33066454029e-16	5.88984416794e-11	1.82256201242e-06	0.00495010847226	1.25811243057	28.4243888855	47.1838722229	3.84506177902	0.00769477104768	1.05545780116e-07	7.66150882852e-16	4.29725676717e-30	0	0	0	0	0	0	0	0	0	0	0	0	0	19.2759208679	0	0	0	0	0	0	0	0	0	0	0	0	0	0	0
Mar 10 2023 19:50:39	5.22638034821	6.26831579208	91.2535476685	0.000283770408714	19.9325771332	7.08468532562	87.5172119141	-	0	0	0	0	0	0	0	0	0	0	0	0	0	0	0	1.27929716007e-37	4.19381537078e-29	1.03876326786e-22	1.41058150329e-17	2.53911231233e-13	9.6128605076e-10	9.86530153568e-07	0.00031330328784	0.0326184295118	1.12433028221	12.3176555634	38.4373855591	28.4279403687	3.64327645302	0.0476592257619	2.34350845858e-05	4.70459435298e-11	3.09481265523e-22	0	0	0	0	0	0	0	0	0	0	0	15.9688072205	0	0	0	0	0	0	0	0	0	0	0	0	0	0	0
Mar 10 2023 19:50:40	4.42555475235	5.01894283295	92.3414230347	0.00019476126181	21.5543231964	5.94242286682	89.4795532227	-	0	0	0	0	0	0	0	0	0	0	0	0	0	0	0	0	2.30807870059e-39	2.12101987691e-29	1.29560041206e-21	2.36708841649e-15	2.82124767992e-10	3.33171669809e-06	0.00476862117648	0.880465567112	20.2659034729	50.1246376038	9.67101192474	0.0842883139849	1.23103436636e-05	4.36682851337e-12	3.58179990542e-23	0	0	0	0	0	0	0	0	0	0	0	0	0	18.9689083099	0	0	0	0	0	0	0	0	0	0	0	0	0	0	0
Mar 10 2023 19:50:41	5.17434835434	6.1617603302	91.2570800781	0.000475931097753	19.8526744843	6.96068954468	79.6152648926	-	0	0	0	0	0	0	0	0	0	0	0	0	0	0	0	3.9021728837e-35	4.38489990467e-27	4.70742468542e-21	3.18700355099e-16	3.15347596126e-12	7.07562763935e-09	4.58155454908e-06	0.000970404187683	0.0709504559636	1.80487537384	15.33091259	39.0295524597	24.8463916779	2.90252685547	0.0367358140647	1.84069413081e-05	3.70257713378e-11	1.28188925222e-22	0	0	0	0	0	0	0	0	0	0	0	15.977060318	0	0	0	0	0	0	0	0	0	0	0	0	0	0	0
Mar 10 2023 19:50:42	3.00831723213	3.18532419205	87.5162963867	0.000201301896595	13.6121826172	3.56448292732	79.3931732178	-	0	0	0	0	0	0	0	0	0	0	0	0	0	0	0	0	0	0	0	0	0	0	88.3175811768	5.82699629515e-15	0	0	0	0	0	0	0	0	0	0	0	0	0	0	0	0	0	0	0	0	11.6824216843	0	0	0	0	0	0	0	0	0	0	0	0	0	0	0
Mar 10 2023 19:50:43	1.94912159443	5.32476711273	59.1288795471	0.00020961467817	14.5109004974	4.20503616333	82.7389450073	-	0	0	0	0	0	0	0	0	0	0	0	0	0	0	0.334207087755	0.91047668457	1.6329460144	2.44965839386	3.31379246712	4.17990589142	5.00336885452	5.73989391327	6.34594869614	6.78173685074	7.01600933075	7.02774524689	6.80652618408	6.35794258118	5.7035651207	4.88367986679	3.95506215096	2.98932433128	2.06735515594	1.26966106892	0.66261279583	0.281081229448	0.111463978887	0.10545489192	0.283588141203	0.763848602772	1.60653662682	2.6631834507	3.48269748688	3.37778520584	1.89294314384	0	0	0	0	0	0	0	0	0	0	0	0	0	0	0
Mar 10 2023 19:50:44	3.00976705551	3.1911251545	89.4980926514	0.000188015023014	15.8484392166	3.66421413422	81.0907363892	-	0	0	0	0	0	0	0	0	0	0	0	0	0	0	0	0	0	0	0	0	0	0	85.817565918	0	0	0	0	0	0	0	0	0	0	0	0	0	0	0	0	0	0	0	0	0	14.1824350357	0	0	0	0	0	0	0	0	0	0	0	0	0	0	0
Mar 10 2023 19:50:45	60.4481773376	79.6780166626	93.3007888794	0.00427787657827	78.1082611084	75.8373336792	84.1454772949	-	0	0	0	0	0	0	0	0	0	0	0	0	0	0	0	0	0	0	0	0	0	0	0	0	0	0	0	0	0	0	0	0	0	0	0	0	0	0	0	0.320611149073	3.35386133194	10.1043329239	21.0923366547	32.643497467	32.4853591919	0	0	0	0	0	0	0	0	0	0	0	0	0	0	0
Mar 10 2023 19:50:46	3.00929117203	3.18922019005	89.044128418	0.000151265485329	15.1286096573	3.63150787354	84.3523864746	-	0	0	0	0	0	0	0	0	0	0	0	0	0	0	0	0	0	0	0	0	0	0	86.6222991943	0	0	0	0	0	0	0	0	0	0	0	0	0	0	0	0	0	0	0	0	0	13.377705574	0	0	0	0	0	0	0	0	0	0	0	0	0	0	0
Mar 10 2023 19:50:47	6.01269626617	6.65722131729	87.156211853	0.000353696115781	16.3404502869	7.29812049866	85.0273284912	-	0	0	0	0	0	0	0	0	0	0	0	0	0	0	0	0	0	0	0	0	1.89321242964e-36	3.56098376186e-26	1.23097594232e-17	1.04061842476e-10	2.45769424509e-05	0.160754427314	24.3924446106	62.4940261841	1.5900734663	0.000181316165254	2.67133329346e-11	7.01551294844e-22	1.11363857032e-37	0	0	0	0	0	0	0	0	0	0	0	11.3624954224	0	0	0	0	0	0	0	0	0	0	0	0	0	0	0
Mar 10 2023 19:50:48	1.89725923538	5.52482700348	56.1813011169	0.000139815630973	14.4009647369	4.20738649368	87.9867324829	-	0	0	0	0	0	0	0	0	0	0	0	0	0	0	0.46223154664	1.09913897514	1.82198643684	2.58915352821	3.36588764191	4.12031412125	4.82229423523	5.44247150421	5.95209169388	6.32474040985	6.53935813904	6.58088159561	6.44005775452	6.11726474762	5.62253522873	4.97818851471	4.21829462051	3.38941025734	2.54926300049	1.76306462288	1.09699702263	0.608055412769	0.330191701651	0.269497901201	0.44141843915	0.894716560841	1.62696814537	2.48837280273	3.13251876831	3.05566120148	1.85697209835	0	0	0	0	0	0	0	0	0	0	0	0	0	0	0
Mar 10 2023 19:50:49	3.00940346718	3.18967008591	89.156829834	0.000116795497888	15.2999076843	3.63923788071	87.712310791	-	0	0	0	0	0	0	0	0	0	0	0	0	0	0	0	0	0	0	0	0	0	0	86.4307937622	0	0	0	0	0	0	0	0	0	0	0	0	0	0	0	0	0	0	0	5.90429805048e-35	5.72614384294e-13	13.5692062378	0	0	0	0	0	0	0	0	0	0	0	0	0	0	0
Mar 10 2023 19:50:50	4.44916820526	5.0868639946	91.7833480835	0.000268731004326	20.1600322723	5.93089866638	85.5884094238	-	0	0	0	0	0	0	0	0	0	0	0	0	0	0	0	0	0	1.30529320616e-35	2.86280673178e-26	9.17684097734e-19	1.11239316369e-12	8.5264908023e-08	0.000533690850716	0.299249112606	14.7789316177	55.8280410767	11.709280014	0.0795062631369	6.75609589962e-06	1.25820198444e-12	1.18539911528e-23	1.40129846432e-43	0	0	0	0	0	0	0	0	0	0	0	0	17.3044509888	0	0	0	0	0	0	0	0	0	0	0	0	0	0	0
Mar 10 2023 19:50:51	3.00949692726	3.19004440308	89.2478637695	8.19008419057e-05	15.4417419434	3.64566326141	91.2311782837	-	0	0	0	0	0	0	0	0	0	0	0	0	0	0	0	0	0	0	0	0	0	0	86.2722244263	0	0	0	0	0	0	0	0	0	0	0	0	0	0	0	0	0	0	0	0	2.55966876858e-15	13.727768898	0	0	0	0	0	0	0	0	0	0	0	0	0	0	0
Mar 10 2023 19:50:52	5.22201013565	6.0582075119	91.7615966797	0.000423496850999	20.875246048	6.9818983078	81.7314529419	-	0	0	0	0	0	0	0	0	0	0	0	0	0	0	0	0	2.98525313873e-35	1.93232441699e-27	3.58745363997e-21	5.58204929576e-16	1.27359971527e-11	5.78136081231e-08	6.10015595157e-05	0.0159205310047	1.02862071991	15.3918895721	45.3821868896	20.0993728638	0.835134863853	0.0014180818107	1.82457178255e-08	2.4122088822e-17	5.79969408415e-39	0	0	0	0	0	0	0	0	0	0	0	17.2453975677	0	0	0	0	0	0	0	0	0	0	0	0	0	0	0
Mar 10 2023 19:50:53	1.94321203232	5.29650974274	60.3209838867	0.000285461865133	14.7322854996	4.19311904907	77.1845474243	-	0	0	0	0	0	0	0	0	0	0	0	0	0	0	0.337266534567	0.918664395809	1.64719927311	2.47014403343	3.3399503231	4.21049261093	5.03651618958	5.77317285538	6.37645339966	6.80623579025	7.03119277954	7.03050422668	6.79423666	6.32882928848	5.65704202652	4.82069349289	3.87832784653	2.9034268856	1.9786067009	1.18557608128	0.590823888779	0.227332606912	0.0756472572684	0.0778451040387	0.261930733919	0.762750923634	1.6445941925	2.75095295906	3.61037063599	3.50678944588	1.96642947197	0	0	0	0	0	0	0	0	0	0	0	0	0	0	0
Mar 10 2023 19:50:54	3.00915431976	3.18867325783	88.9022369385	0.000193861080334	14.9193897247	3.62211108208	80.3597412109	-	0	0	0	0	0	0	0	0	0	0	0	0	0	0	0	0	0	0	0	0	0	0	86.8561935425	0	0	0	0	0	0	0	0	0	0	0	0	0	0	0	0	0	0	0	0	0	13.1438074112	0	0	0	0	0	0	0	0	0	0	0	0	0	0	0
Mar 10 2023 19:50:55	5.99032783508	6.65299320221	87.3196640015	0.000719913630746	16.4588222504	7.3014922142	71.9098129272	-	0	0	0	0	0	0	0	0	0	0	0	0	0	0	0	0	0	0	0	0	8.74006854322e-35	5.5940325739e-25	7.97545907579e-17	3.3170871605e-10	4.55553235952e-05	0.204035967588	25.0175056458	61.4736442566	1.79880332947	0.00028652040055	7.26165377829e-11	4.05712339905e-21	1.62213772132e-36	0	0	0	0	0	0	0	0	0	0	0	11.5056800842	0	0	0	0	0	0	0	0	0	0	0	0	0	0	0
Mar 10 2023 19:50:56	4.43541431427	5.08739185333	92.0187072754	0.000358265795512	20.7371196747	5.96707963943	81.3884887695	-	0	0	0	0	0	0	0	0	0	0	0	0	0	0	0	0	0	1.39091758073e-34	1.56727815487e-25	3.03262321022e-18	2.49206753324e-12	1.41743740301e-07	0.00070979836164	0.340047001839	15.2161598206	54.8910598755	11.502240181	0.0804193988442	6.99099791746e-06	1.19016526235e-12	6.26661715663e-24	0	0	0	0	0	0	0	0	0	0	0	0	0	17.9693527222	0	0	0	0	0	0	0	0	0	0	0	0	0	0	0
Mar 10 2023 19:50:57	3.01002383232	3.19215393066	89.7200927734	0.000147755665239	16.2314548492	3.68185806274	84.8807983398	-	0	0	0	0	0	0	0	0	0	0	0	0	0	0	0	0	0	0	0	0	0	0	85.3893737793	5.8151742563e-15	0	0	0	0	0	0	0	0	0	0	0	0	0	0	0	0	0	0	0	0	14.6106262207	0	0	0	0	0	0	0	0	0	0	0	0	0	0	0
Mar 10 2023 19:50:58	1.94613933563	5.66419506073	55.1484107971	0.000187163022929	14.4726810455	4.31196928024	84.703163147	-	0	0	0	0	0	0	0	0	0	0	0	0	0	0	0.399350762367	0.991897761822	1.68699944019	2.44124412537	3.21793889999	3.98297381401	4.70373821259	5.3482670784	5.88515996933	6.2854757309	6.52597475052	6.58995437622	6.46719837189	6.15797376633	5.67307043076	5.03638410568	4.28410863876	3.4650053978	2.63835382462	1.86930167675	1.22141134739	0.746378421783	0.472939670086	0.407911032438	0.566659748554	0.989950239658	1.67743885517	2.48890280724	3.08285474777	2.95720505714	1.73796546459	0	0	0	0	0	0	0	0	0	0	0	0	0	0	0
Mar 10 2023 19:50:59	1.90233826637	5.54908847809	54.537563324	0.000154807785293	14.1660757065	4.21641111374	86.8224716187	-	0	0	0	0	0	0	0	0	0	0	0	0	0	0	0.458783566952	1.09109485149	1.809071064	2.57162261009	3.34446382523	4.09613418579	4.7968583107	5.41760349274	5.92989444733	6.30751228333	6.52945280075	6.58055019379	6.45130205154	6.1416182518	5.6608543396	5.03041124344	4.28323507309	3.46457839012	2.63077998161	1.8457518816	1.17476809025	0.674849510193	0.381788730621	0.304978191853	0.457863330841	0.882025241852	1.57426762581	2.39244151115	3.00539922714	2.92982721329	1.78020727634	0	0	0	0	0	0	0	0	0	0	0	0	0	0	0
Mar 10 2023 19:51:00	1.89071941376	5.31571578979	59.9201927185	8.54702375364e-05	14.7161178589	4.13785409927	92.3674926758	-	0	0	0	0	0	0	0	0	0	0	0	0	0	0	0.431735306978	1.07143628597	1.81977677345	2.62836408615	3.45609903336	4.26482391357	5.01821374893	5.68087005615	6.21826887131	6.59898614883	6.79844617844	6.79989290237	6.5943403244	6.18513631821	5.58797216415	4.83374500275	3.96749377251	3.04845881462	2.14731431007	1.34015130997	0.698602616787	0.274796724319	0.079098507762	0.0695770382881	0.266905725002	0.786349356174	1.65392458439	2.69945764542	3.50019812584	3.43634533882	2.04320669174	0	0	0	0	0	0	0	0	0	0	0	0	0	0	0
Mar 10 2023 19:51:01	3.0093152523	3.18931674957	89.068611145	0.000182692587259	15.1654233932	3.63316655159	81.4300003052	-	0	0	0	0	0	0	0	0	0	0	0	0	0	0	0	0	0	0	0	0	0	0	86.5811386108	2.62454419092e-13	0	0	0	0	0	0	0	0	0	0	0	0	0	0	0	0	0	0	0	0	13.4188604355	0	0	0	0	0	0	0	0	0	0	0	0	0	0	0
Mar 10 2023 19:51:02	1.96914029121	5.46585083008	59.6383743286	0.00012417176913	14.9525642395	4.2867808342	89.5858383179	-	0	0	0	0	0	0	0	0	0	0	0	0	0	0	0.324967861176	0.885437428951	1.58842873573	2.38370394707	3.22603988647	4.07155132294	4.87712001801	5.59992790222	6.19783782959	6.6322555542	6.87276124954	6.89871311188	6.69959783554	6.28023433685	5.66073417664	4.87914180756	3.98929166794	3.05923652649	2.16596102715	1.38622188568	0.783704042435	0.393600344658	0.210560530424	0.207142487168	0.408917099237	0.910720348358	1.75484490395	2.78649020195	3.56059598923	3.40823411942	1.89602673054	0	0	0	0	0	0	0	0	0	0	0	0	0	0	0
Mar 10 2023 19:51:03	1.94698429108	5.67205286026	55.3024101257	0.000121054814372	14.5161495209	4.31645774841	89.8288040161	-	0	0	0	0	0	0	0	0	0	0	0	0	0	0	0.398916006088	0.990813016891	1.68514180183	2.43853139877	3.21432471275	3.97844696045	4.69832420349	5.34202957153	5.8782043457	6.27794837952	6.51806354523	6.58188533783	6.459233284	6.15040159225	5.66619873047	5.03052520752	4.27955675125	3.46201777458	2.63711309433	1.86988353729	1.22375369072	0.7502835989	0.478204399347	0.414679676294	0.575557887554	1.0014051199	1.69105100632	2.50329089165	3.09582138062	2.96638321877	1.74202215672	0	0	0	0	0	0	0	0	0	0	0	0	0	0	0
Mar 10 2023 19:51:04	1.97299790382	5.48946428299	59.4133911133	0.000118810356071	14.9494457245	4.29918766022	90.0426177979	-	0	0	0	0	0	0	0	0	0	0	0	0	0	0	0.323198884726	0.880668103695	1.58002150059	2.37139821053	3.20992732048	4.0520606041	4.85499763489	5.5762181282	6.17385339737	6.60952091217	6.85291194916	6.88337898254	6.69028377533	6.27815961838	5.66667509079	4.89327049255	4.0110449791	3.08723330498	2.19801282883	1.41949594021	0.815129101276	0.4206802845	0.232823729515	0.227083235979	0.42811408639	0.925980210304	1.76032757759	2.7776453495	3.53830909729	3.38165616989	1.87990760803	0	0	0	0	0	0	0	0	0	0	0	0	0	0	0
Mar 10 2023 19:51:05	4.2682723999	4.86736440659	91.9432678223	0.000199210669962	20.3499526978	5.66994667053	88.9423675537	-	0	0	0	0	0	0	0	0	0	0	0	0	0	0	0	0	0	1.32626208076e-32	1.14223043774e-23	1.47738255815e-16	7.39948449735e-11	2.38668326347e-06	0.00634856056422	1.50903224945	30.9573497772	46.2818603516	3.487408638	0.00707789883018	1.25257656691e-07	2.22819449489e-15	2.55880063525e-28	0	0	0	0	0	0	0	0	0	0	0	0	0	17.7509326935	0	0	0	0	0	0	0	0	0	0	0	0	0	0	0
Mar 10 2023 19:51:06	3.01018881798	3.19281506538	89.855140686	0.000209967562114	16.4754734039	3.69318771362	79.2772445679	-	0	0	0	0	0	0	0	0	0	0	0	0	0	0	0	0	0	0	0	0	0	0	85.1165771484	0	0	0	0	0	0	0	0	0	0	0	0	0	0	0	0	0	0	0	0	0	14.8834247589	0	0	0	0	0	0	0	0	0	0	0	0	0	0	0
Mar 10 2023 19:51:07	1.96278870106	5.99453020096	54.1140632629	0.000318934471579	14.9281358719	4.44117355347	75.9373626709	-	0	0	0	0	0	0	0	0	0	0	0	0	0	0	0.423365563154	1.0074198246	1.67185795307	2.37959647179	3.09981846809	3.80424904823	4.46607494354	5.05907821655	5.5574464798	5.93725681305	6.17907524109	6.26850128174	6.19599246979	5.9601817131	5.567902565	5.03650617599	4.39343547821	3.67697691917	2.9353120327	2.22370743752	1.59968841076	1.1161904335	0.813681542873	0.717923521996	0.849704563618	1.22767233849	1.82721686363	2.51171183586	2.98507475853	2.82126283646	1.68611741066	0	0	0	0	0	0	0	0	0	0	0	0	0	0	0
Mar 10 2023 19:51:08	2.10156679153	5.53818321228	60.9723472595	0.000305052031763	15.3608989716	4.47662878036	77.6469192505	-	0	0	0	0	0	0	0	0	0	0	0	0	0	0	0.17672893405	0.59766036272	1.21616375446	1.9921246767	2.87826347351	3.82046055794	4.75959730148	5.63296127319	6.37645626068	6.93002128601	7.24560546875	7.29123258591	7.05286359787	6.54174613953	5.79390764236	4.87152528763	3.85656023026	2.84353089333	1.92672407627	1.18362724781	0.658167421818	0.350178569555	0.222530335188	0.242662355304	0.4481754601	0.958496153355	1.86617052555	3.03274893761	3.90189957619	3.59692287445	1.73429811001	0	0	0	0	0	0	0	0	0	0	0	0	0	0	0
Mar 10 2023 19:51:09	2.3443145752	7.88634300232	24.2110710144	0.000265702197794	11.648021698	5.29570865631	82.959274292	-	0	0	0	0	0	0	0	0	0	0	0	0	0	0	0.323141098022	0.694948613644	1.11223840714	1.57036590576	2.06326985359	2.58345723152	3.12183976173	3.66736102104	4.20672559738	4.72466945648	5.20471429825	5.6292757988	5.97952508926	6.23681783676	6.38303518295	6.40224981308	6.28157615662	6.01318693161	5.59637403488	5.03960943222	4.36270570755	3.59884214401	2.79534626007	2.01281428337	1.3208386898	0.78899282217	0.470194905996	0.37651860714	0.45087826252	0.545145213604	0.443365603685	0	0	0	0	0	0	0	0	0	0	0	0	0	0	0
Mar 10 2023 19:51:10	2.06964063644	5.24960517883	13.5155668259	0.0001522378152	6.74857568741	4.14577054977	87.3128356934	-	0	0	0	0	0	0	0	0	0	0	0	0	0	0	0.166378676891	0.604118525982	1.26084530354	2.08427119255	3.01770615578	4.00193500519	4.97753763199	5.88663625717	6.67479038239	7.29418611526	7.70762634277	7.89013957977	7.82936668396	7.52848148346	7.0054359436	6.29341173172	5.43818569183	4.49590349197	3.52909708023	2.6012468338	1.77061259747	1.08374929428	0.569128215313	0.232602477074	0.0559558793902	0.000662697071675	0	0	0	0	0	0	0	0	0	0	0	0	0	0	0	0	0	0	0	0
Mar 10 2023 19:51:11	-1.00000001505e+30	-1.00000001505e+30	-1.00000001505e+30	-1.00000002538e+26	-1.00000001505e+30	-1.00000001505e+30	99.4224014282	-	0	0	0	0	0	0	0	0	0	0	0	0	0	0	0	0	0	0	0	0	0	0	0	0	0	0	0	0	0	0	0	0	0	0	0	0	0	0	0	0	0	0	0	0	0	0	0	0	0	0	0	0	0	0	0	0	0	0	0	0
Mar 10 2023 19:51:12	-1.00000001505e+30	-1.00000001505e+30	-1.00000001505e+30	-1.00000002538e+26	-1.00000001505e+30	-1.00000001505e+30	98.4543914795	-	0	0	0	0	0	0	0	0	0	0	0	0	0	0	0	0	0	0	0	0	0	0	0	0	0	0	0	0	0	0	0	0	0	0	0	0	0	0	0	0	0	0	0	0	0	0	0	0	0	0	0	0	0	0	0	0	0	0	0	0
Mar 10 2023 19:51:13	-1.00000001505e+30	-1.00000001505e+30	-1.00000001505e+30	-1.00000002538e+26	-1.00000001505e+30	-1.00000001505e+30	98.3998031616	-	0	0	0	0	0	0	0	0	0	0	0	0	0	0	0	0	0	0	0	0	0	0	0	0	0	0	0	0	0	0	0	0	0	0	0	0	0	0	0	0	0	0	0	0	0	0	0	0	0	0	0	0	0	0	0	0	0	0	0	0
Mar 10 2023 19:51:14	-1.00000001505e+30	-1.00000001505e+30	-1.00000001505e+30	-1.00000002538e+26	-1.00000001505e+30	-1.00000001505e+30	99.8552017212	-	0	0	0	0	0	0	0	0	0	0	0	0	0	0	0	0	0	0	0	0	0	0	0	0	0	0	0	0	0	0	0	0	0	0	0	0	0	0	0	0	0	0	0	0	0	0	0	0	0	0	0	0	0	0	0	0	0	0	0	0
Mar 10 2023 19:51:15	-1.00000001505e+30	-1.00000001505e+30	-1.00000001505e+30	-1.00000002538e+26	-1.00000001505e+30	-1.00000001505e+30	99.6284255981	-	0	0	0	0	0	0	0	0	0	0	0	0	0	0	0	0	0	0	0	0	0	0	0	0	0	0	0	0	0	0	0	0	0	0	0	0	0	0	0	0	0	0	0	0	0	0	0	0	0	0	0	0	0	0	0	0	0	0	0	0
Mar 10 2023 19:51:16	5.58160638809	6.36304759979	86.4453887939	0.0001752932003	15.5937995911	6.9201874733	91.9509429932	-	0	0	0	0	0	0	0	0	0	0	0	0	0	0	0	0	0	4.77058049195e-39	4.2804575423e-30	8.7153567379e-23	1.00850171302e-16	1.11080858053e-11	1.55274932467e-07	0.000320902006933	0.105405367911	5.49191474915	41.5064239502	38.7044258118	3.3964715004	0.0187057293952	3.44121895068e-06	7.80216863339e-12	4.04719052701e-20	1.95946959002e-32	0	0	0	0	0	0	0	0	0	0	10.7763299942	0	0	0	0	0	0	0	0	0	0	0	0	0	0	0
Mar 10 2023 19:51:17	3.47869491577	4.50202322006	6.33763313293	9.53696799115e-05	10.98777771	4.65064048767	93.2618484497	-	0	0	0	0	0	0	0	0	0	0	0	0	0	0	5.18220222419e-22	2.43268201265e-14	6.71111555217e-10	7.69778750964e-07	0.000139834170113	0.00729385577142	0.149281233549	1.4285261631	7.04967069626	18.9047088623	28.2456092834	23.5152072906	10.5989980698	2.45330810547	0.266848027706	0.0119354911149	0.000178131769644	6.35135108951e-07	3.04064301515e-10	6.25287260256e-15	2.98444407262e-22	8.13607901372e-39	0	0	0	0	0	0	0	3.52328199439e-14	7.36829042435	0	0	0	0	0	0	0	0	0	0	0	0	0	0	0
Mar 10 2023 19:51:18	55.2576026917	73.806968689	91.231262207	0.0021418442484	73.5966644287	70.968170166	91.1675949097	-	0	0	0	0	0	0	0	0	0	0	0	0	0	0	0	0	0	0	0	0	0	0	0	0	0	0	0	0	0	0	0	0	0	0	0	0	0	0	0	0.83283418417	7.46388196945	16.2410526276	24.8612232208	28.7798156738	21.8211917877	0	0	0	0	0	0	0	0	0	0	0	0	0	0	0
Mar 10 2023 19:51:19	3.00891828537	3.18772864342	88.5834960938	0.000251213554293	14.5552139282	3.60587000847	75.2289276123	-	0	0	0	0	0	0	0	0	0	0	0	0	0	0	0	0	0	0	0	0	0	0	87.2633209229	0	0	0	0	0	0	0	0	0	0	0	0	0	0	0	0	0	0	0	0	0	12.7366800308	0	0	0	0	0	0	0	0	0	0	0	0	0	0	0
Mar 10 2023 19:51:20	5.56227350235	5.84507799149	6.16564178467	0.000159227187396	5.84342575073	5.84342575073	91.6817169189	-	0	0	0	0	0	0	0	0	0	0	0	0	0	0	0	0	0	0	0	0	0	0	0	0	0	0	100	9.63066432158e-13	0	0	0	0	0	0	0	0	0	0	0	0	0	0	0	0	0	0	0	0	0	0	0	0	0	0	0	0	0	0	0	0
Mar 10 2023 19:51:21	3.00856566429	3.18631768227	87.9814758301	0.000298390368698	14.0047111511	3.58159399033	71.148399353	-	0	0	0	0	0	0	0	0	0	0	0	0	0	0	0	0	0	0	0	0	0	0	87.8787536621	8.12621237661e-13	0	0	0	0	0	0	0	0	0	0	0	0	0	0	0	0	0	0	0	0	12.1212463379	0	0	0	0	0	0	0	0	0	0	0	0	0	0	0
Mar 10 2023 19:51:22	3.01114845276	3.19666004181	90.5411987305	0.000262183806626	17.8636245728	3.75899004936	75.213470459	-	0	0	0	0	0	0	0	0	0	0	0	0	0	0	0	0	0	0	0	0	0	0	83.5646972656	0	0	0	0	0	0	0	0	0	0	0	0	0	0	0	0	0	0	0	0	0	16.4353027344	0	0	0	0	0	0	0	0	0	0	0	0	0	0	0
Mar 10 2023 19:51:23	3.01014971733	3.19265842438	85.7898406982	0.000326330307871	15.6816596985	3.68905711174	69.6781845093	-	0	0	0	0	0	0	0	0	0	0	0	0	0	0	0	0	0	0	0	0	0	0	85.181060791	0	0	0	0	0	0	0	0	0	0	0	0	0	0	0	1.12824363896e-05	0.000459776812932	0.00849327817559	0.0980983227491	0.764356613159	3.88211989403	10.0654039383	0	0	0	0	0	0	0	0	0	0	0	0	0	0	0
Mar 10 2023 19:51:24	4.29388523102	4.85464096069	5.87532091141	0.000294944358757	11.8419685364	5.16883850098	82.5523910522	-	0	0	0	0	0	0	0	0	0	0	0	0	0	0	0	0	0	7.49208147587e-37	2.55266052021e-26	3.76484927872e-18	9.27252285371e-12	8.12914379367e-07	0.00386544014327	1.24501252174	30.10546875	54.2533340454	6.35471582413	0.0377971194685	7.55131213737e-06	2.7113925688e-11	6.50457662283e-19	2.08006527757e-29	0	0	0	0	0	0	0	0	0	0	0	0	7.99980926514	0	0	0	0	0	0	0	0	0	0	0	0	0	0	0
Mar 10 2023 19:51:25	1.94233965874	6.09419393539	21.3059310913	9.22092513065e-05	11.3132963181	4.35284805298	92.1674728394	-	0	0	0	0	0	0	0	0	0	0	0	0	0	0	0.548046827316	1.13837063313	1.75876450539	2.39591598511	3.03580713272	3.66394901276	4.26530885696	4.82389640808	5.3226017952	5.74399328232	6.07177114487	6.29096698761	6.38773012161	6.35147380829	6.17508459091	5.85692501068	5.40136861801	4.82068872452	4.13657093048	3.38119268417	2.59788417816	1.84101688862	1.17370295525	0.662773728371	0.369270026684	0.333512961864	0.552284836769	0.950900435448	1.35845184326	1.50390470028	1.08588206768	0	0	0	0	0	0	0	0	0	0	0	0	0	0	0
Mar 10 2023 19:51:26	-1.00000001505e+30	-1.00000001505e+30	-1.00000001505e+30	-1.00000002538e+26	-1.00000001505e+30	-1.00000001505e+30	96.6927642822	-	0	0	0	0	0	0	0	0	0	0	0	0	0	0	0	0	0	0	0	0	0	0	0	0	0	0	0	0	0	0	0	0	0	0	0	0	0	0	0	0	0	0	0	0	0	0	0	0	0	0	0	0	0	0	0	0	0	0	0	0
Mar 10 2023 19:51:27	-1.00000001505e+30	-1.00000001505e+30	-1.00000001505e+30	-1.00000002538e+26	-1.00000001505e+30	-1.00000001505e+30	99.9437484741	-	0	0	0	0	0	0	0	0	0	0	0	0	0	0	0	0	0	0	0	0	0	0	0	0	0	0	0	0	0	0	0	0	0	0	0	0	0	0	0	0	0	0	0	0	0	0	0	0	0	0	0	0	0	0	0	0	0	0	0	0
Mar 10 2023 19:51:28	2.77376794815	3.2014605999	88.119468689	8.42331210151e-05	14.1267967224	3.54396772385	91.4456634521	-	0	0	0	0	0	0	0	0	0	0	0	0	0	0	0	1.64407867343e-29	1.97836931861e-18	3.1536634415e-11	2.75047591458e-06	0.00683005061001	1.13649773598	20.1661567688	48.3251571655	17.1914901733	0.910004973412	0.00650406442583	4.967460427e-06	2.74638312092e-10	5.64193876029e-16	1.35404534948e-23	3.87090151973e-34	0	0	0	0	0	0	0	0	0	0	0	0	0	12.2573633194	0	0	0	0	0	0	0	0	0	0	0	0	0	0	0
Mar 10 2023 19:51:29	52.3048934937	68.8678741455	88.5960006714	0.00167402590159	69.7768249512	67.1297302246	92.637512207	-	0	0	0	0	0	0	0	0	0	0	0	0	0	0	0	0	0	0	0	0	0	0	0	0	0	0	0	0	0	0	0	0	0	0	0	0	0	0	0	1.27410149574	12.3644542694	21.5289993286	26.1951503754	24.1099586487	14.5273342133	0	0	0	0	0	0	0	0	0	0	0	0	0	0	0
Mar 10 2023 19:51:30	61.3683738708	80.7651977539	93.6239013672	0.00918858405203	78.8772277832	76.6499862671	69.2967376709	-	0	0	0	0	0	0	0	0	0	0	0	0	0	0	0	0	0	0	0	0	0	0	0	0	0	0	0	0	0	0	0	0	0	0	0	0	0	0	0	0.392205089331	2.90633845329	9.02663516998	19.9597682953	32.8809165955	34.8341369629	0	0	0	0	0	0	0	0	0	0	0	0	0	0	0
Mar 10 2023 19:51:31	3.47585463524	4.54646158218	91.8760147095	0.000470629922347	19.8762073517	5.08206510544	72.9537963867	-	0	0	0	0	0	0	0	0	0	0	0	0	0	0	1.06699919389e-18	1.45824780202e-12	7.14101489052e-09	3.01316936202e-06	0.000297367107123	0.0106889419258	0.175989985466	1.50017666817	7.02061080933	18.3586406708	26.5313358307	20.2584819794	7.42442989349	1.10845398903	0.050026614219	0.000380311626941	1.17064956839e-07	5.48164021024e-15	0	0	0	0	0	0	0	0	0	0	0	0	17.5604858398	0	0	0	0	0	0	0	0	0	0	0	0	0	0	0
Mar 10 2023 19:51:32	4.37094688416	4.95428848267	91.6126708984	0.000481107563246	19.6509723663	5.73834466934	75.325843811	-	0	0	0	0	0	0	0	0	0	0	0	0	0	0	0	0	9.80908925027e-43	1.13362970726e-31	4.0414407559e-23	2.69535942333e-16	8.3038402543e-11	1.92575134861e-06	0.00428351759911	0.996740281582	23.8330783844	51.0727348328	7.20216798782	0.0397109240294	3.41469080922e-06	8.42685296543e-13	1.49112807556e-23	2.80259692865e-43	0	0	0	0	0	0	0	0	0	0	0	0	16.8512821198	0	0	0	0	0	0	0	0	0	0	0	0	0	0	0
Mar 10 2023 19:51:33	54.0944442749	73.1337814331	91.0338897705	0.00531691871583	72.9112167358	70.0980682373	79.2608566284	-	0	0	0	0	0	0	0	0	0	0	0	0	0	0	0	0	0	0	0	0	0	0	0	0	0	0	0	0	0	0	0	0	0	0	0	0	0	0	0	1.78627109528	8.18999290466	16.5094470978	24.5326023102	27.9639186859	21.0177650452	0	0	0	0	0	0	0	0	0	0	0	0	0	0	0
Mar 10 2023 19:51:34	58.0278968811	77.7561264038	92.6751861572	0.0065828487277	76.4680404663	73.9136886597	76.1349029541	-	0	0	0	0	0	0	0	0	0	0	0	0	0	0	0	0	0	0	0	0	0	0	0	0	0	0	0	0	0	0	0	0	0	0	0	0	0	0	0	0.948881983757	4.74780702591	11.9597320557	22.2163963318	31.3290863037	28.7980937958	0	0	0	0	0	0	0	0	0	0	0	0	0	0	0
Mar 10 2023 19:51:35	3.00789189339	3.183624506	86.6276245117	4.03975536756e-05	12.9312820435	3.5351858139	95.4377059937	-	0	0	0	0	0	0	0	0	0	0	0	0	0	0	0	0	0	0	0	0	0	0	89.0787887573	0	0	0	0	0	0	0	0	0	0	0	0	0	0	0	0	0	0	0	0	0	10.9212112427	0	0	0	0	0	0	0	0	0	0	0	0	0	0	0
Mar 10 2023 19:51:36	66.4770965576	84.7675247192	94.7757644653	0.00313008041121	82.5249404907	80.8417053223	88.838508606	-	0	0	0	0	0	0	0	0	0	0	0	0	0	0	0	0	0	0	0	0	0	0	0	0	0	0	0	0	0	0	0	0	0	0	0	0	0	0	0	0.0715113729239	1.04533660412	4.7832493782	14.7894802094	33.0201759338	46.2902488708	0	0	0	0	0	0	0	0	0	0	0	0	0	0	0
Mar 10 2023 19:51:37	66.2308959961	84.5210037231	94.7054748535	0.00311554432847	82.3179550171	80.606628418	88.8565216064	-	0	0	0	0	0	0	0	0	0	0	0	0	0	0	0	0	0	0	0	0	0	0	0	0	0	0	0	0	0	0	0	0	0	0	0	0	0	0	0	0.10167568922	1.10530531406	4.93009138107	15.1038122177	33.3190345764	45.44008255	0	0	0	0	0	0	0	0	0	0	0	0	0	0	0
Mar 10 2023 19:51:38	-1.00000001505e+30	-1.00000001505e+30	-1.00000001505e+30	-1.00000002538e+26	-1.00000001505e+30	-1.00000001505e+30	99.7435836792	-	0	0	0	0	0	0	0	0	0	0	0	0	0	0	0	0	0	0	0	0	0	0	0	0	0	0	0	0	0	0	0	0	0	0	0	0	0	0	0	0	0	0	0	0	0	0	0	0	0	0	0	0	0	0	0	0	0	0	0	0
Mar 10 2023 19:51:39	-1.00000001505e+30	-1.00000001505e+30	-1.00000001505e+30	-1.00000002538e+26	-1.00000001505e+30	-1.00000001505e+30	98.6266403198	-	0	0	0	0	0	0	0	0	0	0	0	0	0	0	0	0	0	0	0	0	0	0	0	0	0	0	0	0	0	0	0	0	0	0	0	0	0	0	0	0	0	0	0	0	0	0	0	0	0	0	0	0	0	0	0	0	0	0	0	0
Mar 10 2023 19:51:40	-1.00000001505e+30	-1.00000001505e+30	-1.00000001505e+30	-1.00000002538e+26	-1.00000001505e+30	-1.00000001505e+30	99.2464294434	-	0	0	0	0	0	0	0	0	0	0	0	0	0	0	0	0	0	0	0	0	0	0	0	0	0	0	0	0	0	0	0	0	0	0	0	0	0	0	0	0	0	0	0	0	0	0	0	0	0	0	0	0	0	0	0	0	0	0	0	0
Mar 10 2023 19:51:41	-1.00000001505e+30	-1.00000001505e+30	-1.00000001505e+30	-1.00000002538e+26	-1.00000001505e+30	-1.00000001505e+30	99.374420166	-	0	0	0	0	0	0	0	0	0	0	0	0	0	0	0	0	0	0	0	0	0	0	0	0	0	0	0	0	0	0	0	0	0	0	0	0	0	0	0	0	0	0	0	0	0	0	0	0	0	0	0	0	0	0	0	0	0	0	0	0
Mar 10 2023 19:51:42	-1.00000001505e+30	-1.00000001505e+30	-1.00000001505e+30	-1.00000002538e+26	-1.00000001505e+30	-1.00000001505e+30	98.9622802734	-	0	0	0	0	0	0	0	0	0	0	0	0	0	0	0	0	0	0	0	0	0	0	0	0	0	0	0	0	0	0	0	0	0	0	0	0	0	0	0	0	0	0	0	0	0	0	0	0	0	0	0	0	0	0	0	0	0	0	0	0
Mar 10 2023 19:51:43	-1.00000001505e+30	-1.00000001505e+30	-1.00000001505e+30	-1.00000002538e+26	-1.00000001505e+30	-1.00000001505e+30	98.9581298828	-	0	0	0	0	0	0	0	0	0	0	0	0	0	0	0	0	0	0	0	0	0	0	0	0	0	0	0	0	0	0	0	0	0	0	0	0	0	0	0	0	0	0	0	0	0	0	0	0	0	0	0	0	0	0	0	0	0	0	0	0
Mar 10 2023 19:51:44	-1.00000001505e+30	-1.00000001505e+30	-1.00000001505e+30	-1.00000002538e+26	-1.00000001505e+30	-1.00000001505e+30	99.7706375122	-	0	0	0	0	0	0	0	0	0	0	0	0	0	0	0	0	0	0	0	0	0	0	0	0	0	0	0	0	0	0	0	0	0	0	0	0	0	0	0	0	0	0	0	0	0	0	0	0	0	0	0	0	0	0	0	0	0	0	0	0
Mar 10 2023 19:51:45	-1.00000001505e+30	-1.00000001505e+30	-1.00000001505e+30	-1.00000002538e+26	-1.00000001505e+30	-1.00000001505e+30	99.3616943359	-	0	0	0	0	0	0	0	0	0	0	0	0	0	0	0	0	0	0	0	0	0	0	0	0	0	0	0	0	0	0	0	0	0	0	0	0	0	0	0	0	0	0	0	0	0	0	0	0	0	0	0	0	0	0	0	0	0	0	0	0
Mar 10 2023 19:51:46	-1.00000001505e+30	-1.00000001505e+30	-1.00000001505e+30	-1.00000002538e+26	-1.00000001505e+30	-1.00000001505e+30	99.2488021851	-	0	0	0	0	0	0	0	0	0	0	0	0	0	0	0	0	0	0	0	0	0	0	0	0	0	0	0	0	0	0	0	0	0	0	0	0	0	0	0	0	0	0	0	0	0	0	0	0	0	0	0	0	0	0	0	0	0	0	0	0
Mar 10 2023 19:51:47	-1.00000001505e+30	-1.00000001505e+30	-1.00000001505e+30	-1.00000002538e+26	-1.00000001505e+30	-1.00000001505e+30	99.8001251221	-	0	0	0	0	0	0	0	0	0	0	0	0	0	0	0	0	0	0	0	0	0	0	0	0	0	0	0	0	0	0	0	0	0	0	0	0	0	0	0	0	0	0	0	0	0	0	0	0	0	0	0	0	0	0	0	0	0	0	0	0
Mar 10 2023 19:51:48	-1.00000001505e+30	-1.00000001505e+30	-1.00000001505e+30	-1.00000002538e+26	-1.00000001505e+30	-1.00000001505e+30	99.7051467896	-	0	0	0	0	0	0	0	0	0	0	0	0	0	0	0	0	0	0	0	0	0	0	0	0	0	0	0	0	0	0	0	0	0	0	0	0	0	0	0	0	0	0	0	0	0	0	0	0	0	0	0	0	0	0	0	0	0	0	0	0
Mar 10 2023 19:51:49	-1.00000001505e+30	-1.00000001505e+30	-1.00000001505e+30	-1.00000002538e+26	-1.00000001505e+30	-1.00000001505e+30	99.4727630615	-	0	0	0	0	0	0	0	0	0	0	0	0	0	0	0	0	0	0	0	0	0	0	0	0	0	0	0	0	0	0	0	0	0	0	0	0	0	0	0	0	0	0	0	0	0	0	0	0	0	0	0	0	0	0	0	0	0	0	0	0
Mar 10 2023 19:51:50	-1.00000001505e+30	-1.00000001505e+30	-1.00000001505e+30	-1.00000002538e+26	-1.00000001505e+30	-1.00000001505e+30	99.8583068848	-	0	0	0	0	0	0	0	0	0	0	0	0	0	0	0	0	0	0	0	0	0	0	0	0	0	0	0	0	0	0	0	0	0	0	0	0	0	0	0	0	0	0	0	0	0	0	0	0	0	0	0	0	0	0	0	0	0	0	0	0
Mar 10 2023 19:51:51	-1.00000001505e+30	-1.00000001505e+30	-1.00000001505e+30	-1.00000002538e+26	-1.00000001505e+30	-1.00000001505e+30	99.9833908081	-	0	0	0	0	0	0	0	0	0	0	0	0	0	0	0	0	0	0	0	0	0	0	0	0	0	0	0	0	0	0	0	0	0	0	0	0	0	0	0	0	0	0	0	0	0	0	0	0	0	0	0	0	0	0	0	0	0	0	0	0
Mar 10 2023 19:51:52	-1.00000001505e+30	-1.00000001505e+30	-1.00000001505e+30	-1.00000002538e+26	-1.00000001505e+30	-1.00000001505e+30	99.9639816284	-	0	0	0	0	0	0	0	0	0	0	0	0	0	0	0	0	0	0	0	0	0	0	0	0	0	0	0	0	0	0	0	0	0	0	0	0	0	0	0	0	0	0	0	0	0	0	0	0	0	0	0	0	0	0	0	0	0	0	0	0
Mar 10 2023 19:51:53	-1.00000001505e+30	-1.00000001505e+30	-1.00000001505e+30	-1.00000002538e+26	-1.00000001505e+30	-1.00000001505e+30	99.9566497803	-	0	0	0	0	0	0	0	0	0	0	0	0	0	0	0	0	0	0	0	0	0	0	0	0	0	0	0	0	0	0	0	0	0	0	0	0	0	0	0	0	0	0	0	0	0	0	0	0	0	0	0	0	0	0	0	0	0	0	0	0
Mar 10 2023 19:51:54	-1.00000001505e+30	-1.00000001505e+30	-1.00000001505e+30	-1.00000002538e+26	-1.00000001505e+30	-1.00000001505e+30	99.9563446045	-	0	0	0	0	0	0	0	0	0	0	0	0	0	0	0	0	0	0	0	0	0	0	0	0	0	0	0	0	0	0	0	0	0	0	0	0	0	0	0	0	0	0	0	0	0	0	0	0	0	0	0	0	0	0	0	0	0	0	0	0
Mar 10 2023 19:51:55	-1.00000001505e+30	-1.00000001505e+30	-1.00000001505e+30	-1.00000002538e+26	-1.00000001505e+30	-1.00000001505e+30	99.9901504517	-	0	0	0	0	0	0	0	0	0	0	0	0	0	0	0	0	0	0	0	0	0	0	0	0	0	0	0	0	0	0	0	0	0	0	0	0	0	0	0	0	0	0	0	0	0	0	0	0	0	0	0	0	0	0	0	0	0	0	0	0
Mar 10 2023 19:51:56	-1.00000001505e+30	-1.00000001505e+30	-1.00000001505e+30	-1.00000002538e+26	-1.00000001505e+30	-1.00000001505e+30	99.99269104	-	0	0	0	0	0	0	0	0	0	0	0	0	0	0	0	0	0	0	0	0	0	0	0	0	0	0	0	0	0	0	0	0	0	0	0	0	0	0	0	0	0	0	0	0	0	0	0	0	0	0	0	0	0	0	0	0	0	0	0	0
Mar 10 2023 19:51:57	-1.00000001505e+30	-1.00000001505e+30	-1.00000001505e+30	-1.00000002538e+26	-1.00000001505e+30	-1.00000001505e+30	99.9479980469	-	0	0	0	0	0	0	0	0	0	0	0	0	0	0	0	0	0	0	0	0	0	0	0	0	0	0	0	0	0	0	0	0	0	0	0	0	0	0	0	0	0	0	0	0	0	0	0	0	0	0	0	0	0	0	0	0	0	0	0	0
Mar 10 2023 19:51:58	-1.00000001505e+30	-1.00000001505e+30	-1.00000001505e+30	-1.00000002538e+26	-1.00000001505e+30	-1.00000001505e+30	99.9588317871	-	0	0	0	0	0	0	0	0	0	0	0	0	0	0	0	0	0	0	0	0	0	0	0	0	0	0	0	0	0	0	0	0	0	0	0	0	0	0	0	0	0	0	0	0	0	0	0	0	0	0	0	0	0	0	0	0	0	0	0	0
