Date-Time	Dx(10)	Dx(50)	Dx(90)	Cv(%)	D[4][3]	D[3][2]	Transmission	0.10000020	0.11659167	0.13593590	0.15848963	0.18478534	0.21544389	0.25118914	0.29286504	0.34145555	0.39810795	0.46415979	0.54117060	0.63095856	0.73564368	0.85769761	1.00000191	1.16591668	1.35935903	1.58489633	1.84785342	2.15443897	2.51189137	2.92865038	3.41455555	3.98107958	4.64159775	5.41170597	6.30958605	7.35643721	8.57697582	10.00002003	11.65916729	13.59359074	15.84896278	18.47853470	21.54438972	25.11891365	29.28650284	34.14555740	39.81079483	46.41598129	54.11705780	63.09585953	73.56436920	85.76976013	100.00019836	116.59166718	135.93591309	158.48962402	184.78533936	215.44389343	251.18913269	292.86502075	341.45556641	398.10794067	464.15979004	541.17059326	630.95855713	735.64367676	857.69757080	1000.00195313
Mar 10 2023 19:47:37	87.7202301025	92.6304779053	97.8059234619	0.00242964085191	92.6120529175	92.6120529175	92.2929916382	-	0	0	0	0	0	0	0	0	0	0	0	0	0	0	0	0	0	0	0	0	0	0	0	0	0	0	0	0	0	0	0	0	0	0	0	0	0	0	0	0	0	0	1.57188515185e-30	1.64573313744e-12	100	0	0	0	0	0	0	0	0	0	0	0	0	0	0	0
Mar 10 2023 19:47:38	59.2069740295	81.3897628784	93.9415435791	0.00336644658819	78.537399292	75.5698776245	87.2559585571	-	0	0	0	0	0	0	0	0	0	0	0	0	0	0	0	0	0	0	0	0	0	0	0	0	0	0	0	0	0	0	0	0	0	0	0.000386873725802	0.00764978537336	0.0395353920758	0.151856586337	0.495084047318	1.4302393198	3.71633553505	8.676030159	17.8603687286	30.7127475739	36.9097671509	0	0	0	0	0	0	0	0	0	0	0	0	0	0	0
Mar 10 2023 19:47:39	62.9766960144	83.6900558472	94.5483627319	0.00432389136404	80.8188476563	78.4073944092	84.479598999	-	0	0	0	0	0	0	0	0	0	0	0	0	0	0	0	0	0	0	0	0	0	0	0	0	0	0	0	0	0	0	0	0	0	0	1.11635308713e-05	0.00187101599295	0.0124691650271	0.0586508773267	0.229723662138	0.78804910183	2.41023087502	6.57484006882	15.713848114	31.1883869171	43.0219306946	0	0	0	0	0	0	0	0	0	0	0	0	0	0	0
Mar 10 2023 19:47:40	21.9820022583	50.2507133484	82.3988494873	0.00102118926588	51.2197341919	39.1386985779	92.2158432007	-	0	0	0	0	0	0	0	0	0	0	0	0	0	0	0	0	0	0	0	0	0	0	0	0	0	0	0.0341135412455	0.119867093861	0.251585841179	0.444300830364	0.716083288193	1.08809149265	1.58430540562	2.23074436188	3.05374264717	4.07665920258	5.3140835762	6.76212024689	8.38250255585	10.0779428482	11.6556196213	12.7792816162	12.9190654755	11.3322563171	7.17763328552	0	0	0	0	0	0	0	0	0	0	0	0	0	0	0
Mar 10 2023 19:47:41	68.9083099365	86.6971130371	95.3414077759	0.00520105101168	84.3407897949	82.7502593994	82.5246658325	-	0	0	0	0	0	0	0	0	0	0	0	0	0	0	0	0	0	0	0	0	0	0	0	0	0	0	0	0	0	0	0	0	0	0	0	7.15353089618e-05	0.000868076109327	0.00655863713473	0.0392510034144	0.198917016387	0.87505030632	3.35647726059	11.0595598221	29.7393169403	54.7239303589	0	0	0	0	0	0	0	0	0	0	0	0	0	0	0
Mar 10 2023 19:47:42	59.3125343323	81.4573974609	93.9577865601	0.00314635410905	78.5968933105	75.6442108154	88.048324585	-	0	0	0	0	0	0	0	0	0	0	0	0	0	0	0	0	0	0	0	0	0	0	0	0	0	0	0	0	0	0	0	0	0	0	0.000365234795026	0.00742893805727	0.0385760702193	0.14871506393	0.48655384779	1.41064929962	3.67898488045	8.62118530273	17.8138637543	30.7408180237	37.0528678894	0	0	0	0	0	0	0	0	0	0	0	0	0	0	0
Mar 10 2023 19:47:43	84.1048049927	91.5602798462	97.3599090576	0.00358432601206	90.9000778198	90.6157150269	88.6165161133	-	0	0	0	0	0	0	0	0	0	0	0	0	0	0	0	0	0	0	0	0	0	0	0	0	0	0	0	0	0	0	0	0	0	0	0	4.29223984914e-13	1.41333833525e-10	1.46977985338e-08	9.44450391671e-07	4.33899804193e-05	0.00150458177086	0.0400302670896	0.804677426815	11.3864564896	87.767288208	0	0	0	0	0	0	0	0	0	0	0	0	0	0	0
Mar 10 2023 19:47:44	-1.00000001505e+30	-1.00000001505e+30	-1.00000001505e+30	-1.00000002538e+26	-1.00000001505e+30	-1.00000001505e+30	98.1446304321	-	0	0	0	0	0	0	0	0	0	0	0	0	0	0	0	0	0	0	0	0	0	0	0	0	0	0	0	0	0	0	0	0	0	0	0	0	0	0	0	0	0	0	0	0	0	0	0	0	0	0	0	0	0	0	0	0	0	0	0	0
Mar 10 2023 19:47:45	66.7553329468	85.8083877563	95.0865020752	0.00317919254303	83.1437072754	81.2871704102	88.7320251465	-	0	0	0	0	0	0	0	0	0	0	0	0	0	0	0	0	0	0	0	0	0	0	0	0	0	0	0	0	0	0	0	0	0	0	0	0.000240026522079	0.00236245733686	0.0150952022523	0.0775353610516	0.340484052896	1.30771505833	4.40776395798	12.8352508545	30.6596393585	50.3539161682	0	0	0	0	0	0	0	0	0	0	0	0	0	0	0
Mar 10 2023 19:47:46	67.4865493774	86.1072769165	95.1734924316	0.00346896285191	83.5427703857	81.7757644653	87.8398208618	-	0	0	0	0	0	0	0	0	0	0	0	0	0	0	0	0	0	0	0	0	0	0	0	0	0	0	0	0	0	0	0	0	0	0	0	0.000162498254213	0.00171676150057	0.0115895308554	0.0625484362245	0.287593126297	1.15337657928	4.05000066757	12.2621059418	30.4041900635	51.7667160034	0	0	0	0	0	0	0	0	0	0	0	0	0	0	0
Mar 10 2023 19:47:47	52.0166511536	76.2335128784	92.5114593506	0.00221844296902	74.0898208618	69.9935302734	90.745552063	-	0	0	0	0	0	0	0	0	0	0	0	0	0	0	0	0	0	0	0	0	0	0	0	0	0	0	0	0	0	0	0	0	0	0	0.00948821101338	0.0593644864857	0.207007601857	0.582891583443	1.44043183327	3.21877527237	6.56676578522	12.1835041046	20.1389083862	28.0581703186	27.5346908569	0	0	0	0	0	0	0	0	0	0	0	0	0	0	0
Mar 10 2023 19:47:48	42.2255401611	68.3370742798	90.1434936523	0.00298210908659	67.2211532593	61.3028068542	86.1252365112	-	0	0	0	0	0	0	0	0	0	0	0	0	0	0	0	0	0	0	0	0	0	0	0	0	0	0	0	0	0	0	0	0	0	0.0281306616962	0.171826377511	0.483026623726	1.08445346355	2.15277934074	3.91609215736	6.61924648285	10.4200229645	15.1560592651	19.9046440125	22.292263031	17.7714576721	0	0	0	0	0	0	0	0	0	0	0	0	0	0	0
Mar 10 2023 19:47:49	61.1564598083	82.6410293579	94.2644958496	0.00730996392667	79.7144241333	77.0361862183	74.804397583	-	0	0	0	0	0	0	0	0	0	0	0	0	0	0	0	0	0	0	0	0	0	0	0	0	0	0	0	0	0	0	0	0	0	0	0.000104376769741	0.00384750263765	0.0225313473493	0.0956364050508	0.341265708208	1.07267546654	3.01903152466	7.60580158234	16.8413887024	31.0616817474	39.9360351563	0	0	0	0	0	0	0	0	0	0	0	0	0	0	0
Mar 10 2023 19:47:50	87.7202301025	92.6304779053	97.8059234619	0.0053576878272	92.6120529175	92.6120529175	83.7900314331	-	0	0	0	0	0	0	0	0	0	0	0	0	0	0	0	0	0	0	0	0	0	0	0	0	0	0	0	0	0	0	0	0	0	0	0	0	0	0	0	0	0	0	0	0	100	0	0	0	0	0	0	0	0	0	0	0	0	0	0	0
Mar 10 2023 19:47:51	45.9229698181	71.3082046509	91.1209487915	0.00152746390086	69.8734588623	64.6972351074	93.0133666992	-	0	0	0	0	0	0	0	0	0	0	0	0	0	0	0	0	0	0	0	0	0	0	0	0	0	0	0	0	0	0	0	0	0	0	0.0628767907619	0.233680307865	0.619405150414	1.39971470833	2.84436988831	5.30523109436	9.1324005127	14.4209165573	20.4394721985	24.5823764801	20.9595584869	0	0	0	0	0	0	0	0	0	0	0	0	0	0	0
Mar 10 2023 19:47:52	42.1338768005	68.3165740967	90.1413650513	0.00155048049055	67.1864089966	61.2253570557	92.5184936523	-	0	0	0	0	0	0	0	0	0	0	0	0	0	0	0	0	0	0	0	0	0	0	0	0	0	0	0	0	0	0	0	0	0	0.0377989448607	0.184483915567	0.498321413994	1.10111534595	2.16835856438	3.92700505257	6.62144804001	10.4105815887	15.1355161667	19.8790588379	22.2721309662	17.7641792297	0	0	0	0	0	0	0	0	0	0	0	0	0	0	0
Mar 10 2023 19:47:53	87.7202301025	92.6304779053	97.8059234619	0.00541581166908	92.6120529175	92.6120529175	83.6294174194	-	0	0	0	0	0	0	0	0	0	0	0	0	0	0	0	0	0	0	0	0	0	0	0	0	0	0	0	0	0	0	0	0	0	0	0	0	0	0	0	0	0	0	0	0	100	0	0	0	0	0	0	0	0	0	0	0	0	0	0	0
Mar 10 2023 19:47:54	87.7202301025	92.6304779053	97.8059234619	0.00525975739583	92.6120529175	92.6120529175	84.0613327026	-	0	0	0	0	0	0	0	0	0	0	0	0	0	0	0	0	0	0	0	0	0	0	0	0	0	0	0	0	0	0	0	0	0	0	0	0	0	0	0	0	0	0	8.72711617963e-34	6.60189947415e-14	100	0	0	0	0	0	0	0	0	0	0	0	0	0	0	0
Mar 10 2023 19:47:55	87.1107788086	92.3407974243	97.6802520752	0.00423515401781	92.3115692139	92.2622451782	86.9085998535	-	0	0	0	0	0	0	0	0	0	0	0	0	0	0	0	0	0	0	0	0	0	0	0	0	0	0	0	0	0	0	0	0	0	0	0	1.98096199047e-25	1.12822289907e-20	6.62342971759e-17	1.55283053668e-13	1.93097843271e-10	1.41372950679e-07	6.29082351224e-05	0.016536841169	2.24912500381	97.7342758179	0	0	0	0	0	0	0	0	0	0	0	0	0	0	0
Mar 10 2023 19:47:56	72.4725265503	87.8718338013	95.6599197388	0.0024165820796	85.9588012695	84.7144393921	91.6539077759	-	0	0	0	0	0	0	0	0	0	0	0	0	0	0	0	0	0	0	0	0	0	0	0	0	0	0	0	0	0	0	0	0	0	0	0	9.60178385867e-06	0.000162971497048	0.00161838287022	0.0124503597617	0.0799023211002	0.439757376909	2.08838009834	8.44051837921	27.6078662872	61.329334259	0	0	0	0	0	0	0	0	0	0	0	0	0	0	0
Mar 10 2023 19:47:57	87.7202301025	92.6304779053	97.8059234619	0.00352841359563	92.6120529175	92.6120529175	89.0054855347	-	0	0	0	0	0	0	0	0	0	0	0	0	0	0	0	0	0	0	0	0	0	0	0	0	0	0	0	0	0	0	0	0	0	0	0	0	0	0	0	0	0	0	1.34757139873e-35	1.06592845309e-14	100	0	0	0	0	0	0	0	0	0	0	0	0	0	0	0
Mar 10 2023 19:47:58	54.5252494812	78.1525497437	93.0713195801	0.00312129198574	75.7064666748	72.0278930664	87.5715942383	-	0	0	0	0	0	0	0	0	0	0	0	0	0	0	0	0	0	0	0	0	0	0	0	0	0	0	0	0	0	0	0	0	0	0	0.00338497455232	0.0302176885307	0.121011935174	0.378854244947	1.02725088596	2.49892163277	5.51864767075	11.0338802338	19.5822162628	29.2030963898	30.6025180817	0	0	0	0	0	0	0	0	0	0	0	0	0	0	0
Mar 10 2023 19:47:59	36.5583686829	63.2232170105	88.1562652588	0.000628479581792	62.7403144836	55.7157783508	96.589805603	-	0	0	0	0	0	0	0	0	0	0	0	0	0	0	0	0	0	0	0	0	0	0	0	0	0	0	0	0	0	0	0	0	0	0.182214275002	0.539122879505	1.16001582146	2.15961480141	3.66713476181	5.80180263519	8.62108421326	12.024561882	15.5938119888	18.3578567505	18.5221767426	13.3706035614	0	0	0	0	0	0	0	0	0	0	0	0	0	0	0
Mar 10 2023 19:48:00	87.7202301025	92.6304779053	97.8059234619	0.00669747311622	92.6120529175	92.6120529175	80.1650772095	-	0	0	0	0	0	0	0	0	0	0	0	0	0	0	0	0	0	0	0	0	0	0	0	0	0	0	0	0	0	0	0	0	0	0	0	0	0	0	0	0	0	0	0	0	100	0	0	0	0	0	0	0	0	0	0	0	0	0	0	0
Mar 10 2023 19:48:01	68.2119827271	86.4193267822	95.2629318237	0.0027241029311	83.9636764526	82.2902526855	90.3779296875	-	0	0	0	0	0	0	0	0	0	0	0	0	0	0	0	0	0	0	0	0	0	0	0	0	0	0	0	0	0	0	0	0	0	0	0	0.000106607272755	0.0012104480993	0.00865768175572	0.0492656193674	0.238103494048	1.00133156776	3.67950606346	11.6363449097	30.0828552246	53.3026199341	0	0	0	0	0	0	0	0	0	0	0	0	0	0	0
Mar 10 2023 19:48:02	34.7139549255	61.8235740662	87.638168335	0.00217197323218	61.4346427917	53.8471488953	88.3228683472	-	0	0	0	0	0	0	0	0	0	0	0	0	0	0	0	0	0	0	0	0	0	0	0	0	0	0	0	0	0	0	0	0	0.100525572896	0.35099118948	0.787860035896	1.49491095543	2.57268238068	4.12859678268	6.25302553177	8.97118473053	12.156085968	15.3862924576	17.7418460846	17.5779762268	12.4780330658	0	0	0	0	0	0	0	0	0	0	0	0	0	0	0
Mar 10 2023 19:48:03	87.7202301025	92.6304779053	97.8059234619	0.0051035694778	92.6120529175	92.6120529175	84.4958496094	-	0	0	0	0	0	0	0	0	0	0	0	0	0	0	0	0	0	0	0	0	0	0	0	0	0	0	0	0	0	0	0	0	0	0	0	0	0	0	0	0	0	0	0	0	100	0	0	0	0	0	0	0	0	0	0	0	0	0	0	0
Mar 10 2023 19:48:04	87.7202301025	92.6304779053	97.8059234619	0.00422960240394	92.6120529175	92.6120529175	86.9690093994	-	0	0	0	0	0	0	0	0	0	0	0	0	0	0	0	0	0	0	0	0	0	0	0	0	0	0	0	0	0	0	0	0	0	0	0	0	0	0	0	0	0	0	0	0	100	0	0	0	0	0	0	0	0	0	0	0	0	0	0	0
Mar 10 2023 19:48:05	34.7873725891	61.9479904175	87.6933441162	0.00317113683559	61.526550293	53.9304122925	83.4426803589	-	0	0	0	0	0	0	0	0	0	0	0	0	0	0	0	0	0	0	0	0	0	0	0	0	0	0	0	0	0	0	0	0	0.107091829181	0.354314744473	0.785202801228	1.48317050934	2.54909014702	4.0919470787	6.20545244217	8.92018795013	12.1158647537	15.3764162064	17.7800617218	17.6635608673	12.567647934	0	0	0	0	0	0	0	0	0	0	0	0	0	0	0
Mar 10 2023 19:48:06	61.2872467041	82.714050293	94.2845153809	0.00379584985785	79.7927017212	77.1337509155	86.023727417	-	0	0	0	0	0	0	0	0	0	0	0	0	0	0	0	0	0	0	0	0	0	0	0	0	0	0	0	0	0	0	0	0	0	0	9.12698160391e-05	0.00368074513972	0.0217204131186	0.0927038341761	0.332522004843	1.05068194866	2.9730682373	7.53115653992	16.7673530579	31.085401535	40.141620636	0	0	0	0	0	0	0	0	0	0	0	0	0	0	0
Mar 10 2023 19:48:07	87.7202301025	92.6304779053	97.8059234619	0.00479152984917	92.6120529175	92.6120529175	85.3706817627	-	0	0	0	0	0	0	0	0	0	0	0	0	0	0	0	0	0	0	0	0	0	0	0	0	0	0	0	0	0	0	0	0	0	0	0	0	0	0	0	0	0	0	5.98330606498e-36	7.40257244473e-15	100	0	0	0	0	0	0	0	0	0	0	0	0	0	0	0
Mar 10 2023 19:48:08	66.7746124268	85.8159179688	95.0886764526	0.00452106865123	83.1542358398	81.3003082275	84.3680953979	-	0	0	0	0	0	0	0	0	0	0	0	0	0	0	0	0	0	0	0	0	0	0	0	0	0	0	0	0	0	0	0	0	0	0	0	0.000234635153902	0.00233384058811	0.0149665270001	0.0770389586687	0.338845849037	1.30318832397	4.39787149429	12.8207998276	30.6558818817	50.388835907	0	0	0	0	0	0	0	0	0	0	0	0	0	0	0
Mar 10 2023 19:48:09	27.7197418213	54.8496742249	84.4780883789	0.000582522770856	55.4447212219	46.1204032898	96.1732635498	-	0	0	0	0	0	0	0	0	0	0	0	0	0	0	0	0	0	0	0	0	0	0	0	0	0	0	0	0	0	0	0.0397786274552	0.285576015711	0.668777048588	1.23120224476	2.01848912239	3.07597565651	4.44118881226	6.13099479675	8.12059307098	10.3107976913	12.4794960022	14.2164258957	14.8504276276	13.4076414108	8.72263622284	0	0	0	0	0	0	0	0	0	0	0	0	0	0	0
Mar 10 2023 19:48:10	87.7202301025	92.6304779053	97.8059234619	0.00762306666002	92.6120529175	92.6120529175	77.7527770996	-	0	0	0	0	0	0	0	0	0	0	0	0	0	0	0	0	0	0	0	0	0	0	0	0	0	0	0	0	0	0	0	0	0	0	0	0	0	0	0	0	0	0	8.00356910099e-34	6.20647196831e-14	100	0	0	0	0	0	0	0	0	0	0	0	0	0	0	0
Mar 10 2023 19:48:11	87.7202301025	92.6304779053	97.8059234619	0.00649598240852	92.6120529175	92.6120529175	80.7000427246	-	0	0	0	0	0	0	0	0	0	0	0	0	0	0	0	0	0	0	0	0	0	0	0	0	0	0	0	0	0	0	0	0	0	0	0	0	0	0	0	0	0	0	0	0	100	0	0	0	0	0	0	0	0	0	0	0	0	0	0	0
Mar 10 2023 19:48:12	62.1425018311	83.1898269653	94.415473938	0.00216468027793	80.29296875	77.7546691895	91.8368225098	-	0	0	0	0	0	0	0	0	0	0	0	0	0	0	0	0	0	0	0	0	0	0	0	0	0	0	0	0	0	0	0	0	0	0	5.15472311235e-05	0.00269299466163	0.016744511202	0.0747378692031	0.279377132654	0.917670965195	2.69388079643	7.06701803207	16.2703781128	31.1554756165	41.5219726563	0	0	0	0	0	0	0	0	0	0	0	0	0	0	0
Mar 10 2023 19:48:13	64.410446167	84.5158157349	94.7557678223	0.00466640247032	81.7006835938	79.5134811401	83.5731201172	-	0	0	0	0	0	0	0	0	0	0	0	0	0	0	0	0	0	0	0	0	0	0	0	0	0	0	0	0	0	0	0	0	0	0	0	0.000814291590359	0.00648448709399	0.0349260605872	0.153493404388	0.582272648811	1.94643676281	5.7467212677	14.7421722412	31.1877212524	45.5989608765	0	0	0	0	0	0	0	0	0	0	0	0	0	0	0
Mar 10 2023 19:48:14	87.7202301025	92.6304779053	97.8059234619	0.00526474555954	92.6120529175	92.6120529175	84.047492981	-	0	0	0	0	0	0	0	0	0	0	0	0	0	0	0	0	0	0	0	0	0	0	0	0	0	0	0	0	0	0	0	0	0	0	0	0	0	0	0	0	0	0	1.81895488033e-30	1.75489061217e-12	100	0	0	0	0	0	0	0	0	0	0	0	0	0	0	0
Mar 10 2023 19:48:15	87.7202301025	92.6304779053	97.8059234619	0.00430696550757	92.6120529175	92.6120529175	86.7472000122	-	0	0	0	0	0	0	0	0	0	0	0	0	0	0	0	0	0	0	0	0	0	0	0	0	0	0	0	0	0	0	0	0	0	0	0	0	0	0	0	0	0	0	0	0	100	0	0	0	0	0	0	0	0	0	0	0	0	0	0	0
Mar 10 2023 19:48:16	86.3784332275	92.0737228394	97.5727767944	0.00500865792856	91.8183670044	91.6885604858	84.6245498657	-	0	0	0	0	0	0	0	0	0	0	0	0	0	0	0	0	0	0	0	0	0	0	0	0	0	0	0	0	0	0	0	0	0	0	0	1.46379545898e-18	4.79428017333e-15	3.00997226275e-12	9.59168189318e-10	1.91005426586e-07	2.56662697211e-05	0.00238202116452	0.149434387684	5.73844718933	94.1097106934	0	0	0	0	0	0	0	0	0	0	0	0	0	0	0
Mar 10 2023 19:48:17	87.7202301025	92.6304779053	97.8059234619	0.0064533026889	92.6120529175	92.6120529175	80.8138198853	-	0	0	0	0	0	0	0	0	0	0	0	0	0	0	0	0	0	0	0	0	0	0	0	0	0	0	0	0	0	0	0	0	0	0	0	0	0	0	0	0	0	0	0	0	100	0	0	0	0	0	0	0	0	0	0	0	0	0	0	0
Mar 10 2023 19:48:18	87.7202301025	92.6304779053	97.8059234619	0.00327937700786	92.6120529175	92.6120529175	89.7401809692	-	0	0	0	0	0	0	0	0	0	0	0	0	0	0	0	0	0	0	0	0	0	0	0	0	0	0	0	0	0	0	0	0	0	0	0	0	0	0	0	0	0	0	0	0	100	0	0	0	0	0	0	0	0	0	0	0	0	0	0	0
Mar 10 2023 19:48:19	68.1766281128	86.4051971436	95.2589416504	0.00540955970064	83.9441146851	82.2662277222	81.7941589355	-	0	0	0	0	0	0	0	0	0	0	0	0	0	0	0	0	0	0	0	0	0	0	0	0	0	0	0	0	0	0	0	0	0	0	0	0.000109049244202	0.00123072974384	0.00877731572837	0.0498299077153	0.24029956758	1.00834488869	3.69706368446	11.6660995483	30.0965671539	53.2316818237	0	0	0	0	0	0	0	0	0	0	0	0	0	0	0
Mar 10 2023 19:48:20	59.1956100464	81.3813095093	93.939453125	0.00644917273894	78.5304718018	75.5617218018	77.0136108398	-	0	0	0	0	0	0	0	0	0	0	0	0	0	0	0	0	0	0	0	0	0	0	0	0	0	0	0	0	0	0	0	0	0	0	0.000368224427802	0.00762651674449	0.0395459458232	0.152040317655	0.495805859566	1.4322296381	3.72060084343	8.68290519714	17.8669548035	30.7102985382	36.8916244507	0	0	0	0	0	0	0	0	0	0	0	0	0	0	0
Mar 10 2023 19:48:21	62.0613479614	83.1470718384	94.404045105	0.00328226806596	80.2478408813	77.6990356445	87.8784255981	-	0	0	0	0	0	0	0	0	0	0	0	0	0	0	0	0	0	0	0	0	0	0	0	0	0	0	0	0	0	0	0	0	0	0	4.52465246781e-05	0.0027350273449	0.0170449409634	0.0760043635964	0.283541917801	0.928975522518	2.71913027763	7.11079597473	16.3178100586	31.1471042633	41.396812439	0	0	0	0	0	0	0	0	0	0	0	0	0	0	0
Mar 10 2023 19:48:22	59.1611061096	81.3583602905	93.9338912964	0.00203959201463	78.5105209351	75.5370788574	92.0691986084	-	0	0	0	0	0	0	0	0	0	0	0	0	0	0	0	0	0	0	0	0	0	0	0	0	0	0	0	0	0	0	0	0	0	0	0.000363808212569	0.00767414085567	0.0398144908249	0.153001323342	0.498534977436	1.43866991997	3.73311161995	8.70155143738	17.8830776215	30.7011928558	36.843006134	0	0	0	0	0	0	0	0	0	0	0	0	0	0	0
Mar 10 2023 19:48:23	45.3888130188	70.9852905273	91.0323867798	0.00226721120998	69.5575714111	64.2507781982	89.7390975952	-	0	0	0	0	0	0	0	0	0	0	0	0	0	0	0	0	0	0	0	0	0	0	0	0	0	0	0	0	0	0	0	0	0	0.00339129613712	0.0793561711907	0.270324140787	0.685303747654	1.50170218945	2.98151469231	5.46131229401	9.26870822906	14.4753036499	20.3427658081	24.308052063	20.6222667694	0	0	0	0	0	0	0	0	0	0	0	0	0	0	0
Mar 10 2023 19:48:24	87.7202301025	92.6304779053	97.8059234619	0.00692369882017	92.6120529175	92.6120529175	79.5686569214	-	0	0	0	0	0	0	0	0	0	0	0	0	0	0	0	0	0	0	0	0	0	0	0	0	0	0	0	0	0	0	0	0	0	0	0	0	0	0	0	0	0	0	0	0	100	0	0	0	0	0	0	0	0	0	0	0	0	0	0	0
Mar 10 2023 19:48:25	87.7202301025	92.6304779053	97.8059234619	0.00809950567782	92.6120529175	92.6120529175	76.5395202637	-	0	0	0	0	0	0	0	0	0	0	0	0	0	0	0	0	0	0	0	0	0	0	0	0	0	0	0	0	0	0	0	0	0	0	0	0	0	0	0	0	0	0	0	0	100	0	0	0	0	0	0	0	0	0	0	0	0	0	0	0
Mar 10 2023 19:48:26	87.7202301025	92.6304779053	97.8059234619	0.00561479059979	92.6120529175	92.6120529175	83.0819168091	-	0	0	0	0	0	0	0	0	0	0	0	0	0	0	0	0	0	0	0	0	0	0	0	0	0	0	0	0	0	0	0	0	0	0	0	0	0	0	0	0	0	0	0	0	100	0	0	0	0	0	0	0	0	0	0	0	0	0	0	0
Mar 10 2023 19:48:27	38.5518112183	65.2380142212	88.9640884399	0.00236961618066	64.4519882202	57.7660865784	88.1530380249	-	0	0	0	0	0	0	0	0	0	0	0	0	0	0	0	0	0	0	0	0	0	0	0	0	0	0	0	0	0	0	0	0	0	0.125937730074	0.39090102911	0.882220566273	1.72118473053	3.05989336967	5.06389665604	7.86431074142	11.4545516968	15.4978590012	19.013967514	19.9630737305	14.9622173309	0	0	0	0	0	0	0	0	0	0	0	0	0	0	0
Mar 10 2023 19:48:28	42.2015571594	68.3353805542	90.1445541382	0.00349902035668	67.2141952515	61.2829742432	83.9190597534	-	0	0	0	0	0	0	0	0	0	0	0	0	0	0	0	0	0	0	0	0	0	0	0	0	0	0	0	0	0	0	0	0	0	0.0312021151185	0.175739109516	0.487568289042	1.08908724785	2.15658760071	3.91785764694	6.61778831482	10.4148607254	15.1482820511	19.8974094391	22.2896099091	17.7740058899	0	0	0	0	0	0	0	0	0	0	0	0	0	0	0
Mar 10 2023 19:48:29	87.7202301025	92.6304779053	97.8059234619	0.00751517293975	92.6120529175	92.6120529175	78.0301895142	-	0	0	0	0	0	0	0	0	0	0	0	0	0	0	0	0	0	0	0	0	0	0	0	0	0	0	0	0	0	0	0	0	0	0	0	0	0	0	0	0	0	0	0	0	100	0	0	0	0	0	0	0	0	0	0	0	0	0	0	0
Mar 10 2023 19:48:30	87.7202301025	92.6304779053	97.8059234619	0.00726655777544	92.6120529175	92.6120529175	78.6732025146	-	0	0	0	0	0	0	0	0	0	0	0	0	0	0	0	0	0	0	0	0	0	0	0	0	0	0	0	0	0	0	0	0	0	0	0	0	0	0	0	0	0	0	0	0	100	0	0	0	0	0	0	0	0	0	0	0	0	0	0	0
Mar 10 2023 19:48:31	70.3213119507	87.1909790039	95.4780731201	0.00611272919923	85.0165328979	83.5723724365	79.9720916748	-	0	0	0	0	0	0	0	0	0	0	0	0	0	0	0	0	0	0	0	0	0	0	0	0	0	0	0	0	0	0	0	0	0	0	0	3.28447349602e-05	0.00045414629858	0.00381892360747	0.0252127293497	0.140098080039	0.672393620014	2.80183076859	9.99154090881	28.9835662842	57.3810501099	0	0	0	0	0	0	0	0	0	0	0	0	0	0	0
Mar 10 2023 19:48:32	87.7202301025	92.6304779053	97.8059234619	0.00587134948	92.6120529175	92.6120529175	82.3812713623	-	0	0	0	0	0	0	0	0	0	0	0	0	0	0	0	0	0	0	0	0	0	0	0	0	0	0	0	0	0	0	0	0	0	0	0	0	0	0	0	0	0	0	0	0	100	0	0	0	0	0	0	0	0	0	0	0	0	0	0	0
Mar 10 2023 19:48:33	87.7202301025	92.6304779053	97.8059234619	0.00528563093394	92.6120529175	92.6120529175	83.9895629883	-	0	0	0	0	0	0	0	0	0	0	0	0	0	0	0	0	0	0	0	0	0	0	0	0	0	0	0	0	0	0	0	0	0	0	0	0	0	0	0	0	0	0	0	0	100	0	0	0	0	0	0	0	0	0	0	0	0	0	0	0
Mar 10 2023 19:48:34	87.7202301025	92.6304779053	97.8059234619	0.0069792503491	92.6120529175	92.6120529175	79.4228820801	-	0	0	0	0	0	0	0	0	0	0	0	0	0	0	0	0	0	0	0	0	0	0	0	0	0	0	0	0	0	0	0	0	0	0	0	0	0	0	0	0	0	0	0	0	100	0	0	0	0	0	0	0	0	0	0	0	0	0	0	0
Mar 10 2023 19:48:35	87.7202301025	92.6304779053	97.8059234619	0.00556809967384	92.6120529175	92.6120529175	83.210067749	-	0	0	0	0	0	0	0	0	0	0	0	0	0	0	0	0	0	0	0	0	0	0	0	0	0	0	0	0	0	0	0	0	0	0	0	0	0	0	0	0	0	0	4.10623972509e-29	6.72921874473e-12	100	0	0	0	0	0	0	0	0	0	0	0	0	0	0	0
Mar 10 2023 19:48:36	87.7202301025	92.6304779053	97.8059234619	0.00319714145735	92.6120529175	92.6120529175	89.9841156006	-	0	0	0	0	0	0	0	0	0	0	0	0	0	0	0	0	0	0	0	0	0	0	0	0	0	0	0	0	0	0	0	0	0	0	0	0	0	0	0	0	0	0	2.07971252921e-35	3.90185286696e-14	100	0	0	0	0	0	0	0	0	0	0	0	0	0	0	0
Mar 10 2023 19:48:37	76.2990493774	89.8698425293	96.6047058105	0.00632815435529	88.0426254272	87.2197875977	80.1219711304	-	0	0	0	0	0	0	0	0	0	0	0	0	0	0	0	0	0	0	0	0	0	0	0	0	0	0	0	0	0	0	0	0	0	0	0	2.63324807293e-07	7.86411965237e-06	0.000126086189994	0.00151415460277	0.014800477773	0.121528327465	0.845486223698	4.9248585701	22.8757247925	71.2159500122	0	0	0	0	0	0	0	0	0	0	0	0	0	0	0
Mar 10 2023 19:48:38	87.7202301025	92.6304779053	97.8059234619	0.00496292347088	92.6120529175	92.6120529175	84.8890457153	-	0	0	0	0	0	0	0	0	0	0	0	0	0	0	0	0	0	0	0	0	0	0	0	0	0	0	0	0	0	0	0	0	0	0	0	0	0	0	0	0	0	0	0	0	100	0	0	0	0	0	0	0	0	0	0	0	0	0	0	0
Mar 10 2023 19:48:39	77.2078857422	90.2030258179	96.7599945068	0.00922483019531	88.5757751465	87.8562469482	72.5623779297	-	0	0	0	0	0	0	0	0	0	0	0	0	0	0	0	0	0	0	0	0	0	0	0	0	0	0	0	0	0	0	0	0	0	0	0	7.66917835904e-08	2.78586685454e-06	5.25284194737e-05	0.0007332211826	0.00826234091073	0.0776773840189	0.615031898022	4.05504465103	21.2134742737	74.0297164917	0	0	0	0	0	0	0	0	0	0	0	0	0	0	0
Mar 10 2023 19:48:40	47.570438385	72.6582870483	91.5248184204	0.00574005069211	71.0413208008	66.1592178345	76.6389846802	-	0	0	0	0	0	0	0	0	0	0	0	0	0	0	0	0	0	0	0	0	0	0	0	0	0	0	0	0	0	0	0	0	0	0	0.0404110141098	0.167468428612	0.47411480546	1.1311892271	2.41357636452	4.71012973785	8.46134757996	13.9142084122	20.5000362396	25.5859699249	22.6015491486	0	0	0	0	0	0	0	0	0	0	0	0	0	0	0
Mar 10 2023 19:48:41	43.8352851868	69.7311553955	90.6281738281	0.00336295203306	68.4406738281	62.8178291321	84.8475570679	-	0	0	0	0	0	0	0	0	0	0	0	0	0	0	0	0	0	0	0	0	0	0	0	0	0	0	0	0	0	0	0	0	0	0.0171577576548	0.123332485557	0.368556410074	0.869033038616	1.80323886871	3.41910123825	6.01153039932	9.82746219635	14.8226737976	20.1596927643	23.3512115479	19.2270107269	0	0	0	0	0	0	0	0	0	0	0	0	0	0	0
Mar 10 2023 19:48:42	66.0043640137	85.4708328247	94.9868850708	0.0035701948218	82.6972351074	80.7397384644	87.3561935425	-	0	0	0	0	0	0	0	0	0	0	0	0	0	0	0	0	0	0	0	0	0	0	0	0	0	0	0	0	0	0	0	0	0	0	0	0.000354490621248	0.00328089296818	0.0198665000498	0.0970511585474	0.406422555447	1.4919462204	4.81594705582	13.454665184	30.8860263824	48.8244400024	0	0	0	0	0	0	0	0	0	0	0	0	0	0	0
Mar 10 2023 19:48:43	87.7202301025	92.6304779053	97.8059234619	0.00616484461352	92.6120529175	92.6120529175	81.5869979858	-	0	0	0	0	0	0	0	0	0	0	0	0	0	0	0	0	0	0	0	0	0	0	0	0	0	0	0	0	0	0	0	0	0	0	0	0	0	0	0	0	0	0	0	0	100	0	0	0	0	0	0	0	0	0	0	0	0	0	0	0
Mar 10 2023 19:48:44	87.7202301025	92.6304779053	97.8059234619	0.00619773939252	92.6120529175	92.6120529175	81.4984588623	-	0	0	0	0	0	0	0	0	0	0	0	0	0	0	0	0	0	0	0	0	0	0	0	0	0	0	0	0	0	0	0	0	0	0	0	0	0	0	0	0	0	0	0	0	100	0	0	0	0	0	0	0	0	0	0	0	0	0	0	0
Mar 10 2023 19:48:45	87.7202301025	92.6304779053	97.8059234619	0.00620990106836	92.6120529175	92.6120529175	81.4657440186	-	0	0	0	0	0	0	0	0	0	0	0	0	0	0	0	0	0	0	0	0	0	0	0	0	0	0	0	0	0	0	0	0	0	0	0	0	0	0	0	0	0	0	0	0	100	0	0	0	0	0	0	0	0	0	0	0	0	0	0	0
Mar 10 2023 19:48:46	60.388874054	82.1754684448	94.1318206787	0.00306824501604	79.2234039307	76.424621582	88.4407958984	-	0	0	0	0	0	0	0	0	0	0	0	0	0	0	0	0	0	0	0	0	0	0	0	0	0	0	0	0	0	0	0	0	0	0	0.000212048413232	0.00525716366246	0.0289375074208	0.117212742567	0.401431560516	1.21532261372	3.30328726768	8.05382061005	17.2881317139	30.9478168488	38.6385688782	0	0	0	0	0	0	0	0	0	0	0	0	0	0	0
Mar 10 2023 19:48:47	56.9966697693	79.9072570801	93.5537109375	0.00420953007415	77.2178726196	73.9193191528	84.0017318726	-	0	0	0	0	0	0	0	0	0	0	0	0	0	0	0	0	0	0	0	0	0	0	0	0	0	0	0	0	0	0	0	0	0	0	0.00131342606619	0.0154143152758	0.0695307329297	0.2405372262	0.714682996273	1.8947416544	4.54104661942	9.81811904907	18.7829685211	30.1068897247	33.8147544861	0	0	0	0	0	0	0	0	0	0	0	0	0	0	0
Mar 10 2023 19:48:48	85.2621307373	91.6720123291	97.4068984985	0.00588508695364	91.0997390747	90.8503570557	82.0432815552	-	0	0	0	0	0	0	0	0	0	0	0	0	0	0	0	0	0	0	0	0	0	0	0	0	0	0	0	0	0	0	0	0	0	0	0	4.19528947443e-14	2.10768416609e-11	3.0995761513e-09	2.70761546517e-07	1.64374723681e-05	0.00073525327025	0.0246606133878	0.609638094902	10.2762203217	89.0887298584	0	0	0	0	0	0	0	0	0	0	0	0	0	0	0
Mar 10 2023 19:48:49	87.7202301025	92.6304779053	97.8059234619	0.00523244449869	92.6120529175	92.6120529175	84.1371536255	-	0	0	0	0	0	0	0	0	0	0	0	0	0	0	0	0	0	0	0	0	0	0	0	0	0	0	0	0	0	0	0	0	0	0	0	0	0	0	0	0	0	0	0	0	100	0	0	0	0	0	0	0	0	0	0	0	0	0	0	0
Mar 10 2023 19:48:50	87.7202301025	92.6304779053	97.8059234619	0.006312539801	92.6120529175	92.6120529175	81.1902008057	-	0	0	0	0	0	0	0	0	0	0	0	0	0	0	0	0	0	0	0	0	0	0	0	0	0	0	0	0	0	0	0	0	0	0	0	0	0	0	0	0	0	0	0	0	100	0	0	0	0	0	0	0	0	0	0	0	0	0	0	0
Mar 10 2023 19:48:51	68.8778152466	86.6860122681	95.3383178711	0.00774097628891	84.3253173828	82.7313156128	75.1309356689	-	0	0	0	0	0	0	0	0	0	0	0	0	0	0	0	0	0	0	0	0	0	0	0	0	0	0	0	0	0	0	0	0	0	0	0	7.27920778445e-05	0.000879788771272	0.0066330190748	0.039623811841	0.200448855758	0.880196511745	3.37001276016	11.0837688446	29.7522659302	54.6660957336	0	0	0	0	0	0	0	0	0	0	0	0	0	0	0
Mar 10 2023 19:48:52	87.7202301025	92.6304779053	97.8059234619	0.00575712276623	92.6120529175	92.6120529175	82.692489624	-	0	0	0	0	0	0	0	0	0	0	0	0	0	0	0	0	0	0	0	0	0	0	0	0	0	0	0	0	0	0	0	0	0	0	0	0	0	0	0	0	0	0	0	0	100	0	0	0	0	0	0	0	0	0	0	0	0	0	0	0
Mar 10 2023 19:48:53	87.7202301025	92.6304779053	97.8059234619	0.0039896373637	92.6120529175	92.6120529175	87.6606445313	-	0	0	0	0	0	0	0	0	0	0	0	0	0	0	0	0	0	0	0	0	0	0	0	0	0	0	0	0	0	0	0	0	0	0	0	0	0	0	0	0	0	0	0	0	100	0	0	0	0	0	0	0	0	0	0	0	0	0	0	0
Mar 10 2023 19:48:54	79.6431732178	90.858581543	97.0562820435	0.00611006189138	89.674949646	89.1673278809	81.1137466431	-	0	0	0	0	0	0	0	0	0	0	0	0	0	0	0	0	0	0	0	0	0	0	0	0	0	0	0	0	0	0	0	0	0	0	0	1.62490321198e-09	1.14335065859e-07	3.67047096006e-06	8.30502540339e-05	0.00146619405132	0.020990723744	0.246552094817	2.34847259521	17.2103881836	80.1720428467	0	0	0	0	0	0	0	0	0	0	0	0	0	0	0
Mar 10 2023 19:48:55	66.8599472046	85.8504867554	95.0986938477	0.00431472249329	83.2012939453	81.3581695557	85.0351333618	-	0	0	0	0	0	0	0	0	0	0	0	0	0	0	0	0	0	0	0	0	0	0	0	0	0	0	0	0	0	0	0	0	0	0	0	0.000228218079428	0.002266214462	0.0145675064996	0.0752494484186	0.332344025373	1.28397762775	4.35372066498	12.7533512115	30.6347789764	50.5495185852	0	0	0	0	0	0	0	0	0	0	0	0	0	0	0
Mar 10 2023 19:48:56	87.7202301025	92.6304779053	97.8059234619	0.00328966486268	92.6120529175	92.6120529175	89.7097091675	-	0	0	0	0	0	0	0	0	0	0	0	0	0	0	0	0	0	0	0	0	0	0	0	0	0	0	0	0	0	0	0	0	0	0	0	0	0	0	0	0	0	0	0	0	100	0	0	0	0	0	0	0	0	0	0	0	0	0	0	0
Mar 10 2023 19:48:57	87.7202301025	92.6304779053	97.8059234619	0.00559013523161	92.6120529175	92.6120529175	83.1495666504	-	0	0	0	0	0	0	0	0	0	0	0	0	0	0	0	0	0	0	0	0	0	0	0	0	0	0	0	0	0	0	0	0	0	0	0	0	0	0	0	0	0	0	0	0	100	0	0	0	0	0	0	0	0	0	0	0	0	0	0	0
Mar 10 2023 19:48:58	32.8023910522	59.852016449	86.7799301147	0.00233151740395	59.7612800598	51.8039550781	87.0523757935	-	0	0	0	0	0	0	0	0	0	0	0	0	0	0	0	0	0	0	0	0	0	0	0	0	0	0	0	0	0	0	0	0	0.167283266783	0.500151693821	1.04428017139	1.87678897381	3.08227157593	4.73996067047	6.89829206467	9.5294008255	12.4534883499	15.2242736816	16.9780216217	16.2902088165	11.2155790329	0	0	0	0	0	0	0	0	0	0	0	0	0	0	0
Mar 10 2023 19:48:59	75.6940231323	88.617980957	95.8498001099	0.00508628087118	86.9984359741	85.967956543	83.4658050537	-	0	0	0	0	0	0	0	0	0	0	0	0	0	0	0	0	0	0	0	0	0	0	0	0	0	0	0	0	0	0	0	0	0	0	0	1.910062565e-06	4.2155970732e-05	0.000519822177012	0.00488441670313	0.037850972265	0.249188438058	1.4039491415	6.68254566193	25.5705947876	66.0504226685	0	0	0	0	0	0	0	0	0	0	0	0	0	0	0
Mar 10 2023 19:49:00	87.7202301025	92.6304779053	97.8059234619	0.0055654803291	92.6120529175	92.6120529175	83.2172622681	-	0	0	0	0	0	0	0	0	0	0	0	0	0	0	0	0	0	0	0	0	0	0	0	0	0	0	0	0	0	0	0	0	0	0	0	0	0	0	0	0	0	0	0	0	100	0	0	0	0	0	0	0	0	0	0	0	0	0	0	0
Mar 10 2023 19:49:01	87.7202301025	92.6304779053	97.8059234619	0.0040544224903	92.6120529175	92.6120529175	87.4733810425	-	0	0	0	0	0	0	0	0	0	0	0	0	0	0	0	0	0	0	0	0	0	0	0	0	0	0	0	0	0	0	0	0	0	0	0	0	0	0	0	0	0	0	0	0	100	0	0	0	0	0	0	0	0	0	0	0	0	0	0	0
Mar 10 2023 19:49:02	-1.00000001505e+30	-1.00000001505e+30	-1.00000001505e+30	-1.00000002538e+26	-1.00000001505e+30	-1.00000001505e+30	99.9671401978	-	0	0	0	0	0	0	0	0	0	0	0	0	0	0	0	0	0	0	0	0	0	0	0	0	0	0	0	0	0	0	0	0	0	0	0	0	0	0	0	0	0	0	0	0	0	0	0	0	0	0	0	0	0	0	0	0	0	0	0	0
Mar 10 2023 19:49:03	-1.00000001505e+30	-1.00000001505e+30	-1.00000001505e+30	-1.00000002538e+26	-1.00000001505e+30	-1.00000001505e+30	99.9614105225	-	0	0	0	0	0	0	0	0	0	0	0	0	0	0	0	0	0	0	0	0	0	0	0	0	0	0	0	0	0	0	0	0	0	0	0	0	0	0	0	0	0	0	0	0	0	0	0	0	0	0	0	0	0	0	0	0	0	0	0	0
Mar 10 2023 19:49:04	-1.00000001505e+30	-1.00000001505e+30	-1.00000001505e+30	-1.00000002538e+26	-1.00000001505e+30	-1.00000001505e+30	100.006103516	-	0	0	0	0	0	0	0	0	0	0	0	0	0	0	0	0	0	0	0	0	0	0	0	0	0	0	0	0	0	0	0	0	0	0	0	0	0	0	0	0	0	0	0	0	0	0	0	0	0	0	0	0	0	0	0	0	0	0	0	0
Mar 10 2023 19:49:05	-1.00000001505e+30	-1.00000001505e+30	-1.00000001505e+30	-1.00000002538e+26	-1.00000001505e+30	-1.00000001505e+30	100.004959106	-	0	0	0	0	0	0	0	0	0	0	0	0	0	0	0	0	0	0	0	0	0	0	0	0	0	0	0	0	0	0	0	0	0	0	0	0	0	0	0	0	0	0	0	0	0	0	0	0	0	0	0	0	0	0	0	0	0	0	0	0
Mar 10 2023 19:49:06	-1.00000001505e+30	-1.00000001505e+30	-1.00000001505e+30	-1.00000002538e+26	-1.00000001505e+30	-1.00000001505e+30	100.015960693	-	0	0	0	0	0	0	0	0	0	0	0	0	0	0	0	0	0	0	0	0	0	0	0	0	0	0	0	0	0	0	0	0	0	0	0	0	0	0	0	0	0	0	0	0	0	0	0	0	0	0	0	0	0	0	0	0	0	0	0	0
Mar 10 2023 19:49:07	-1.00000001505e+30	-1.00000001505e+30	-1.00000001505e+30	-1.00000002538e+26	-1.00000001505e+30	-1.00000001505e+30	100.00226593	-	0	0	0	0	0	0	0	0	0	0	0	0	0	0	0	0	0	0	0	0	0	0	0	0	0	0	0	0	0	0	0	0	0	0	0	0	0	0	0	0	0	0	0	0	0	0	0	0	0	0	0	0	0	0	0	0	0	0	0	0
Mar 10 2023 19:49:08	-1.00000001505e+30	-1.00000001505e+30	-1.00000001505e+30	-1.00000002538e+26	-1.00000001505e+30	-1.00000001505e+30	99.9411087036	-	0	0	0	0	0	0	0	0	0	0	0	0	0	0	0	0	0	0	0	0	0	0	0	0	0	0	0	0	0	0	0	0	0	0	0	0	0	0	0	0	0	0	0	0	0	0	0	0	0	0	0	0	0	0	0	0	0	0	0	0
Mar 10 2023 19:49:09	-1.00000001505e+30	-1.00000001505e+30	-1.00000001505e+30	-1.00000002538e+26	-1.00000001505e+30	-1.00000001505e+30	99.9786529541	-	0	0	0	0	0	0	0	0	0	0	0	0	0	0	0	0	0	0	0	0	0	0	0	0	0	0	0	0	0	0	0	0	0	0	0	0	0	0	0	0	0	0	0	0	0	0	0	0	0	0	0	0	0	0	0	0	0	0	0	0
Mar 10 2023 19:49:10	-1.00000001505e+30	-1.00000001505e+30	-1.00000001505e+30	-1.00000002538e+26	-1.00000001505e+30	-1.00000001505e+30	99.9981307983	-	0	0	0	0	0	0	0	0	0	0	0	0	0	0	0	0	0	0	0	0	0	0	0	0	0	0	0	0	0	0	0	0	0	0	0	0	0	0	0	0	0	0	0	0	0	0	0	0	0	0	0	0	0	0	0	0	0	0	0	0
Mar 10 2023 19:49:11	-1.00000001505e+30	-1.00000001505e+30	-1.00000001505e+30	-1.00000002538e+26	-1.00000001505e+30	-1.00000001505e+30	99.9775314331	-	0	0	0	0	0	0	0	0	0	0	0	0	0	0	0	0	0	0	0	0	0	0	0	0	0	0	0	0	0	0	0	0	0	0	0	0	0	0	0	0	0	0	0	0	0	0	0	0	0	0	0	0	0	0	0	0	0	0	0	0
Mar 10 2023 19:49:12	-1.00000001505e+30	-1.00000001505e+30	-1.00000001505e+30	-1.00000002538e+26	-1.00000001505e+30	-1.00000001505e+30	99.9867248535	-	0	0	0	0	0	0	0	0	0	0	0	0	0	0	0	0	0	0	0	0	0	0	0	0	0	0	0	0	0	0	0	0	0	0	0	0	0	0	0	0	0	0	0	0	0	0	0	0	0	0	0	0	0	0	0	0	0	0	0	0
Mar 10 2023 19:49:13	-1.00000001505e+30	-1.00000001505e+30	-1.00000001505e+30	-1.00000002538e+26	-1.00000001505e+30	-1.00000001505e+30	99.5772628784	-	0	0	0	0	0	0	0	0	0	0	0	0	0	0	0	0	0	0	0	0	0	0	0	0	0	0	0	0	0	0	0	0	0	0	0	0	0	0	0	0	0	0	0	0	0	0	0	0	0	0	0	0	0	0	0	0	0	0	0	0
Mar 10 2023 19:49:14	-1.00000001505e+30	-1.00000001505e+30	-1.00000001505e+30	-1.00000002538e+26	-1.00000001505e+30	-1.00000001505e+30	99.9588165283	-	0	0	0	0	0	0	0	0	0	0	0	0	0	0	0	0	0	0	0	0	0	0	0	0	0	0	0	0	0	0	0	0	0	0	0	0	0	0	0	0	0	0	0	0	0	0	0	0	0	0	0	0	0	0	0	0	0	0	0	0
Mar 10 2023 19:49:15	-1.00000001505e+30	-1.00000001505e+30	-1.00000001505e+30	-1.00000002538e+26	-1.00000001505e+30	-1.00000001505e+30	100.006759644	-	0	0	0	0	0	0	0	0	0	0	0	0	0	0	0	0	0	0	0	0	0	0	0	0	0	0	0	0	0	0	0	0	0	0	0	0	0	0	0	0	0	0	0	0	0	0	0	0	0	0	0	0	0	0	0	0	0	0	0	0
Mar 10 2023 19:49:16	-1.00000001505e+30	-1.00000001505e+30	-1.00000001505e+30	-1.00000002538e+26	-1.00000001505e+30	-1.00000001505e+30	99.9948806763	-	0	0	0	0	0	0	0	0	0	0	0	0	0	0	0	0	0	0	0	0	0	0	0	0	0	0	0	0	0	0	0	0	0	0	0	0	0	0	0	0	0	0	0	0	0	0	0	0	0	0	0	0	0	0	0	0	0	0	0	0
Mar 10 2023 19:49:17	-1.00000001505e+30	-1.00000001505e+30	-1.00000001505e+30	-1.00000002538e+26	-1.00000001505e+30	-1.00000001505e+30	99.9619903564	-	0	0	0	0	0	0	0	0	0	0	0	0	0	0	0	0	0	0	0	0	0	0	0	0	0	0	0	0	0	0	0	0	0	0	0	0	0	0	0	0	0	0	0	0	0	0	0	0	0	0	0	0	0	0	0	0	0	0	0	0
Mar 10 2023 19:49:18	-1.00000001505e+30	-1.00000001505e+30	-1.00000001505e+30	-1.00000002538e+26	-1.00000001505e+30	-1.00000001505e+30	99.9860076904	-	0	0	0	0	0	0	0	0	0	0	0	0	0	0	0	0	0	0	0	0	0	0	0	0	0	0	0	0	0	0	0	0	0	0	0	0	0	0	0	0	0	0	0	0	0	0	0	0	0	0	0	0	0	0	0	0	0	0	0	0
Mar 10 2023 19:49:19	-1.00000001505e+30	-1.00000001505e+30	-1.00000001505e+30	-1.00000002538e+26	-1.00000001505e+30	-1.00000001505e+30	99.7229919434	-	0	0	0	0	0	0	0	0	0	0	0	0	0	0	0	0	0	0	0	0	0	0	0	0	0	0	0	0	0	0	0	0	0	0	0	0	0	0	0	0	0	0	0	0	0	0	0	0	0	0	0	0	0	0	0	0	0	0	0	0
Mar 10 2023 19:49:20	-1.00000001505e+30	-1.00000001505e+30	-1.00000001505e+30	-1.00000002538e+26	-1.00000001505e+30	-1.00000001505e+30	99.9820022583	-	0	0	0	0	0	0	0	0	0	0	0	0	0	0	0	0	0	0	0	0	0	0	0	0	0	0	0	0	0	0	0	0	0	0	0	0	0	0	0	0	0	0	0	0	0	0	0	0	0	0	0	0	0	0	0	0	0	0	0	0
Mar 10 2023 19:49:21	-1.00000001505e+30	-1.00000001505e+30	-1.00000001505e+30	-1.00000002538e+26	-1.00000001505e+30	-1.00000001505e+30	99.9672851563	-	0	0	0	0	0	0	0	0	0	0	0	0	0	0	0	0	0	0	0	0	0	0	0	0	0	0	0	0	0	0	0	0	0	0	0	0	0	0	0	0	0	0	0	0	0	0	0	0	0	0	0	0	0	0	0	0	0	0	0	0
Mar 10 2023 19:49:22	-1.00000001505e+30	-1.00000001505e+30	-1.00000001505e+30	-1.00000002538e+26	-1.00000001505e+30	-1.00000001505e+30	99.9911651611	-	0	0	0	0	0	0	0	0	0	0	0	0	0	0	0	0	0	0	0	0	0	0	0	0	0	0	0	0	0	0	0	0	0	0	0	0	0	0	0	0	0	0	0	0	0	0	0	0	0	0	0	0	0	0	0	0	0	0	0	0
Mar 10 2023 19:49:23	-1.00000001505e+30	-1.00000001505e+30	-1.00000001505e+30	-1.00000002538e+26	-1.00000001505e+30	-1.00000001505e+30	100.017616272	-	0	0	0	0	0	0	0	0	0	0	0	0	0	0	0	0	0	0	0	0	0	0	0	0	0	0	0	0	0	0	0	0	0	0	0	0	0	0	0	0	0	0	0	0	0	0	0	0	0	0	0	0	0	0	0	0	0	0	0	0
Mar 10 2023 19:49:24	-1.00000001505e+30	-1.00000001505e+30	-1.00000001505e+30	-1.00000002538e+26	-1.00000001505e+30	-1.00000001505e+30	99.967124939	-	0	0	0	0	0	0	0	0	0	0	0	0	0	0	0	0	0	0	0	0	0	0	0	0	0	0	0	0	0	0	0	0	0	0	0	0	0	0	0	0	0	0	0	0	0	0	0	0	0	0	0	0	0	0	0	0	0	0	0	0
Mar 10 2023 19:49:25	-1.00000001505e+30	-1.00000001505e+30	-1.00000001505e+30	-1.00000002538e+26	-1.00000001505e+30	-1.00000001505e+30	99.97706604	-	0	0	0	0	0	0	0	0	0	0	0	0	0	0	0	0	0	0	0	0	0	0	0	0	0	0	0	0	0	0	0	0	0	0	0	0	0	0	0	0	0	0	0	0	0	0	0	0	0	0	0	0	0	0	0	0	0	0	0	0
Mar 10 2023 19:49:26	-1.00000001505e+30	-1.00000001505e+30	-1.00000001505e+30	-1.00000002538e+26	-1.00000001505e+30	-1.00000001505e+30	99.9835586548	-	0	0	0	0	0	0	0	0	0	0	0	0	0	0	0	0	0	0	0	0	0	0	0	0	0	0	0	0	0	0	0	0	0	0	0	0	0	0	0	0	0	0	0	0	0	0	0	0	0	0	0	0	0	0	0	0	0	0	0	0
Mar 10 2023 19:49:27	-1.00000001505e+30	-1.00000001505e+30	-1.00000001505e+30	-1.00000002538e+26	-1.00000001505e+30	-1.00000001505e+30	99.9716491699	-	0	0	0	0	0	0	0	0	0	0	0	0	0	0	0	0	0	0	0	0	0	0	0	0	0	0	0	0	0	0	0	0	0	0	0	0	0	0	0	0	0	0	0	0	0	0	0	0	0	0	0	0	0	0	0	0	0	0	0	0
Mar 10 2023 19:49:28	55.8295288086	79.117225647	93.3292999268	0.00118953059427	76.4974136353	73.0168533325	95.1342010498	-	0	0	0	0	0	0	0	0	0	0	0	0	0	0	0	0	0	0	0	0	0	0	0	0	0	0	0	0	0	0	0	0	0	0	0.0021907389164	0.0216681398451	0.0917405337095	0.301593095064	0.855866551399	2.1739988327	5.00384616852	10.4101448059	19.1955947876	29.7001800537	32.2431755066	0	0	0	0	0	0	0	0	0	0	0	0	0	0	0
Mar 10 2023 19:49:29	-1.00000001505e+30	-1.00000001505e+30	-1.00000001505e+30	-1.00000002538e+26	-1.00000001505e+30	-1.00000001505e+30	99.9917068481	-	0	0	0	0	0	0	0	0	0	0	0	0	0	0	0	0	0	0	0	0	0	0	0	0	0	0	0	0	0	0	0	0	0	0	0	0	0	0	0	0	0	0	0	0	0	0	0	0	0	0	0	0	0	0	0	0	0	0	0	0
Mar 10 2023 19:49:30	76.0535736084	89.7686843872	96.5569381714	0.00216414104216	87.8839035034	87.0302047729	92.6856613159	-	0	0	0	0	0	0	0	0	0	0	0	0	0	0	0	0	0	0	0	0	0	0	0	0	0	0	0	0	0	0	0	0	0	0	0	3.58842413561e-07	1.03842885437e-05	0.000159705785336	0.00184108060785	0.0173092857003	0.136994123459	0.920483112335	5.18711996078	23.3375282288	70.3985519409	0	0	0	0	0	0	0	0	0	0	0	0	0	0	0
Mar 10 2023 19:49:31	65.9074325562	85.4272003174	94.9740447998	0.00546796806157	82.6383285522	80.6669616699	81.2840576172	-	0	0	0	0	0	0	0	0	0	0	0	0	0	0	0	0	0	0	0	0	0	0	0	0	0	0	0	0	0	0	0	0	0	0	0	0.000375899602659	0.00342416763306	0.0205739624798	0.099888458848	0.415894210339	1.51800787449	4.87205839157	13.5344877243	30.9034080505	48.6318817139	0	0	0	0	0	0	0	0	0	0	0	0	0	0	0
Mar 10 2023 19:49:32	62.9587936401	83.6788787842	94.5454864502	0.000979611650109	80.8070068359	78.3927841187	96.2502593994	-	0	0	0	0	0	0	0	0	0	0	0	0	0	0	0	0	0	0	0	0	0	0	0	0	0	0	0	0	0	0	0	0	0	0	8.16124520497e-06	0.0018751724856	0.012524084188	0.0589182786644	0.230677261949	0.790794014931	2.41665887833	6.58646059036	15.7270507813	31.1869525909	42.9880752563	0	0	0	0	0	0	0	0	0	0	0	0	0	0	0
Mar 10 2023 19:49:33	-1.00000001505e+30	-1.00000001505e+30	-1.00000001505e+30	-1.00000002538e+26	-1.00000001505e+30	-1.00000001505e+30	99.9562225342	-	0	0	0	0	0	0	0	0	0	0	0	0	0	0	0	0	0	0	0	0	0	0	0	0	0	0	0	0	0	0	0	0	0	0	0	0	0	0	0	0	0	0	0	0	0	0	0	0	0	0	0	0	0	0	0	0	0	0	0	0
Mar 10 2023 19:49:34	-1.00000001505e+30	-1.00000001505e+30	-1.00000001505e+30	-1.00000002538e+26	-1.00000001505e+30	-1.00000001505e+30	100.011566162	-	0	0	0	0	0	0	0	0	0	0	0	0	0	0	0	0	0	0	0	0	0	0	0	0	0	0	0	0	0	0	0	0	0	0	0	0	0	0	0	0	0	0	0	0	0	0	0	0	0	0	0	0	0	0	0	0	0	0	0	0
Mar 10 2023 19:49:35	33.118560791	60.4448394775	87.0845489502	0.00105824414641	60.20652771	52.1944198608	93.9451065063	-	0	0	0	0	0	0	0	0	0	0	0	0	0	0	0	0	0	0	0	0	0	0	0	0	0	0	0	0	0	0	0	0.0164218191057	0.192328423262	0.504763126373	1.01609420776	1.80344879627	2.95484924316	4.55811738968	6.67690181732	9.3052816391	12.288775444	15.1995677948	17.1639900208	16.6835346222	11.6359262466	0	0	0	0	0	0	0	0	0	0	0	0	0	0	0
Mar 10 2023 19:49:36	56.8068885803	79.7775650024	93.5181732178	0.0042888103053	77.1038208008	73.7813110352	83.6981277466	-	0	0	0	0	0	0	0	0	0	0	0	0	0	0	0	0	0	0	0	0	0	0	0	0	0	0	0	0	0	0	0	0	0	0	0.00111232779454	0.015546515584	0.0712594166398	0.247164309025	0.733119010925	1.93616378307	4.61656856537	9.92215824127	18.861114502	30.041021347	33.5547714233	0	0	0	0	0	0	0	0	0	0	0	0	0	0	0
Mar 10 2023 19:49:37	62.0068435669	83.1179428101	94.3962478638	0.0029298090376	80.2172470093	77.6614990234	89.101234436	-	0	0	0	0	0	0	0	0	0	0	0	0	0	0	0	0	0	0	0	0	0	0	0	0	0	0	0	0	0	0	0	0	0	0	3.4334269003e-05	0.00274706119671	0.0172132793814	0.0767996907234	0.286279022694	0.936575233936	2.7363049984	7.14072751999	16.3502445221	31.1413021088	41.3117752075	0	0	0	0	0	0	0	0	0	0	0	0	0	0	0
Mar 10 2023 19:49:38	38.4107933044	65.0928268433	88.9035720825	0.00228764582425	64.328453064	57.6219444275	88.5109863281	-	0	0	0	0	0	0	0	0	0	0	0	0	0	0	0	0	0	0	0	0	0	0	0	0	0	0	0	0	0	0	0	0	0	0.128047540784	0.398327231407	0.898103415966	1.74880921841	3.10146927834	5.11845397949	7.92481327057	11.5051670074	15.513926506	18.969575882	19.8531398773	14.8401660919	0	0	0	0	0	0	0	0	0	0	0	0	0	0	0
Mar 10 2023 19:49:39	87.7202301025	92.6304779053	97.8059234619	0.00383213837631	92.6120529175	92.6120529175	88.1175842285	-	0	0	0	0	0	0	0	0	0	0	0	0	0	0	0	0	0	0	0	0	0	0	0	0	0	0	0	0	0	0	0	0	0	0	0	0	0	0	0	0	0	0	8.94860141325e-36	9.44338398169e-15	100	0	0	0	0	0	0	0	0	0	0	0	0	0	0	0
Mar 10 2023 19:49:40	87.7202301025	92.6304779053	97.8059234619	0.00430363742635	92.6120529175	92.6120529175	86.756729126	-	0	0	0	0	0	0	0	0	0	0	0	0	0	0	0	0	0	0	0	0	0	0	0	0	0	0	0	0	0	0	0	0	0	0	0	0	0	0	0	0	0	0	0	0	100	0	0	0	0	0	0	0	0	0	0	0	0	0	0	0
Mar 10 2023 19:49:41	87.7202301025	92.6304779053	97.8059234619	0.007109856233	92.6120529175	92.6120529175	79.0812072754	-	0	0	0	0	0	0	0	0	0	0	0	0	0	0	0	0	0	0	0	0	0	0	0	0	0	0	0	0	0	0	0	0	0	0	0	0	0	0	0	0	0	0	0	3.83234509503e-22	100	0	0	0	0	0	0	0	0	0	0	0	0	0	0	0
Mar 10 2023 19:49:42	87.7202301025	92.6304779053	97.8059234619	0.000674919690937	92.6120529175	92.6120529175	97.7967376709	-	0	0	0	0	0	0	0	0	0	0	0	0	0	0	0	0	0	0	0	0	0	0	0	0	0	0	0	0	0	0	0	0	0	0	0	0	0	0	0	0	0	0	0	0	100	0	0	0	0	0	0	0	0	0	0	0	0	0	0	0
Mar 10 2023 19:49:43	72.4428482056	87.8640060425	95.6578826904	0.0037511580158	85.9476699829	84.7008972168	87.3452072144	-	0	0	0	0	0	0	0	0	0	0	0	0	0	0	0	0	0	0	0	0	0	0	0	0	0	0	0	0	0	0	0	0	0	0	0	9.79899414233e-06	0.000165221863426	0.00163644179702	0.0125648761168	0.0804952457547	0.442257881165	2.09664106369	8.45945072174	27.6248722076	61.2819061279	0	0	0	0	0	0	0	0	0	0	0	0	0	0	0
Mar 10 2023 19:49:44	-1.00000001505e+30	-1.00000001505e+30	-1.00000001505e+30	-1.00000002538e+26	-1.00000001505e+30	-1.00000001505e+30	99.7436676025	-	0	0	0	0	0	0	0	0	0	0	0	0	0	0	0	0	0	0	0	0	0	0	0	0	0	0	0	0	0	0	0	0	0	0	0	0	0	0	0	0	0	0	0	0	0	0	0	0	0	0	0	0	0	0	0	0	0	0	0	0
Mar 10 2023 19:49:45	-1.00000001505e+30	-1.00000001505e+30	-1.00000001505e+30	-1.00000002538e+26	-1.00000001505e+30	-1.00000001505e+30	99.9289321899	-	0	0	0	0	0	0	0	0	0	0	0	0	0	0	0	0	0	0	0	0	0	0	0	0	0	0	0	0	0	0	0	0	0	0	0	0	0	0	0	0	0	0	0	0	0	0	0	0	0	0	0	0	0	0	0	0	0	0	0	0
Mar 10 2023 19:49:46	72.4383926392	87.8628692627	95.6575927734	0.00433318223804	85.9460144043	84.6988677979	85.5303344727	-	0	0	0	0	0	0	0	0	0	0	0	0	0	0	0	0	0	0	0	0	0	0	0	0	0	0	0	0	0	0	0	0	0	0	0	9.86394024949e-06	0.000165755947819	0.00164007791318	0.0125857088715	0.0805957242846	0.442659199238	2.09790754318	8.46222877502	27.6271858215	61.2750244141	0	0	0	0	0	0	0	0	0	0	0	0	0	0	0
Mar 10 2023 19:49:47	20.1056518555	49.5262298584	82.2610626221	0.00202813418582	50.3400115967	36.2638931274	83.9775161743	-	0	0	0	0	0	0	0	0	0	0	0	0	0	0	0	0	0	0	0	0	0.000721594551578	0.00817076396197	0.0215990897268	0.04383058846	0.0786291286349	0.130926415324	0.207093119621	0.315238237381	0.465543806553	0.670601963997	0.945750236511	1.30930840969	1.78259813786	2.38955426216	3.15553355217	4.10470342636	5.25497627258	6.6090502739	8.13898563385	9.76134681702	11.2991313934	12.4301862717	12.630446434	11.1456489563	7.10042619705	0	0	0	0	0	0	0	0	0	0	0	0	0	0	0
Mar 10 2023 19:49:48	-1.00000001505e+30	-1.00000001505e+30	-1.00000001505e+30	-1.00000002538e+26	-1.00000001505e+30	-1.00000001505e+30	94.2402572632	-	0	0	0	0	0	0	0	0	0	0	0	0	0	0	0	0	0	0	0	0	0	0	0	0	0	0	0	0	0	0	0	0	0	0	0	0	0	0	0	0	0	0	0	0	0	0	0	0	0	0	0	0	0	0	0	0	0	0	0	0
Mar 10 2023 19:49:49	87.7202301025	92.6304779053	97.8059234619	0.00554536608979	92.6120529175	92.6120529175	83.2725372314	-	0	0	0	0	0	0	0	0	0	0	0	0	0	0	0	0	0	0	0	0	0	0	0	0	0	0	0	0	0	0	0	0	0	0	0	0	0	0	0	0	0	0	0	0	100	0	0	0	0	0	0	0	0	0	0	0	0	0	0	0
Mar 10 2023 19:49:50	50.5146026611	75.0449142456	92.1760406494	0.00181425141636	73.0925140381	68.7394638062	92.2295761108	-	0	0	0	0	0	0	0	0	0	0	0	0	0	0	0	0	0	0	0	0	0	0	0	0	0	0	0	0	0	0	0	0	0	0	0.0158756934106	0.0853692889214	0.277104467154	0.737155497074	1.73172879219	3.6922492981	7.20620441437	12.8174571991	20.3493385315	27.2795639038	25.8079490662	0	0	0	0	0	0	0	0	0	0	0	0	0	0	0
Mar 10 2023 19:49:51	68.8525314331	86.6769180298	95.3357925415	0.00601479364559	84.3125305176	82.7155685425	80.0740280151	-	0	0	0	0	0	0	0	0	0	0	0	0	0	0	0	0	0	0	0	0	0	0	0	0	0	0	0	0	0	0	0	0	0	0	0	7.43799246266e-05	0.000891788920853	0.00670292740688	0.0399578213692	0.201779156923	0.88456505537	3.38129138947	11.1035804749	29.7623806	54.6187744141	0	0	0	0	0	0	0	0	0	0	0	0	0	0	0
Mar 10 2023 19:49:52	87.7202301025	92.6304779053	97.8059234619	0.00261370604858	92.6120529175	92.6120529175	91.7339248657	-	0	0	0	0	0	0	0	0	0	0	0	0	0	0	0	0	0	0	0	0	0	0	0	0	0	0	0	0	0	0	0	0	0	0	0	0	0	0	0	0	0	0	0	0	100	0	0	0	0	0	0	0	0	0	0	0	0	0	0	0
Mar 10 2023 19:49:53	75.6367263794	88.6081542969	95.8473739624	0.00383649626747	86.984375	85.9509353638	87.253616333	-	0	0	0	0	0	0	0	0	0	0	0	0	0	0	0	0	0	0	0	0	0	0	0	0	0	0	0	0	0	0	0	0	0	0	0	1.96776727535e-06	4.30432373832e-05	0.000528822769411	0.00495481491089	0.0382939167321	0.251435101032	1.41282272339	6.70696783066	25.5996761322	65.9852752686	0	0	0	0	0	0	0	0	0	0	0	0	0	0	0
Mar 10 2023 19:49:54	66.7068405151	85.7882080078	95.0806350708	0.0071021290496	83.1165008545	81.2538528442	76.5537261963	-	0	0	0	0	0	0	0	0	0	0	0	0	0	0	0	0	0	0	0	0	0	0	0	0	0	0	0	0	0	0	0	0	0	0	0	0.000242965194047	0.00239856773987	0.0153158502653	0.0785412117839	0.344176352024	1.31871044636	4.43321561813	12.8744544983	30.6723766327	50.2605667114	0	0	0	0	0	0	0	0	0	0	0	0	0	0	0
Mar 10 2023 19:49:55	87.7202301025	92.6304779053	97.8059234619	0.00533851468936	92.6120529175	92.6120529175	83.8430786133	-	0	0	0	0	0	0	0	0	0	0	0	0	0	0	0	0	0	0	0	0	0	0	0	0	0	0	0	0	0	0	0	0	0	0	0	0	0	0	0	0	0	0	1.44893700692e-37	8.70594174534e-16	100	0	0	0	0	0	0	0	0	0	0	0	0	0	0	0
Mar 10 2023 19:49:56	82.8470840454	91.4074401855	97.294960022	0.00551340309903	90.632774353	90.3022155762	82.983505249	-	0	0	0	0	0	0	0	0	0	0	0	0	0	0	0	0	0	0	0	0	0	0	0	0	0	0	0	0	0	0	0	0	0	0	0	3.51821002886e-12	7.69168562176e-10	5.98316631795e-08	2.97307315122e-06	0.000107788422611	0.00299716368318	0.0648856014013	1.07760751247	12.8381404877	86.0162582397	0	0	0	0	0	0	0	0	0	0	0	0	0	0	0
Mar 10 2023 19:49:57	87.7202301025	92.6304779053	97.8059234619	0.00305309984833	92.6120529175	92.6120529175	90.4129943848	-	0	0	0	0	0	0	0	0	0	0	0	0	0	0	0	0	0	0	0	0	0	0	0	0	0	0	0	0	0	0	0	0	0	0	0	0	0	0	0	0	0	0	0	0	100	0	0	0	0	0	0	0	0	0	0	0	0	0	0	0
Mar 10 2023 19:49:58	47.6019287109	72.6852645874	91.5321960449	0.00177240103949	71.0645599365	66.1890487671	92.1164016724	-	0	0	0	0	0	0	0	0	0	0	0	0	0	0	0	0	0	0	0	0	0	0	0	0	0	0	0	0	0	0	0	0	0	0	0.0398005843163	0.166070818901	0.471284657717	1.12605524063	2.40526676178	4.69840192795	8.44776916504	13.9036626816	20.501127243	25.6065673828	22.6339950562	0	0	0	0	0	0	0	0	0	0	0	0	0	0	0
Mar 10 2023 19:49:59	73.2265930176	88.0740890503	95.7123947144	0.0079452348873	86.240272522	85.0545425415	75.1730728149	-	0	0	0	0	0	0	0	0	0	0	0	0	0	0	0	0	0	0	0	0	0	0	0	0	0	0	0	0	0	0	0	0	0	0	0	6.35948117633e-06	0.000115775910672	0.00121540983673	0.00983820017427	0.0662302225828	0.381427109241	1.8914450407	7.96745729446	27.1143856049	62.5678787231	0	0	0	0	0	0	0	0	0	0	0	0	0	0	0
Mar 10 2023 19:50:00	82.0916137695	91.2966079712	97.2474441528	0.00366466050036	90.4388961792	90.073890686	88.3122177124	-	0	0	0	0	0	0	0	0	0	0	0	0	0	0	0	0	0	0	0	0	0	0	0	0	0	0	0	0	0	0	0	0	0	0	0	1.4986113045e-11	2.50693954484e-09	1.58498721703e-07	6.54971699987e-06	0.000200559661607	0.00477100443095	0.0894311666489	1.30237317085	13.8219490051	84.7812652588	0	0	0	0	0	0	0	0	0	0	0	0	0	0	0
Mar 10 2023 19:50:01	87.7202301025	92.6304779053	97.8059234619	0.00246272282675	92.6120529175	92.6120529175	92.1922607422	-	0	0	0	0	0	0	0	0	0	0	0	0	0	0	0	0	0	0	0	0	0	0	0	0	0	0	0	0	0	0	0	0	0	0	0	0	0	0	0	0	0	0	0	0	100	0	0	0	0	0	0	0	0	0	0	0	0	0	0	0
Mar 10 2023 19:50:02	87.7202301025	92.6304779053	97.8059234619	0.00704389996827	92.6120529175	92.6120529175	79.2535705566	-	0	0	0	0	0	0	0	0	0	0	0	0	0	0	0	0	0	0	0	0	0	0	0	0	0	0	0	0	0	0	0	0	0	0	0	0	0	0	0	0	0	0	0	0	100	0	0	0	0	0	0	0	0	0	0	0	0	0	0	0
Mar 10 2023 19:50:03	87.7202301025	92.6304779053	97.8059234619	0.00631085829809	92.6120529175	92.6120529175	81.1947021484	-	0	0	0	0	0	0	0	0	0	0	0	0	0	0	0	0	0	0	0	0	0	0	0	0	0	0	0	0	0	0	0	0	0	0	0	0	0	0	0	0	0	0	0	0	100	0	0	0	0	0	0	0	0	0	0	0	0	0	0	0
Mar 10 2023 19:50:04	83.3971176147	91.4784164429	97.3251800537	0.00518595380709	90.7586135864	90.4505615234	83.9317016602	-	0	0	0	0	0	0	0	0	0	0	0	0	0	0	0	0	0	0	0	0	0	0	0	0	0	0	0	0	0	0	0	0	0	0	0	1.0348219677e-12	2.94283292179e-10	2.73506959303e-08	1.58445936904e-06	6.5995627665e-05	0.0020841602236	0.0507007949054	0.935274243355	12.1876029968	86.8242645264	0	0	0	0	0	0	0	0	0	0	0	0	0	0	0
Mar 10 2023 19:50:05	50.467716217	75.008354187	92.1670684814	0.00382013432682	73.0615386963	68.699836731	84.3308410645	-	0	0	0	0	0	0	0	0	0	0	0	0	0	0	0	0	0	0	0	0	0	0	0	0	0	0	0	0	0	0	0	0	0	0	0.0163209885359	0.0865232571959	0.279719978571	0.742435753345	1.7412211895	3.70717716217	7.22576141357	12.8358974457	20.3535385132	27.2535972595	25.7578048706	0	0	0	0	0	0	0	0	0	0	0	0	0	0	0
Mar 10 2023 19:50:06	87.7202301025	92.6304779053	97.8059234619	0.00765497097746	92.6120529175	92.6120529175	77.6709365845	-	0	0	0	0	0	0	0	0	0	0	0	0	0	0	0	0	0	0	0	0	0	0	0	0	0	0	0	0	0	0	0	0	0	0	0	0	0	0	0	0	0	0	0	0	100	0	0	0	0	0	0	0	0	0	0	0	0	0	0	0
Mar 10 2023 19:50:07	87.7202301025	92.6304779053	97.8059234619	0.00248649180867	92.6120529175	92.6120529175	92.1199569702	-	0	0	0	0	0	0	0	0	0	0	0	0	0	0	0	0	0	0	0	0	0	0	0	0	0	0	0	0	0	0	0	0	0	0	0	0	0	0	0	0	0	0	0	0	100	0	0	0	0	0	0	0	0	0	0	0	0	0	0	0
Mar 10 2023 19:50:08	43.8087501526	69.6629486084	90.6024169922	0.00394832156599	68.3964614868	62.7910804749	82.4485168457	-	0	0	0	0	0	0	0	0	0	0	0	0	0	0	0	0	0	0	0	0	0	0	0	0	0	0	0	0	0	0	0	0	0	0.0113408584148	0.116807177663	0.362906455994	0.867147088051	1.80927884579	3.43757987022	6.04484653473	9.87160587311	14.8623304367	20.1677055359	23.3034648895	19.1449871063	0	0	0	0	0	0	0	0	0	0	0	0	0	0	0
Mar 10 2023 19:50:09	86.2616348267	92.0294952393	97.5547866821	0.00759756751359	91.737739563	91.5946044922	77.6087188721	-	0	0	0	0	0	0	0	0	0	0	0	0	0	0	0	0	0	0	0	0	0	0	0	0	0	0	0	0	0	0	0	0	0	0	0	8.79343283725e-18	2.02139347605e-14	9.79253223649e-12	2.48626697008e-09	4.02714789516e-07	4.47614911536e-05	0.00349066057242	0.187142714858	6.27726984024	93.5320510864	0	0	0	0	0	0	0	0	0	0	0	0	0	0	0
Mar 10 2023 19:50:10	54.4506340027	78.0987472534	93.0572738647	0.00435155536979	75.6613082886	71.969909668	83.0959472656	-	0	0	0	0	0	0	0	0	0	0	0	0	0	0	0	0	0	0	0	0	0	0	0	0	0	0	0	0	0	0	0	0	0	0	0.00364600028843	0.0310458596796	0.12323897332	0.384098351002	1.03813743591	2.51860594749	5.54845046997	11.067700386	19.5990371704	29.1694011688	30.5166358948	0	0	0	0	0	0	0	0	0	0	0	0	0	0	0
Mar 10 2023 19:50:11	70.3131637573	87.1881713867	95.4773101807	0.00568437995389	85.0125732422	83.5675354004	81.2334213257	-	0	0	0	0	0	0	0	0	0	0	0	0	0	0	0	0	0	0	0	0	0	0	0	0	0	0	0	0	0	0	0	0	0	0	0	3.30616712745e-05	0.000456106150523	0.00383200775832	0.0252831559628	0.140411168337	0.673535585403	2.805103302	9.99799156189	28.9879207611	57.365436554	0	0	0	0	0	0	0	0	0	0	0	0	0	0	0
Mar 10 2023 19:50:12	87.7202301025	92.6304779053	97.8059234619	0.0034805983305	92.6120529175	92.6120529175	89.1460800171	-	0	0	0	0	0	0	0	0	0	0	0	0	0	0	0	0	0	0	0	0	0	0	0	0	0	0	0	0	0	0	0	0	0	0	0	0	0	0	0	0	0	0	0	0	100	0	0	0	0	0	0	0	0	0	0	0	0	0	0	0
Mar 10 2023 19:50:13	87.7202301025	92.6304779053	97.8059234619	0.00437858793885	92.6120529175	92.6120529175	86.542350769	-	0	0	0	0	0	0	0	0	0	0	0	0	0	0	0	0	0	0	0	0	0	0	0	0	0	0	0	0	0	0	0	0	0	0	0	0	0	0	0	0	0	0	1.03960588731e-30	8.62688230314e-13	100	0	0	0	0	0	0	0	0	0	0	0	0	0	0	0
Mar 10 2023 19:50:14	63.6463546753	84.0630493164	94.6423721313	0.00206499407068	81.2328262329	78.9358901978	92.3116073608	-	0	0	0	0	0	0	0	0	0	0	0	0	0	0	0	0	0	0	0	0	0	0	0	0	0	0	0	0	0	0	0	0	0	0	0	0.00119171105325	0.00878402404487	0.0447268411517	0.187177866697	0.679084777832	2.17807674408	6.18613624573	15.2986001968	31.2518005371	44.1644210815	0	0	0	0	0	0	0	0	0	0	0	0	0	0	0
Mar 10 2023 19:50:15	47.5768966675	72.6591110229	91.5247268677	0.00267748441547	71.0436706543	66.1648635864	88.3294525146	-	0	0	0	0	0	0	0	0	0	0	0	0	0	0	0	0	0	0	0	0	0	0	0	0	0	0	0	0	0	0	0	0	0	0	0.0396607369184	0.166397154331	0.47274312377	1.12967395782	2.41226410866	4.70953655243	8.46197986603	13.9161777496	20.5026054382	25.587600708	22.6013622284	0	0	0	0	0	0	0	0	0	0	0	0	0	0	0
Mar 10 2023 19:50:16	45.3165512085	70.9303741455	91.0157546997	0.00341154634953	69.5085449219	64.1873168945	84.9530258179	-	0	0	0	0	0	0	0	0	0	0	0	0	0	0	0	0	0	0	0	0	0	0	0	0	0	0	0	0	0	0	0	0	0	0.00413823546842	0.0812168121338	0.274260818958	0.69269323349	1.51416170597	3.00027871132	5.48588705063	9.29473686218	14.4924163818	20.3352012634	24.2642745972	20.5607318878	0	0	0	0	0	0	0	0	0	0	0	0	0	0	0
Mar 10 2023 19:50:17	87.7202301025	92.6304779053	97.8059234619	0.00363520835526	92.6120529175	92.6120529175	88.6922683716	-	0	0	0	0	0	0	0	0	0	0	0	0	0	0	0	0	0	0	0	0	0	0	0	0	0	0	0	0	0	0	0	0	0	0	0	0	0	0	0	0	0	0	2.24487443887e-33	5.19619137757e-14	100	0	0	0	0	0	0	0	0	0	0	0	0	0	0	0
Mar 10 2023 19:50:18	87.7202301025	92.6304779053	97.8059234619	0.00690187606961	92.6120529175	92.6120529175	79.6259994507	-	0	0	0	0	0	0	0	0	0	0	0	0	0	0	0	0	0	0	0	0	0	0	0	0	0	0	0	0	0	0	0	0	0	0	0	0	0	0	0	0	0	0	0	0	100	0	0	0	0	0	0	0	0	0	0	0	0	0	0	0
Mar 10 2023 19:50:19	87.7202301025	92.6304779053	97.8059234619	0.00826812535524	92.6120529175	92.6120529175	76.1146697998	-	0	0	0	0	0	0	0	0	0	0	0	0	0	0	0	0	0	0	0	0	0	0	0	0	0	0	0	0	0	0	0	0	0	0	0	0	0	0	0	0	0	0	0	0	100	0	0	0	0	0	0	0	0	0	0	0	0	0	0	0
Mar 10 2023 19:50:20	87.091835022	92.3341903687	97.6775817871	0.00665426673368	92.2990493774	92.2476882935	80.2122802734	-	0	0	0	0	0	0	0	0	0	0	0	0	0	0	0	0	0	0	0	0	0	0	0	0	0	0	0	0	0	0	0	0	0	0	0	3.18007604917e-25	1.66402744449e-20	9.2072666655e-17	2.04505872957e-13	2.41645814469e-10	1.68487687802e-07	7.15401474736e-05	0.0179768912494	2.34145212173	97.6404953003	0	0	0	0	0	0	0	0	0	0	0	0	0	0	0
Mar 10 2023 19:50:21	55.7255363464	79.0401611328	93.3072052002	0.0042201844044	76.4280166626	72.9316940308	83.7630233765	-	0	0	0	0	0	0	0	0	0	0	0	0	0	0	0	0	0	0	0	0	0	0	0	0	0	0	0	0	0	0	0	0	0	0	0.00216684350744	0.0220402460545	0.0934806317091	0.306956291199	0.869130790234	2.20138812065	5.05034828186	10.4697380066	19.2348175049	29.6548805237	32.0950508118	0	0	0	0	0	0	0	0	0	0	0	0	0	0	0
Mar 10 2023 19:50:22	63.5755310059	84.0209350586	94.6317749023	0.00283446582034	81.1884918213	78.8811569214	89.5934524536	-	0	0	0	0	0	0	0	0	0	0	0	0	0	0	0	0	0	0	0	0	0	0	0	0	0	0	0	0	0	0	0	0	0	0	0	0.00121954723727	0.00897990725935	0.0456196889281	0.190384015441	0.688570082188	2.20108580589	6.22945261002	15.3506278992	31.2505302429	44.033531189	0	0	0	0	0	0	0	0	0	0	0	0	0	0	0
Mar 10 2023 19:50:23	61.1459465027	82.6340942383	94.262550354	0.0014951423509	79.707611084	77.0283355713	94.2347412109	-	0	0	0	0	0	0	0	0	0	0	0	0	0	0	0	0	0	0	0	0	0	0	0	0	0	0	0	0	0	0	0	0	0	0	8.31696233945e-05	0.00380664574914	0.0224807243794	0.0956629142165	0.341673880816	1.07420563698	3.02292728424	7.61295557022	16.8493232727	31.0605106354	39.9163742065	0	0	0	0	0	0	0	0	0	0	0	0	0	0	0
Mar 10 2023 19:50:24	47.6298789978	72.717880249	91.5416717529	0.00317079341039	71.0895996094	66.2163085938	86.3427963257	-	0	0	0	0	0	0	0	0	0	0	0	0	0	0	0	0	0	0	0	0	0	0	0	0	0	0	0	0	0	0	0	0	0	0	0.0404253900051	0.166297391057	0.470258206129	1.12238121033	2.39719748497	4.68466758728	8.42940998077	13.8866453171	20.497713089	25.6295833588	22.6754207611	0	0	0	0	0	0	0	0	0	0	0	0	0	0	0
Mar 10 2023 19:50:25	45.9956665039	71.3826446533	91.1442565918	0.00350041571073	69.9348220825	64.7683486938	84.7222061157	-	0	0	0	0	0	0	0	0	0	0	0	0	0	0	0	0	0	0	0	0	0	0	0	0	0	0	0	0	0	0	0	0	0	0	0.062985599041	0.231945097446	0.613736152649	1.38719761372	2.82200026512	5.27192974091	9.09267520905	14.3892335892	20.4409294128	24.6389598846	21.048406601	0	0	0	0	0	0	0	0	0	0	0	0	0	0	0
Mar 10 2023 19:50:26	87.7202301025	92.6304779053	97.8059234619	0.0100999390706	92.6120529175	92.6120529175	71.6485748291	-	0	0	0	0	0	0	0	0	0	0	0	0	0	0	0	0	0	0	0	0	0	0	0	0	0	0	0	0	0	0	0	0	0	0	0	0	0	0	0	0	0	0	0	0	100	0	0	0	0	0	0	0	0	0	0	0	0	0	0	0
Mar 10 2023 19:50:27	87.7202301025	92.6304779053	97.8059234619	0.00713304337114	92.6120529175	92.6120529175	79.0207061768	-	0	0	0	0	0	0	0	0	0	0	0	0	0	0	0	0	0	0	0	0	0	0	0	0	0	0	0	0	0	0	0	0	0	0	0	0	0	0	0	0	0	0	0	0	100	0	0	0	0	0	0	0	0	0	0	0	0	0	0	0
Mar 10 2023 19:50:28	87.7202301025	92.6304779053	97.8059234619	0.00412567518651	92.6120529175	92.6120529175	87.2678833008	-	0	0	0	0	0	0	0	0	0	0	0	0	0	0	0	0	0	0	0	0	0	0	0	0	0	0	0	0	0	0	0	0	0	0	0	0	0	0	0	0	0	0	0	0	100	0	0	0	0	0	0	0	0	0	0	0	0	0	0	0
Mar 10 2023 19:50:29	74.0459442139	88.2792129517	95.7648468018	0.00409360229969	86.5265731812	85.400100708	86.3782730103	-	0	0	0	0	0	0	0	0	0	0	0	0	0	0	0	0	0	0	0	0	0	0	0	0	0	0	0	0	0	0	0	0	0	0	0	4.07494962928e-06	8.02691283752e-05	0.000894236261956	0.00764022395015	0.0541161820292	0.327123433352	1.69912779331	7.48275613785	26.5728149414	63.8554458618	0	0	0	0	0	0	0	0	0	0	0	0	0	0	0
Mar 10 2023 19:50:30	54.5152626038	78.1441421509	93.0690612793	0.00484887044877	75.6999282837	72.0201568604	81.367805481	-	0	0	0	0	0	0	0	0	0	0	0	0	0	0	0	0	0	0	0	0	0	0	0	0	0	0	0	0	0	0	0	0	0	0	0.00334905670024	0.0302045773715	0.121122531593	0.379328072071	1.02853572369	2.50164103508	5.52323865891	11.039607048	19.5857086182	29.1984596252	30.5888061523	0	0	0	0	0	0	0	0	0	0	0	0	0	0	0
Mar 10 2023 19:50:31	87.7202301025	92.6304779053	97.8059234619	0.00965920742601	92.6120529175	92.6120529175	72.6985702515	-	0	0	0	0	0	0	0	0	0	0	0	0	0	0	0	0	0	0	0	0	0	0	0	0	0	0	0	0	0	0	0	0	0	0	0	0	0	0	0	0	0	0	0	0	100	0	0	0	0	0	0	0	0	0	0	0	0	0	0	0
Mar 10 2023 19:50:32	58.1470451355	80.6543579102	93.7546081543	0.00441686715931	77.8905029297	74.7626037598	83.4582672119	-	0	0	0	0	0	0	0	0	0	0	0	0	0	0	0	0	0	0	0	0	0	0	0	0	0	0	0	0	0	0	0	0	0	0	0.000664447899908	0.0107456902042	0.0523010790348	0.19118398428	0.595733821392	1.64942240715	4.11634016037	9.24631690979	18.3432159424	30.4413070679	35.3527755737	0	0	0	0	0	0	0	0	0	0	0	0	0	0	0
Mar 10 2023 19:50:33	51.9248924255	76.1589813232	92.4880065918	0.00375432497822	74.0259246826	69.9150085449	84.829208374	-	0	0	0	0	0	0	0	0	0	0	0	0	0	0	0	0	0	0	0	0	0	0	0	0	0	0	0	0	0	0	0	0	0	0	0.00960027612746	0.0603398494422	0.210256308317	0.591033279896	1.45740461349	3.24870634079	6.61011505127	12.2294101715	20.1570129395	28.0064315796	27.4196891785	0	0	0	0	0	0	0	0	0	0	0	0	0	0	0
Mar 10 2023 19:50:34	87.7202301025	92.6304779053	97.8059234619	0.0116928769276	92.6120529175	92.6120529175	67.9784469604	-	0	0	0	0	0	0	0	0	0	0	0	0	0	0	0	0	0	0	0	0	0	0	0	0	0	0	0	0	0	0	0	0	0	0	0	0	0	0	0	0	0	0	8.77504971685e-34	6.41398487599e-14	100	0	0	0	0	0	0	0	0	0	0	0	0	0	0	0
Mar 10 2023 19:50:35	87.7202301025	92.6304779053	97.8059234619	0.00495622633025	92.6120529175	92.6120529175	84.9078216553	-	0	0	0	0	0	0	0	0	0	0	0	0	0	0	0	0	0	0	0	0	0	0	0	0	0	0	0	0	0	0	0	0	0	0	0	0	0	0	0	0	0	0	0	0	100	0	0	0	0	0	0	0	0	0	0	0	0	0	0	0
Mar 10 2023 19:50:36	74.0202865601	88.2735366821	95.7634124756	0.00518603483215	86.5184020996	85.3901519775	83.0660858154	-	0	0	0	0	0	0	0	0	0	0	0	0	0	0	0	0	0	0	0	0	0	0	0	0	0	0	0	0	0	0	0	0	0	0	0	4.16951570514e-06	8.13488295535e-05	0.000903405889403	0.00770268170163	0.0544650368392	0.328711718321	1.70479393005	7.49683237076	26.587223053	63.8192825317	0	0	0	0	0	0	0	0	0	0	0	0	0	0	0
Mar 10 2023 19:50:37	87.7202301025	92.6304779053	97.8059234619	0.00581264076754	92.6120529175	92.6120529175	82.5410766602	-	0	0	0	0	0	0	0	0	0	0	0	0	0	0	0	0	0	0	0	0	0	0	0	0	0	0	0	0	0	0	0	0	0	0	0	0	0	0	0	0	0	0	0	0	100	0	0	0	0	0	0	0	0	0	0	0	0	0	0	0
Mar 10 2023 19:50:38	87.7202301025	92.6304779053	97.8059234619	0.00662791635841	92.6120529175	92.6120529175	80.3493499756	-	0	0	0	0	0	0	0	0	0	0	0	0	0	0	0	0	0	0	0	0	0	0	0	0	0	0	0	0	0	0	0	0	0	0	0	0	0	0	0	0	0	0	0	0	100	0	0	0	0	0	0	0	0	0	0	0	0	0	0	0
Mar 10 2023 19:50:39	72.4367599487	87.8623886108	95.6574630737	0.00369649240747	85.9453735352	84.6981124878	87.5172119141	-	0	0	0	0	0	0	0	0	0	0	0	0	0	0	0	0	0	0	0	0	0	0	0	0	0	0	0	0	0	0	0	0	0	0	0	9.82512392511e-06	0.000165610996191	0.00163984263781	0.0125873479992	0.0806143581867	0.44276741147	2.09833908081	8.46336078644	27.6283912659	61.2721214294	0	0	0	0	0	0	0	0	0	0	0	0	0	0	0
Mar 10 2023 19:50:40	87.7202301025	92.6304779053	97.8059234619	0.00336748617701	92.6120529175	92.6120529175	89.4795532227	-	0	0	0	0	0	0	0	0	0	0	0	0	0	0	0	0	0	0	0	0	0	0	0	0	0	0	0	0	0	0	0	0	0	0	0	0	0	0	0	0	0	0	1.5788557158e-31	6.93839408671e-13	100	0	0	0	0	0	0	0	0	0	0	0	0	0	0	0
Mar 10 2023 19:50:41	75.6578445435	88.6117477417	95.8482589722	0.00641467794776	86.9895553589	85.9572219849	79.6152648926	-	0	0	0	0	0	0	0	0	0	0	0	0	0	0	0	0	0	0	0	0	0	0	0	0	0	0	0	0	0	0	0	0	0	0	0	1.94032213585e-06	4.2669234972e-05	0.000525203358848	0.00492724496871	0.0381235852838	0.250583797693	1.4095056057	6.69796848297	25.5892028809	66.0091171265	0	0	0	0	0	0	0	0	0	0	0	0	0	0	0
Mar 10 2023 19:50:42	51.9584350586	76.1816940308	92.4948196411	0.00526770763099	74.0470809937	69.9434051514	79.3931732178	-	0	0	0	0	0	0	0	0	0	0	0	0	0	0	0	0	0	0	0	0	0	0	0	0	0	0	0	0	0	0	0	0	0	0	0.00921214558184	0.0594393834472	0.208340451121	0.587307929993	1.4508575201	3.2385559082	6.59696006775	12.2171764374	20.1545276642	28.0242271423	27.4533996582	0	0	0	0	0	0	0	0	0	0	0	0	0	0	0
Mar 10 2023 19:50:43	40.3465003967	66.7215957642	89.5464172363	0.00367027358152	65.7951583862	59.5083694458	82.7389450073	-	0	0	0	0	0	0	0	0	0	0	0	0	0	0	0	0	0	0	0	0	0	0	0	0	0	0	0	0	0	0	0	0	0	0.0596418902278	0.259015530348	0.658599853516	1.38370597363	2.60191512108	4.51120662689	7.29570293427	11.0188941956	15.4100675583	19.4951210022	21.0686340332	16.237493515	0	0	0	0	0	0	0	0	0	0	0	0	0	0	0
Mar 10 2023 19:50:44	81.3504486084	91.1860580444	97.1996917725	0.00616453168914	90.2460327148	89.8461608887	81.0907363892	-	0	0	0	0	0	0	0	0	0	0	0	0	0	0	0	0	0	0	0	0	0	0	0	0	0	0	0	0	0	0	0	0	0	0	0	5.4183962872e-11	7.31082616667e-09	3.83794429126e-07	1.34078136398e-05	0.000351880677044	0.00726005807519	0.119372665882	1.5431214571	14.7518501282	83.5780334473	0	0	0	0	0	0	0	0	0	0	0	0	0	0	0
Mar 10 2023 19:50:45	87.7202301025	92.6304779053	97.8059234619	0.00522944657132	92.6120529175	92.6120529175	84.1454772949	-	0	0	0	0	0	0	0	0	0	0	0	0	0	0	0	0	0	0	0	0	0	0	0	0	0	0	0	0	0	0	0	0	0	0	0	0	0	0	0	0	0	0	0	0	100	0	0	0	0	0	0	0	0	0	0	0	0	0	0	0
Mar 10 2023 19:50:46	68.9485244751	86.7114715576	95.3453903198	0.00460927560925	84.3609771729	82.7750854492	84.3523864746	-	0	0	0	0	0	0	0	0	0	0	0	0	0	0	0	0	0	0	0	0	0	0	0	0	0	0	0	0	0	0	0	0	0	0	0	6.95517228451e-05	0.000851234304719	0.00645547406748	0.0387442409992	0.196863174438	0.868225455284	3.33870601654	11.0281276703	29.723033905	54.7989234924	0	0	0	0	0	0	0	0	0	0	0	0	0	0	0
Mar 10 2023 19:50:47	47.5388259888	72.6451568604	91.5220870972	0.00349782360718	71.025970459	66.1330718994	85.0273284912	-	0	0	0	0	0	0	0	0	0	0	0	0	0	0	0	0	0	0	0	0	0	0	0	0	0	0	0	0	0	0	0	0	0	0	0.0424617528915	0.170635089278	0.478634387255	1.13706409931	2.4203350544	4.71658420563	8.46550750732	13.9136333466	20.4929428101	25.5732097626	22.5889930725	0	0	0	0	0	0	0	0	0	0	0	0	0	0	0
Mar 10 2023 19:50:48	36.648147583	63.6048431396	88.3496551514	0.00232427939773	62.9997215271	55.8631057739	87.9867324829	-	0	0	0	0	0	0	0	0	0	0	0	0	0	0	0	0	0	0	0	0	0	0	0	0	0	0	0	0	0	0	0	0	0.0356494113803	0.219209700823	0.565616488457	1.16225981712	2.12155508995	3.57459902763	5.64992570877	8.42472648621	11.8289842606	15.4780368805	18.4154472351	18.79621315	13.7277784348	0	0	0	0	0	0	0	0	0	0	0	0	0	0	0
Mar 10 2023 19:50:49	53.1763496399	77.090171814	92.7787475586	0.00303588667884	74.8340454102	70.9320907593	87.712310791	-	0	0	0	0	0	0	0	0	0	0	0	0	0	0	0	0	0	0	0	0	0	0	0	0	0	0	0	0	0	0	0	0	0	0	0.00594195351005	0.0436370521784	0.162441298366	0.480652540922	1.23976719379	2.87964034081	6.08810329437	11.6775884628	19.9184989929	28.5985774994	28.9051494598	0	0	0	0	0	0	0	0	0	0	0	0	0	0	0
Mar 10 2023 19:50:50	87.7202301025	92.6304779053	97.8059234619	0.00471436837688	92.6120529175	92.6120529175	85.5884094238	-	0	0	0	0	0	0	0	0	0	0	0	0	0	0	0	0	0	0	0	0	0	0	0	0	0	0	0	0	0	0	0	0	0	0	0	0	0	0	0	0	0	0	0	0	100	0	0	0	0	0	0	0	0	0	0	0	0	0	0	0
Mar 10 2023 19:50:51	54.488822937	78.1305618286	93.0658721924	0.00215757265687	75.686340332	72	91.2311782837	-	0	0	0	0	0	0	0	0	0	0	0	0	0	0	0	0	0	0	0	0	0	0	0	0	0	0	0	0	0	0	0	0	0	0	0.00370318093337	0.030960354954	0.122619271278	0.382059186697	1.03306341171	2.50827550888	5.53132724762	11.0464830399	19.5860862732	29.1867675781	30.5686569214	0	0	0	0	0	0	0	0	0	0	0	0	0	0	0
Mar 10 2023 19:50:52	83.1858520508	91.4526290894	97.3142471313	0.00596866710111	90.7104949951	90.3930892944	81.7314529419	-	0	0	0	0	0	0	0	0	0	0	0	0	0	0	0	0	0	0	0	0	0	0	0	0	0	0	0	0	0	0	0	0	0	0	0	2.27407806128e-12	5.33333821551e-10	4.38653131596e-08	2.2953199732e-06	8.73947064974e-05	0.00254649901763	0.0576583743095	0.999733150005	12.4133262634	86.5266418457	0	0	0	0	0	0	0	0	0	0	0	0	0	0	0
Mar 10 2023 19:50:53	42.042427063	68.2051391602	90.0990600586	0.00515614775941	67.0990447998	61.1379432678	77.1845474243	-	0	0	0	0	0	0	0	0	0	0	0	0	0	0	0	0	0	0	0	0	0	0	0	0	0	0	0	0	0	0	0	0	0	0.0337243676186	0.18191434443	0.499953985214	1.1108417511	2.1906785965	3.9652864933	6.67457962036	10.4682760239	15.1745023727	19.8663444519	22.186832428	17.6470661163	0	0	0	0	0	0	0	0	0	0	0	0	0	0	0
Mar 10 2023 19:50:54	56.9764404297	79.8913726807	93.5492706299	0.00527874706313	77.2048568726	73.9047470093	80.3597412109	-	0	0	0	0	0	0	0	0	0	0	0	0	0	0	0	0	0	0	0	0	0	0	0	0	0	0	0	0	0	0	0	0	0	0	0.0012024686439	0.0152508541942	0.0694067925215	0.240797176957	0.716176092625	1.89900791645	4.54987859726	9.83141517639	18.7941989899	30.1003398895	33.7823371887	0	0	0	0	0	0	0	0	0	0	0	0	0	0	0
Mar 10 2023 19:50:55	47.5854988098	72.6618881226	91.5250549316	0.00711559364572	71.0475692749	66.1722335815	71.9098129272	-	0	0	0	0	0	0	0	0	0	0	0	0	0	0	0	0	0	0	0	0	0	0	0	0	0	0	0	0	0	0	0	0	0	0	0.0390094667673	0.165391787887	0.471317827702	1.127856493	2.41026592255	4.70783615112	8.46131324768	13.9172706604	20.5055408478	25.5910816193	22.6031150818	0	0	0	0	0	0	0	0	0	0	0	0	0	0	0
Mar 10 2023 19:50:56	87.7202301025	92.6304779053	97.8059234619	0.00623864214867	92.6120529175	92.6120529175	81.3884887695	-	0	0	0	0	0	0	0	0	0	0	0	0	0	0	0	0	0	0	0	0	0	0	0	0	0	0	0	0	0	0	0	0	0	0	0	0	0	0	0	0	0	0	1.51987338245e-30	1.62546213468e-12	100	0	0	0	0	0	0	0	0	0	0	0	0	0	0	0
Mar 10 2023 19:50:57	62.0490608215	83.139541626	94.4019927979	0.00416339607909	80.240486145	77.6904983521	84.8807983398	-	0	0	0	0	0	0	0	0	0	0	0	0	0	0	0	0	0	0	0	0	0	0	0	0	0	0	0	0	0	0	0	0	0	0	3.07399677695e-05	0.00270606088452	0.017009479925	0.0760377645493	0.283925414085	0.930441737175	2.72302889824	7.11836576462	16.3269329071	31.1469039917	41.3746147156	0	0	0	0	0	0	0	0	0	0	0	0	0	0	0
Mar 10 2023 19:50:58	32.8741760254	59.8893013	86.7903060913	0.00279542407952	59.8005828857	51.8744468689	84.703163147	-	0	0	0	0	0	0	0	0	0	0	0	0	0	0	0	0	0	0	0	0	0	0	0	0	0	0	0	0	0	0	0	0	0.15592969954	0.487156480551	1.03017771244	1.86248981953	3.0690984726	4.72961091995	6.89268112183	9.53033447266	12.4621257782	15.2403717041	16.9991436005	16.3112945557	11.2295856476	0	0	0	0	0	0	0	0	0	0	0	0	0	0	0
Mar 10 2023 19:50:59	34.7698097229	61.7882423401	87.6135787964	0.0024737152271	61.4260940552	53.8894577026	86.8224716187	-	0	0	0	0	0	0	0	0	0	0	0	0	0	0	0	0	0	0	0	0	0	0	0	0	0	0	0	0	0	0	0	0	0.0829920619726	0.333099991083	0.771926641464	1.48402667046	2.57034730911	4.13790369034	6.27531194687	9.00425338745	12.1925516129	15.4133558273	17.7448329926	17.5505714417	12.4388256073	0	0	0	0	0	0	0	0	0	0	0	0	0	0	0
Mar 10 2023 19:51:00	42.1428070068	68.3137741089	90.1396255493	0.00158324756194	67.1871261597	61.232711792	92.3674926758	-	0	0	0	0	0	0	0	0	0	0	0	0	0	0	0	0	0	0	0	0	0	0	0	0	0	0	0	0	0	0	0	0	0	0.0359963327646	0.182308658957	0.496001213789	1.09908902645	2.16726994514	3.92757606506	6.62416744232	10.4152011871	15.1405658722	19.8818969727	22.2704544067	17.7594738007	0	0	0	0	0	0	0	0	0	0	0	0	0	0	0
Mar 10 2023 19:51:01	59.2178993225	81.3991394043	93.9439086914	0.00507341558114	78.5445709229	75.5777130127	81.4300003052	-	0	0	0	0	0	0	0	0	0	0	0	0	0	0	0	0	0	0	0	0	0	0	0	0	0	0	0	0	0	0	0	0	0	0	0.000436250993516	0.0077416668646	0.0396600142121	0.151900440454	0.49466574192	1.42849445343	3.7119383812	8.66825675964	17.8522357941	30.7145595551	36.9301109314	0	0	0	0	0	0	0	0	0	0	0	0	0	0	0
Mar 10 2023 19:51:02	38.4755020142	65.0671615601	88.8831481934	0.00206320197321	64.3284835815	57.6700897217	89.5858383179	-	0	0	0	0	0	0	0	0	0	0	0	0	0	0	0	0	0	0	0	0	0	0	0	0	0	0	0	0	0	0	0	0	0	0.110038891435	0.378954440355	0.880077838898	1.73610913754	3.09884238243	5.13009595871	7.9520368576	11.5433931351	15.5504245758	18.9853153229	19.8340873718	14.8006219864	0	0	0	0	0	0	0	0	0	0	0	0	0	0	0
Mar 10 2023 19:51:03	32.8695983887	59.8960914612	86.794883728	0.00180604343768	59.8037414551	51.8719673157	89.8288040161	-	0	0	0	0	0	0	0	0	0	0	0	0	0	0	0	0	0	0	0	0	0	0	0	0	0	0	0	0	0	0	0	0	0.158250004053	0.48930361867	1.03181004524	1.86320447922	3.06849837303	4.72742319107	6.8889298439	9.52553939819	12.457452774	15.237575531	17.0000152588	16.316286087	11.2357110977	0	0	0	0	0	0	0	0	0	0	0	0	0	0	0
Mar 10 2023 19:51:04	38.4640312195	65.0978851318	88.9005737305	0.00196764548309	64.3446044922	57.6667900085	90.0426177979	-	0	0	0	0	0	0	0	0	0	0	0	0	0	0	0	0	0	0	0	0	0	0	0	0	0	0	0	0	0	0	0	0	0	0.118002749979	0.386858344078	0.886275172234	1.73835098743	3.09466123581	5.11768198013	7.93168115616	11.5192298889	15.5314998627	18.9837837219	19.8571567535	14.834821701	0	0	0	0	0	0	0	0	0	0	0	0	0	0	0
Mar 10 2023 19:51:05	87.7202301025	92.6304779053	97.8059234619	0.00354990339838	92.6120529175	92.6120529175	88.9423675537	-	0	0	0	0	0	0	0	0	0	0	0	0	0	0	0	0	0	0	0	0	0	0	0	0	0	0	0	0	0	0	0	0	0	0	0	0	0	0	0	0	0	0	0	0	100	0	0	0	0	0	0	0	0	0	0	0	0	0	0	0
Mar 10 2023 19:51:06	60.2846069336	82.1100387573	94.1138458252	0.00579388253391	79.1554412842	76.3399276733	79.2772445679	-	0	0	0	0	0	0	0	0	0	0	0	0	0	0	0	0	0	0	0	0	0	0	0	0	0	0	0	0	0	0	0	0	0	0	0.00022403676121	0.00543635664508	0.0297896470875	0.12018558383	0.40995529294	1.2359162569	3.34456968307	8.11785316467	17.3473796844	30.9217033386	38.4669876099	0	0	0	0	0	0	0	0	0	0	0	0	0	0	0
Mar 10 2023 19:51:07	28.9789295197	56.2141227722	85.1412200928	0.00424357457086	56.5968322754	47.5904846191	75.9373626709	-	0	0	0	0	0	0	0	0	0	0	0	0	0	0	0	0	0	0	0	0	0	0	0	0	0	0	0	0	0	0	0	0.197636902332	0.524115502834	1.02324867249	1.74653565884	2.74842715263	4.07913780212	5.77151155472	7.81853294373	10.1369638443	12.511554718	14.517323494	15.428273201	14.1539678574	9.34277153015	0	0	0	0	0	0	0	0	0	0	0	0	0	0	0
Mar 10 2023 19:51:08	36.6385955811	63.4531936646	88.2755508423	0.0045925877057	62.905708313	55.8364105225	77.6469192505	-	0	0	0	0	0	0	0	0	0	0	0	0	0	0	0	0	0	0	0	0	0	0	0	0	0	0	0	0	0	0	0	0	0.0126350130886	0.196761459112	0.54832470417	1.15644347668	2.134516716	3.61275076866	5.71545171738	8.51091003418	11.9155483246	15.5301122665	18.3931884766	18.6847400665	13.5886163712	0	0	0	0	0	0	0	0	0	0	0	0	0	0	0
Mar 10 2023 19:51:09	2.78465008736	11.0954294205	42.1230239868	0.000339123158483	17.5379524231	6.66025829315	82.959274292	-	0	0	0	0	0	0	0	0	0	0	0	0	0	0	0.228449657559	0.492172777653	0.789978384972	1.11981201172	1.47875463963	1.86298763752	2.26767921448	2.68675732613	3.11273384094	3.53680920601	3.94922351837	4.3392701149	4.69517850876	5.00481081009	5.25579357147	5.43633747101	5.5356388092	5.54489469528	5.45837020874	5.27448177338	4.99698543549	4.63619279861	4.20960044861	3.74192738533	3.26350545883	2.80627441406	2.39592647552	2.03980708122	1.71118676662	1.33479452133	0.79367774725	0	0	0	0	0	0	0	0	0	0	0	0	0	0	0
Mar 10 2023 19:51:10	2.58027863503	8.75355529785	24.0902252197	0.00021354702767	11.3067913055	5.76843976974	87.3128356934	-	0	0	0	0	0	0	0	0	0	0	0	0	0	0	0.247750669718	0.542276144028	0.883465886116	1.26996243	1.69907975197	2.16668558121	2.66698336601	3.19214582443	3.73199439049	4.27402305603	4.80376243591	5.30473327637	5.75823402405	6.14421987534	6.44148349762	6.62881565094	6.68566799164	6.59375715256	6.33890199661	5.9130821228	5.31692838669	4.56266450882	3.67678284645	2.7026257515	1.7016377449	0.752348124981	0	0	0	0	0	0	0	0	0	0	0	0	0	0	0	0	0	0	0	0
Mar 10 2023 19:51:11	-1.00000001505e+30	-1.00000001505e+30	-1.00000001505e+30	-1.00000002538e+26	-1.00000001505e+30	-1.00000001505e+30	99.4224014282	-	0	0	0	0	0	0	0	0	0	0	0	0	0	0	0	0	0	0	0	0	0	0	0	0	0	0	0	0	0	0	0	0	0	0	0	0	0	0	0	0	0	0	0	0	0	0	0	0	0	0	0	0	0	0	0	0	0	0	0	0
Mar 10 2023 19:51:12	-1.00000001505e+30	-1.00000001505e+30	-1.00000001505e+30	-1.00000002538e+26	-1.00000001505e+30	-1.00000001505e+30	98.4543914795	-	0	0	0	0	0	0	0	0	0	0	0	0	0	0	0	0	0	0	0	0	0	0	0	0	0	0	0	0	0	0	0	0	0	0	0	0	0	0	0	0	0	0	0	0	0	0	0	0	0	0	0	0	0	0	0	0	0	0	0	0
Mar 10 2023 19:51:13	-1.00000001505e+30	-1.00000001505e+30	-1.00000001505e+30	-1.00000002538e+26	-1.00000001505e+30	-1.00000001505e+30	98.3998031616	-	0	0	0	0	0	0	0	0	0	0	0	0	0	0	0	0	0	0	0	0	0	0	0	0	0	0	0	0	0	0	0	0	0	0	0	0	0	0	0	0	0	0	0	0	0	0	0	0	0	0	0	0	0	0	0	0	0	0	0	0
Mar 10 2023 19:51:14	-1.00000001505e+30	-1.00000001505e+30	-1.00000001505e+30	-1.00000002538e+26	-1.00000001505e+30	-1.00000001505e+30	99.8552017212	-	0	0	0	0	0	0	0	0	0	0	0	0	0	0	0	0	0	0	0	0	0	0	0	0	0	0	0	0	0	0	0	0	0	0	0	0	0	0	0	0	0	0	0	0	0	0	0	0	0	0	0	0	0	0	0	0	0	0	0	0
Mar 10 2023 19:51:15	-1.00000001505e+30	-1.00000001505e+30	-1.00000001505e+30	-1.00000002538e+26	-1.00000001505e+30	-1.00000001505e+30	99.6284255981	-	0	0	0	0	0	0	0	0	0	0	0	0	0	0	0	0	0	0	0	0	0	0	0	0	0	0	0	0	0	0	0	0	0	0	0	0	0	0	0	0	0	0	0	0	0	0	0	0	0	0	0	0	0	0	0	0	0	0	0	0
Mar 10 2023 19:51:16	47.9168052673	73.0069961548	91.6223526001	0.0018194502918	71.3208312988	66.486114502	91.9509429932	-	0	0	0	0	0	0	0	0	0	0	0	0	0	0	0	0	0	0	0	0	0	0	0	0	0	0	0	0	0	0	0	0	0	0	0.0418461039662	0.162493273616	0.453856855631	1.08203411102	2.31951236725	4.56140184402	8.27250671387	13.7489776611	20.4823188782	25.8396511078	23.0354003906	0	0	0	0	0	0	0	0	0	0	0	0	0	0	0
Mar 10 2023 19:51:17	44.825668335	70.7083129883	90.9417572021	0.00144903035834	69.2468490601	63.7422294617	93.2618484497	-	0	0	0	0	0	0	0	0	0	0	0	0	0	0	0	0	0	0	0	0	0	0	0	0	0	0	0	0	0	0	0	0	0	0.0296009406447	0.121829248965	0.33341050148	0.770793676376	1.60615813732	3.09391593933	5.56264257431	9.3346529007	14.480796814	20.2623062134	24.1068744659	20.2970199585	0	0	0	0	0	0	0	0	0	0	0	0	0	0	0
Mar 10 2023 19:51:18	87.7202301025	92.6304779053	97.8059234619	0.00280131050386	92.6120529175	92.6120529175	91.1675949097	-	0	0	0	0	0	0	0	0	0	0	0	0	0	0	0	0	0	0	0	0	0	0	0	0	0	0	0	0	0	0	0	0	0	0	0	0	0	0	0	0	0	0	0	0	100	0	0	0	0	0	0	0	0	0	0	0	0	0	0	0
Mar 10 2023 19:51:19	55.899181366	79.1668701172	93.3433303833	0.00679299002513	76.5426635742	73.0729064941	75.2289276123	-	0	0	0	0	0	0	0	0	0	0	0	0	0	0	0	0	0	0	0	0	0	0	0	0	0	0	0	0	0	0	0	0	0	0	0.00219056662172	0.02138707228	0.0905223637819	0.297937482595	0.846966266632	2.15584468842	4.97339248657	10.3716955185	19.1711540222	29.7306156158	32.3382949829	0	0	0	0	0	0	0	0	0	0	0	0	0	0	0
Mar 10 2023 19:51:20	8.29659366608	19.0676822662	43.0615501404	0.000412315275753	24.6240081787	15.25370121	91.6817169189	-	0	0	0	0	0	0	0	0	0	0	0	0	0	0	0.000454687338788	0.00201401789673	0.00573250930756	0.0134827438742	0.0283599570394	0.0552674941719	0.101677559316	0.17853346467	0.301192343235	0.490246981382	0.77199113369	1.17794179916	1.74254703522	2.49872493744	3.46966910362	4.65720796585	6.02586269379	7.4858455658	8.8796043396	9.98024463654	10.5144786835	10.2238674164	8.96739387512	6.84978055954	4.31005573273	2.05545306206	0.72280228138	0.433787465096	1.20647537708	3.16052961349	3.68878507614	0	0	0	0	0	0	0	0	0	0	0	0	0	0	0
Mar 10 2023 19:51:21	54.5958366394	78.2122268677	93.0873794556	0.00801211874932	75.752784729	72.0827178955	71.148399353	-	0	0	0	0	0	0	0	0	0	0	0	0	0	0	0	0	0	0	0	0	0	0	0	0	0	0	0	0	0	0	0	0	0	0	0.00360814156011	0.0302668958902	0.120186284184	0.375495165586	1.01825022697	2.47991108894	5.48646020889	10.9934062958	19.5569381714	29.235162735	30.7003135681	0	0	0	0	0	0	0	0	0	0	0	0	0	0	0
Mar 10 2023 19:51:22	67.4798355103	86.1046218872	95.1727294922	0.00762057304382	83.5392532349	81.7715301514	75.213470459	-	0	0	0	0	0	0	0	0	0	0	0	0	0	0	0	0	0	0	0	0	0	0	0	0	0	0	0	0	0	0	0	0	0	0	0	0.000161891337484	0.00171710457653	0.0116023793817	0.0626319050789	0.287961751223	1.15462255478	4.05319404602	12.2675428391	30.4066562653	51.7539100647	0	0	0	0	0	0	0	0	0	0	0	0	0	0	0
Mar 10 2023 19:51:23	54.4579200745	78.1020355225	93.0580062866	0.0084907412529	75.6648712158	71.9754943848	69.6781845093	-	0	0	0	0	0	0	0	0	0	0	0	0	0	0	0	0	0	0	0	0	0	0	0	0	0	0	0	0	0	0	0	0	0	0	0.00351890968159	0.030786043033	0.122748620808	0.383250832558	1.03681707382	2.51680827141	5.54645824432	11.066277504	19.5994148254	29.1725692749	30.5213508606	0	0	0	0	0	0	0	0	0	0	0	0	0	0	0
Mar 10 2023 19:51:24	45.8635902405	71.4424667358	91.1751327515	0.00404191296548	69.9312362671	64.671546936	82.5523910522	-	0	0	0	0	0	0	0	0	0	0	0	0	0	0	0	0	0	0	0	0	0	0	0	0	0	0	0	0	0	0	0	0	0	0.0101724425331	0.0820963904262	0.260862737894	0.65015566349	1.42260813713	2.84037542343	5.25290679932	9.02295970917	14.2828178406	20.3564395905	24.6571102142	21.1614952087	0	0	0	0	0	0	0	0	0	0	0	0	0	0	0
Mar 10 2023 19:51:25	5.04569959641	28.3776397705	73.3346557617	0.000289036805043	34.1703910828	12.4279956818	92.1674728394	-	0	0	0	0	0	0	0	0	0	0	0	0	0	0	0.0748972147703	0.166799947619	0.276654332876	0.405139625072	0.552649378777	0.719261586666	0.904670894146	1.10806047916	1.32798588276	1.56240367889	1.80885326862	2.06448221207	2.32600879669	2.59016227722	2.85383725166	3.11468267441	3.37147259712	3.62484908104	3.87805509567	4.13755226135	4.41338253021	4.71894550323	5.06925630569	5.4770283699	5.94455766678	6.44955873489	6.92223596573	7.21379423141	7.0616440773	6.07206964493	3.78904867172	0	0	0	0	0	0	0	0	0	0	0	0	0	0	0
Mar 10 2023 19:51:26	-1.00000001505e+30	-1.00000001505e+30	-1.00000001505e+30	-1.00000002538e+26	-1.00000001505e+30	-1.00000001505e+30	96.6927642822	-	0	0	0	0	0	0	0	0	0	0	0	0	0	0	0	0	0	0	0	0	0	0	0	0	0	0	0	0	0	0	0	0	0	0	0	0	0	0	0	0	0	0	0	0	0	0	0	0	0	0	0	0	0	0	0	0	0	0	0	0
Mar 10 2023 19:51:27	-1.00000001505e+30	-1.00000001505e+30	-1.00000001505e+30	-1.00000002538e+26	-1.00000001505e+30	-1.00000001505e+30	99.9437484741	-	0	0	0	0	0	0	0	0	0	0	0	0	0	0	0	0	0	0	0	0	0	0	0	0	0	0	0	0	0	0	0	0	0	0	0	0	0	0	0	0	0	0	0	0	0	0	0	0	0	0	0	0	0	0	0	0	0	0	0	0
Mar 10 2023 19:51:28	87.7202301025	92.6304779053	97.8059234619	0.00270905229263	92.6120529175	92.6120529175	91.4456634521	-	0	0	0	0	0	0	0	0	0	0	0	0	0	0	0	0	0	0	0	0	0	0	0	0	0	0	0	0	0	0	0	0	0	0	0	0	0	0	0	0	0	0	0	0	100	0	0	0	0	0	0	0	0	0	0	0	0	0	0	0
Mar 10 2023 19:51:29	87.7202301025	92.6304779053	97.8059234619	0.00231676665135	92.6120529175	92.6120529175	92.637512207	-	0	0	0	0	0	0	0	0	0	0	0	0	0	0	0	0	0	0	0	0	0	0	0	0	0	0	0	0	0	0	0	0	0	0	0	0	0	0	0	0	0	0	0	0	100	0	0	0	0	0	0	0	0	0	0	0	0	0	0	0
Mar 10 2023 19:51:30	87.7202301025	92.6304779053	97.8059234619	0.0111110163853	92.6120529175	92.6120529175	69.2967376709	-	0	0	0	0	0	0	0	0	0	0	0	0	0	0	0	0	0	0	0	0	0	0	0	0	0	0	0	0	0	0	0	0	0	0	0	0	0	0	0	0	0	0	0	0	100	0	0	0	0	0	0	0	0	0	0	0	0	0	0	0
Mar 10 2023 19:51:31	87.7202301025	92.6304779053	97.8059234619	0.00955303851515	92.6120529175	92.6120529175	72.9537963867	-	0	0	0	0	0	0	0	0	0	0	0	0	0	0	0	0	0	0	0	0	0	0	0	0	0	0	0	0	0	0	0	0	0	0	0	0	0	0	0	0	0	0	1.3865327618e-32	2.0993729216e-13	100	0	0	0	0	0	0	0	0	0	0	0	0	0	0	0
Mar 10 2023 19:51:32	87.7202301025	92.6304779053	97.8059234619	0.00858371984214	92.6120529175	92.6120529175	75.325843811	-	0	0	0	0	0	0	0	0	0	0	0	0	0	0	0	0	0	0	0	0	0	0	0	0	0	0	0	0	0	0	0	0	0	0	0	0	0	0	0	0	0	0	0	0	100	0	0	0	0	0	0	0	0	0	0	0	0	0	0	0
Mar 10 2023 19:51:33	87.7202301025	92.6304779053	97.8059234619	0.00704111531377	92.6120529175	92.6120529175	79.2608566284	-	0	0	0	0	0	0	0	0	0	0	0	0	0	0	0	0	0	0	0	0	0	0	0	0	0	0	0	0	0	0	0	0	0	0	0	0	0	0	0	0	0	0	5.01335896916e-34	3.02415529413e-14	100	0	0	0	0	0	0	0	0	0	0	0	0	0	0	0
Mar 10 2023 19:51:34	87.7202301025	92.6304779053	97.8059234619	0.00826007500291	92.6120529175	92.6120529175	76.1349029541	-	0	0	0	0	0	0	0	0	0	0	0	0	0	0	0	0	0	0	0	0	0	0	0	0	0	0	0	0	0	0	0	0	0	0	0	0	0	0	0	0	0	0	0	0	100	0	0	0	0	0	0	0	0	0	0	0	0	0	0	0
Mar 10 2023 19:51:35	58.4085884094	80.84324646	93.8027648926	0.0011437847279	78.0564041138	74.9663162231	95.4377059937	-	0	0	0	0	0	0	0	0	0	0	0	0	0	0	0	0	0	0	0	0	0	0	0	0	0	0	0	0	0	0	0	0	0	0	0.000794469378889	0.0104137184098	0.0499112010002	0.18241712451	0.571131289005	1.59275436401	4.00956201553	9.09294986725	18.2187480927	30.5266227722	35.7446937561	0	0	0	0	0	0	0	0	0	0	0	0	0	0	0
Mar 10 2023 19:51:36	87.7202301025	92.6304779053	97.8059234619	0.00358529947698	92.6120529175	92.6120529175	88.838508606	-	0	0	0	0	0	0	0	0	0	0	0	0	0	0	0	0	0	0	0	0	0	0	0	0	0	0	0	0	0	0	0	0	0	0	0	0	0	0	0	0	0	0	0	0	100	0	0	0	0	0	0	0	0	0	0	0	0	0	0	0
Mar 10 2023 19:51:37	87.7202301025	92.6304779053	97.8059234619	0.00357915787026	92.6120529175	92.6120529175	88.8565216064	-	0	0	0	0	0	0	0	0	0	0	0	0	0	0	0	0	0	0	0	0	0	0	0	0	0	0	0	0	0	0	0	0	0	0	0	0	0	0	0	0	0	0	0	0	100	0	0	0	0	0	0	0	0	0	0	0	0	0	0	0
Mar 10 2023 19:51:38	-1.00000001505e+30	-1.00000001505e+30	-1.00000001505e+30	-1.00000002538e+26	-1.00000001505e+30	-1.00000001505e+30	99.7435836792	-	0	0	0	0	0	0	0	0	0	0	0	0	0	0	0	0	0	0	0	0	0	0	0	0	0	0	0	0	0	0	0	0	0	0	0	0	0	0	0	0	0	0	0	0	0	0	0	0	0	0	0	0	0	0	0	0	0	0	0	0
Mar 10 2023 19:51:39	-1.00000001505e+30	-1.00000001505e+30	-1.00000001505e+30	-1.00000002538e+26	-1.00000001505e+30	-1.00000001505e+30	98.6266403198	-	0	0	0	0	0	0	0	0	0	0	0	0	0	0	0	0	0	0	0	0	0	0	0	0	0	0	0	0	0	0	0	0	0	0	0	0	0	0	0	0	0	0	0	0	0	0	0	0	0	0	0	0	0	0	0	0	0	0	0	0
Mar 10 2023 19:51:40	-1.00000001505e+30	-1.00000001505e+30	-1.00000001505e+30	-1.00000002538e+26	-1.00000001505e+30	-1.00000001505e+30	99.2464294434	-	0	0	0	0	0	0	0	0	0	0	0	0	0	0	0	0	0	0	0	0	0	0	0	0	0	0	0	0	0	0	0	0	0	0	0	0	0	0	0	0	0	0	0	0	0	0	0	0	0	0	0	0	0	0	0	0	0	0	0	0
Mar 10 2023 19:51:41	-1.00000001505e+30	-1.00000001505e+30	-1.00000001505e+30	-1.00000002538e+26	-1.00000001505e+30	-1.00000001505e+30	99.374420166	-	0	0	0	0	0	0	0	0	0	0	0	0	0	0	0	0	0	0	0	0	0	0	0	0	0	0	0	0	0	0	0	0	0	0	0	0	0	0	0	0	0	0	0	0	0	0	0	0	0	0	0	0	0	0	0	0	0	0	0	0
Mar 10 2023 19:51:42	-1.00000001505e+30	-1.00000001505e+30	-1.00000001505e+30	-1.00000002538e+26	-1.00000001505e+30	-1.00000001505e+30	98.9622802734	-	0	0	0	0	0	0	0	0	0	0	0	0	0	0	0	0	0	0	0	0	0	0	0	0	0	0	0	0	0	0	0	0	0	0	0	0	0	0	0	0	0	0	0	0	0	0	0	0	0	0	0	0	0	0	0	0	0	0	0	0
Mar 10 2023 19:51:43	-1.00000001505e+30	-1.00000001505e+30	-1.00000001505e+30	-1.00000002538e+26	-1.00000001505e+30	-1.00000001505e+30	98.9581298828	-	0	0	0	0	0	0	0	0	0	0	0	0	0	0	0	0	0	0	0	0	0	0	0	0	0	0	0	0	0	0	0	0	0	0	0	0	0	0	0	0	0	0	0	0	0	0	0	0	0	0	0	0	0	0	0	0	0	0	0	0
Mar 10 2023 19:51:44	-1.00000001505e+30	-1.00000001505e+30	-1.00000001505e+30	-1.00000002538e+26	-1.00000001505e+30	-1.00000001505e+30	99.7706375122	-	0	0	0	0	0	0	0	0	0	0	0	0	0	0	0	0	0	0	0	0	0	0	0	0	0	0	0	0	0	0	0	0	0	0	0	0	0	0	0	0	0	0	0	0	0	0	0	0	0	0	0	0	0	0	0	0	0	0	0	0
Mar 10 2023 19:51:45	-1.00000001505e+30	-1.00000001505e+30	-1.00000001505e+30	-1.00000002538e+26	-1.00000001505e+30	-1.00000001505e+30	99.3616943359	-	0	0	0	0	0	0	0	0	0	0	0	0	0	0	0	0	0	0	0	0	0	0	0	0	0	0	0	0	0	0	0	0	0	0	0	0	0	0	0	0	0	0	0	0	0	0	0	0	0	0	0	0	0	0	0	0	0	0	0	0
Mar 10 2023 19:51:46	-1.00000001505e+30	-1.00000001505e+30	-1.00000001505e+30	-1.00000002538e+26	-1.00000001505e+30	-1.00000001505e+30	99.2488021851	-	0	0	0	0	0	0	0	0	0	0	0	0	0	0	0	0	0	0	0	0	0	0	0	0	0	0	0	0	0	0	0	0	0	0	0	0	0	0	0	0	0	0	0	0	0	0	0	0	0	0	0	0	0	0	0	0	0	0	0	0
Mar 10 2023 19:51:47	-1.00000001505e+30	-1.00000001505e+30	-1.00000001505e+30	-1.00000002538e+26	-1.00000001505e+30	-1.00000001505e+30	99.8001251221	-	0	0	0	0	0	0	0	0	0	0	0	0	0	0	0	0	0	0	0	0	0	0	0	0	0	0	0	0	0	0	0	0	0	0	0	0	0	0	0	0	0	0	0	0	0	0	0	0	0	0	0	0	0	0	0	0	0	0	0	0
Mar 10 2023 19:51:48	-1.00000001505e+30	-1.00000001505e+30	-1.00000001505e+30	-1.00000002538e+26	-1.00000001505e+30	-1.00000001505e+30	99.7051467896	-	0	0	0	0	0	0	0	0	0	0	0	0	0	0	0	0	0	0	0	0	0	0	0	0	0	0	0	0	0	0	0	0	0	0	0	0	0	0	0	0	0	0	0	0	0	0	0	0	0	0	0	0	0	0	0	0	0	0	0	0
Mar 10 2023 19:51:49	-1.00000001505e+30	-1.00000001505e+30	-1.00000001505e+30	-1.00000002538e+26	-1.00000001505e+30	-1.00000001505e+30	99.4727630615	-	0	0	0	0	0	0	0	0	0	0	0	0	0	0	0	0	0	0	0	0	0	0	0	0	0	0	0	0	0	0	0	0	0	0	0	0	0	0	0	0	0	0	0	0	0	0	0	0	0	0	0	0	0	0	0	0	0	0	0	0
Mar 10 2023 19:51:50	-1.00000001505e+30	-1.00000001505e+30	-1.00000001505e+30	-1.00000002538e+26	-1.00000001505e+30	-1.00000001505e+30	99.8583068848	-	0	0	0	0	0	0	0	0	0	0	0	0	0	0	0	0	0	0	0	0	0	0	0	0	0	0	0	0	0	0	0	0	0	0	0	0	0	0	0	0	0	0	0	0	0	0	0	0	0	0	0	0	0	0	0	0	0	0	0	0
Mar 10 2023 19:51:51	-1.00000001505e+30	-1.00000001505e+30	-1.00000001505e+30	-1.00000002538e+26	-1.00000001505e+30	-1.00000001505e+30	99.9833908081	-	0	0	0	0	0	0	0	0	0	0	0	0	0	0	0	0	0	0	0	0	0	0	0	0	0	0	0	0	0	0	0	0	0	0	0	0	0	0	0	0	0	0	0	0	0	0	0	0	0	0	0	0	0	0	0	0	0	0	0	0
Mar 10 2023 19:51:52	-1.00000001505e+30	-1.00000001505e+30	-1.00000001505e+30	-1.00000002538e+26	-1.00000001505e+30	-1.00000001505e+30	99.9639816284	-	0	0	0	0	0	0	0	0	0	0	0	0	0	0	0	0	0	0	0	0	0	0	0	0	0	0	0	0	0	0	0	0	0	0	0	0	0	0	0	0	0	0	0	0	0	0	0	0	0	0	0	0	0	0	0	0	0	0	0	0
Mar 10 2023 19:51:53	-1.00000001505e+30	-1.00000001505e+30	-1.00000001505e+30	-1.00000002538e+26	-1.00000001505e+30	-1.00000001505e+30	99.9566497803	-	0	0	0	0	0	0	0	0	0	0	0	0	0	0	0	0	0	0	0	0	0	0	0	0	0	0	0	0	0	0	0	0	0	0	0	0	0	0	0	0	0	0	0	0	0	0	0	0	0	0	0	0	0	0	0	0	0	0	0	0
Mar 10 2023 19:51:54	-1.00000001505e+30	-1.00000001505e+30	-1.00000001505e+30	-1.00000002538e+26	-1.00000001505e+30	-1.00000001505e+30	99.9563446045	-	0	0	0	0	0	0	0	0	0	0	0	0	0	0	0	0	0	0	0	0	0	0	0	0	0	0	0	0	0	0	0	0	0	0	0	0	0	0	0	0	0	0	0	0	0	0	0	0	0	0	0	0	0	0	0	0	0	0	0	0
Mar 10 2023 19:51:55	-1.00000001505e+30	-1.00000001505e+30	-1.00000001505e+30	-1.00000002538e+26	-1.00000001505e+30	-1.00000001505e+30	99.9901504517	-	0	0	0	0	0	0	0	0	0	0	0	0	0	0	0	0	0	0	0	0	0	0	0	0	0	0	0	0	0	0	0	0	0	0	0	0	0	0	0	0	0	0	0	0	0	0	0	0	0	0	0	0	0	0	0	0	0	0	0	0
Mar 10 2023 19:51:56	-1.00000001505e+30	-1.00000001505e+30	-1.00000001505e+30	-1.00000002538e+26	-1.00000001505e+30	-1.00000001505e+30	99.99269104	-	0	0	0	0	0	0	0	0	0	0	0	0	0	0	0	0	0	0	0	0	0	0	0	0	0	0	0	0	0	0	0	0	0	0	0	0	0	0	0	0	0	0	0	0	0	0	0	0	0	0	0	0	0	0	0	0	0	0	0	0
Mar 10 2023 19:51:57	-1.00000001505e+30	-1.00000001505e+30	-1.00000001505e+30	-1.00000002538e+26	-1.00000001505e+30	-1.00000001505e+30	99.9479980469	-	0	0	0	0	0	0	0	0	0	0	0	0	0	0	0	0	0	0	0	0	0	0	0	0	0	0	0	0	0	0	0	0	0	0	0	0	0	0	0	0	0	0	0	0	0	0	0	0	0	0	0	0	0	0	0	0	0	0	0	0
Mar 10 2023 19:51:58	-1.00000001505e+30	-1.00000001505e+30	-1.00000001505e+30	-1.00000002538e+26	-1.00000001505e+30	-1.00000001505e+30	99.9588317871	-	0	0	0	0	0	0	0	0	0	0	0	0	0	0	0	0	0	0	0	0	0	0	0	0	0	0	0	0	0	0	0	0	0	0	0	0	0	0	0	0	0	0	0	0	0	0	0	0	0	0	0	0	0	0	0	0	0	0	0	0
