Date-Time	Dx(10)	Dx(50)	Dx(90)	Cv(%)	D[4][3]	D[3][2]	Transmission	0.10000020	0.11659167	0.13593590	0.15848963	0.18478534	0.21544389	0.25118914	0.29286504	0.34145555	0.39810795	0.46415979	0.54117060	0.63095856	0.73564368	0.85769761	1.00000191	1.16591668	1.35935903	1.58489633	1.84785342	2.15443897	2.51189137	2.92865038	3.41455555	3.98107958	4.64159775	5.41170597	6.30958605	7.35643721	8.57697582	10.00002003	11.65916729	13.59359074	15.84896278	18.47853470	21.54438972	25.11891365	29.28650284	34.14555740	39.81079483	46.41598129	54.11705780	63.09585953	73.56436920	85.76976013	100.00019836	116.59166718	135.93591309	158.48962402	184.78533936	215.44389343	251.18913269	292.86502075	341.45556641	398.10794067	464.15979004	541.17059326	630.95855713	735.64367676	857.69757080	1000.00195313
Mar 10 2023 19:47:37	87.7202301025	92.6304779053	97.8059234619	0.00242964085191	92.6120529175	92.6120529175	92.2929916382	-	0	0	0	0	0	0	0	0	0	0	0	0	0	0	0	0	0	0	0	0	0	0	0	0	0	0	0	0	0	0	0	0	0	0	0	0	0	0	0	0	0	0	0	0	100	0	0	0	0	0	0	0	0	0	0	0	0	0	0	0
Mar 10 2023 19:47:38	87.7202301025	92.6304779053	97.8059234619	0.00412981351838	92.6120529175	92.6120529175	87.2559585571	-	0	0	0	0	0	0	0	0	0	0	0	0	0	0	0	0	0	0	0	0	0	0	0	0	0	0	0	0	0	0	0	0	0	0	0	0	0	0	0	0	0	0	0	0	100	0	0	0	0	0	0	0	0	0	0	0	0	0	0	0
Mar 10 2023 19:47:39	87.7202301025	92.6304779053	97.8059234619	0.0051093949005	92.6120529175	92.6120529175	84.479598999	-	0	0	0	0	0	0	0	0	0	0	0	0	0	0	0	0	0	0	0	0	0	0	0	0	0	0	0	0	0	0	0	0	0	0	0	0	0	0	0	0	0	0	0	0	100	0	0	0	0	0	0	0	0	0	0	0	0	0	0	0
Mar 10 2023 19:47:40	54.4283485413	78.1132202148	93.0701751709	0.00190403184388	75.6629867554	71.9573135376	92.2158432007	-	0	0	0	0	0	0	0	0	0	0	0	0	0	0	0	0	0	0	0	0	0	0	0	0	0	0	0	0	0	0	0	0	0	0	0.00600078003481	0.0341434553266	0.126569509506	0.386901974678	1.04021835327	2.52127766609	5.55301475525	11.0676546097	19.5720119476	29.1146125793	30.5775947571	0	0	0	0	0	0	0	0	0	0	0	0	0	0	0
Mar 10 2023 19:47:41	87.7202301025	92.6304779053	97.8059234619	0.0058186640963	92.6120529175	92.6120529175	82.5246658325	-	0	0	0	0	0	0	0	0	0	0	0	0	0	0	0	0	0	0	0	0	0	0	0	0	0	0	0	0	0	0	0	0	0	0	0	0	0	0	0	0	0	0	4.08089284075e-33	1.31986679615e-13	100	0	0	0	0	0	0	0	0	0	0	0	0	0	0	0
Mar 10 2023 19:47:42	87.7202301025	92.6304779053	97.8059234619	0.0038559588138	92.6120529175	92.6120529175	88.048324585	-	0	0	0	0	0	0	0	0	0	0	0	0	0	0	0	0	0	0	0	0	0	0	0	0	0	0	0	0	0	0	0	0	0	0	0	0	0	0	0	0	0	0	0	0	100	0	0	0	0	0	0	0	0	0	0	0	0	0	0	0
Mar 10 2023 19:47:43	87.7202301025	92.6304779053	97.8059234619	0.0036610935349	92.6120529175	92.6120529175	88.6165161133	-	0	0	0	0	0	0	0	0	0	0	0	0	0	0	0	0	0	0	0	0	0	0	0	0	0	0	0	0	0	0	0	0	0	0	0	0	0	0	0	0	0	0	0	0	100	0	0	0	0	0	0	0	0	0	0	0	0	0	0	0
Mar 10 2023 19:47:44	-1.00000001505e+30	-1.00000001505e+30	-1.00000001505e+30	-1.00000002538e+26	-1.00000001505e+30	-1.00000001505e+30	98.1446304321	-	0	0	0	0	0	0	0	0	0	0	0	0	0	0	0	0	0	0	0	0	0	0	0	0	0	0	0	0	0	0	0	0	0	0	0	0	0	0	0	0	0	0	0	0	0	0	0	0	0	0	0	0	0	0	0	0	0	0	0	0
Mar 10 2023 19:47:45	87.7202301025	92.6304779053	97.8059234619	0.00362163223326	92.6120529175	92.6120529175	88.7320251465	-	0	0	0	0	0	0	0	0	0	0	0	0	0	0	0	0	0	0	0	0	0	0	0	0	0	0	0	0	0	0	0	0	0	0	0	0	0	0	0	0	0	0	0	0	100	0	0	0	0	0	0	0	0	0	0	0	0	0	0	0
Mar 10 2023 19:47:46	87.7202301025	92.6304779053	97.8059234619	0.00392777984962	92.6120529175	92.6120529175	87.8398208618	-	0	0	0	0	0	0	0	0	0	0	0	0	0	0	0	0	0	0	0	0	0	0	0	0	0	0	0	0	0	0	0	0	0	0	0	0	0	0	0	0	0	0	0	0	100	0	0	0	0	0	0	0	0	0	0	0	0	0	0	0
Mar 10 2023 19:47:47	87.7202301025	92.6304779053	97.8059234619	0.00294187641703	92.6120529175	92.6120529175	90.745552063	-	0	0	0	0	0	0	0	0	0	0	0	0	0	0	0	0	0	0	0	0	0	0	0	0	0	0	0	0	0	0	0	0	0	0	0	0	0	0	0	0	0	0	0	0	100	0	0	0	0	0	0	0	0	0	0	0	0	0	0	0
Mar 10 2023 19:47:48	85.6265335083	91.7803039551	97.4521255493	0.00445199990645	91.2910079956	91.0736312866	86.1252365112	-	0	0	0	0	0	0	0	0	0	0	0	0	0	0	0	0	0	0	0	0	0	0	0	0	0	0	0	0	0	0	0	0	0	0	0	1.10344117063e-14	4.72548649516e-12	8.36937963378e-10	9.13899071975e-08	6.92650701239e-06	0.000382422091207	0.0155974291265	0.461147397757	9.12542152405	90.3974456787	0	0	0	0	0	0	0	0	0	0	0	0	0	0	0
Mar 10 2023 19:47:49	87.7202301025	92.6304779053	97.8059234619	0.00879416055977	92.6120529175	92.6120529175	74.804397583	-	0	0	0	0	0	0	0	0	0	0	0	0	0	0	0	0	0	0	0	0	0	0	0	0	0	0	0	0	0	0	0	0	0	0	0	0	0	0	0	0	0	0	0	0	100	0	0	0	0	0	0	0	0	0	0	0	0	0	0	0
Mar 10 2023 19:47:50	87.7202301025	92.6304779053	97.8059234619	0.0053576878272	92.6120529175	92.6120529175	83.7900314331	-	0	0	0	0	0	0	0	0	0	0	0	0	0	0	0	0	0	0	0	0	0	0	0	0	0	0	0	0	0	0	0	0	0	0	0	0	0	0	0	0	0	0	0	0	100	0	0	0	0	0	0	0	0	0	0	0	0	0	0	0
Mar 10 2023 19:47:51	87.7202301025	92.6304779053	97.8059234619	0.00219410425052	92.6120529175	92.6120529175	93.0133666992	-	0	0	0	0	0	0	0	0	0	0	0	0	0	0	0	0	0	0	0	0	0	0	0	0	0	0	0	0	0	0	0	0	0	0	0	0	0	0	0	0	0	0	0	2.52619706994e-21	100	0	0	0	0	0	0	0	0	0	0	0	0	0	0	0
Mar 10 2023 19:47:52	86.0801239014	91.9592819214	97.5260238647	0.00232705636881	91.612487793	91.4489974976	92.5184936523	-	0	0	0	0	0	0	0	0	0	0	0	0	0	0	0	0	0	0	0	0	0	0	0	0	0	0	0	0	0	0	0	0	0	0	0	8.6961279422e-17	8.73006026736e-14	3.12370754263e-11	6.40005293207e-09	8.62584784045e-07	8.08943441371e-05	0.00536412047222	0.246008902788	7.1133108139	92.6352310181	0	0	0	0	0	0	0	0	0	0	0	0	0	0	0
Mar 10 2023 19:47:53	87.7202301025	92.6304779053	97.8059234619	0.00541581166908	92.6120529175	92.6120529175	83.6294174194	-	0	0	0	0	0	0	0	0	0	0	0	0	0	0	0	0	0	0	0	0	0	0	0	0	0	0	0	0	0	0	0	0	0	0	0	0	0	0	0	0	0	0	0	0	100	0	0	0	0	0	0	0	0	0	0	0	0	0	0	0
Mar 10 2023 19:47:54	87.7202301025	92.6304779053	97.8059234619	0.00525975739583	92.6120529175	92.6120529175	84.0613327026	-	0	0	0	0	0	0	0	0	0	0	0	0	0	0	0	0	0	0	0	0	0	0	0	0	0	0	0	0	0	0	0	0	0	0	0	0	0	0	0	0	0	0	0	0	100	0	0	0	0	0	0	0	0	0	0	0	0	0	0	0
Mar 10 2023 19:47:55	87.7202301025	92.6304779053	97.8059234619	0.00425065401942	92.6120529175	92.6120529175	86.9085998535	-	0	0	0	0	0	0	0	0	0	0	0	0	0	0	0	0	0	0	0	0	0	0	0	0	0	0	0	0	0	0	0	0	0	0	0	0	0	0	0	0	0	0	7.40595520597e-36	7.57673512418e-15	100	0	0	0	0	0	0	0	0	0	0	0	0	0	0	0
Mar 10 2023 19:47:56	87.7202301025	92.6304779053	97.8059234619	0.00264014303684	92.6120529175	92.6120529175	91.6539077759	-	0	0	0	0	0	0	0	0	0	0	0	0	0	0	0	0	0	0	0	0	0	0	0	0	0	0	0	0	0	0	0	0	0	0	0	0	0	0	0	0	0	0	0	0	100	0	0	0	0	0	0	0	0	0	0	0	0	0	0	0
Mar 10 2023 19:47:57	87.7202301025	92.6304779053	97.8059234619	0.00352841359563	92.6120529175	92.6120529175	89.0054855347	-	0	0	0	0	0	0	0	0	0	0	0	0	0	0	0	0	0	0	0	0	0	0	0	0	0	0	0	0	0	0	0	0	0	0	0	0	0	0	0	0	0	0	0	0	100	0	0	0	0	0	0	0	0	0	0	0	0	0	0	0
Mar 10 2023 19:47:58	87.7202301025	92.6304779053	97.8059234619	0.00402042688802	92.6120529175	92.6120529175	87.5715942383	-	0	0	0	0	0	0	0	0	0	0	0	0	0	0	0	0	0	0	0	0	0	0	0	0	0	0	0	0	0	0	0	0	0	0	0	0	0	0	0	0	0	0	0	0	100	0	0	0	0	0	0	0	0	0	0	0	0	0	0	0
Mar 10 2023 19:47:59	68.4274368286	86.5459823608	95.3003234863	0.000936103111599	84.1070556641	82.4520263672	96.589805603	-	0	0	0	0	0	0	0	0	0	0	0	0	0	0	0	0	0	0	0	0	0	0	0	0	0	0	0	0	0	0	0	0	0	0	2.77324124909e-06	0.00013810103701	0.00130517059006	0.00878074020147	0.0486021377146	0.23200905323	0.972103953362	3.57939076424	11.3959493637	29.8199176788	53.9417991638	0	0	0	0	0	0	0	0	0	0	0	0	0	0	0
Mar 10 2023 19:48:00	87.7202301025	92.6304779053	97.8059234619	0.00669747311622	92.6120529175	92.6120529175	80.1650772095	-	0	0	0	0	0	0	0	0	0	0	0	0	0	0	0	0	0	0	0	0	0	0	0	0	0	0	0	0	0	0	0	0	0	0	0	0	0	0	0	0	0	0	0	0	100	0	0	0	0	0	0	0	0	0	0	0	0	0	0	0
Mar 10 2023 19:48:01	87.7202301025	92.6304779053	97.8059234619	0.00306484941393	92.6120529175	92.6120529175	90.3779296875	-	0	0	0	0	0	0	0	0	0	0	0	0	0	0	0	0	0	0	0	0	0	0	0	0	0	0	0	0	0	0	0	0	0	0	0	0	0	0	0	0	0	0	0	0	100	0	0	0	0	0	0	0	0	0	0	0	0	0	0	0
Mar 10 2023 19:48:02	67.8298950195	86.2972640991	95.2297744751	0.0033329364378	83.7679748535	82.0362930298	88.3228683472	-	0	0	0	0	0	0	0	0	0	0	0	0	0	0	0	0	0	0	0	0	0	0	0	0	0	0	0	0	0	0	0	0	0	0	6.63304626869e-06	0.000202333554626	0.00176775397267	0.0112507650629	0.0593779906631	0.27144947648	1.09254097939	3.87370324135	11.899895668	30.0968856812	52.6929206848	0	0	0	0	0	0	0	0	0	0	0	0	0	0	0
Mar 10 2023 19:48:03	87.7202301025	92.6304779053	97.8059234619	0.0051035694778	92.6120529175	92.6120529175	84.4958496094	-	0	0	0	0	0	0	0	0	0	0	0	0	0	0	0	0	0	0	0	0	0	0	0	0	0	0	0	0	0	0	0	0	0	0	0	0	0	0	0	0	0	0	3.84963746977e-33	1.29617779183e-13	100	0	0	0	0	0	0	0	0	0	0	0	0	0	0	0
Mar 10 2023 19:48:04	87.7202301025	92.6304779053	97.8059234619	0.00422960240394	92.6120529175	92.6120529175	86.9690093994	-	0	0	0	0	0	0	0	0	0	0	0	0	0	0	0	0	0	0	0	0	0	0	0	0	0	0	0	0	0	0	0	0	0	0	0	0	0	0	0	0	0	0	0	0	100	0	0	0	0	0	0	0	0	0	0	0	0	0	0	0
Mar 10 2023 19:48:05	70.4115905762	87.2553253174	95.4966201782	0.00495472643524	85.0804595947	83.6387405396	83.4426803589	-	0	0	0	0	0	0	0	0	0	0	0	0	0	0	0	0	0	0	0	0	0	0	0	0	0	0	0	0	0	0	0	0	0	0	9.97606662168e-07	5.06281576236e-05	0.000546345137991	0.00419311551377	0.0263689812273	0.142382517457	0.671925067902	2.77537584305	9.87454795837	28.7701816559	57.7344245911	0	0	0	0	0	0	0	0	0	0	0	0	0	0	0
Mar 10 2023 19:48:06	87.7202301025	92.6304779053	97.8059234619	0.00456067826599	92.6120529175	92.6120529175	86.023727417	-	0	0	0	0	0	0	0	0	0	0	0	0	0	0	0	0	0	0	0	0	0	0	0	0	0	0	0	0	0	0	0	0	0	0	0	0	0	0	0	0	0	0	0	0	100	0	0	0	0	0	0	0	0	0	0	0	0	0	0	0
Mar 10 2023 19:48:07	87.7202301025	92.6304779053	97.8059234619	0.00479152984917	92.6120529175	92.6120529175	85.3706817627	-	0	0	0	0	0	0	0	0	0	0	0	0	0	0	0	0	0	0	0	0	0	0	0	0	0	0	0	0	0	0	0	0	0	0	0	0	0	0	0	0	0	0	4.3916055687e-35	1.82040170562e-14	100	0	0	0	0	0	0	0	0	0	0	0	0	0	0	0
Mar 10 2023 19:48:08	87.7202301025	92.6304779053	97.8059234619	0.0051494082436	92.6120529175	92.6120529175	84.3680953979	-	0	0	0	0	0	0	0	0	0	0	0	0	0	0	0	0	0	0	0	0	0	0	0	0	0	0	0	0	0	0	0	0	0	0	0	0	0	0	0	0	0	0	0	0	100	0	0	0	0	0	0	0	0	0	0	0	0	0	0	0
Mar 10 2023 19:48:09	-1.00000001505e+30	-1.00000001505e+30	-1.00000001505e+30	-1.00000002538e+26	-1.00000001505e+30	-1.00000001505e+30	96.1732635498	-	0	0	0	0	0	0	0	0	0	0	0	0	0	0	0	0	0	0	0	0	0	0	0	0	0	0	0	0	0	0	0	0	0	0	0	0	0	0	0	0	0	0	0	0	0	0	0	0	0	0	0	0	0	0	0	0	0	0	0	0
Mar 10 2023 19:48:10	87.7202301025	92.6304779053	97.8059234619	0.00762306666002	92.6120529175	92.6120529175	77.7527770996	-	0	0	0	0	0	0	0	0	0	0	0	0	0	0	0	0	0	0	0	0	0	0	0	0	0	0	0	0	0	0	0	0	0	0	0	0	0	0	0	0	0	0	4.92159969646e-34	3.96606643469e-14	100	0	0	0	0	0	0	0	0	0	0	0	0	0	0	0
Mar 10 2023 19:48:11	87.7202301025	92.6304779053	97.8059234619	0.00649598240852	92.6120529175	92.6120529175	80.7000427246	-	0	0	0	0	0	0	0	0	0	0	0	0	0	0	0	0	0	0	0	0	0	0	0	0	0	0	0	0	0	0	0	0	0	0	0	0	0	0	0	0	0	0	0	0	100	0	0	0	0	0	0	0	0	0	0	0	0	0	0	0
Mar 10 2023 19:48:12	87.7202301025	92.6304779053	97.8059234619	0.00257974513806	92.6120529175	92.6120529175	91.8368225098	-	0	0	0	0	0	0	0	0	0	0	0	0	0	0	0	0	0	0	0	0	0	0	0	0	0	0	0	0	0	0	0	0	0	0	0	0	0	0	0	0	0	0	4.89536532578e-33	1.4434325046e-13	100	0	0	0	0	0	0	0	0	0	0	0	0	0	0	0
Mar 10 2023 19:48:13	87.7202301025	92.6304779053	97.8059234619	0.00543621182442	92.6120529175	92.6120529175	83.5731201172	-	0	0	0	0	0	0	0	0	0	0	0	0	0	0	0	0	0	0	0	0	0	0	0	0	0	0	0	0	0	0	0	0	0	0	0	0	0	0	0	0	0	0	0	0	100	0	0	0	0	0	0	0	0	0	0	0	0	0	0	0
Mar 10 2023 19:48:14	87.7202301025	92.6304779053	97.8059234619	0.00526474555954	92.6120529175	92.6120529175	84.047492981	-	0	0	0	0	0	0	0	0	0	0	0	0	0	0	0	0	0	0	0	0	0	0	0	0	0	0	0	0	0	0	0	0	0	0	0	0	0	0	0	0	0	0	0	0	100	0	0	0	0	0	0	0	0	0	0	0	0	0	0	0
Mar 10 2023 19:48:15	87.7202301025	92.6304779053	97.8059234619	0.00430696550757	92.6120529175	92.6120529175	86.7472000122	-	0	0	0	0	0	0	0	0	0	0	0	0	0	0	0	0	0	0	0	0	0	0	0	0	0	0	0	0	0	0	0	0	0	0	0	0	0	0	0	0	0	0	0	0	100	0	0	0	0	0	0	0	0	0	0	0	0	0	0	0
Mar 10 2023 19:48:16	87.7202301025	92.6304779053	97.8059234619	0.00505746016279	92.6120529175	92.6120529175	84.6245498657	-	0	0	0	0	0	0	0	0	0	0	0	0	0	0	0	0	0	0	0	0	0	0	0	0	0	0	0	0	0	0	0	0	0	0	0	0	0	0	0	0	0	0	0	0	100	0	0	0	0	0	0	0	0	0	0	0	0	0	0	0
Mar 10 2023 19:48:17	87.7202301025	92.6304779053	97.8059234619	0.0064533026889	92.6120529175	92.6120529175	80.8138198853	-	0	0	0	0	0	0	0	0	0	0	0	0	0	0	0	0	0	0	0	0	0	0	0	0	0	0	0	0	0	0	0	0	0	0	0	0	0	0	0	0	0	0	0	0	100	0	0	0	0	0	0	0	0	0	0	0	0	0	0	0
Mar 10 2023 19:48:18	87.7202301025	92.6304779053	97.8059234619	0.00327937700786	92.6120529175	92.6120529175	89.7401809692	-	0	0	0	0	0	0	0	0	0	0	0	0	0	0	0	0	0	0	0	0	0	0	0	0	0	0	0	0	0	0	0	0	0	0	0	0	0	0	0	0	0	0	0	0	100	0	0	0	0	0	0	0	0	0	0	0	0	0	0	0
Mar 10 2023 19:48:19	87.7202301025	92.6304779053	97.8059234619	0.00608802074566	92.6120529175	92.6120529175	81.7941589355	-	0	0	0	0	0	0	0	0	0	0	0	0	0	0	0	0	0	0	0	0	0	0	0	0	0	0	0	0	0	0	0	0	0	0	0	0	0	0	0	0	0	0	0	0	100	0	0	0	0	0	0	0	0	0	0	0	0	0	0	0
Mar 10 2023 19:48:20	87.7202301025	92.6304779053	97.8059234619	0.00791243836284	92.6120529175	92.6120529175	77.0136108398	-	0	0	0	0	0	0	0	0	0	0	0	0	0	0	0	0	0	0	0	0	0	0	0	0	0	0	0	0	0	0	0	0	0	0	0	0	0	0	0	0	0	0	0	0	100	0	0	0	0	0	0	0	0	0	0	0	0	0	0	0
Mar 10 2023 19:48:21	87.7202301025	92.6304779053	97.8059234619	0.00391447078437	92.6120529175	92.6120529175	87.8784255981	-	0	0	0	0	0	0	0	0	0	0	0	0	0	0	0	0	0	0	0	0	0	0	0	0	0	0	0	0	0	0	0	0	0	0	0	0	0	0	0	0	0	0	0	0	100	0	0	0	0	0	0	0	0	0	0	0	0	0	0	0
Mar 10 2023 19:48:22	87.7202301025	92.6304779053	97.8059234619	0.00250318879262	92.6120529175	92.6120529175	92.0691986084	-	0	0	0	0	0	0	0	0	0	0	0	0	0	0	0	0	0	0	0	0	0	0	0	0	0	0	0	0	0	0	0	0	0	0	0	0	0	0	0	0	0	0	0	0	100	0	0	0	0	0	0	0	0	0	0	0	0	0	0	0
Mar 10 2023 19:48:23	87.7202301025	92.6304779053	97.8059234619	0.00327974301763	92.6120529175	92.6120529175	89.7390975952	-	0	0	0	0	0	0	0	0	0	0	0	0	0	0	0	0	0	0	0	0	0	0	0	0	0	0	0	0	0	0	0	0	0	0	0	0	0	0	0	0	0	0	1.83544615194e-34	3.58663396021e-14	100	0	0	0	0	0	0	0	0	0	0	0	0	0	0	0
Mar 10 2023 19:48:24	87.7202301025	92.6304779053	97.8059234619	0.00692369882017	92.6120529175	92.6120529175	79.5686569214	-	0	0	0	0	0	0	0	0	0	0	0	0	0	0	0	0	0	0	0	0	0	0	0	0	0	0	0	0	0	0	0	0	0	0	0	0	0	0	0	0	0	0	0	0	100	0	0	0	0	0	0	0	0	0	0	0	0	0	0	0
Mar 10 2023 19:48:25	87.7202301025	92.6304779053	97.8059234619	0.00809950567782	92.6120529175	92.6120529175	76.5395202637	-	0	0	0	0	0	0	0	0	0	0	0	0	0	0	0	0	0	0	0	0	0	0	0	0	0	0	0	0	0	0	0	0	0	0	0	0	0	0	0	0	0	0	0	0	100	0	0	0	0	0	0	0	0	0	0	0	0	0	0	0
Mar 10 2023 19:48:26	87.7202301025	92.6304779053	97.8059234619	0.00561479059979	92.6120529175	92.6120529175	83.0819168091	-	0	0	0	0	0	0	0	0	0	0	0	0	0	0	0	0	0	0	0	0	0	0	0	0	0	0	0	0	0	0	0	0	0	0	0	0	0	0	0	0	0	0	0	0	100	0	0	0	0	0	0	0	0	0	0	0	0	0	0	0
Mar 10 2023 19:48:27	76.6575393677	90.0117721558	96.6713180542	0.00361147383228	88.2649688721	87.4843292236	88.1530380249	-	0	0	0	0	0	0	0	0	0	0	0	0	0	0	0	0	0	0	0	0	0	0	0	0	0	0	0	0	0	0	0	0	0	0	0	2.23631076324e-07	5.67874440094e-06	9.22318722587e-05	0.00115610065404	0.0118780145422	0.10254497081	0.748631596565	4.56562757492	22.181055069	72.3890075684	0	0	0	0	0	0	0	0	0	0	0	0	0	0	0
Mar 10 2023 19:48:28	83.8385620117	91.5303115845	97.3471908569	0.00519651453942	90.8505401611	90.5586929321	83.9190597534	-	0	0	0	0	0	0	0	0	0	0	0	0	0	0	0	0	0	0	0	0	0	0	0	0	0	0	0	0	0	0	0	0	0	0	0	6.93138471966e-13	1.50162549062e-10	1.48893768426e-08	9.59409135248e-07	4.46268859378e-05	0.00156416976824	0.0418141819537	0.837720096111	11.6961288452	87.4227294922	0	0	0	0	0	0	0	0	0	0	0	0	0	0	0
Mar 10 2023 19:48:29	87.7202301025	92.6304779053	97.8059234619	0.00751517293975	92.6120529175	92.6120529175	78.0301895142	-	0	0	0	0	0	0	0	0	0	0	0	0	0	0	0	0	0	0	0	0	0	0	0	0	0	0	0	0	0	0	0	0	0	0	0	0	0	0	0	0	0	0	4.96507937355e-37	1.50557840561e-15	100	0	0	0	0	0	0	0	0	0	0	0	0	0	0	0
Mar 10 2023 19:48:30	87.7202301025	92.6304779053	97.8059234619	0.00726655777544	92.6120529175	92.6120529175	78.6732025146	-	0	0	0	0	0	0	0	0	0	0	0	0	0	0	0	0	0	0	0	0	0	0	0	0	0	0	0	0	0	0	0	0	0	0	0	0	0	0	0	0	0	0	0	0	100	0	0	0	0	0	0	0	0	0	0	0	0	0	0	0
Mar 10 2023 19:48:31	87.7202301025	92.6304779053	97.8059234619	0.00677049020305	92.6120529175	92.6120529175	79.9720916748	-	0	0	0	0	0	0	0	0	0	0	0	0	0	0	0	0	0	0	0	0	0	0	0	0	0	0	0	0	0	0	0	0	0	0	0	0	0	0	0	0	0	0	0	0	100	0	0	0	0	0	0	0	0	0	0	0	0	0	0	0
Mar 10 2023 19:48:32	87.7202301025	92.6304779053	97.8059234619	0.00587134948	92.6120529175	92.6120529175	82.3812713623	-	0	0	0	0	0	0	0	0	0	0	0	0	0	0	0	0	0	0	0	0	0	0	0	0	0	0	0	0	0	0	0	0	0	0	0	0	0	0	0	0	0	0	0	0	100	0	0	0	0	0	0	0	0	0	0	0	0	0	0	0
Mar 10 2023 19:48:33	87.7202301025	92.6304779053	97.8059234619	0.00528563093394	92.6120529175	92.6120529175	83.9895629883	-	0	0	0	0	0	0	0	0	0	0	0	0	0	0	0	0	0	0	0	0	0	0	0	0	0	0	0	0	0	0	0	0	0	0	0	0	0	0	0	0	0	0	0	0	100	0	0	0	0	0	0	0	0	0	0	0	0	0	0	0
Mar 10 2023 19:48:34	87.7202301025	92.6304779053	97.8059234619	0.0069792503491	92.6120529175	92.6120529175	79.4228820801	-	0	0	0	0	0	0	0	0	0	0	0	0	0	0	0	0	0	0	0	0	0	0	0	0	0	0	0	0	0	0	0	0	0	0	0	0	0	0	0	0	0	0	0	0	100	0	0	0	0	0	0	0	0	0	0	0	0	0	0	0
Mar 10 2023 19:48:35	87.7202301025	92.6304779053	97.8059234619	0.00556809967384	92.6120529175	92.6120529175	83.210067749	-	0	0	0	0	0	0	0	0	0	0	0	0	0	0	0	0	0	0	0	0	0	0	0	0	0	0	0	0	0	0	0	0	0	0	0	0	0	0	0	0	0	0	0	0	100	0	0	0	0	0	0	0	0	0	0	0	0	0	0	0
Mar 10 2023 19:48:36	87.7202301025	92.6304779053	97.8059234619	0.00319714145735	92.6120529175	92.6120529175	89.9841156006	-	0	0	0	0	0	0	0	0	0	0	0	0	0	0	0	0	0	0	0	0	0	0	0	0	0	0	0	0	0	0	0	0	0	0	0	0	0	0	0	0	0	0	0	0	100	0	0	0	0	0	0	0	0	0	0	0	0	0	0	0
Mar 10 2023 19:48:37	87.7202301025	92.6304779053	97.8059234619	0.00671376707032	92.6120529175	92.6120529175	80.1219711304	-	0	0	0	0	0	0	0	0	0	0	0	0	0	0	0	0	0	0	0	0	0	0	0	0	0	0	0	0	0	0	0	0	0	0	0	0	0	0	0	0	0	0	0	0	100	0	0	0	0	0	0	0	0	0	0	0	0	0	0	0
Mar 10 2023 19:48:38	87.7202301025	92.6304779053	97.8059234619	0.00496292347088	92.6120529175	92.6120529175	84.8890457153	-	0	0	0	0	0	0	0	0	0	0	0	0	0	0	0	0	0	0	0	0	0	0	0	0	0	0	0	0	0	0	0	0	0	0	0	0	0	0	0	0	0	0	0	0	100	0	0	0	0	0	0	0	0	0	0	0	0	0	0	0
Mar 10 2023 19:48:39	87.7202301025	92.6304779053	97.8059234619	0.00971601251513	92.6120529175	92.6120529175	72.5623779297	-	0	0	0	0	0	0	0	0	0	0	0	0	0	0	0	0	0	0	0	0	0	0	0	0	0	0	0	0	0	0	0	0	0	0	0	0	0	0	0	0	0	0	0	0	100	0	0	0	0	0	0	0	0	0	0	0	0	0	0	0
Mar 10 2023 19:48:40	87.7202301025	92.6304779053	97.8059234619	0.00806016102433	92.6120529175	92.6120529175	76.6389846802	-	0	0	0	0	0	0	0	0	0	0	0	0	0	0	0	0	0	0	0	0	0	0	0	0	0	0	0	0	0	0	0	0	0	0	0	0	0	0	0	0	0	0	0	0	100	0	0	0	0	0	0	0	0	0	0	0	0	0	0	0
Mar 10 2023 19:48:41	87.3662643433	92.433807373	97.7183227539	0.00496944133192	92.4747695923	92.4521484375	84.8475570679	-	0	0	0	0	0	0	0	0	0	0	0	0	0	0	0	0	0	0	0	0	0	0	0	0	0	0	0	0	0	0	0	0	0	0	0	5.51573029476e-31	1.39784106297e-25	5.28774075664e-21	7.26538870913e-17	4.6805430625e-13	1.56665047601e-09	2.80584731627e-06	0.00258467509411	1.0368745327	98.9605331421	0	0	0	0	0	0	0	0	0	0	0	0	0	0	0
Mar 10 2023 19:48:42	87.7202301025	92.6304779053	97.8059234619	0.00409503467381	92.6120529175	92.6120529175	87.3561935425	-	0	0	0	0	0	0	0	0	0	0	0	0	0	0	0	0	0	0	0	0	0	0	0	0	0	0	0	0	0	0	0	0	0	0	0	0	0	0	0	0	0	0	0	0	100	0	0	0	0	0	0	0	0	0	0	0	0	0	0	0
Mar 10 2023 19:48:43	87.7202301025	92.6304779053	97.8059234619	0.00616484461352	92.6120529175	92.6120529175	81.5869979858	-	0	0	0	0	0	0	0	0	0	0	0	0	0	0	0	0	0	0	0	0	0	0	0	0	0	0	0	0	0	0	0	0	0	0	0	0	0	0	0	0	0	0	0	0	100	0	0	0	0	0	0	0	0	0	0	0	0	0	0	0
Mar 10 2023 19:48:44	87.7202301025	92.6304779053	97.8059234619	0.00619773939252	92.6120529175	92.6120529175	81.4984588623	-	0	0	0	0	0	0	0	0	0	0	0	0	0	0	0	0	0	0	0	0	0	0	0	0	0	0	0	0	0	0	0	0	0	0	0	0	0	0	0	0	0	0	0	0	100	0	0	0	0	0	0	0	0	0	0	0	0	0	0	0
Mar 10 2023 19:48:45	87.7202301025	92.6304779053	97.8059234619	0.00620990106836	92.6120529175	92.6120529175	81.4657440186	-	0	0	0	0	0	0	0	0	0	0	0	0	0	0	0	0	0	0	0	0	0	0	0	0	0	0	0	0	0	0	0	0	0	0	0	0	0	0	0	0	0	0	0	0	100	0	0	0	0	0	0	0	0	0	0	0	0	0	0	0
Mar 10 2023 19:48:46	87.7202301025	92.6304779053	97.8059234619	0.0037212241441	92.6120529175	92.6120529175	88.4407958984	-	0	0	0	0	0	0	0	0	0	0	0	0	0	0	0	0	0	0	0	0	0	0	0	0	0	0	0	0	0	0	0	0	0	0	0	0	0	0	0	0	0	0	2.67584620455e-31	8.28569580568e-13	100	0	0	0	0	0	0	0	0	0	0	0	0	0	0	0
Mar 10 2023 19:48:47	87.7202301025	92.6304779053	97.8059234619	0.00528124347329	92.6120529175	92.6120529175	84.0017318726	-	0	0	0	0	0	0	0	0	0	0	0	0	0	0	0	0	0	0	0	0	0	0	0	0	0	0	0	0	0	0	0	0	0	0	0	0	0	0	0	0	0	0	0	0	100	0	0	0	0	0	0	0	0	0	0	0	0	0	0	0
Mar 10 2023 19:48:48	87.7202301025	92.6304779053	97.8059234619	0.00599589338526	92.6120529175	92.6120529175	82.0432815552	-	0	0	0	0	0	0	0	0	0	0	0	0	0	0	0	0	0	0	0	0	0	0	0	0	0	0	0	0	0	0	0	0	0	0	0	0	0	0	0	0	0	0	0	0	100	0	0	0	0	0	0	0	0	0	0	0	0	0	0	0
Mar 10 2023 19:48:49	87.7202301025	92.6304779053	97.8059234619	0.00523244449869	92.6120529175	92.6120529175	84.1371536255	-	0	0	0	0	0	0	0	0	0	0	0	0	0	0	0	0	0	0	0	0	0	0	0	0	0	0	0	0	0	0	0	0	0	0	0	0	0	0	0	0	0	0	0	0	100	0	0	0	0	0	0	0	0	0	0	0	0	0	0	0
Mar 10 2023 19:48:50	87.7202301025	92.6304779053	97.8059234619	0.006312539801	92.6120529175	92.6120529175	81.1902008057	-	0	0	0	0	0	0	0	0	0	0	0	0	0	0	0	0	0	0	0	0	0	0	0	0	0	0	0	0	0	0	0	0	0	0	0	0	0	0	0	0	0	0	0	0	100	0	0	0	0	0	0	0	0	0	0	0	0	0	0	0
Mar 10 2023 19:48:51	87.7202301025	92.6304779053	97.8059234619	0.0086622107774	92.6120529175	92.6120529175	75.1309356689	-	0	0	0	0	0	0	0	0	0	0	0	0	0	0	0	0	0	0	0	0	0	0	0	0	0	0	0	0	0	0	0	0	0	0	0	0	0	0	0	0	0	0	0	0	100	0	0	0	0	0	0	0	0	0	0	0	0	0	0	0
Mar 10 2023 19:48:52	87.7202301025	92.6304779053	97.8059234619	0.00575712276623	92.6120529175	92.6120529175	82.692489624	-	0	0	0	0	0	0	0	0	0	0	0	0	0	0	0	0	0	0	0	0	0	0	0	0	0	0	0	0	0	0	0	0	0	0	0	0	0	0	0	0	0	0	0	0	100	0	0	0	0	0	0	0	0	0	0	0	0	0	0	0
Mar 10 2023 19:48:53	87.7202301025	92.6304779053	97.8059234619	0.0039896373637	92.6120529175	92.6120529175	87.6606445313	-	0	0	0	0	0	0	0	0	0	0	0	0	0	0	0	0	0	0	0	0	0	0	0	0	0	0	0	0	0	0	0	0	0	0	0	0	0	0	0	0	0	0	0	0	100	0	0	0	0	0	0	0	0	0	0	0	0	0	0	0
Mar 10 2023 19:48:54	87.7202301025	92.6304779053	97.8059234619	0.00634107785299	92.6120529175	92.6120529175	81.1137466431	-	0	0	0	0	0	0	0	0	0	0	0	0	0	0	0	0	0	0	0	0	0	0	0	0	0	0	0	0	0	0	0	0	0	0	0	0	0	0	0	0	0	0	0	0	100	0	0	0	0	0	0	0	0	0	0	0	0	0	0	0
Mar 10 2023 19:48:55	87.7202301025	92.6304779053	97.8059234619	0.00491083553061	92.6120529175	92.6120529175	85.0351333618	-	0	0	0	0	0	0	0	0	0	0	0	0	0	0	0	0	0	0	0	0	0	0	0	0	0	0	0	0	0	0	0	0	0	0	0	0	0	0	0	0	0	0	3.8761048271e-33	1.28961687791e-13	100	0	0	0	0	0	0	0	0	0	0	0	0	0	0	0
Mar 10 2023 19:48:56	87.7202301025	92.6304779053	97.8059234619	0.00328966486268	92.6120529175	92.6120529175	89.7097091675	-	0	0	0	0	0	0	0	0	0	0	0	0	0	0	0	0	0	0	0	0	0	0	0	0	0	0	0	0	0	0	0	0	0	0	0	0	0	0	0	0	0	0	0	0	100	0	0	0	0	0	0	0	0	0	0	0	0	0	0	0
Mar 10 2023 19:48:57	87.7202301025	92.6304779053	97.8059234619	0.00559013523161	92.6120529175	92.6120529175	83.1495666504	-	0	0	0	0	0	0	0	0	0	0	0	0	0	0	0	0	0	0	0	0	0	0	0	0	0	0	0	0	0	0	0	0	0	0	0	0	0	0	0	0	0	0	0	0	100	0	0	0	0	0	0	0	0	0	0	0	0	0	0	0
Mar 10 2023 19:48:58	65.1564865112	85.0203781128	94.8798217773	0.00363200902939	82.1801376343	80.0844726563	87.0523757935	-	0	0	0	0	0	0	0	0	0	0	0	0	0	0	0	0	0	0	0	0	0	0	0	0	0	0	0	0	0	0	0	0	0	0	4.30159088864e-05	0.000805791758467	0.00565814878792	0.0297697149217	0.131640136242	0.509013414383	1.74623823166	5.31280994415	14.0889692307	30.9300327301	47.2450180054	0	0	0	0	0	0	0	0	0	0	0	0	0	0	0
Mar 10 2023 19:48:59	87.7202301025	92.6304779053	97.8059234619	0.0054751355201	92.6120529175	92.6120529175	83.4658050537	-	0	0	0	0	0	0	0	0	0	0	0	0	0	0	0	0	0	0	0	0	0	0	0	0	0	0	0	0	0	0	0	0	0	0	0	0	0	0	0	0	0	0	4.04107737772e-33	1.31662326983e-13	100	0	0	0	0	0	0	0	0	0	0	0	0	0	0	0
Mar 10 2023 19:49:00	87.7202301025	92.6304779053	97.8059234619	0.0055654803291	92.6120529175	92.6120529175	83.2172622681	-	0	0	0	0	0	0	0	0	0	0	0	0	0	0	0	0	0	0	0	0	0	0	0	0	0	0	0	0	0	0	0	0	0	0	0	0	0	0	0	0	0	0	0	0	100	0	0	0	0	0	0	0	0	0	0	0	0	0	0	0
Mar 10 2023 19:49:01	87.7202301025	92.6304779053	97.8059234619	0.0040544224903	92.6120529175	92.6120529175	87.4733810425	-	0	0	0	0	0	0	0	0	0	0	0	0	0	0	0	0	0	0	0	0	0	0	0	0	0	0	0	0	0	0	0	0	0	0	0	0	0	0	0	0	0	0	0	0	100	0	0	0	0	0	0	0	0	0	0	0	0	0	0	0
Mar 10 2023 19:49:02	-1.00000001505e+30	-1.00000001505e+30	-1.00000001505e+30	-1.00000002538e+26	-1.00000001505e+30	-1.00000001505e+30	99.9671401978	-	0	0	0	0	0	0	0	0	0	0	0	0	0	0	0	0	0	0	0	0	0	0	0	0	0	0	0	0	0	0	0	0	0	0	0	0	0	0	0	0	0	0	0	0	0	0	0	0	0	0	0	0	0	0	0	0	0	0	0	0
Mar 10 2023 19:49:03	-1.00000001505e+30	-1.00000001505e+30	-1.00000001505e+30	-1.00000002538e+26	-1.00000001505e+30	-1.00000001505e+30	99.9614105225	-	0	0	0	0	0	0	0	0	0	0	0	0	0	0	0	0	0	0	0	0	0	0	0	0	0	0	0	0	0	0	0	0	0	0	0	0	0	0	0	0	0	0	0	0	0	0	0	0	0	0	0	0	0	0	0	0	0	0	0	0
Mar 10 2023 19:49:04	-1.00000001505e+30	-1.00000001505e+30	-1.00000001505e+30	-1.00000002538e+26	-1.00000001505e+30	-1.00000001505e+30	100.006103516	-	0	0	0	0	0	0	0	0	0	0	0	0	0	0	0	0	0	0	0	0	0	0	0	0	0	0	0	0	0	0	0	0	0	0	0	0	0	0	0	0	0	0	0	0	0	0	0	0	0	0	0	0	0	0	0	0	0	0	0	0
Mar 10 2023 19:49:05	-1.00000001505e+30	-1.00000001505e+30	-1.00000001505e+30	-1.00000002538e+26	-1.00000001505e+30	-1.00000001505e+30	100.004959106	-	0	0	0	0	0	0	0	0	0	0	0	0	0	0	0	0	0	0	0	0	0	0	0	0	0	0	0	0	0	0	0	0	0	0	0	0	0	0	0	0	0	0	0	0	0	0	0	0	0	0	0	0	0	0	0	0	0	0	0	0
Mar 10 2023 19:49:06	-1.00000001505e+30	-1.00000001505e+30	-1.00000001505e+30	-1.00000002538e+26	-1.00000001505e+30	-1.00000001505e+30	100.015960693	-	0	0	0	0	0	0	0	0	0	0	0	0	0	0	0	0	0	0	0	0	0	0	0	0	0	0	0	0	0	0	0	0	0	0	0	0	0	0	0	0	0	0	0	0	0	0	0	0	0	0	0	0	0	0	0	0	0	0	0	0
Mar 10 2023 19:49:07	-1.00000001505e+30	-1.00000001505e+30	-1.00000001505e+30	-1.00000002538e+26	-1.00000001505e+30	-1.00000001505e+30	100.00226593	-	0	0	0	0	0	0	0	0	0	0	0	0	0	0	0	0	0	0	0	0	0	0	0	0	0	0	0	0	0	0	0	0	0	0	0	0	0	0	0	0	0	0	0	0	0	0	0	0	0	0	0	0	0	0	0	0	0	0	0	0
Mar 10 2023 19:49:08	-1.00000001505e+30	-1.00000001505e+30	-1.00000001505e+30	-1.00000002538e+26	-1.00000001505e+30	-1.00000001505e+30	99.9411087036	-	0	0	0	0	0	0	0	0	0	0	0	0	0	0	0	0	0	0	0	0	0	0	0	0	0	0	0	0	0	0	0	0	0	0	0	0	0	0	0	0	0	0	0	0	0	0	0	0	0	0	0	0	0	0	0	0	0	0	0	0
Mar 10 2023 19:49:09	-1.00000001505e+30	-1.00000001505e+30	-1.00000001505e+30	-1.00000002538e+26	-1.00000001505e+30	-1.00000001505e+30	99.9786529541	-	0	0	0	0	0	0	0	0	0	0	0	0	0	0	0	0	0	0	0	0	0	0	0	0	0	0	0	0	0	0	0	0	0	0	0	0	0	0	0	0	0	0	0	0	0	0	0	0	0	0	0	0	0	0	0	0	0	0	0	0
Mar 10 2023 19:49:10	-1.00000001505e+30	-1.00000001505e+30	-1.00000001505e+30	-1.00000002538e+26	-1.00000001505e+30	-1.00000001505e+30	99.9981307983	-	0	0	0	0	0	0	0	0	0	0	0	0	0	0	0	0	0	0	0	0	0	0	0	0	0	0	0	0	0	0	0	0	0	0	0	0	0	0	0	0	0	0	0	0	0	0	0	0	0	0	0	0	0	0	0	0	0	0	0	0
Mar 10 2023 19:49:11	-1.00000001505e+30	-1.00000001505e+30	-1.00000001505e+30	-1.00000002538e+26	-1.00000001505e+30	-1.00000001505e+30	99.9775314331	-	0	0	0	0	0	0	0	0	0	0	0	0	0	0	0	0	0	0	0	0	0	0	0	0	0	0	0	0	0	0	0	0	0	0	0	0	0	0	0	0	0	0	0	0	0	0	0	0	0	0	0	0	0	0	0	0	0	0	0	0
Mar 10 2023 19:49:12	-1.00000001505e+30	-1.00000001505e+30	-1.00000001505e+30	-1.00000002538e+26	-1.00000001505e+30	-1.00000001505e+30	99.9867248535	-	0	0	0	0	0	0	0	0	0	0	0	0	0	0	0	0	0	0	0	0	0	0	0	0	0	0	0	0	0	0	0	0	0	0	0	0	0	0	0	0	0	0	0	0	0	0	0	0	0	0	0	0	0	0	0	0	0	0	0	0
Mar 10 2023 19:49:13	-1.00000001505e+30	-1.00000001505e+30	-1.00000001505e+30	-1.00000002538e+26	-1.00000001505e+30	-1.00000001505e+30	99.5772628784	-	0	0	0	0	0	0	0	0	0	0	0	0	0	0	0	0	0	0	0	0	0	0	0	0	0	0	0	0	0	0	0	0	0	0	0	0	0	0	0	0	0	0	0	0	0	0	0	0	0	0	0	0	0	0	0	0	0	0	0	0
Mar 10 2023 19:49:14	-1.00000001505e+30	-1.00000001505e+30	-1.00000001505e+30	-1.00000002538e+26	-1.00000001505e+30	-1.00000001505e+30	99.9588165283	-	0	0	0	0	0	0	0	0	0	0	0	0	0	0	0	0	0	0	0	0	0	0	0	0	0	0	0	0	0	0	0	0	0	0	0	0	0	0	0	0	0	0	0	0	0	0	0	0	0	0	0	0	0	0	0	0	0	0	0	0
Mar 10 2023 19:49:15	-1.00000001505e+30	-1.00000001505e+30	-1.00000001505e+30	-1.00000002538e+26	-1.00000001505e+30	-1.00000001505e+30	100.006759644	-	0	0	0	0	0	0	0	0	0	0	0	0	0	0	0	0	0	0	0	0	0	0	0	0	0	0	0	0	0	0	0	0	0	0	0	0	0	0	0	0	0	0	0	0	0	0	0	0	0	0	0	0	0	0	0	0	0	0	0	0
Mar 10 2023 19:49:16	-1.00000001505e+30	-1.00000001505e+30	-1.00000001505e+30	-1.00000002538e+26	-1.00000001505e+30	-1.00000001505e+30	99.9948806763	-	0	0	0	0	0	0	0	0	0	0	0	0	0	0	0	0	0	0	0	0	0	0	0	0	0	0	0	0	0	0	0	0	0	0	0	0	0	0	0	0	0	0	0	0	0	0	0	0	0	0	0	0	0	0	0	0	0	0	0	0
Mar 10 2023 19:49:17	-1.00000001505e+30	-1.00000001505e+30	-1.00000001505e+30	-1.00000002538e+26	-1.00000001505e+30	-1.00000001505e+30	99.9619903564	-	0	0	0	0	0	0	0	0	0	0	0	0	0	0	0	0	0	0	0	0	0	0	0	0	0	0	0	0	0	0	0	0	0	0	0	0	0	0	0	0	0	0	0	0	0	0	0	0	0	0	0	0	0	0	0	0	0	0	0	0
Mar 10 2023 19:49:18	-1.00000001505e+30	-1.00000001505e+30	-1.00000001505e+30	-1.00000002538e+26	-1.00000001505e+30	-1.00000001505e+30	99.9860076904	-	0	0	0	0	0	0	0	0	0	0	0	0	0	0	0	0	0	0	0	0	0	0	0	0	0	0	0	0	0	0	0	0	0	0	0	0	0	0	0	0	0	0	0	0	0	0	0	0	0	0	0	0	0	0	0	0	0	0	0	0
Mar 10 2023 19:49:19	-1.00000001505e+30	-1.00000001505e+30	-1.00000001505e+30	-1.00000002538e+26	-1.00000001505e+30	-1.00000001505e+30	99.7229919434	-	0	0	0	0	0	0	0	0	0	0	0	0	0	0	0	0	0	0	0	0	0	0	0	0	0	0	0	0	0	0	0	0	0	0	0	0	0	0	0	0	0	0	0	0	0	0	0	0	0	0	0	0	0	0	0	0	0	0	0	0
Mar 10 2023 19:49:20	-1.00000001505e+30	-1.00000001505e+30	-1.00000001505e+30	-1.00000002538e+26	-1.00000001505e+30	-1.00000001505e+30	99.9820022583	-	0	0	0	0	0	0	0	0	0	0	0	0	0	0	0	0	0	0	0	0	0	0	0	0	0	0	0	0	0	0	0	0	0	0	0	0	0	0	0	0	0	0	0	0	0	0	0	0	0	0	0	0	0	0	0	0	0	0	0	0
Mar 10 2023 19:49:21	-1.00000001505e+30	-1.00000001505e+30	-1.00000001505e+30	-1.00000002538e+26	-1.00000001505e+30	-1.00000001505e+30	99.9672851563	-	0	0	0	0	0	0	0	0	0	0	0	0	0	0	0	0	0	0	0	0	0	0	0	0	0	0	0	0	0	0	0	0	0	0	0	0	0	0	0	0	0	0	0	0	0	0	0	0	0	0	0	0	0	0	0	0	0	0	0	0
Mar 10 2023 19:49:22	-1.00000001505e+30	-1.00000001505e+30	-1.00000001505e+30	-1.00000002538e+26	-1.00000001505e+30	-1.00000001505e+30	99.9911651611	-	0	0	0	0	0	0	0	0	0	0	0	0	0	0	0	0	0	0	0	0	0	0	0	0	0	0	0	0	0	0	0	0	0	0	0	0	0	0	0	0	0	0	0	0	0	0	0	0	0	0	0	0	0	0	0	0	0	0	0	0
Mar 10 2023 19:49:23	-1.00000001505e+30	-1.00000001505e+30	-1.00000001505e+30	-1.00000002538e+26	-1.00000001505e+30	-1.00000001505e+30	100.017616272	-	0	0	0	0	0	0	0	0	0	0	0	0	0	0	0	0	0	0	0	0	0	0	0	0	0	0	0	0	0	0	0	0	0	0	0	0	0	0	0	0	0	0	0	0	0	0	0	0	0	0	0	0	0	0	0	0	0	0	0	0
Mar 10 2023 19:49:24	-1.00000001505e+30	-1.00000001505e+30	-1.00000001505e+30	-1.00000002538e+26	-1.00000001505e+30	-1.00000001505e+30	99.967124939	-	0	0	0	0	0	0	0	0	0	0	0	0	0	0	0	0	0	0	0	0	0	0	0	0	0	0	0	0	0	0	0	0	0	0	0	0	0	0	0	0	0	0	0	0	0	0	0	0	0	0	0	0	0	0	0	0	0	0	0	0
Mar 10 2023 19:49:25	-1.00000001505e+30	-1.00000001505e+30	-1.00000001505e+30	-1.00000002538e+26	-1.00000001505e+30	-1.00000001505e+30	99.97706604	-	0	0	0	0	0	0	0	0	0	0	0	0	0	0	0	0	0	0	0	0	0	0	0	0	0	0	0	0	0	0	0	0	0	0	0	0	0	0	0	0	0	0	0	0	0	0	0	0	0	0	0	0	0	0	0	0	0	0	0	0
Mar 10 2023 19:49:26	-1.00000001505e+30	-1.00000001505e+30	-1.00000001505e+30	-1.00000002538e+26	-1.00000001505e+30	-1.00000001505e+30	99.9835586548	-	0	0	0	0	0	0	0	0	0	0	0	0	0	0	0	0	0	0	0	0	0	0	0	0	0	0	0	0	0	0	0	0	0	0	0	0	0	0	0	0	0	0	0	0	0	0	0	0	0	0	0	0	0	0	0	0	0	0	0	0
Mar 10 2023 19:49:27	-1.00000001505e+30	-1.00000001505e+30	-1.00000001505e+30	-1.00000002538e+26	-1.00000001505e+30	-1.00000001505e+30	99.9716491699	-	0	0	0	0	0	0	0	0	0	0	0	0	0	0	0	0	0	0	0	0	0	0	0	0	0	0	0	0	0	0	0	0	0	0	0	0	0	0	0	0	0	0	0	0	0	0	0	0	0	0	0	0	0	0	0	0	0	0	0	0
Mar 10 2023 19:49:28	87.7202301025	92.6304779053	97.8059234619	0.00151111534797	92.6120529175	92.6120529175	95.1342010498	-	0	0	0	0	0	0	0	0	0	0	0	0	0	0	0	0	0	0	0	0	0	0	0	0	0	0	0	0	0	0	0	0	0	0	0	0	0	0	0	0	0	0	0	0	100	0	0	0	0	0	0	0	0	0	0	0	0	0	0	0
Mar 10 2023 19:49:29	-1.00000001505e+30	-1.00000001505e+30	-1.00000001505e+30	-1.00000002538e+26	-1.00000001505e+30	-1.00000001505e+30	99.9917068481	-	0	0	0	0	0	0	0	0	0	0	0	0	0	0	0	0	0	0	0	0	0	0	0	0	0	0	0	0	0	0	0	0	0	0	0	0	0	0	0	0	0	0	0	0	0	0	0	0	0	0	0	0	0	0	0	0	0	0	0	0
Mar 10 2023 19:49:30	87.7202301025	92.6304779053	97.8059234619	0.00230102729984	92.6120529175	92.6120529175	92.6856613159	-	0	0	0	0	0	0	0	0	0	0	0	0	0	0	0	0	0	0	0	0	0	0	0	0	0	0	0	0	0	0	0	0	0	0	0	0	0	0	0	0	0	0	0	0	100	0	0	0	0	0	0	0	0	0	0	0	0	0	0	0
Mar 10 2023 19:49:31	87.7202301025	92.6304779053	97.8059234619	0.00627753837034	92.6120529175	92.6120529175	81.2840576172	-	0	0	0	0	0	0	0	0	0	0	0	0	0	0	0	0	0	0	0	0	0	0	0	0	0	0	0	0	0	0	0	0	0	0	0	0	0	0	0	0	0	0	0	0	100	0	0	0	0	0	0	0	0	0	0	0	0	0	0	0
Mar 10 2023 19:49:32	87.7202301025	92.6304779053	97.8059234619	0.00115779298358	92.6120529175	92.6120529175	96.2502593994	-	0	0	0	0	0	0	0	0	0	0	0	0	0	0	0	0	0	0	0	0	0	0	0	0	0	0	0	0	0	0	0	0	0	0	0	0	0	0	0	0	0	0	0	0	100	0	0	0	0	0	0	0	0	0	0	0	0	0	0	0
Mar 10 2023 19:49:33	-1.00000001505e+30	-1.00000001505e+30	-1.00000001505e+30	-1.00000002538e+26	-1.00000001505e+30	-1.00000001505e+30	99.9562225342	-	0	0	0	0	0	0	0	0	0	0	0	0	0	0	0	0	0	0	0	0	0	0	0	0	0	0	0	0	0	0	0	0	0	0	0	0	0	0	0	0	0	0	0	0	0	0	0	0	0	0	0	0	0	0	0	0	0	0	0	0
Mar 10 2023 19:49:34	-1.00000001505e+30	-1.00000001505e+30	-1.00000001505e+30	-1.00000002538e+26	-1.00000001505e+30	-1.00000001505e+30	100.011566162	-	0	0	0	0	0	0	0	0	0	0	0	0	0	0	0	0	0	0	0	0	0	0	0	0	0	0	0	0	0	0	0	0	0	0	0	0	0	0	0	0	0	0	0	0	0	0	0	0	0	0	0	0	0	0	0	0	0	0	0	0
Mar 10 2023 19:49:35	63.6585235596	84.144744873	94.6670761108	0.00161293009296	81.2789382935	78.9704589844	93.9451065063	-	0	0	0	0	0	0	0	0	0	0	0	0	0	0	0	0	0	0	0	0	0	0	0	0	0	0	0	0	0	0	0	0	0	0	0.000108294821985	0.00159363821149	0.00999815575778	0.0477817058563	0.19339607656	0.688089430332	2.18125939369	6.15446662903	15.1845302582	31.1026058197	44.4361686707	0	0	0	0	0	0	0	0	0	0	0	0	0	0	0
Mar 10 2023 19:49:36	87.7202301025	92.6304779053	97.8059234619	0.0053909313865	92.6120529175	92.6120529175	83.6981277466	-	0	0	0	0	0	0	0	0	0	0	0	0	0	0	0	0	0	0	0	0	0	0	0	0	0	0	0	0	0	0	0	0	0	0	0	0	0	0	0	0	0	0	6.36522476789e-33	1.61929538246e-13	100	0	0	0	0	0	0	0	0	0	0	0	0	0	0	0
Mar 10 2023 19:49:37	87.7202301025	92.6304779053	97.8059234619	0.00349583989009	92.6120529175	92.6120529175	89.101234436	-	0	0	0	0	0	0	0	0	0	0	0	0	0	0	0	0	0	0	0	0	0	0	0	0	0	0	0	0	0	0	0	0	0	0	0	0	0	0	0	0	0	0	0	0	100	0	0	0	0	0	0	0	0	0	0	0	0	0	0	0
Mar 10 2023 19:49:38	72.9884643555	88.0363464355	95.7033157349	0.0033939096611	86.1675109863	84.9580688477	88.5109863281	-	0	0	0	0	0	0	0	0	0	0	0	0	0	0	0	0	0	0	0	0	0	0	0	0	0	0	0	0	0	0	0	0	0	0	9.47262748241e-08	1.23772624647e-05	0.00016649637837	0.0015446919715	0.0115834511817	0.0738775134087	0.408620804548	1.96488046646	8.08947849274	27.1236858368	62.3261528015	0	0	0	0	0	0	0	0	0	0	0	0	0	0	0
Mar 10 2023 19:49:39	87.7202301025	92.6304779053	97.8059234619	0.00383213837631	92.6120529175	92.6120529175	88.1175842285	-	0	0	0	0	0	0	0	0	0	0	0	0	0	0	0	0	0	0	0	0	0	0	0	0	0	0	0	0	0	0	0	0	0	0	0	0	0	0	0	0	0	0	3.40602903283e-35	9.58040596047e-15	100	0	0	0	0	0	0	0	0	0	0	0	0	0	0	0
Mar 10 2023 19:49:40	87.7202301025	92.6304779053	97.8059234619	0.00430363742635	92.6120529175	92.6120529175	86.756729126	-	0	0	0	0	0	0	0	0	0	0	0	0	0	0	0	0	0	0	0	0	0	0	0	0	0	0	0	0	0	0	0	0	0	0	0	0	0	0	0	0	0	0	0	0	100	0	0	0	0	0	0	0	0	0	0	0	0	0	0	0
Mar 10 2023 19:49:41	87.7202301025	92.6304779053	97.8059234619	0.007109856233	92.6120529175	92.6120529175	79.0812072754	-	0	0	0	0	0	0	0	0	0	0	0	0	0	0	0	0	0	0	0	0	0	0	0	0	0	0	0	0	0	0	0	0	0	0	0	0	0	0	0	0	0	0	0	0	100	0	0	0	0	0	0	0	0	0	0	0	0	0	0	0
Mar 10 2023 19:49:42	87.7202301025	92.6304779053	97.8059234619	0.000674919690937	92.6120529175	92.6120529175	97.7967376709	-	0	0	0	0	0	0	0	0	0	0	0	0	0	0	0	0	0	0	0	0	0	0	0	0	0	0	0	0	0	0	0	0	0	0	0	0	0	0	0	0	0	0	0	0	100	0	0	0	0	0	0	0	0	0	0	0	0	0	0	0
Mar 10 2023 19:49:43	87.7202301025	92.6304779053	97.8059234619	0.0040988442488	92.6120529175	92.6120529175	87.3452072144	-	0	0	0	0	0	0	0	0	0	0	0	0	0	0	0	0	0	0	0	0	0	0	0	0	0	0	0	0	0	0	0	0	0	0	0	0	0	0	0	0	0	0	0	0	100	0	0	0	0	0	0	0	0	0	0	0	0	0	0	0
Mar 10 2023 19:49:44	-1.00000001505e+30	-1.00000001505e+30	-1.00000001505e+30	-1.00000002538e+26	-1.00000001505e+30	-1.00000001505e+30	99.7436676025	-	0	0	0	0	0	0	0	0	0	0	0	0	0	0	0	0	0	0	0	0	0	0	0	0	0	0	0	0	0	0	0	0	0	0	0	0	0	0	0	0	0	0	0	0	0	0	0	0	0	0	0	0	0	0	0	0	0	0	0	0
Mar 10 2023 19:49:45	-1.00000001505e+30	-1.00000001505e+30	-1.00000001505e+30	-1.00000002538e+26	-1.00000001505e+30	-1.00000001505e+30	99.9289321899	-	0	0	0	0	0	0	0	0	0	0	0	0	0	0	0	0	0	0	0	0	0	0	0	0	0	0	0	0	0	0	0	0	0	0	0	0	0	0	0	0	0	0	0	0	0	0	0	0	0	0	0	0	0	0	0	0	0	0	0	0
Mar 10 2023 19:49:46	87.7202301025	92.6304779053	97.8059234619	0.00473493011668	92.6120529175	92.6120529175	85.5303344727	-	0	0	0	0	0	0	0	0	0	0	0	0	0	0	0	0	0	0	0	0	0	0	0	0	0	0	0	0	0	0	0	0	0	0	0	0	0	0	0	0	0	0	0	0	100	0	0	0	0	0	0	0	0	0	0	0	0	0	0	0
Mar 10 2023 19:49:47	53.2158546448	77.1739044189	92.814781189	0.00404558517039	74.8857727051	70.9693069458	83.9775161743	-	0	0	0	0	0	0	0	0	0	0	0	0	0	0	0	0	0	0	0	0	0	0	0	0	0	0	0	0	0	0	0	0	0	0	0.0100530264899	0.0488372407854	0.167374491692	0.482501029968	1.23438870907	2.86237335205	6.05463027954	11.6247940063	19.8527431488	28.5777416229	29.0845661163	0	0	0	0	0	0	0	0	0	0	0	0	0	0	0
Mar 10 2023 19:49:48	-1.00000001505e+30	-1.00000001505e+30	-1.00000001505e+30	-1.00000002538e+26	-1.00000001505e+30	-1.00000001505e+30	94.2402572632	-	0	0	0	0	0	0	0	0	0	0	0	0	0	0	0	0	0	0	0	0	0	0	0	0	0	0	0	0	0	0	0	0	0	0	0	0	0	0	0	0	0	0	0	0	0	0	0	0	0	0	0	0	0	0	0	0	0	0	0	0
Mar 10 2023 19:49:49	87.7202301025	92.6304779053	97.8059234619	0.00554536608979	92.6120529175	92.6120529175	83.2725372314	-	0	0	0	0	0	0	0	0	0	0	0	0	0	0	0	0	0	0	0	0	0	0	0	0	0	0	0	0	0	0	0	0	0	0	0	0	0	0	0	0	0	0	0	0	100	0	0	0	0	0	0	0	0	0	0	0	0	0	0	0
Mar 10 2023 19:49:50	87.7202301025	92.6304779053	97.8059234619	0.00245046452619	92.6120529175	92.6120529175	92.2295761108	-	0	0	0	0	0	0	0	0	0	0	0	0	0	0	0	0	0	0	0	0	0	0	0	0	0	0	0	0	0	0	0	0	0	0	0	0	0	0	0	0	0	0	0	0	100	0	0	0	0	0	0	0	0	0	0	0	0	0	0	0
Mar 10 2023 19:49:51	87.7202301025	92.6304779053	97.8059234619	0.00673189852387	92.6120529175	92.6120529175	80.0740280151	-	0	0	0	0	0	0	0	0	0	0	0	0	0	0	0	0	0	0	0	0	0	0	0	0	0	0	0	0	0	0	0	0	0	0	0	0	0	0	0	0	0	0	0	0	100	0	0	0	0	0	0	0	0	0	0	0	0	0	0	0
Mar 10 2023 19:49:52	87.7202301025	92.6304779053	97.8059234619	0.00261370604858	92.6120529175	92.6120529175	91.7339248657	-	0	0	0	0	0	0	0	0	0	0	0	0	0	0	0	0	0	0	0	0	0	0	0	0	0	0	0	0	0	0	0	0	0	0	0	0	0	0	0	0	0	0	0	0	100	0	0	0	0	0	0	0	0	0	0	0	0	0	0	0
Mar 10 2023 19:49:53	87.7202301025	92.6304779053	97.8059234619	0.00413062702864	92.6120529175	92.6120529175	87.253616333	-	0	0	0	0	0	0	0	0	0	0	0	0	0	0	0	0	0	0	0	0	0	0	0	0	0	0	0	0	0	0	0	0	0	0	0	0	0	0	0	0	0	0	0	0	100	0	0	0	0	0	0	0	0	0	0	0	0	0	0	0
Mar 10 2023 19:49:54	87.7202301025	92.6304779053	97.8059234619	0.00809388142079	92.6120529175	92.6120529175	76.5537261963	-	0	0	0	0	0	0	0	0	0	0	0	0	0	0	0	0	0	0	0	0	0	0	0	0	0	0	0	0	0	0	0	0	0	0	0	0	0	0	0	0	0	0	6.56569729381e-35	2.24858058741e-14	100	0	0	0	0	0	0	0	0	0	0	0	0	0	0	0
Mar 10 2023 19:49:55	87.7202301025	92.6304779053	97.8059234619	0.00533851468936	92.6120529175	92.6120529175	83.8430786133	-	0	0	0	0	0	0	0	0	0	0	0	0	0	0	0	0	0	0	0	0	0	0	0	0	0	0	0	0	0	0	0	0	0	0	0	0	0	0	0	0	0	0	0	0	100	0	0	0	0	0	0	0	0	0	0	0	0	0	0	0
Mar 10 2023 19:49:56	87.7202301025	92.6304779053	97.8059234619	0.00565069587901	92.6120529175	92.6120529175	82.983505249	-	0	0	0	0	0	0	0	0	0	0	0	0	0	0	0	0	0	0	0	0	0	0	0	0	0	0	0	0	0	0	0	0	0	0	0	0	0	0	0	0	0	0	3.82578007723e-33	1.28572703157e-13	100	0	0	0	0	0	0	0	0	0	0	0	0	0	0	0
Mar 10 2023 19:49:57	87.7202301025	92.6304779053	97.8059234619	0.00305309984833	92.6120529175	92.6120529175	90.4129943848	-	0	0	0	0	0	0	0	0	0	0	0	0	0	0	0	0	0	0	0	0	0	0	0	0	0	0	0	0	0	0	0	0	0	0	0	0	0	0	0	0	0	0	0	0	100	0	0	0	0	0	0	0	0	0	0	0	0	0	0	0
Mar 10 2023 19:49:58	87.7202301025	92.6304779053	97.8059234619	0.00248765992001	92.6120529175	92.6120529175	92.1164016724	-	0	0	0	0	0	0	0	0	0	0	0	0	0	0	0	0	0	0	0	0	0	0	0	0	0	0	0	0	0	0	0	0	0	0	0	0	0	0	0	0	0	0	0	0	100	0	0	0	0	0	0	0	0	0	0	0	0	0	0	0
Mar 10 2023 19:49:59	87.7202301025	92.6304779053	97.8059234619	0.00864522345364	92.6120529175	92.6120529175	75.1730728149	-	0	0	0	0	0	0	0	0	0	0	0	0	0	0	0	0	0	0	0	0	0	0	0	0	0	0	0	0	0	0	0	0	0	0	0	0	0	0	0	0	0	0	0	0	100	0	0	0	0	0	0	0	0	0	0	0	0	0	0	0
Mar 10 2023 19:50:00	87.7202301025	92.6304779053	97.8059234619	0.00376529921778	92.6120529175	92.6120529175	88.3122177124	-	0	0	0	0	0	0	0	0	0	0	0	0	0	0	0	0	0	0	0	0	0	0	0	0	0	0	0	0	0	0	0	0	0	0	0	0	0	0	0	0	0	0	1.64168471336e-31	6.52921943942e-13	100	0	0	0	0	0	0	0	0	0	0	0	0	0	0	0
Mar 10 2023 19:50:01	87.7202301025	92.6304779053	97.8059234619	0.00246272282675	92.6120529175	92.6120529175	92.1922607422	-	0	0	0	0	0	0	0	0	0	0	0	0	0	0	0	0	0	0	0	0	0	0	0	0	0	0	0	0	0	0	0	0	0	0	0	0	0	0	0	0	0	0	0	0	100	0	0	0	0	0	0	0	0	0	0	0	0	0	0	0
Mar 10 2023 19:50:02	87.7202301025	92.6304779053	97.8059234619	0.00704389996827	92.6120529175	92.6120529175	79.2535705566	-	0	0	0	0	0	0	0	0	0	0	0	0	0	0	0	0	0	0	0	0	0	0	0	0	0	0	0	0	0	0	0	0	0	0	0	0	0	0	0	0	0	0	8.93662762345e-32	3.03904633663e-13	100	0	0	0	0	0	0	0	0	0	0	0	0	0	0	0
Mar 10 2023 19:50:03	87.7202301025	92.6304779053	97.8059234619	0.00631085829809	92.6120529175	92.6120529175	81.1947021484	-	0	0	0	0	0	0	0	0	0	0	0	0	0	0	0	0	0	0	0	0	0	0	0	0	0	0	0	0	0	0	0	0	0	0	0	0	0	0	0	0	0	0	0	0	100	0	0	0	0	0	0	0	0	0	0	0	0	0	0	0
Mar 10 2023 19:50:04	87.7202301025	92.6304779053	97.8059234619	0.00530650885776	92.6120529175	92.6120529175	83.9317016602	-	0	0	0	0	0	0	0	0	0	0	0	0	0	0	0	0	0	0	0	0	0	0	0	0	0	0	0	0	0	0	0	0	0	0	0	0	0	0	0	0	0	0	0	0	100	0	0	0	0	0	0	0	0	0	0	0	0	0	0	0
Mar 10 2023 19:50:05	87.7202301025	92.6304779053	97.8059234619	0.0051627852954	92.6120529175	92.6120529175	84.3308410645	-	0	0	0	0	0	0	0	0	0	0	0	0	0	0	0	0	0	0	0	0	0	0	0	0	0	0	0	0	0	0	0	0	0	0	0	0	0	0	0	0	0	0	0	0	100	0	0	0	0	0	0	0	0	0	0	0	0	0	0	0
Mar 10 2023 19:50:06	87.7202301025	92.6304779053	97.8059234619	0.00765497097746	92.6120529175	92.6120529175	77.6709365845	-	0	0	0	0	0	0	0	0	0	0	0	0	0	0	0	0	0	0	0	0	0	0	0	0	0	0	0	0	0	0	0	0	0	0	0	0	0	0	0	0	0	0	0	0	100	0	0	0	0	0	0	0	0	0	0	0	0	0	0	0
Mar 10 2023 19:50:07	87.7202301025	92.6304779053	97.8059234619	0.00248649180867	92.6120529175	92.6120529175	92.1199569702	-	0	0	0	0	0	0	0	0	0	0	0	0	0	0	0	0	0	0	0	0	0	0	0	0	0	0	0	0	0	0	0	0	0	0	0	0	0	0	0	0	0	0	0	0	100	0	0	0	0	0	0	0	0	0	0	0	0	0	0	0
Mar 10 2023 19:50:08	87.2742996216	92.3971862793	97.7029953003	0.00583296548575	92.4194335938	92.3877410889	82.4485168457	-	0	0	0	0	0	0	0	0	0	0	0	0	0	0	0	0	0	0	0	0	0	0	0	0	0	0	0	0	0	0	0	0	0	0	0	2.45058215019e-28	2.20535011737e-23	3.44164598025e-19	2.12958969544e-15	6.60966160276e-12	1.13091447318e-08	1.09636903289e-05	0.00581353669986	1.45075464249	98.5434265137	0	0	0	0	0	0	0	0	0	0	0	0	0	0	0
Mar 10 2023 19:50:09	87.7202301025	92.6304779053	97.8059234619	0.00767924636602	92.6120529175	92.6120529175	77.6087188721	-	0	0	0	0	0	0	0	0	0	0	0	0	0	0	0	0	0	0	0	0	0	0	0	0	0	0	0	0	0	0	0	0	0	0	0	0	0	0	0	0	0	0	0	0	100	0	0	0	0	0	0	0	0	0	0	0	0	0	0	0
Mar 10 2023 19:50:10	87.7202301025	92.6304779053	97.8059234619	0.00560967484489	92.6120529175	92.6120529175	83.0959472656	-	0	0	0	0	0	0	0	0	0	0	0	0	0	0	0	0	0	0	0	0	0	0	0	0	0	0	0	0	0	0	0	0	0	0	0	0	0	0	0	0	0	0	7.2885298923e-35	2.28679447882e-14	100	0	0	0	0	0	0	0	0	0	0	0	0	0	0	0
Mar 10 2023 19:50:11	87.7202301025	92.6304779053	97.8059234619	0.00629641767591	92.6120529175	92.6120529175	81.2334213257	-	0	0	0	0	0	0	0	0	0	0	0	0	0	0	0	0	0	0	0	0	0	0	0	0	0	0	0	0	0	0	0	0	0	0	0	0	0	0	0	0	0	0	0	0	100	0	0	0	0	0	0	0	0	0	0	0	0	0	0	0
Mar 10 2023 19:50:12	87.7202301025	92.6304779053	97.8059234619	0.0034805983305	92.6120529175	92.6120529175	89.1460800171	-	0	0	0	0	0	0	0	0	0	0	0	0	0	0	0	0	0	0	0	0	0	0	0	0	0	0	0	0	0	0	0	0	0	0	0	0	0	0	0	0	0	0	0	0	100	0	0	0	0	0	0	0	0	0	0	0	0	0	0	0
Mar 10 2023 19:50:13	87.7202301025	92.6304779053	97.8059234619	0.00437858793885	92.6120529175	92.6120529175	86.542350769	-	0	0	0	0	0	0	0	0	0	0	0	0	0	0	0	0	0	0	0	0	0	0	0	0	0	0	0	0	0	0	0	0	0	0	0	0	0	0	0	0	0	0	0	0	100	0	0	0	0	0	0	0	0	0	0	0	0	0	0	0
Mar 10 2023 19:50:14	87.7202301025	92.6304779053	97.8059234619	0.00242353137583	92.6120529175	92.6120529175	92.3116073608	-	0	0	0	0	0	0	0	0	0	0	0	0	0	0	0	0	0	0	0	0	0	0	0	0	0	0	0	0	0	0	0	0	0	0	0	0	0	0	0	0	0	0	0	0	100	0	0	0	0	0	0	0	0	0	0	0	0	0	0	0
Mar 10 2023 19:50:15	87.7202301025	92.6304779053	97.8059234619	0.00375938671641	92.6120529175	92.6120529175	88.3294525146	-	0	0	0	0	0	0	0	0	0	0	0	0	0	0	0	0	0	0	0	0	0	0	0	0	0	0	0	0	0	0	0	0	0	0	0	0	0	0	0	0	0	0	3.29108560674e-31	9.01548692471e-13	100	0	0	0	0	0	0	0	0	0	0	0	0	0	0	0
Mar 10 2023 19:50:16	87.7202301025	92.6304779053	97.8059234619	0.00494010001421	92.6120529175	92.6120529175	84.9530258179	-	0	0	0	0	0	0	0	0	0	0	0	0	0	0	0	0	0	0	0	0	0	0	0	0	0	0	0	0	0	0	0	0	0	0	0	0	0	0	0	0	0	0	3.22930162366e-31	8.89489708018e-13	100	0	0	0	0	0	0	0	0	0	0	0	0	0	0	0
Mar 10 2023 19:50:17	87.7202301025	92.6304779053	97.8059234619	0.00363520835526	92.6120529175	92.6120529175	88.6922683716	-	0	0	0	0	0	0	0	0	0	0	0	0	0	0	0	0	0	0	0	0	0	0	0	0	0	0	0	0	0	0	0	0	0	0	0	0	0	0	0	0	0	0	5.83935811303e-32	2.48940272693e-13	100	0	0	0	0	0	0	0	0	0	0	0	0	0	0	0
Mar 10 2023 19:50:18	87.7202301025	92.6304779053	97.8059234619	0.00690187606961	92.6120529175	92.6120529175	79.6259994507	-	0	0	0	0	0	0	0	0	0	0	0	0	0	0	0	0	0	0	0	0	0	0	0	0	0	0	0	0	0	0	0	0	0	0	0	0	0	0	0	0	0	0	1.86305458827e-33	5.56911626732e-14	100	0	0	0	0	0	0	0	0	0	0	0	0	0	0	0
Mar 10 2023 19:50:19	87.7202301025	92.6304779053	97.8059234619	0.00826812535524	92.6120529175	92.6120529175	76.1146697998	-	0	0	0	0	0	0	0	0	0	0	0	0	0	0	0	0	0	0	0	0	0	0	0	0	0	0	0	0	0	0	0	0	0	0	0	0	0	0	0	0	0	0	1.85972775559e-33	5.5692700885e-14	100	0	0	0	0	0	0	0	0	0	0	0	0	0	0	0
Mar 10 2023 19:50:20	87.7202301025	92.6304779053	97.8059234619	0.00667963922024	92.6120529175	92.6120529175	80.2122802734	-	0	0	0	0	0	0	0	0	0	0	0	0	0	0	0	0	0	0	0	0	0	0	0	0	0	0	0	0	0	0	0	0	0	0	0	0	0	0	0	0	0	0	0	0	100	0	0	0	0	0	0	0	0	0	0	0	0	0	0	0
Mar 10 2023 19:50:21	87.7202301025	92.6304779053	97.8059234619	0.00536745367572	92.6120529175	92.6120529175	83.7630233765	-	0	0	0	0	0	0	0	0	0	0	0	0	0	0	0	0	0	0	0	0	0	0	0	0	0	0	0	0	0	0	0	0	0	0	0	0	0	0	0	0	0	0	0	0	100	0	0	0	0	0	0	0	0	0	0	0	0	0	0	0
Mar 10 2023 19:50:22	87.7202301025	92.6304779053	97.8059234619	0.00332894967869	92.6120529175	92.6120529175	89.5934524536	-	0	0	0	0	0	0	0	0	0	0	0	0	0	0	0	0	0	0	0	0	0	0	0	0	0	0	0	0	0	0	0	0	0	0	0	0	0	0	0	0	0	0	0	0	100	0	0	0	0	0	0	0	0	0	0	0	0	0	0	0
Mar 10 2023 19:50:23	87.7202301025	92.6304779053	97.8059234619	0.0017988984473	92.6120529175	92.6120529175	94.2347412109	-	0	0	0	0	0	0	0	0	0	0	0	0	0	0	0	0	0	0	0	0	0	0	0	0	0	0	0	0	0	0	0	0	0	0	0	0	0	0	0	0	0	0	0	0	100	0	0	0	0	0	0	0	0	0	0	0	0	0	0	0
Mar 10 2023 19:50:24	87.7202301025	92.6304779053	97.8059234619	0.00444852281362	92.6120529175	92.6120529175	86.3427963257	-	0	0	0	0	0	0	0	0	0	0	0	0	0	0	0	0	0	0	0	0	0	0	0	0	0	0	0	0	0	0	0	0	0	0	0	0	0	0	0	0	0	0	0	0	100	0	0	0	0	0	0	0	0	0	0	0	0	0	0	0
Mar 10 2023 19:50:25	87.7202301025	92.6304779053	97.8059234619	0.00502252392471	92.6120529175	92.6120529175	84.7222061157	-	0	0	0	0	0	0	0	0	0	0	0	0	0	0	0	0	0	0	0	0	0	0	0	0	0	0	0	0	0	0	0	0	0	0	0	0	0	0	0	0	0	0	3.44715740229e-31	9.29298088134e-13	100	0	0	0	0	0	0	0	0	0	0	0	0	0	0	0
Mar 10 2023 19:50:26	87.7202301025	92.6304779053	97.8059234619	0.0100999390706	92.6120529175	92.6120529175	71.6485748291	-	0	0	0	0	0	0	0	0	0	0	0	0	0	0	0	0	0	0	0	0	0	0	0	0	0	0	0	0	0	0	0	0	0	0	0	0	0	0	0	0	0	0	0	0	100	0	0	0	0	0	0	0	0	0	0	0	0	0	0	0
Mar 10 2023 19:50:27	87.7202301025	92.6304779053	97.8059234619	0.00713304337114	92.6120529175	92.6120529175	79.0207061768	-	0	0	0	0	0	0	0	0	0	0	0	0	0	0	0	0	0	0	0	0	0	0	0	0	0	0	0	0	0	0	0	0	0	0	0	0	0	0	0	0	0	0	2.71264807797e-35	9.5264389503e-15	100	0	0	0	0	0	0	0	0	0	0	0	0	0	0	0
Mar 10 2023 19:50:28	87.7202301025	92.6304779053	97.8059234619	0.00412567518651	92.6120529175	92.6120529175	87.2678833008	-	0	0	0	0	0	0	0	0	0	0	0	0	0	0	0	0	0	0	0	0	0	0	0	0	0	0	0	0	0	0	0	0	0	0	0	0	0	0	0	0	0	0	0	1.18529064691e-22	100	0	0	0	0	0	0	0	0	0	0	0	0	0	0	0
Mar 10 2023 19:50:29	87.7202301025	92.6304779053	97.8059234619	0.00443607801571	92.6120529175	92.6120529175	86.3782730103	-	0	0	0	0	0	0	0	0	0	0	0	0	0	0	0	0	0	0	0	0	0	0	0	0	0	0	0	0	0	0	0	0	0	0	0	0	0	0	0	0	0	0	0	0	100	0	0	0	0	0	0	0	0	0	0	0	0	0	0	0
Mar 10 2023 19:50:30	87.7202301025	92.6304779053	97.8059234619	0.0062463413924	92.6120529175	92.6120529175	81.367805481	-	0	0	0	0	0	0	0	0	0	0	0	0	0	0	0	0	0	0	0	0	0	0	0	0	0	0	0	0	0	0	0	0	0	0	0	0	0	0	0	0	0	0	0	0	100	0	0	0	0	0	0	0	0	0	0	0	0	0	0	0
Mar 10 2023 19:50:31	87.7202301025	92.6304779053	97.8059234619	0.00965920742601	92.6120529175	92.6120529175	72.6985702515	-	0	0	0	0	0	0	0	0	0	0	0	0	0	0	0	0	0	0	0	0	0	0	0	0	0	0	0	0	0	0	0	0	0	0	0	0	0	0	0	0	0	0	0	0	100	0	0	0	0	0	0	0	0	0	0	0	0	0	0	0
Mar 10 2023 19:50:32	87.7202301025	92.6304779053	97.8059234619	0.00547787221149	92.6120529175	92.6120529175	83.4582672119	-	0	0	0	0	0	0	0	0	0	0	0	0	0	0	0	0	0	0	0	0	0	0	0	0	0	0	0	0	0	0	0	0	0	0	0	0	0	0	0	0	0	0	7.23647408924e-35	2.2905988426e-14	100	0	0	0	0	0	0	0	0	0	0	0	0	0	0	0
Mar 10 2023 19:50:33	87.7202301025	92.6304779053	97.8059234619	0.00498428707942	92.6120529175	92.6120529175	84.829208374	-	0	0	0	0	0	0	0	0	0	0	0	0	0	0	0	0	0	0	0	0	0	0	0	0	0	0	0	0	0	0	0	0	0	0	0	0	0	0	0	0	0	0	0	0	100	0	0	0	0	0	0	0	0	0	0	0	0	0	0	0
Mar 10 2023 19:50:34	87.7202301025	92.6304779053	97.8059234619	0.0116928769276	92.6120529175	92.6120529175	67.9784469604	-	0	0	0	0	0	0	0	0	0	0	0	0	0	0	0	0	0	0	0	0	0	0	0	0	0	0	0	0	0	0	0	0	0	0	0	0	0	0	0	0	0	0	0	0	100	0	0	0	0	0	0	0	0	0	0	0	0	0	0	0
Mar 10 2023 19:50:35	87.7202301025	92.6304779053	97.8059234619	0.00495622633025	92.6120529175	92.6120529175	84.9078216553	-	0	0	0	0	0	0	0	0	0	0	0	0	0	0	0	0	0	0	0	0	0	0	0	0	0	0	0	0	0	0	0	0	0	0	0	0	0	0	0	0	0	0	0	0	100	0	0	0	0	0	0	0	0	0	0	0	0	0	0	0
Mar 10 2023 19:50:36	87.7202301025	92.6304779053	97.8059234619	0.00562056573108	92.6120529175	92.6120529175	83.0660858154	-	0	0	0	0	0	0	0	0	0	0	0	0	0	0	0	0	0	0	0	0	0	0	0	0	0	0	0	0	0	0	0	0	0	0	0	0	0	0	0	0	0	0	0	0	100	0	0	0	0	0	0	0	0	0	0	0	0	0	0	0
Mar 10 2023 19:50:37	87.7202301025	92.6304779053	97.8059234619	0.00581264076754	92.6120529175	92.6120529175	82.5410766602	-	0	0	0	0	0	0	0	0	0	0	0	0	0	0	0	0	0	0	0	0	0	0	0	0	0	0	0	0	0	0	0	0	0	0	0	0	0	0	0	0	0	0	0	0	100	0	0	0	0	0	0	0	0	0	0	0	0	0	0	0
Mar 10 2023 19:50:38	87.7202301025	92.6304779053	97.8059234619	0.00662791635841	92.6120529175	92.6120529175	80.3493499756	-	0	0	0	0	0	0	0	0	0	0	0	0	0	0	0	0	0	0	0	0	0	0	0	0	0	0	0	0	0	0	0	0	0	0	0	0	0	0	0	0	0	0	0	0	100	0	0	0	0	0	0	0	0	0	0	0	0	0	0	0
Mar 10 2023 19:50:39	87.7202301025	92.6304779053	97.8059234619	0.00403924565762	92.6120529175	92.6120529175	87.5172119141	-	0	0	0	0	0	0	0	0	0	0	0	0	0	0	0	0	0	0	0	0	0	0	0	0	0	0	0	0	0	0	0	0	0	0	0	0	0	0	0	0	0	0	0	0	100	0	0	0	0	0	0	0	0	0	0	0	0	0	0	0
Mar 10 2023 19:50:40	87.7202301025	92.6304779053	97.8059234619	0.00336748617701	92.6120529175	92.6120529175	89.4795532227	-	0	0	0	0	0	0	0	0	0	0	0	0	0	0	0	0	0	0	0	0	0	0	0	0	0	0	0	0	0	0	0	0	0	0	0	0	0	0	0	0	0	0	0	0	100	0	0	0	0	0	0	0	0	0	0	0	0	0	0	0
Mar 10 2023 19:50:41	87.7202301025	92.6304779053	97.8059234619	0.0069059599191	92.6120529175	92.6120529175	79.6152648926	-	0	0	0	0	0	0	0	0	0	0	0	0	0	0	0	0	0	0	0	0	0	0	0	0	0	0	0	0	0	0	0	0	0	0	0	0	0	0	0	0	0	0	0	0	100	0	0	0	0	0	0	0	0	0	0	0	0	0	0	0
Mar 10 2023 19:50:42	87.7202301025	92.6304779053	97.8059234619	0.00699058594182	92.6120529175	92.6120529175	79.3931732178	-	0	0	0	0	0	0	0	0	0	0	0	0	0	0	0	0	0	0	0	0	0	0	0	0	0	0	0	0	0	0	0	0	0	0	0	0	0	0	0	0	0	0	0	0	100	0	0	0	0	0	0	0	0	0	0	0	0	0	0	0
Mar 10 2023 19:50:43	76.9494628906	90.1172866821	96.7204055786	0.00543939741328	88.4344177246	87.6866989136	82.7389450073	-	0	0	0	0	0	0	0	0	0	0	0	0	0	0	0	0	0	0	0	0	0	0	0	0	0	0	0	0	0	0	0	0	0	0	0	1.46552125102e-07	4.01822035201e-06	6.91534223733e-05	0.000912602292374	0.0098329205066	0.0887596011162	0.675855100155	4.28977489471	21.6497497559	73.2850418091	0	0	0	0	0	0	0	0	0	0	0	0	0	0	0
Mar 10 2023 19:50:44	87.7202301025	92.6304779053	97.8059234619	0.00634967442602	92.6120529175	92.6120529175	81.0907363892	-	0	0	0	0	0	0	0	0	0	0	0	0	0	0	0	0	0	0	0	0	0	0	0	0	0	0	0	0	0	0	0	0	0	0	0	0	0	0	0	0	0	0	1.65688773445e-31	6.5717320908e-13	100	0	0	0	0	0	0	0	0	0	0	0	0	0	0	0
Mar 10 2023 19:50:45	87.7202301025	92.6304779053	97.8059234619	0.00522944657132	92.6120529175	92.6120529175	84.1454772949	-	0	0	0	0	0	0	0	0	0	0	0	0	0	0	0	0	0	0	0	0	0	0	0	0	0	0	0	0	0	0	0	0	0	0	0	0	0	0	0	0	0	0	0	0	100	0	0	0	0	0	0	0	0	0	0	0	0	0	0	0
Mar 10 2023 19:50:46	87.7202301025	92.6304779053	97.8059234619	0.00515504833311	92.6120529175	92.6120529175	84.3523864746	-	0	0	0	0	0	0	0	0	0	0	0	0	0	0	0	0	0	0	0	0	0	0	0	0	0	0	0	0	0	0	0	0	0	0	0	0	0	0	0	0	0	0	0	0	100	0	0	0	0	0	0	0	0	0	0	0	0	0	0	0
Mar 10 2023 19:50:47	87.7202301025	92.6304779053	97.8059234619	0.00491361506283	92.6120529175	92.6120529175	85.0273284912	-	0	0	0	0	0	0	0	0	0	0	0	0	0	0	0	0	0	0	0	0	0	0	0	0	0	0	0	0	0	0	0	0	0	0	0	0	0	0	0	0	0	0	0	0	100	0	0	0	0	0	0	0	0	0	0	0	0	0	0	0
Mar 10 2023 19:50:48	70.4062423706	87.2531585693	95.4960250854	0.00350312842056	85.0777053833	83.6355514526	87.9867324829	-	0	0	0	0	0	0	0	0	0	0	0	0	0	0	0	0	0	0	0	0	0	0	0	0	0	0	0	0	0	0	0	0	0	0	8.57493375861e-07	5.00044843648e-05	0.000544151174836	0.00418801419437	0.0263697374612	0.142467051744	0.672449946404	2.77738523483	9.87945270538	28.7747592926	57.7223358154	0	0	0	0	0	0	0	0	0	0	0	0	0	0	0
Mar 10 2023 19:50:49	87.7202301025	92.6304779053	97.8059234619	0.0039717881009	92.6120529175	92.6120529175	87.712310791	-	0	0	0	0	0	0	0	0	0	0	0	0	0	0	0	0	0	0	0	0	0	0	0	0	0	0	0	0	0	0	0	0	0	0	0	0	0	0	0	0	0	0	4.02728643391e-31	1.00467529261e-12	100	0	0	0	0	0	0	0	0	0	0	0	0	0	0	0
Mar 10 2023 19:50:50	87.7202301025	92.6304779053	97.8059234619	0.00471436837688	92.6120529175	92.6120529175	85.5884094238	-	0	0	0	0	0	0	0	0	0	0	0	0	0	0	0	0	0	0	0	0	0	0	0	0	0	0	0	0	0	0	0	0	0	0	0	0	0	0	0	0	0	0	0	0	100	0	0	0	0	0	0	0	0	0	0	0	0	0	0	0
Mar 10 2023 19:50:51	87.7202301025	92.6304779053	97.8059234619	0.00278018880635	92.6120529175	92.6120529175	91.2311782837	-	0	0	0	0	0	0	0	0	0	0	0	0	0	0	0	0	0	0	0	0	0	0	0	0	0	0	0	0	0	0	0	0	0	0	0	0	0	0	0	0	0	0	0	0	100	0	0	0	0	0	0	0	0	0	0	0	0	0	0	0
Mar 10 2023 19:50:52	87.7202301025	92.6304779053	97.8059234619	0.00611125538126	92.6120529175	92.6120529175	81.7314529419	-	0	0	0	0	0	0	0	0	0	0	0	0	0	0	0	0	0	0	0	0	0	0	0	0	0	0	0	0	0	0	0	0	0	0	0	0	0	0	0	0	0	0	0	0	100	0	0	0	0	0	0	0	0	0	0	0	0	0	0	0
Mar 10 2023 19:50:53	78.4683990479	90.5693893433	96.9270706177	0.0075100553222	89.1832351685	88.5816650391	77.1845474243	-	0	0	0	0	0	0	0	0	0	0	0	0	0	0	0	0	0	0	0	0	0	0	0	0	0	0	0	0	0	0	0	0	0	0	0	1.57646091736e-08	6.11094151282e-07	1.42753324326e-05	0.000249881704804	0.00350770866498	0.0406126827002	0.390915095806	3.09104800224	19.1158390045	77.3578109741	0	0	0	0	0	0	0	0	0	0	0	0	0	0	0
Mar 10 2023 19:50:54	87.7202301025	92.6304779053	97.8059234619	0.00662400061265	92.6120529175	92.6120529175	80.3597412109	-	0	0	0	0	0	0	0	0	0	0	0	0	0	0	0	0	0	0	0	0	0	0	0	0	0	0	0	0	0	0	0	0	0	0	0	0	0	0	0	0	0	0	3.79535557429e-35	1.69617009376e-14	100	0	0	0	0	0	0	0	0	0	0	0	0	0	0	0
Mar 10 2023 19:50:55	87.7202301025	92.6304779053	97.8059234619	0.00998968351632	92.6120529175	92.6120529175	71.9098129272	-	0	0	0	0	0	0	0	0	0	0	0	0	0	0	0	0	0	0	0	0	0	0	0	0	0	0	0	0	0	0	0	0	0	0	0	0	0	0	0	0	0	0	2.22665149198e-31	7.37175294765e-13	100	0	0	0	0	0	0	0	0	0	0	0	0	0	0	0
Mar 10 2023 19:50:56	87.7202301025	92.6304779053	97.8059234619	0.00623864214867	92.6120529175	92.6120529175	81.3884887695	-	0	0	0	0	0	0	0	0	0	0	0	0	0	0	0	0	0	0	0	0	0	0	0	0	0	0	0	0	0	0	0	0	0	0	0	0	0	0	0	0	0	0	0	0	100	0	0	0	0	0	0	0	0	0	0	0	0	0	0	0
Mar 10 2023 19:50:57	87.7202301025	92.6304779053	97.8059234619	0.00496586738154	92.6120529175	92.6120529175	84.8807983398	-	0	0	0	0	0	0	0	0	0	0	0	0	0	0	0	0	0	0	0	0	0	0	0	0	0	0	0	0	0	0	0	0	0	0	0	0	0	0	0	0	0	0	0	0	100	0	0	0	0	0	0	0	0	0	0	0	0	0	0	0
Mar 10 2023 19:50:58	64.403465271	84.5810623169	94.7749633789	0.0043180603534	81.7312698364	79.5307922363	84.703163147	-	0	0	0	0	0	0	0	0	0	0	0	0	0	0	0	0	0	0	0	0	0	0	0	0	0	0	0	0	0	0	0	0	0	0	6.37234770693e-05	0.00112244684715	0.00750998361036	0.0377646237612	0.159951150417	0.59349411726	1.95699930191	5.73135948181	14.6505098343	31.0418930054	45.8193283081	0	0	0	0	0	0	0	0	0	0	0	0	0	0	0
Mar 10 2023 19:50:59	67.1571121216	86.0196990967	95.1499633789	0.00377134233713	83.3938980103	81.5780792236	86.8224716187	-	0	0	0	0	0	0	0	0	0	0	0	0	0	0	0	0	0	0	0	0	0	0	0	0	0	0	0	0	0	0	0	0	0	0	9.56412441155e-06	0.000282542809146	0.00235908781178	0.0143631827086	0.0726286917925	0.318605959415	1.23230016232	4.2044467926	12.4446668625	30.3635025024	51.3468322754	0	0	0	0	0	0	0	0	0	0	0	0	0	0	0
Mar 10 2023 19:51:00	85.7613296509	91.8341522217	97.4744567871	0.00236929324456	91.3877105713	91.1867523193	92.3674926758	-	0	0	0	0	0	0	0	0	0	0	0	0	0	0	0	0	0	0	0	0	0	0	0	0	0	0	0	0	0	0	0	0	0	0	0	2.77558826651e-15	1.51385696513e-12	3.28203630939e-10	4.29544222413e-08	3.84161876354e-06	0.000246941723162	0.0115751642734	0.387806952	8.53879833221	91.0615692139	0	0	0	0	0	0	0	0	0	0	0	0	0	0	0
Mar 10 2023 19:51:01	87.7202301025	92.6304779053	97.8059234619	0.00622319569811	92.6120529175	92.6120529175	81.4300003052	-	0	0	0	0	0	0	0	0	0	0	0	0	0	0	0	0	0	0	0	0	0	0	0	0	0	0	0	0	0	0	0	0	0	0	0	0	0	0	0	0	0	0	0	0	100	0	0	0	0	0	0	0	0	0	0	0	0	0	0	0
Mar 10 2023 19:51:02	74.3583984375	88.3732528687	95.7891845703	0.00307892705314	86.6389846802	85.5278701782	89.5858383179	-	0	0	0	0	0	0	0	0	0	0	0	0	0	0	0	0	0	0	0	0	0	0	0	0	0	0	0	0	0	0	0	0	0	0	2.08516652833e-08	6.14429518464e-06	9.20759193832e-05	0.000938071869314	0.00767473177984	0.0531562417746	0.318060219288	1.6489418745	7.29712343216	26.2273101807	64.4467010498	0	0	0	0	0	0	0	0	0	0	0	0	0	0	0
Mar 10 2023 19:51:03	65.1544189453	85.0185089111	94.8793716431	0.00280957948416	82.1785125732	80.0826797485	89.8288040161	-	0	0	0	0	0	0	0	0	0	0	0	0	0	0	0	0	0	0	0	0	0	0	0	0	0	0	0	0	0	0	0	0	0	0	4.16585207859e-05	0.000801639340352	0.00564777757972	0.0297513119876	0.131632909179	0.509120821953	1.74677467346	5.31435537338	14.0916986465	30.9313201904	47.2388534546	0	0	0	0	0	0	0	0	0	0	0	0	0	0	0
Mar 10 2023 19:51:04	74.3723144531	88.3763122559	95.7899475098	0.00293671456166	86.6432342529	85.5329666138	90.0426177979	-	0	0	0	0	0	0	0	0	0	0	0	0	0	0	0	0	0	0	0	0	0	0	0	0	0	0	0	0	0	0	0	0	0	0	2.46493598866e-08	6.1444225139e-06	9.1863446869e-05	0.000935427844524	0.00765309017152	0.0530194267631	0.317371308804	1.64624619484	7.28975963593	26.2185840607	64.4663314819	0	0	0	0	0	0	0	0	0	0	0	0	0	0	0
Mar 10 2023 19:51:05	87.7202301025	92.6304779053	97.8059234619	0.00354990339838	92.6120529175	92.6120529175	88.9423675537	-	0	0	0	0	0	0	0	0	0	0	0	0	0	0	0	0	0	0	0	0	0	0	0	0	0	0	0	0	0	0	0	0	0	0	0	0	0	0	0	0	0	0	0	0	100	0	0	0	0	0	0	0	0	0	0	0	0	0	0	0
Mar 10 2023 19:51:06	87.7202301025	92.6304779053	97.8059234619	0.00703485170379	92.6120529175	92.6120529175	79.2772445679	-	0	0	0	0	0	0	0	0	0	0	0	0	0	0	0	0	0	0	0	0	0	0	0	0	0	0	0	0	0	0	0	0	0	0	0	0	0	0	0	0	0	0	4.89989391777e-33	1.43357764895e-13	100	0	0	0	0	0	0	0	0	0	0	0	0	0	0	0
Mar 10 2023 19:51:07	56.8708572388	79.8536453247	93.5454101563	0.00663893856108	77.1589508057	73.8357543945	75.9373626709	-	0	0	0	0	0	0	0	0	0	0	0	0	0	0	0	0	0	0	0	0	0	0	0	0	0	0	0	0	0	0	0	0	0	0	0.0024964180775	0.0174210835248	0.0728887245059	0.246626481414	0.727065086365	1.92034840584	4.58697843552	9.87570285797	18.8002338409	30.0137424469	33.7364959717	0	0	0	0	0	0	0	0	0	0	0	0	0	0	0
Mar 10 2023 19:51:08	67.8073806763	86.2860565186	95.2265319824	0.0067894756794	83.7539596558	82.0199356079	77.6469192505	-	0	0	0	0	0	0	0	0	0	0	0	0	0	0	0	0	0	0	0	0	0	0	0	0	0	0	0	0	0	0	0	0	0	0	4.77620051242e-06	0.000196042805328	0.00175239762757	0.0112389456481	0.0595097728074	0.272404164076	1.09656643867	3.88569784164	11.9233112335	30.1116676331	52.6376495361	0	0	0	0	0	0	0	0	0	0	0	0	0	0	0
Mar 10 2023 19:51:09	6.75318241119	29.6071720123	70.5743789673	0.000828321266454	34.4799308777	15.072842598	82.959274292	-	0	0	0	0	0	0	0	0	0	0	0	0	0	0	0.0381283052266	0.0868063867092	0.147645801306	0.222369536757	0.312800675631	0.420845776796	0.548470377922	0.697666049004	0.870408415794	1.06861317158	1.29408597946	1.54845440388	1.83308327198	2.14898896217	2.49672412872	2.87624549866	3.28674054146	3.72641277313	4.19218683243	4.67928266525	5.18058729172	5.68570613861	6.17943811417	6.639523983	7.03304100037	7.31091403961	7.40003681183	7.1933927536	6.54016065598	5.24432706833	3.09691309929	0	0	0	0	0	0	0	0	0	0	0	0	0	0	0
Mar 10 2023 19:51:10	4.40717554092	15.4943656921	40.9385414124	0.000379322998924	19.6913375854	9.6290140152	87.3128356934	-	0	0	0	0	0	0	0	0	0	0	0	0	0	0	0.0585526935756	0.139340847731	0.246692329645	0.385169059038	0.559452593327	0.774177670479	1.03368031979	1.34161436558	1.70046627522	2.11108016968	2.57223939896	3.08002448082	3.62696051598	4.20159769058	4.78774261475	5.3642282486	5.90451955795	6.37709569931	6.7464222908	6.97467851639	7.02466440201	6.86425590515	6.47209358215	5.84496545792	5.00569248199	4.01002979279	2.94912672043	1.94282531738	1.11616611481	0.552485466003	0.23195835948	0	0	0	0	0	0	0	0	0	0	0	0	0	0	0
Mar 10 2023 19:51:11	-1.00000001505e+30	-1.00000001505e+30	-1.00000001505e+30	-1.00000002538e+26	-1.00000001505e+30	-1.00000001505e+30	99.4224014282	-	0	0	0	0	0	0	0	0	0	0	0	0	0	0	0	0	0	0	0	0	0	0	0	0	0	0	0	0	0	0	0	0	0	0	0	0	0	0	0	0	0	0	0	0	0	0	0	0	0	0	0	0	0	0	0	0	0	0	0	0
Mar 10 2023 19:51:12	-1.00000001505e+30	-1.00000001505e+30	-1.00000001505e+30	-1.00000002538e+26	-1.00000001505e+30	-1.00000001505e+30	98.4543914795	-	0	0	0	0	0	0	0	0	0	0	0	0	0	0	0	0	0	0	0	0	0	0	0	0	0	0	0	0	0	0	0	0	0	0	0	0	0	0	0	0	0	0	0	0	0	0	0	0	0	0	0	0	0	0	0	0	0	0	0	0
Mar 10 2023 19:51:13	-1.00000001505e+30	-1.00000001505e+30	-1.00000001505e+30	-1.00000002538e+26	-1.00000001505e+30	-1.00000001505e+30	98.3998031616	-	0	0	0	0	0	0	0	0	0	0	0	0	0	0	0	0	0	0	0	0	0	0	0	0	0	0	0	0	0	0	0	0	0	0	0	0	0	0	0	0	0	0	0	0	0	0	0	0	0	0	0	0	0	0	0	0	0	0	0	0
Mar 10 2023 19:51:14	-1.00000001505e+30	-1.00000001505e+30	-1.00000001505e+30	-1.00000002538e+26	-1.00000001505e+30	-1.00000001505e+30	99.8552017212	-	0	0	0	0	0	0	0	0	0	0	0	0	0	0	0	0	0	0	0	0	0	0	0	0	0	0	0	0	0	0	0	0	0	0	0	0	0	0	0	0	0	0	0	0	0	0	0	0	0	0	0	0	0	0	0	0	0	0	0	0
Mar 10 2023 19:51:15	-1.00000001505e+30	-1.00000001505e+30	-1.00000001505e+30	-1.00000002538e+26	-1.00000001505e+30	-1.00000001505e+30	99.6284255981	-	0	0	0	0	0	0	0	0	0	0	0	0	0	0	0	0	0	0	0	0	0	0	0	0	0	0	0	0	0	0	0	0	0	0	0	0	0	0	0	0	0	0	0	0	0	0	0	0	0	0	0	0	0	0	0	0	0	0	0	0
Mar 10 2023 19:51:16	87.7202301025	92.6304779053	97.8059234619	0.00254212412983	92.6120529175	92.6120529175	91.9509429932	-	0	0	0	0	0	0	0	0	0	0	0	0	0	0	0	0	0	0	0	0	0	0	0	0	0	0	0	0	0	0	0	0	0	0	0	0	0	0	0	0	0	0	0	0	100	0	0	0	0	0	0	0	0	0	0	0	0	0	0	0
Mar 10 2023 19:51:17	87.7202301025	92.6304779053	97.8059234619	0.002113283379	92.6120529175	92.6120529175	93.2618484497	-	0	0	0	0	0	0	0	0	0	0	0	0	0	0	0	0	0	0	0	0	0	0	0	0	0	0	0	0	0	0	0	0	0	0	0	0	0	0	0	0	0	0	0	0	100	0	0	0	0	0	0	0	0	0	0	0	0	0	0	0
Mar 10 2023 19:51:18	87.7202301025	92.6304779053	97.8059234619	0.00280131050386	92.6120529175	92.6120529175	91.1675949097	-	0	0	0	0	0	0	0	0	0	0	0	0	0	0	0	0	0	0	0	0	0	0	0	0	0	0	0	0	0	0	0	0	0	0	0	0	0	0	0	0	0	0	0	0	100	0	0	0	0	0	0	0	0	0	0	0	0	0	0	0
Mar 10 2023 19:51:19	87.7202301025	92.6304779053	97.8059234619	0.00862272363156	92.6120529175	92.6120529175	75.2289276123	-	0	0	0	0	0	0	0	0	0	0	0	0	0	0	0	0	0	0	0	0	0	0	0	0	0	0	0	0	0	0	0	0	0	0	0	0	0	0	0	0	0	0	0	0	100	0	0	0	0	0	0	0	0	0	0	0	0	0	0	0
Mar 10 2023 19:51:20	-1.00000001505e+30	-1.00000001505e+30	-1.00000001505e+30	-1.00000002538e+26	-1.00000001505e+30	-1.00000001505e+30	91.6817169189	-	0	0	0	0	0	0	0	0	0	0	0	0	0	0	0	0	0	0	0	0	0	0	0	0	0	0	0	0	0	0	0	0	0	0	0	0	0	0	0	0	0	0	0	0	0	0	0	0	0	0	0	0	0	0	0	0	0	0	0	0
Mar 10 2023 19:51:21	87.7202301025	92.6304779053	97.8059234619	0.0103121614084	92.6120529175	92.6120529175	71.148399353	-	0	0	0	0	0	0	0	0	0	0	0	0	0	0	0	0	0	0	0	0	0	0	0	0	0	0	0	0	0	0	0	0	0	0	0	0	0	0	0	0	0	0	0	0	100	0	0	0	0	0	0	0	0	0	0	0	0	0	0	0
Mar 10 2023 19:51:22	87.7202301025	92.6304779053	97.8059234619	0.00862894952297	92.6120529175	92.6120529175	75.213470459	-	0	0	0	0	0	0	0	0	0	0	0	0	0	0	0	0	0	0	0	0	0	0	0	0	0	0	0	0	0	0	0	0	0	0	0	0	0	0	0	0	0	0	1.9061792883e-31	6.96488873519e-13	100	0	0	0	0	0	0	0	0	0	0	0	0	0	0	0
Mar 10 2023 19:51:23	87.7202301025	92.6304779053	97.8059234619	0.0109447166324	92.6120529175	92.6120529175	69.6781845093	-	0	0	0	0	0	0	0	0	0	0	0	0	0	0	0	0	0	0	0	0	0	0	0	0	0	0	0	0	0	0	0	0	0	0	0	0	0	0	0	0	0	0	5.15128183356e-33	1.45393381579e-13	100	0	0	0	0	0	0	0	0	0	0	0	0	0	0	0
Mar 10 2023 19:51:24	87.7202301025	92.6304779053	97.8059234619	0.00580848893151	92.6120529175	92.6120529175	82.5523910522	-	0	0	0	0	0	0	0	0	0	0	0	0	0	0	0	0	0	0	0	0	0	0	0	0	0	0	0	0	0	0	0	0	0	0	0	0	0	0	0	0	0	0	0	0	100	0	0	0	0	0	0	0	0	0	0	0	0	0	0	0
Mar 10 2023 19:51:25	44.2687759399	70.366569519	90.8824920654	0.00168094341643	68.9185180664	63.2524909973	92.1674728394	-	0	0	0	0	0	0	0	0	0	0	0	0	0	0	0	0	0	0	0	0	0	0	0	0	0	0	0	0	0	0	0	0	0.00469537870958	0.0444825924933	0.146507874131	0.374433755875	0.837646603584	1.70965135098	3.24007081985	5.73941373825	9.49311447144	14.5252361298	20.0873470306	23.737154007	20.060256958	0	0	0	0	0	0	0	0	0	0	0	0	0	0	0
Mar 10 2023 19:51:26	-1.00000001505e+30	-1.00000001505e+30	-1.00000001505e+30	-1.00000002538e+26	-1.00000001505e+30	-1.00000001505e+30	96.6927642822	-	0	0	0	0	0	0	0	0	0	0	0	0	0	0	0	0	0	0	0	0	0	0	0	0	0	0	0	0	0	0	0	0	0	0	0	0	0	0	0	0	0	0	0	0	0	0	0	0	0	0	0	0	0	0	0	0	0	0	0	0
Mar 10 2023 19:51:27	-1.00000001505e+30	-1.00000001505e+30	-1.00000001505e+30	-1.00000002538e+26	-1.00000001505e+30	-1.00000001505e+30	99.9437484741	-	0	0	0	0	0	0	0	0	0	0	0	0	0	0	0	0	0	0	0	0	0	0	0	0	0	0	0	0	0	0	0	0	0	0	0	0	0	0	0	0	0	0	0	0	0	0	0	0	0	0	0	0	0	0	0	0	0	0	0	0
Mar 10 2023 19:51:28	87.7202301025	92.6304779053	97.8059234619	0.00270905229263	92.6120529175	92.6120529175	91.4456634521	-	0	0	0	0	0	0	0	0	0	0	0	0	0	0	0	0	0	0	0	0	0	0	0	0	0	0	0	0	0	0	0	0	0	0	0	0	0	0	0	0	0	0	0	0	100	0	0	0	0	0	0	0	0	0	0	0	0	0	0	0
Mar 10 2023 19:51:29	87.7202301025	92.6304779053	97.8059234619	0.00231676665135	92.6120529175	92.6120529175	92.637512207	-	0	0	0	0	0	0	0	0	0	0	0	0	0	0	0	0	0	0	0	0	0	0	0	0	0	0	0	0	0	0	0	0	0	0	0	0	0	0	0	0	0	0	0	0	100	0	0	0	0	0	0	0	0	0	0	0	0	0	0	0
Mar 10 2023 19:51:30	87.7202301025	92.6304779053	97.8059234619	0.0111110163853	92.6120529175	92.6120529175	69.2967376709	-	0	0	0	0	0	0	0	0	0	0	0	0	0	0	0	0	0	0	0	0	0	0	0	0	0	0	0	0	0	0	0	0	0	0	0	0	0	0	0	0	0	0	0	0	100	0	0	0	0	0	0	0	0	0	0	0	0	0	0	0
Mar 10 2023 19:51:31	87.7202301025	92.6304779053	97.8059234619	0.00955303851515	92.6120529175	92.6120529175	72.9537963867	-	0	0	0	0	0	0	0	0	0	0	0	0	0	0	0	0	0	0	0	0	0	0	0	0	0	0	0	0	0	0	0	0	0	0	0	0	0	0	0	0	0	0	0	0	100	0	0	0	0	0	0	0	0	0	0	0	0	0	0	0
Mar 10 2023 19:51:32	87.7202301025	92.6304779053	97.8059234619	0.00858371984214	92.6120529175	92.6120529175	75.325843811	-	0	0	0	0	0	0	0	0	0	0	0	0	0	0	0	0	0	0	0	0	0	0	0	0	0	0	0	0	0	0	0	0	0	0	0	0	0	0	0	0	0	0	0	0	100	0	0	0	0	0	0	0	0	0	0	0	0	0	0	0
Mar 10 2023 19:51:33	87.7202301025	92.6304779053	97.8059234619	0.00704111531377	92.6120529175	92.6120529175	79.2608566284	-	0	0	0	0	0	0	0	0	0	0	0	0	0	0	0	0	0	0	0	0	0	0	0	0	0	0	0	0	0	0	0	0	0	0	0	0	0	0	0	0	0	0	0	0	100	0	0	0	0	0	0	0	0	0	0	0	0	0	0	0
Mar 10 2023 19:51:34	87.7202301025	92.6304779053	97.8059234619	0.00826007500291	92.6120529175	92.6120529175	76.1349029541	-	0	0	0	0	0	0	0	0	0	0	0	0	0	0	0	0	0	0	0	0	0	0	0	0	0	0	0	0	0	0	0	0	0	0	0	0	0	0	0	0	0	0	0	0	100	0	0	0	0	0	0	0	0	0	0	0	0	0	0	0
Mar 10 2023 19:51:35	87.7202301025	92.6304779053	97.8059234619	0.00141462404281	92.6120529175	92.6120529175	95.4377059937	-	0	0	0	0	0	0	0	0	0	0	0	0	0	0	0	0	0	0	0	0	0	0	0	0	0	0	0	0	0	0	0	0	0	0	0	0	0	0	0	0	0	0	0	0	100	0	0	0	0	0	0	0	0	0	0	0	0	0	0	0
Mar 10 2023 19:51:36	87.7202301025	92.6304779053	97.8059234619	0.00358529947698	92.6120529175	92.6120529175	88.838508606	-	0	0	0	0	0	0	0	0	0	0	0	0	0	0	0	0	0	0	0	0	0	0	0	0	0	0	0	0	0	0	0	0	0	0	0	0	0	0	0	0	0	0	0	0	100	0	0	0	0	0	0	0	0	0	0	0	0	0	0	0
Mar 10 2023 19:51:37	87.7202301025	92.6304779053	97.8059234619	0.00357915787026	92.6120529175	92.6120529175	88.8565216064	-	0	0	0	0	0	0	0	0	0	0	0	0	0	0	0	0	0	0	0	0	0	0	0	0	0	0	0	0	0	0	0	0	0	0	0	0	0	0	0	0	0	0	0	0	100	0	0	0	0	0	0	0	0	0	0	0	0	0	0	0
Mar 10 2023 19:51:38	-1.00000001505e+30	-1.00000001505e+30	-1.00000001505e+30	-1.00000002538e+26	-1.00000001505e+30	-1.00000001505e+30	99.7435836792	-	0	0	0	0	0	0	0	0	0	0	0	0	0	0	0	0	0	0	0	0	0	0	0	0	0	0	0	0	0	0	0	0	0	0	0	0	0	0	0	0	0	0	0	0	0	0	0	0	0	0	0	0	0	0	0	0	0	0	0	0
Mar 10 2023 19:51:39	-1.00000001505e+30	-1.00000001505e+30	-1.00000001505e+30	-1.00000002538e+26	-1.00000001505e+30	-1.00000001505e+30	98.6266403198	-	0	0	0	0	0	0	0	0	0	0	0	0	0	0	0	0	0	0	0	0	0	0	0	0	0	0	0	0	0	0	0	0	0	0	0	0	0	0	0	0	0	0	0	0	0	0	0	0	0	0	0	0	0	0	0	0	0	0	0	0
Mar 10 2023 19:51:40	-1.00000001505e+30	-1.00000001505e+30	-1.00000001505e+30	-1.00000002538e+26	-1.00000001505e+30	-1.00000001505e+30	99.2464294434	-	0	0	0	0	0	0	0	0	0	0	0	0	0	0	0	0	0	0	0	0	0	0	0	0	0	0	0	0	0	0	0	0	0	0	0	0	0	0	0	0	0	0	0	0	0	0	0	0	0	0	0	0	0	0	0	0	0	0	0	0
Mar 10 2023 19:51:41	-1.00000001505e+30	-1.00000001505e+30	-1.00000001505e+30	-1.00000002538e+26	-1.00000001505e+30	-1.00000001505e+30	99.374420166	-	0	0	0	0	0	0	0	0	0	0	0	0	0	0	0	0	0	0	0	0	0	0	0	0	0	0	0	0	0	0	0	0	0	0	0	0	0	0	0	0	0	0	0	0	0	0	0	0	0	0	0	0	0	0	0	0	0	0	0	0
Mar 10 2023 19:51:42	-1.00000001505e+30	-1.00000001505e+30	-1.00000001505e+30	-1.00000002538e+26	-1.00000001505e+30	-1.00000001505e+30	98.9622802734	-	0	0	0	0	0	0	0	0	0	0	0	0	0	0	0	0	0	0	0	0	0	0	0	0	0	0	0	0	0	0	0	0	0	0	0	0	0	0	0	0	0	0	0	0	0	0	0	0	0	0	0	0	0	0	0	0	0	0	0	0
Mar 10 2023 19:51:43	-1.00000001505e+30	-1.00000001505e+30	-1.00000001505e+30	-1.00000002538e+26	-1.00000001505e+30	-1.00000001505e+30	98.9581298828	-	0	0	0	0	0	0	0	0	0	0	0	0	0	0	0	0	0	0	0	0	0	0	0	0	0	0	0	0	0	0	0	0	0	0	0	0	0	0	0	0	0	0	0	0	0	0	0	0	0	0	0	0	0	0	0	0	0	0	0	0
Mar 10 2023 19:51:44	-1.00000001505e+30	-1.00000001505e+30	-1.00000001505e+30	-1.00000002538e+26	-1.00000001505e+30	-1.00000001505e+30	99.7706375122	-	0	0	0	0	0	0	0	0	0	0	0	0	0	0	0	0	0	0	0	0	0	0	0	0	0	0	0	0	0	0	0	0	0	0	0	0	0	0	0	0	0	0	0	0	0	0	0	0	0	0	0	0	0	0	0	0	0	0	0	0
Mar 10 2023 19:51:45	-1.00000001505e+30	-1.00000001505e+30	-1.00000001505e+30	-1.00000002538e+26	-1.00000001505e+30	-1.00000001505e+30	99.3616943359	-	0	0	0	0	0	0	0	0	0	0	0	0	0	0	0	0	0	0	0	0	0	0	0	0	0	0	0	0	0	0	0	0	0	0	0	0	0	0	0	0	0	0	0	0	0	0	0	0	0	0	0	0	0	0	0	0	0	0	0	0
Mar 10 2023 19:51:46	-1.00000001505e+30	-1.00000001505e+30	-1.00000001505e+30	-1.00000002538e+26	-1.00000001505e+30	-1.00000001505e+30	99.2488021851	-	0	0	0	0	0	0	0	0	0	0	0	0	0	0	0	0	0	0	0	0	0	0	0	0	0	0	0	0	0	0	0	0	0	0	0	0	0	0	0	0	0	0	0	0	0	0	0	0	0	0	0	0	0	0	0	0	0	0	0	0
Mar 10 2023 19:51:47	-1.00000001505e+30	-1.00000001505e+30	-1.00000001505e+30	-1.00000002538e+26	-1.00000001505e+30	-1.00000001505e+30	99.8001251221	-	0	0	0	0	0	0	0	0	0	0	0	0	0	0	0	0	0	0	0	0	0	0	0	0	0	0	0	0	0	0	0	0	0	0	0	0	0	0	0	0	0	0	0	0	0	0	0	0	0	0	0	0	0	0	0	0	0	0	0	0
Mar 10 2023 19:51:48	-1.00000001505e+30	-1.00000001505e+30	-1.00000001505e+30	-1.00000002538e+26	-1.00000001505e+30	-1.00000001505e+30	99.7051467896	-	0	0	0	0	0	0	0	0	0	0	0	0	0	0	0	0	0	0	0	0	0	0	0	0	0	0	0	0	0	0	0	0	0	0	0	0	0	0	0	0	0	0	0	0	0	0	0	0	0	0	0	0	0	0	0	0	0	0	0	0
Mar 10 2023 19:51:49	-1.00000001505e+30	-1.00000001505e+30	-1.00000001505e+30	-1.00000002538e+26	-1.00000001505e+30	-1.00000001505e+30	99.4727630615	-	0	0	0	0	0	0	0	0	0	0	0	0	0	0	0	0	0	0	0	0	0	0	0	0	0	0	0	0	0	0	0	0	0	0	0	0	0	0	0	0	0	0	0	0	0	0	0	0	0	0	0	0	0	0	0	0	0	0	0	0
Mar 10 2023 19:51:50	-1.00000001505e+30	-1.00000001505e+30	-1.00000001505e+30	-1.00000002538e+26	-1.00000001505e+30	-1.00000001505e+30	99.8583068848	-	0	0	0	0	0	0	0	0	0	0	0	0	0	0	0	0	0	0	0	0	0	0	0	0	0	0	0	0	0	0	0	0	0	0	0	0	0	0	0	0	0	0	0	0	0	0	0	0	0	0	0	0	0	0	0	0	0	0	0	0
Mar 10 2023 19:51:51	-1.00000001505e+30	-1.00000001505e+30	-1.00000001505e+30	-1.00000002538e+26	-1.00000001505e+30	-1.00000001505e+30	99.9833908081	-	0	0	0	0	0	0	0	0	0	0	0	0	0	0	0	0	0	0	0	0	0	0	0	0	0	0	0	0	0	0	0	0	0	0	0	0	0	0	0	0	0	0	0	0	0	0	0	0	0	0	0	0	0	0	0	0	0	0	0	0
Mar 10 2023 19:51:52	-1.00000001505e+30	-1.00000001505e+30	-1.00000001505e+30	-1.00000002538e+26	-1.00000001505e+30	-1.00000001505e+30	99.9639816284	-	0	0	0	0	0	0	0	0	0	0	0	0	0	0	0	0	0	0	0	0	0	0	0	0	0	0	0	0	0	0	0	0	0	0	0	0	0	0	0	0	0	0	0	0	0	0	0	0	0	0	0	0	0	0	0	0	0	0	0	0
Mar 10 2023 19:51:53	-1.00000001505e+30	-1.00000001505e+30	-1.00000001505e+30	-1.00000002538e+26	-1.00000001505e+30	-1.00000001505e+30	99.9566497803	-	0	0	0	0	0	0	0	0	0	0	0	0	0	0	0	0	0	0	0	0	0	0	0	0	0	0	0	0	0	0	0	0	0	0	0	0	0	0	0	0	0	0	0	0	0	0	0	0	0	0	0	0	0	0	0	0	0	0	0	0
Mar 10 2023 19:51:54	-1.00000001505e+30	-1.00000001505e+30	-1.00000001505e+30	-1.00000002538e+26	-1.00000001505e+30	-1.00000001505e+30	99.9563446045	-	0	0	0	0	0	0	0	0	0	0	0	0	0	0	0	0	0	0	0	0	0	0	0	0	0	0	0	0	0	0	0	0	0	0	0	0	0	0	0	0	0	0	0	0	0	0	0	0	0	0	0	0	0	0	0	0	0	0	0	0
Mar 10 2023 19:51:55	-1.00000001505e+30	-1.00000001505e+30	-1.00000001505e+30	-1.00000002538e+26	-1.00000001505e+30	-1.00000001505e+30	99.9901504517	-	0	0	0	0	0	0	0	0	0	0	0	0	0	0	0	0	0	0	0	0	0	0	0	0	0	0	0	0	0	0	0	0	0	0	0	0	0	0	0	0	0	0	0	0	0	0	0	0	0	0	0	0	0	0	0	0	0	0	0	0
Mar 10 2023 19:51:56	-1.00000001505e+30	-1.00000001505e+30	-1.00000001505e+30	-1.00000002538e+26	-1.00000001505e+30	-1.00000001505e+30	99.99269104	-	0	0	0	0	0	0	0	0	0	0	0	0	0	0	0	0	0	0	0	0	0	0	0	0	0	0	0	0	0	0	0	0	0	0	0	0	0	0	0	0	0	0	0	0	0	0	0	0	0	0	0	0	0	0	0	0	0	0	0	0
Mar 10 2023 19:51:57	-1.00000001505e+30	-1.00000001505e+30	-1.00000001505e+30	-1.00000002538e+26	-1.00000001505e+30	-1.00000001505e+30	99.9479980469	-	0	0	0	0	0	0	0	0	0	0	0	0	0	0	0	0	0	0	0	0	0	0	0	0	0	0	0	0	0	0	0	0	0	0	0	0	0	0	0	0	0	0	0	0	0	0	0	0	0	0	0	0	0	0	0	0	0	0	0	0
Mar 10 2023 19:51:58	-1.00000001505e+30	-1.00000001505e+30	-1.00000001505e+30	-1.00000002538e+26	-1.00000001505e+30	-1.00000001505e+30	99.9588317871	-	0	0	0	0	0	0	0	0	0	0	0	0	0	0	0	0	0	0	0	0	0	0	0	0	0	0	0	0	0	0	0	0	0	0	0	0	0	0	0	0	0	0	0	0	0	0	0	0	0	0	0	0	0	0	0	0	0	0	0	0
