Date-Time	Dx(10)	Dx(50)	Dx(90)	Cv(%)	D[4][3]	D[3][2]	Transmission	0.00000000	0.00000000	0.00000000	0.00000000	0.00000000	0.00000000	0.00000000	0.00000000	0.00000000	0.00000000	0.00000000	0.00000000	0.00000000	0.00000000	0.00000000	0.00000000	0.00000000	0.00000000	0.00000000	0.00000000	0.00000000	0.00000000	0.00000000	0.00000000	0.00000000	0.00000000	0.00000000	0.00000000	0.00000000	0.00000000	0.00000000	0.00000000	0.00000000	0.00000000	0.00000000	0.00000000	0.00000000	0.00000000	0.00000000	0.00000000	0.00000000	0.00000000	0.00000000	0.00000000	0.00000000	0.00000000	0.00000000	0.00000000	0.00000000	0.00000000	0.00000000	0.00000000	0.00000000	0.00000000	0.00000000	0.00000000	0.00000000	0.00000000	0.00000000	0.00000000	0.00000000
10 Mar 2023 20:13:06	-1000000015047466219876688855040.00	-1000000015047466219876688855040.00	-1000000015047466219876688855040.00	-100000002537764290115403776.0000	-1000000015047466219876688855040.00	-1000000015047466219876688855040.00	98.06	-	0.00	0.00	0.00	0.00	0.00	0.00	0.00	0.00	0.00	0.00	0.00	0.00	0.00	0.00	0.00	0.00	0.00	0.00	0.00	0.00	0.00	0.00	0.00	0.00	0.00	0.00	0.00	0.00	0.00	0.00	0.00	0.00	0.00	0.00	0.00	0.00	0.00	0.00	0.00	0.00	0.00	0.00	0.00	0.00	0.00	0.00	0.00	0.00	0.00	0.00	0.00	0.00	0.00	0.00	0.00	0.00	0.00	0.00	0.00	0.00
10 Mar 2023 20:13:07	-1000000015047466219876688855040.00	-1000000015047466219876688855040.00	-1000000015047466219876688855040.00	-100000002537764290115403776.0000	-1000000015047466219876688855040.00	-1000000015047466219876688855040.00	96.88	-	0.00	0.00	0.00	0.00	0.00	0.00	0.00	0.00	0.00	0.00	0.00	0.00	0.00	0.00	0.00	0.00	0.00	0.00	0.00	0.00	0.00	0.00	0.00	0.00	0.00	0.00	0.00	0.00	0.00	0.00	0.00	0.00	0.00	0.00	0.00	0.00	0.00	0.00	0.00	0.00	0.00	0.00	0.00	0.00	0.00	0.00	0.00	0.00	0.00	0.00	0.00	0.00	0.00	0.00	0.00	0.00	0.00	0.00	0.00	0.00
10 Mar 2023 20:13:08	-1000000015047466219876688855040.00	-1000000015047466219876688855040.00	-1000000015047466219876688855040.00	-100000002537764290115403776.0000	-1000000015047466219876688855040.00	-1000000015047466219876688855040.00	93.64	-	0.00	0.00	0.00	0.00	0.00	0.00	0.00	0.00	0.00	0.00	0.00	0.00	0.00	0.00	0.00	0.00	0.00	0.00	0.00	0.00	0.00	0.00	0.00	0.00	0.00	0.00	0.00	0.00	0.00	0.00	0.00	0.00	0.00	0.00	0.00	0.00	0.00	0.00	0.00	0.00	0.00	0.00	0.00	0.00	0.00	0.00	0.00	0.00	0.00	0.00	0.00	0.00	0.00	0.00	0.00	0.00	0.00	0.00	0.00	0.00
10 Mar 2023 20:13:09	-1000000015047466219876688855040.00	-1000000015047466219876688855040.00	-1000000015047466219876688855040.00	-100000002537764290115403776.0000	-1000000015047466219876688855040.00	-1000000015047466219876688855040.00	85.22	-	0.00	0.00	0.00	0.00	0.00	0.00	0.00	0.00	0.00	0.00	0.00	0.00	0.00	0.00	0.00	0.00	0.00	0.00	0.00	0.00	0.00	0.00	0.00	0.00	0.00	0.00	0.00	0.00	0.00	0.00	0.00	0.00	0.00	0.00	0.00	0.00	0.00	0.00	0.00	0.00	0.00	0.00	0.00	0.00	0.00	0.00	0.00	0.00	0.00	0.00	0.00	0.00	0.00	0.00	0.00	0.00	0.00	0.00	0.00	0.00
Date-Time	Dx(10)	Dx(50)	Dx(90)	Cv(%)	D[4][3]	D[3][2]	Transmission	0.10000020	0.11659167	0.13593590	0.15848963	0.18478534	0.21544389	0.25118914	0.29286504	0.34145555	0.39810795	0.46415979	0.54117060	0.63095856	0.73564368	0.85769761	1.00000191	1.16591668	1.35935903	1.58489633	1.84785342	2.15443897	2.51189137	2.92865038	3.41455555	3.98107958	4.64159775	5.41170597	6.30958605	7.35643721	8.57697582	10.00002003	11.65916729	13.59359074	15.84896278	18.47853470	21.54438972	25.11891365	29.28650284	34.14555740	39.81079483	46.41598129	54.11705780	63.09585953	73.56436920	85.76976013	100.00019836	116.59166718	135.93591309	158.48962402	184.78533936	215.44389343	251.18913269	292.86502075	341.45556641	398.10794067	464.15979004	541.17059326	630.95855713	735.64367676	857.69757080	1000.00195312
10 Mar 2023 20:13:10	7.38	27.19	581.24	0.0007	140.36	7.14	84.75	-	0.04	0.08	0.11	0.15	0.18	0.20	0.22	0.24	0.25	0.25	0.24	0.23	0.21	0.18	0.15	0.12	0.10	0.08	0.09	0.12	0.18	0.28	0.43	0.62	0.85	1.12	1.43	1.79	2.20	2.69	3.28	3.98	4.79	5.67	6.49	7.13	7.39	7.16	6.39	5.16	3.68	2.18	0.90	0.00	0.00	0.00	0.00	0.00	0.00	0.00	0.00	0.00	0.02	0.25	1.68	5.32	7.86	4.87	0.92	0.02
10 Mar 2023 20:13:11	6.49	23.27	587.49	0.0009	141.83	6.17	78.15	-	0.05	0.09	0.13	0.17	0.21	0.24	0.27	0.29	0.30	0.30	0.29	0.28	0.26	0.22	0.19	0.14	0.10	0.07	0.06	0.08	0.14	0.25	0.43	0.69	1.02	1.43	1.90	2.44	3.03	3.67	4.33	5.01	5.66	6.23	6.63	6.76	6.52	5.89	4.90	3.69	2.42	1.27	0.38	0.00	0.00	0.00	0.00	0.00	0.00	0.00	0.00	0.00	0.02	0.28	1.74	5.33	7.88	5.15	1.12	0.03
10 Mar 2023 20:13:12	-1000000015047466219876688855040.00	-1000000015047466219876688855040.00	-1000000015047466219876688855040.00	-100000002537764290115403776.0000	-1000000015047466219876688855040.00	-1000000015047466219876688855040.00	86.70	-	0.00	0.00	0.00	0.00	0.00	0.00	0.00	0.00	0.00	0.00	0.00	0.00	0.00	0.00	0.00	0.00	0.00	0.00	0.00	0.00	0.00	0.00	0.00	0.00	0.00	0.00	0.00	0.00	0.00	0.00	0.00	0.00	0.00	0.00	0.00	0.00	0.00	0.00	0.00	0.00	0.00	0.00	0.00	0.00	0.00	0.00	0.00	0.00	0.00	0.00	0.00	0.00	0.00	0.00	0.00	0.00	0.00	0.00	0.00	0.00
10 Mar 2023 20:13:13	-1000000015047466219876688855040.00	-1000000015047466219876688855040.00	-1000000015047466219876688855040.00	-100000002537764290115403776.0000	-1000000015047466219876688855040.00	-1000000015047466219876688855040.00	97.11	-	0.00	0.00	0.00	0.00	0.00	0.00	0.00	0.00	0.00	0.00	0.00	0.00	0.00	0.00	0.00	0.00	0.00	0.00	0.00	0.00	0.00	0.00	0.00	0.00	0.00	0.00	0.00	0.00	0.00	0.00	0.00	0.00	0.00	0.00	0.00	0.00	0.00	0.00	0.00	0.00	0.00	0.00	0.00	0.00	0.00	0.00	0.00	0.00	0.00	0.00	0.00	0.00	0.00	0.00	0.00	0.00	0.00	0.00	0.00	0.00
10 Mar 2023 20:13:14	-1000000015047466219876688855040.00	-1000000015047466219876688855040.00	-1000000015047466219876688855040.00	-100000002537764290115403776.0000	-1000000015047466219876688855040.00	-1000000015047466219876688855040.00	93.14	-	0.00	0.00	0.00	0.00	0.00	0.00	0.00	0.00	0.00	0.00	0.00	0.00	0.00	0.00	0.00	0.00	0.00	0.00	0.00	0.00	0.00	0.00	0.00	0.00	0.00	0.00	0.00	0.00	0.00	0.00	0.00	0.00	0.00	0.00	0.00	0.00	0.00	0.00	0.00	0.00	0.00	0.00	0.00	0.00	0.00	0.00	0.00	0.00	0.00	0.00	0.00	0.00	0.00	0.00	0.00	0.00	0.00	0.00	0.00	0.00
10 Mar 2023 20:13:15	-1000000015047466219876688855040.00	-1000000015047466219876688855040.00	-1000000015047466219876688855040.00	-100000002537764290115403776.0000	-1000000015047466219876688855040.00	-1000000015047466219876688855040.00	87.30	-	0.00	0.00	0.00	0.00	0.00	0.00	0.00	0.00	0.00	0.00	0.00	0.00	0.00	0.00	0.00	0.00	0.00	0.00	0.00	0.00	0.00	0.00	0.00	0.00	0.00	0.00	0.00	0.00	0.00	0.00	0.00	0.00	0.00	0.00	0.00	0.00	0.00	0.00	0.00	0.00	0.00	0.00	0.00	0.00	0.00	0.00	0.00	0.00	0.00	0.00	0.00	0.00	0.00	0.00	0.00	0.00	0.00	0.00	0.00	0.00
10 Mar 2023 20:13:16	6.44	20.66	479.98	0.0007	97.25	6.51	81.39	-	0.04	0.08	0.11	0.15	0.18	0.21	0.23	0.25	0.26	0.26	0.26	0.25	0.23	0.21	0.17	0.14	0.10	0.07	0.06	0.07	0.13	0.25	0.45	0.72	1.10	1.57	2.13	2.78	3.50	4.26	5.05	5.81	6.51	7.06	7.39	7.39	7.01	6.22	5.09	3.75	2.39	1.20	0.29	0.00	0.00	0.00	0.00	0.00	0.00	0.00	0.02	0.11	0.41	1.11	2.28	3.42	3.64	2.53	0.97	0.11
10 Mar 2023 20:13:17	-1000000015047466219876688855040.00	-1000000015047466219876688855040.00	-1000000015047466219876688855040.00	-100000002537764290115403776.0000	-1000000015047466219876688855040.00	-1000000015047466219876688855040.00	88.93	-	0.00	0.00	0.00	0.00	0.00	0.00	0.00	0.00	0.00	0.00	0.00	0.00	0.00	0.00	0.00	0.00	0.00	0.00	0.00	0.00	0.00	0.00	0.00	0.00	0.00	0.00	0.00	0.00	0.00	0.00	0.00	0.00	0.00	0.00	0.00	0.00	0.00	0.00	0.00	0.00	0.00	0.00	0.00	0.00	0.00	0.00	0.00	0.00	0.00	0.00	0.00	0.00	0.00	0.00	0.00	0.00	0.00	0.00	0.00	0.00
10 Mar 2023 20:13:18	6.32	22.05	549.36	0.0005	128.75	6.37	85.90	-	0.04	0.08	0.12	0.16	0.19	0.22	0.25	0.26	0.27	0.28	0.27	0.26	0.24	0.21	0.18	0.14	0.10	0.07	0.06	0.08	0.14	0.27	0.47	0.76	1.13	1.59	2.12	2.72	3.36	4.03	4.69	5.33	5.91	6.36	6.63	6.63	6.30	5.63	4.66	3.51	2.32	1.26	0.43	0.00	0.00	0.00	0.00	0.00	0.00	0.00	0.03	0.17	0.61	1.56	3.01	4.40	4.78	3.66	1.72	0.31
10 Mar 2023 20:13:19	-1000000015047466219876688855040.00	-1000000015047466219876688855040.00	-1000000015047466219876688855040.00	-100000002537764290115403776.0000	-1000000015047466219876688855040.00	-1000000015047466219876688855040.00	89.92	-	0.00	0.00	0.00	0.00	0.00	0.00	0.00	0.00	0.00	0.00	0.00	0.00	0.00	0.00	0.00	0.00	0.00	0.00	0.00	0.00	0.00	0.00	0.00	0.00	0.00	0.00	0.00	0.00	0.00	0.00	0.00	0.00	0.00	0.00	0.00	0.00	0.00	0.00	0.00	0.00	0.00	0.00	0.00	0.00	0.00	0.00	0.00	0.00	0.00	0.00	0.00	0.00	0.00	0.00	0.00	0.00	0.00	0.00	0.00	0.00
10 Mar 2023 20:13:20	-1000000015047466219876688855040.00	-1000000015047466219876688855040.00	-1000000015047466219876688855040.00	-100000002537764290115403776.0000	-1000000015047466219876688855040.00	-1000000015047466219876688855040.00	88.34	-	0.00	0.00	0.00	0.00	0.00	0.00	0.00	0.00	0.00	0.00	0.00	0.00	0.00	0.00	0.00	0.00	0.00	0.00	0.00	0.00	0.00	0.00	0.00	0.00	0.00	0.00	0.00	0.00	0.00	0.00	0.00	0.00	0.00	0.00	0.00	0.00	0.00	0.00	0.00	0.00	0.00	0.00	0.00	0.00	0.00	0.00	0.00	0.00	0.00	0.00	0.00	0.00	0.00	0.00	0.00	0.00	0.00	0.00	0.00	0.00
10 Mar 2023 20:13:21	-1000000015047466219876688855040.00	-1000000015047466219876688855040.00	-1000000015047466219876688855040.00	-100000002537764290115403776.0000	-1000000015047466219876688855040.00	-1000000015047466219876688855040.00	89.85	-	0.00	0.00	0.00	0.00	0.00	0.00	0.00	0.00	0.00	0.00	0.00	0.00	0.00	0.00	0.00	0.00	0.00	0.00	0.00	0.00	0.00	0.00	0.00	0.00	0.00	0.00	0.00	0.00	0.00	0.00	0.00	0.00	0.00	0.00	0.00	0.00	0.00	0.00	0.00	0.00	0.00	0.00	0.00	0.00	0.00	0.00	0.00	0.00	0.00	0.00	0.00	0.00	0.00	0.00	0.00	0.00	0.00	0.00	0.00	0.00
