Date-Time	Dx(10)	Dx(50)	Dx(90)	Cv(%)	D[4][3]	D[3][2]	Transmission	0.10000020	0.11659167	0.13593590	0.15848963	0.18478534	0.21544389	0.25118914	0.29286504	0.34145555	0.39810795	0.46415979	0.54117060	0.63095856	0.73564368	0.85769761	1.00000191	1.16591668	1.35935903	1.58489633	1.84785342	2.15443897	2.51189137	2.92865038	3.41455555	3.98107958	4.64159775	5.41170597	6.30958605	7.35643721	8.57697582	10.00002003	11.65916729	13.59359074	15.84896278	18.47853470	21.54438972	25.11891365	29.28650284	34.14555740	39.81079483	46.41598129	54.11705780	63.09585953	73.56436920	85.76976013	100.00019836	116.59166718	135.93591309	158.48962402	184.78533936	215.44389343	251.18913269	292.86502075	341.45556641	398.10794067	464.15979004	541.17059326	630.95855713	735.64367676	857.69757080	1000.00195313
Feb 22 2023 18:03:26	30.0152263641	488.071166992	782.24420166	0.00467105070129	464.421844482	110.733818054	87.7006759644	-	0	0	0	0	0	0	0	0	0	0	0	0	0	0	0	0	0	0	0	0	0	0	0	0	0	0	0	0	0	0.310176879168	0.69176954031	1.02041995525	1.28749382496	1.48682618141	1.61495876312	1.67123579979	1.6578335762	1.57973194122	1.44463062286	1.26280093193	1.04687404633	0.811548173428	0.5731793046	0.349246025085	0.157516047359	0.0148471156135	0	0	0	0.349809974432	1.25163531303	2.86268210411	5.22255182266	8.11977100372	11.0442018509	13.2580280304	13.9919729233	12.7302808762	9.45191574097	4.73606014252
Feb 22 2023 18:03:27	367.799163818	570.818115234	823.698791504	0.0270953699946	583.881591797	532.639282227	85.7767333984	-	0	0	0	0	0	0	0	0	0	0	0	0	0	0	0	0	0	0	0	0	0	0	0	0	0	0	0	0	0	0	0	0	0	0	0	0	0	0	0	0	0	0	0	0	0	0	0	0	0	0	0.293788522482	1.77223110199	4.4419875145	8.22680854797	12.5656423569	16.3963546753	18.411737442	17.5418567657	13.4609804153	6.88860988617
Feb 22 2023 18:03:28	-1.00000001505e+30	-1.00000001505e+30	-1.00000001505e+30	-1.00000002538e+26	-1.00000001505e+30	-1.00000001505e+30	99.0270385742	-	0	0	0	0	0	0	0	0	0	0	0	0	0	0	0	0	0	0	0	0	0	0	0	0	0	0	0	0	0	0	0	0	0	0	0	0	0	0	0	0	0	0	0	0	0	0	0	0	0	0	0	0	0	0	0	0	0	0	0	0
Feb 22 2023 18:03:29	395.200073242	591.233764648	831.84387207	0.0231345761567	602.871582031	557.432250977	88.2369537354	-	0	0	0	0	0	0	0	0	0	0	0	0	0	0	0	0	0	0	0	0	0	0	0	0	0	0	0	0	0	0	0	0	0	0	0	0	0	0	0	0	0	0	0	0	0	0	0	0	0	0	0	0.657474160194	2.93985652924	6.80271482468	11.7862377167	16.6530723572	19.6560935974	19.2373867035	14.8422985077	7.42486429214
Feb 22 2023 18:03:30	330.832641602	536.244934082	810.11730957	0.02852829732	554.210876465	495.967132568	84.0688323975	-	0	0	0	0	0	0	0	0	0	0	0	0	0	0	0	0	0	0	0	0	0	0	0	0	0	0	0	0	0	0	0	0	0	0	0	0	0	0	0	0	0	0	0	0	0	0	0	0	0	0	1.36115050316	3.612865448	6.65176868439	10.1297922134	13.4328632355	15.7875566483	16.4610500336	15.0022268295	11.4104757309	6.15024900436
Feb 22 2023 18:03:31	324.473693848	529.193969727	805.54284668	0.0412642359734	548.027099609	488.709533691	77.5109710693	-	0	0	0	0	0	0	0	0	0	0	0	0	0	0	0	0	0	0	0	0	0	0	0	0	0	0	0	0	0	0	0	0	0	0	0	0	0	0	0	0	0	0	0	0	0	0	0	0	0	0.116494260728	1.61148416996	3.94756126404	7.00841522217	10.4178791046	13.5591850281	15.6947507858	16.159576416	14.578412056	11.0036382675	5.90260314941
Feb 22 2023 18:03:32	340.747802734	552.806335449	823.91973877	0.0438103824854	568.11340332	509.668701172	77.1588821411	-	0	0	0	0	0	0	0	0	0	0	0	0	0	0	0	0	0	0	0	0	0	0	0	0	0	0	0	0	0	0	0	0	0	0	0	0	0	0	0	0	0	0	0	0	0	0	0	0	0	0	1.10399723053	3.07951927185	5.89015722275	9.29824447632	12.7734270096	15.5542697906	16.8139228821	15.9006986618	12.5576581955	7.02809381485
Feb 22 2023 18:03:33	360.062561035	568.193908691	831.902282715	0.0542174354196	582.487060547	528.317810059	73.3798370361	-	0	0	0	0	0	0	0	0	0	0	0	0	0	0	0	0	0	0	0	0	0	0	0	0	0	0	0	0	0	0	0	0	0	0	0	0	0	0	0	0	0	0	0	0	0	0	0	0	0	0	0.293895632029	2.14660167694	4.99692296982	8.65058612823	12.557967186	15.8581438065	17.5688915253	16.8855991364	13.4669351578	7.5744562149
Feb 22 2023 18:03:34	332.10534668	535.691650391	809.525146484	0.0472885295749	554.118225098	496.488494873	75.0252456665	-	0	0	0	0	0	0	0	0	0	0	0	0	0	0	0	0	0	0	0	0	0	0	0	0	0	0	0	0	0	0	0	0	0	0	0	0	0	0	0	0	0	0	0	0	0	0	0	0	0	0	1.2097492218	3.55461168289	6.68588590622	10.2289628983	13.5468931198	15.863910675	16.4729099274	14.9623413086	11.3573703766	6.11736536026
Feb 22 2023 18:03:35	331.750427246	535.897460938	809.711486816	0.0422150306404	554.174316406	496.364929199	77.3692092896	-	0	0	0	0	0	0	0	0	0	0	0	0	0	0	0	0	0	0	0	0	0	0	0	0	0	0	0	0	0	0	0	0	0	0	0	0	0	0	0	0	0	0	0	0	0	0	0	0	0	0	1.25385546684	3.57118654251	6.67362499237	10.1965255737	13.5110054016	15.8416633606	16.4721641541	14.9774494171	11.3750267029	6.12749910355
Feb 22 2023 18:03:36	349.806671143	561.110778809	828.581481934	0.0491859130561	575.550415039	518.777099609	75.1273117065	-	0	0	0	0	0	0	0	0	0	0	0	0	0	0	0	0	0	0	0	0	0	0	0	0	0	0	0	0	0	0	0	0	0	0	0	0	0	0	0	0	0	0	0	0	0	0	0	0	0	0	0.744511306286	2.64004921913	5.43798112869	8.9336681366	12.6042528152	15.6521949768	17.1718902588	16.4162197113	13.0599346161	7.3392868042
Feb 22 2023 18:03:37	326.59588623	531.505004883	807.363098145	0.0502062775195	550.166870117	491.265258789	73.4669113159	-	0	0	0	0	0	0	0	0	0	0	0	0	0	0	0	0	0	0	0	0	0	0	0	0	0	0	0	0	0	0	0	0	0	0	0	0	0	0	0	0	0	0	0	0	0	0	0	0	0	0.0404258705676	1.52298951149	3.84957385063	6.9128074646	10.3430147171	13.5233507156	15.7117500305	16.236989975	14.7082881927	11.1491975784	6.00162315369
Feb 22 2023 18:03:38	324.744476318	530.751708984	807.112731934	0.0421988554299	549.211181641	489.526397705	77.0985565186	-	0	0	0	0	0	0	0	0	0	0	0	0	0	0	0	0	0	0	0	0	0	0	0	0	0	0	0	0	0	0	0	0	0	0	0	0	0	0	0	0	0	0	0	0	0	0	0	0	0	0.157444477081	1.62119829655	3.90811181068	6.92329645157	10.313041687	13.4703025818	15.6519098282	16.1809711456	14.6635370255	11.1208763123	5.98931121826
Feb 22 2023 18:03:39	324.351013184	531.352172852	807.661437988	0.0282882135361	549.514221191	489.464385986	83.998374939	-	0	0	0	0	0	0	0	0	0	0	0	0	0	0	0	0	0	0	0	0	0	0	0	0	0	0	0	0	0	0	0	0	0	0	0	0	0	0	0	0	0	0	0	0	0	0	0	0	0	0.206609576941	1.64952766895	3.90792369843	6.89024162292	10.253159523	13.4050521851	15.6116704941	16.1849937439	14.7036266327	11.1684885025	6.01870727539
Feb 22 2023 18:03:40	338.774932861	541.930053711	813.200927734	0.0407425910234	559.774780273	503.374481201	78.3356399536	-	0	0	0	0	0	0	0	0	0	0	0	0	0	0	0	0	0	0	0	0	0	0	0	0	0	0	0	0	0	0	0	0	0	0	0	0	0	0	0	0	0	0	0	0	0	0	0	0	0	0	0.880221903324	3.17443227768	6.33101224899	9.98311901093	13.4772377014	15.9957036972	16.7745189667	15.3477964401	11.7096681595	6.32629108429
Feb 22 2023 18:03:41	380.961700439	580.765075684	829.311584473	0.0521278120577	593.499267578	545.169006348	74.9499282837	-	0	0	0	0	0	0	0	0	0	0	0	0	0	0	0	0	0	0	0	0	0	0	0	0	0	0	0	0	0	0	0	0	0	0	0	0	0	0	0	0	0	0	0	0	0	0	0	0	0	0	0	1.16709578037	3.78182864189	7.6776676178	12.2967205048	16.5163345337	18.9041519165	18.2482032776	14.1305770874	7.27742147446
Feb 22 2023 18:03:42	366.840789795	570.404907227	829.388793945	0.0774197876453	584.823791504	533.209533691	64.5388717651	-	0	0	0	0	0	0	0	0	0	0	0	0	0	0	0	0	0	0	0	0	0	0	0	0	0	0	0	0	0	0	0	0	0	0	0	0	0	0	0	0	0	0	0	0	0	0	0	0	0	0	0.0512875691056	1.78821575642	4.67460346222	8.50558376312	12.6760530472	16.2131576538	18.0131950378	17.2100696564	13.5119485855	7.35588502884
Feb 22 2023 18:03:43	333.721954346	538.31439209	811.45526123	0.0484528802335	556.256774902	498.618103027	74.5903930664	-	0	0	0	0	0	0	0	0	0	0	0	0	0	0	0	0	0	0	0	0	0	0	0	0	0	0	0	0	0	0	0	0	0	0	0	0	0	0	0	0	0	0	0	0	0	0	0	0	0	0	1.17581546307	3.46343898773	6.55195188522	10.0862293243	13.4433460236	15.8445968628	16.5561408997	15.1222038269	11.5291757584	6.22710227966
Feb 22 2023 18:03:44	366.928344727	570.432495117	826.499084473	0.041947286576	584.136108398	532.57043457	78.8558120728	-	0	0	0	0	0	0	0	0	0	0	0	0	0	0	0	0	0	0	0	0	0	0	0	0	0	0	0	0	0	0	0	0	0	0	0	0	0	0	0	0	0	0	0	0	0	0	0	0	0	0	0.196220308542	1.7976142168	4.57155418396	8.37208366394	12.616361618	16.291852951	18.1966609955	17.3624801636	13.4780693054	7.11710071564
Feb 22 2023 18:03:45	366.027618408	574.936767578	835.798339844	0.0512202270329	588.26159668	534.96307373	74.9189376831	-	0	0	0	0	0	0	0	0	0	0	0	0	0	0	0	0	0	0	0	0	0	0	0	0	0	0	0	0	0	0	0	0	0	0	0	0	0	0	0	0	0	0	0	0	0	0	0	0	0	0	0.18042011559	1.89566981792	4.64143180847	8.27799034119	12.2929887772	15.8149833679	17.7917327881	17.3080997467	13.924574852	7.87210893631
Feb 22 2023 18:03:46	343.121734619	547.209289551	816.398132324	0.0279175229371	564.243041992	508.374633789	84.7338104248	-	0	0	0	0	0	0	0	0	0	0	0	0	0	0	0	0	0	0	0	0	0	0	0	0	0	0	0	0	0	0	0	0	0	0	0	0	0	0	0	0	0	0	0	0	0	0	0	0	0	0	0.742530107498	2.94091749191	6.03884935379	9.70926094055	13.3179550171	16.0236148834	16.9946575165	15.6825933456	12.0314722061	6.51814937592
Feb 22 2023 18:03:47	28.9035549164	512.502868652	791.972106934	0.00867631845176	489.410095215	122.967979431	80.3432998657	-	0	0	0	0	0	0	0	0	0	0	0	0	0	0	0	0	0	0	0	0	0	0	0	0	0	0	0	0	0	0	0	0.866558849812	1.64939439297	2.01309776306	2.0647854805	1.90681684017	1.62837862968	1.30071115494	0.975542902946	0.68602591753	0.449388056993	0.270499438047	0.145676806569	0.0662223547697	0.0213380232453	0.000286537659122	0	0	0	0.126075133681	0.843387007713	2.32332539558	4.70327377319	7.85481548309	11.2629461288	14.0549049377	15.2303352356	14.0510511398	10.4197902679	5.08537149429
Feb 22 2023 18:03:48	30.7573051453	501.992340088	790.987304688	0.00794188212603	478.495147705	116.836212158	80.9557342529	-	0	0	0	0	0	0	0	0	0	0	0	0	0	0	0	0	0	0	0	0	0	0	0	0	0	0	0	0	0	0.115687668324	0.63511121273	1.04564368725	1.34618937969	1.54002988338	1.634349823	1.63958096504	1.56869924068	1.43650317192	1.25890028477	1.05220842361	0.832494974136	0.614958167076	0.413342803717	0.23941616714	0.10241702199	0.00850329268724	0	0	0	0.26591360569	1.09239590168	2.62742161751	4.95171928406	7.90469551086	11.0055627823	13.4936256409	14.5156946182	13.4311618805	10.1118068695	5.11596536636
Feb 22 2023 18:03:49	19.300163269	527.257019043	780.428344727	0.0124522512779	482.96270752	91.3937530518	65.40234375	-	0	0	0	0	0	0	0	0	0	0	0	0	0	0	0	0	0	0	0	0	0	0	0	0	0	0	0	0	0	0	0	0	1.6440577507	6.62370252609	5.03869724274	2.79367446899	1.29928469658	0.529542922974	0.19228848815	0.062502399087	0.0181342754513	0.00464941933751	0.00103211496025	0.000190352890058	2.6332838388e-05	1.7160813286e-06	0	0	0	0	0.061023440212	0.773908495903	2.65454339981	5.9873547554	10.3970813751	14.6107091904	16.7934036255	15.4974308014	10.7111063004	4.3056435585
Feb 22 2023 18:03:50	331.704284668	525.359558105	795.685852051	0.0404860600829	545.800964355	490.992736816	77.9760513306	-	0	0	0	0	0	0	0	0	0	0	0	0	0	0	0	0	0	0	0	0	0	0	0	0	0	0	0	0	0	0	0	0	0	0	0	0	0	0	0	0	0	0	0	0	0	0	0	0	0	0	0.922797441483	3.59150981903	7.0952296257	10.9252138138	14.3088121414	16.3927993774	16.5106887817	14.4327802658	10.4672050476	5.3529624939
Feb 22 2023 18:03:51	20.1408309937	517.272644043	786.51171875	0.0114815700799	487.887115479	101.339263916	70.3272094727	-	0	0	0	0	0	0	0	0	0	0	0	0	0	0	0	0	0	0	0	0	0	0	0	0	0	0	0	0	0	0	0	0.498271733522	3.69461393356	3.96705579758	3.04537606239	1.93738472462	1.06954872608	0.521720290184	0.226243704557	0.087116420269	0.029556164518	0.00869140867144	0.00214428920299	0.000412027788116	4.7602399718e-05	0	0	0	0	0	0.407895714045	1.6863578558	4.04992723465	7.44440126419	11.2990007401	14.5356445313	15.8950996399	14.5039739609	10.3914012909	4.69811344147
Feb 22 2023 18:03:52	358.106384277	546.461242676	792.979003906	0.0709165707231	562.321960449	514.119445801	65.9641113281	-	0	0	0	0	0	0	0	0	0	0	0	0	0	0	0	0	0	0	0	0	0	0	0	0	0	0	0	0	0	0	0	0	0	0	0	0	0	0	0	0	0	0	0	0	0	0	0	0	0	0	0.325694203377	2.02594637871	5.17012691498	9.50715446472	14.1359567642	17.6446685791	18.628780365	16.3698234558	11.2828741074	4.90898752213
Feb 22 2023 18:03:53	364.258422852	561.754943848	814.045043945	0.0813054665923	576.265014648	526.062072754	62.741394043	-	0	0	0	0	0	0	0	0	0	0	0	0	0	0	0	0	0	0	0	0	0	0	0	0	0	0	0	0	0	0	0	0	0	0	0	0	0	0	0	0	0	0	0	0	0	0	0	0	0	0	0.253892838955	1.84655213356	4.73176908493	8.73561191559	13.1588668823	16.8299198151	18.4463729858	17.0946426392	12.6971025467	6.20526981354
Feb 22 2023 18:03:54	362.941650391	560.52532959	813.125732422	0.0796380266547	575.072509766	524.621948242	63.2643814087	-	0	0	0	0	0	0	0	0	0	0	0	0	0	0	0	0	0	0	0	0	0	0	0	0	0	0	0	0	0	0	0	0	0	0	0	0	0	0	0	0	0	0	0	0	0	0	0	0	0	0	0.298237740993	1.91292905807	4.80181741714	8.7928237915	13.191069603	16.8289070129	18.4057044983	17.0162773132	12.6056509018	6.14658308029
Feb 22 2023 18:03:55	340.370788574	541.568786621	812.375732422	0.0816889852285	559.838378906	504.25302124	61.3425750732	-	0	0	0	0	0	0	0	0	0	0	0	0	0	0	0	0	0	0	0	0	0	0	0	0	0	0	0	0	0	0	0	0	0	0	0	0	0	0	0	0	0	0	0	0	0	0	0	0	0	0	0.703185021877	3.090903759	6.34394359589	10.0717964172	13.6005220413	16.1041355133	16.8274993896	15.3323535919	11.6505708694	6.27509117126
Feb 22 2023 18:03:56	360.226959229	565.860412598	827.291748047	0.0956707820296	580.317993164	526.936950684	57.8332176208	-	0	0	0	0	0	0	0	0	0	0	0	0	0	0	0	0	0	0	0	0	0	0	0	0	0	0	0	0	0	0	0	0	0	0	0	0	0	0	0	0	0	0	0	0	0	0	0	0	0	0	0.302880465984	2.11259007454	4.98614645004	8.71725273132	12.7202615738	16.0740242004	17.7380943298	16.8909931183	13.2463645935	7.21138191223
Feb 22 2023 18:03:57	338.27633667	539.474609375	811.029968262	0.073593556881	557.933105469	501.959197998	64.2565155029	-	0	0	0	0	0	0	0	0	0	0	0	0	0	0	0	0	0	0	0	0	0	0	0	0	0	0	0	0	0	0	0	0	0	0	0	0	0	0	0	0	0	0	0	0	0	0	0	0	0	0	0.815994024277	3.20608329773	6.44996976852	10.152469635	13.6360120773	16.0777339935	16.737859726	15.2024297714	11.5237884521	6.19766950607
Feb 22 2023 18:03:58	343.764099121	545.08404541	814.501647949	0.0623130612075	562.940795898	507.902801514	69.0671386719	-	0	0	0	0	0	0	0	0	0	0	0	0	0	0	0	0	0	0	0	0	0	0	0	0	0	0	0	0	0	0	0	0	0	0	0	0	0	0	0	0	0	0	0	0	0	0	0	0	0	0	0.573596119881	2.90513300896	6.14079618454	9.90531253815	13.5245113373	16.1499977112	16.9866256714	15.5540781021	11.8596363068	6.40031003952
Feb 22 2023 18:03:59	334.14654541	540.254821777	812.759521484	0.0417001955211	557.615478516	499.688018799	77.743057251	-	0	0	0	0	0	0	0	0	0	0	0	0	0	0	0	0	0	0	0	0	0	0	0	0	0	0	0	0	0	0	0	0	0	0	0	0	0	0	0	0	0	0	0	0	0	0	0	0	0	0	1.24083411694	3.43237185478	6.43765926361	9.93524169922	13.3223171234	15.8086805344	16.618555069	15.2473230362	11.6552419662	6.30178594589
Feb 22 2023 18:04:00	368.637054443	572.861450195	828.170410156	0.0203359611332	586.129821777	534.591796875	89.1609954834	-	0	0	0	0	0	0	0	0	0	0	0	0	0	0	0	0	0	0	0	0	0	0	0	0	0	0	0	0	0	0	0	0	0	0	0	0	0	0	0	0	0	0	0	0	0	0	0	0	0	0	0.216429278255	1.73898005486	4.43661594391	8.20639038086	12.4853839874	16.248708725	18.2617263794	17.5148525238	13.6560726166	7.23484134674
Feb 22 2023 18:04:01	334.907714844	539.409362793	811.807312012	0.0250722654164	557.164428711	499.733154297	85.9540863037	-	0	0	0	0	0	0	0	0	0	0	0	0	0	0	0	0	0	0	0	0	0	0	0	0	0	0	0	0	0	0	0	0	0	0	0	0	0	0	0	0	0	0	0	0	0	0	0	0	0	0	1.15291213989	3.38998126984	6.46053791046	10.0192174911	13.4325723648	15.8924560547	16.6354942322	15.1962890625	11.5753116608	6.24522590637
Feb 22 2023 18:04:02	326.557250977	531.08013916	806.791687012	0.0309636257589	549.814453125	491.022064209	82.6749649048	-	0	0	0	0	0	0	0	0	0	0	0	0	0	0	0	0	0	0	0	0	0	0	0	0	0	0	0	0	0	0	0	0	0	0	0	0	0	0	0	0	0	0	0	0	0	0	0	0	0	0.0380398891866	1.52308702469	3.85235595703	6.92171621323	10.3625926971	13.5529909134	15.7399263382	16.245218277	14.6864070892	11.1082496643	5.96941804886
Feb 22 2023 18:04:03	352.712493896	563.922302246	830.093078613	0.0352511517704	578.050231934	521.820983887	81.5655517578	-	0	0	0	0	0	0	0	0	0	0	0	0	0	0	0	0	0	0	0	0	0	0	0	0	0	0	0	0	0	0	0	0	0	0	0	0	0	0	0	0	0	0	0	0	0	0	0	0	0	0	0.650429129601	2.49854707718	5.2754149437	8.7932806015	12.5329418182	15.6799077988	17.2953147888	16.5956745148	13.2331504822	7.44533967972
Feb 22 2023 18:04:04	343.124481201	545.663452148	815.230224609	0.0682691112161	563.228149414	507.769897461	66.6594238281	-	0	0	0	0	0	0	0	0	0	0	0	0	0	0	0	0	0	0	0	0	0	0	0	0	0	0	0	0	0	0	0	0	0	0	0	0	0	0	0	0	0	0	0	0	0	0	0	0	0	0	0.648703217506	2.9427895546	6.12624120712	9.84324932098	13.4409370422	16.0823192596	16.9654388428	15.5853252411	11.9189043045	6.44609165192
Feb 22 2023 18:04:05	375.283081055	571.528320313	819.636474609	0.076753936708	585.293640137	537.142822266	64.989982605	-	0	0	0	0	0	0	0	0	0	0	0	0	0	0	0	0	0	0	0	0	0	0	0	0	0	0	0	0	0	0	0	0	0	0	0	0	0	0	0	0	0	0	0	0	0	0	0	0	0	0	0.0146205537021	1.36709177494	4.12691688538	8.161195755	12.8148231506	16.8764438629	18.9042377472	17.8001708984	13.3640480042	6.57045269012
Feb 22 2023 18:04:06	412.859710693	580.863647461	783.981323242	0.0551298558712	591.793273926	556.809448242	74.1903152466	-	0	0	0	0	0	0	0	0	0	0	0	0	0	0	0	0	0	0	0	0	0	0	0	0	0	0	0	0	0	0	0	0	0	0	0	0	0	0	0	0	0	0	0	0	0	0	0	0	0	0	0	0.207780301571	1.73695361614	5.73895549774	12.3175811768	19.4024944305	23.1903629303	20.7271194458	12.7501487732	3.92860555649
Feb 22 2023 18:04:07	352.853057861	561.592773438	828.171142578	0.0534482337534	576.516723633	520.945922852	73.3838043213	-	0	0	0	0	0	0	0	0	0	0	0	0	0	0	0	0	0	0	0	0	0	0	0	0	0	0	0	0	0	0	0	0	0	0	0	0	0	0	0	0	0	0	0	0	0	0	0	0	0	0	0.541017174721	2.47461891174	5.35749816895	8.96381855011	12.729470253	15.8146114349	17.2996387482	16.4666500092	13.04433918	7.30833864212
Feb 22 2023 18:04:08	341.079742432	544.928222656	815.093383789	0.043682616204	562.296447754	506.147705078	77.0784301758	-	0	0	0	0	0	0	0	0	0	0	0	0	0	0	0	0	0	0	0	0	0	0	0	0	0	0	0	0	0	0	0	0	0	0	0	0	0	0	0	0	0	0	0	0	0	0	0	0	0	0	0.802534282207	3.05054140091	6.17361974716	9.82898139954	13.3796472549	16.0008392334	16.8920288086	15.5368642807	11.8960008621	6.43895435333
Feb 22 2023 18:04:09	332.544342041	535.475524902	809.337768555	0.0519158728421	554.080993652	496.676391602	72.9538879395	-	0	0	0	0	0	0	0	0	0	0	0	0	0	0	0	0	0	0	0	0	0	0	0	0	0	0	0	0	0	0	0	0	0	0	0	0	0	0	0	0	0	0	0	0	0	0	0	0	0	0	1.14600920677	3.53715872765	6.70795297623	10.2718029022	13.5868434906	15.8843460083	16.4713420868	14.9472026825	11.340306282	6.10703468323
Feb 22 2023 18:04:10	358.793273926	546.134094238	792.674865723	0.0729251950979	562.293395996	514.466918945	65.210357666	-	0	0	0	0	0	0	0	0	0	0	0	0	0	0	0	0	0	0	0	0	0	0	0	0	0	0	0	0	0	0	0	0	0	0	0	0	0	0	0	0	0	0	0	0	0	0	0	0	0	0	0.251508802176	1.97106993198	5.17862939835	9.57263565063	14.2153425217	17.6923236847	18.6287231445	16.3403053284	11.253657341	4.89579486847
Feb 22 2023 18:04:11	20.1047554016	517.050537109	783.885620117	0.00874485261738	479.160980225	94.4934234619	75.0024185181	-	0	0	0	0	0	0	0	0	0	0	0	0	0	0	0	0	0	0	0	0	0	0	0	0	0	0	0	0	0	0	0	0	3.3126077652	4.46347093582	3.84313321114	2.69713544846	1.64699530602	0.897213935852	0.440236777067	0.19481408596	0.0773418843746	0.0271938163787	0.00825416762382	0.00204832083546	0.000356681324774	1.29662385007e-05	0	0	0	0	0.211281210184	1.25988483429	3.44322776794	6.80921649933	10.8334035873	14.3662948608	15.9757194519	14.6293077469	10.3548002243	4.50604915619
Feb 22 2023 18:04:12	20.0685329437	519.999572754	785.764160156	0.00788017269224	481.775421143	96.6936264038	77.57371521	-	0	0	0	0	0	0	0	0	0	0	0	0	0	0	0	0	0	0	0	0	0	0	0	0	0	0	0	0	0	0	0	0	0.945334255695	6.00260066986	4.99570703506	2.98842549324	1.49134421349	0.649889111519	0.251615732908	0.0869924277067	0.0267891939729	0.00727661093697	0.00170894141775	0.000333393341862	4.9024270993e-05	3.59107730219e-06	0	0	0	0	0.202571809292	1.20417618752	3.3338367939	6.67847490311	10.7435312271	14.3734798431	16.0922260284	14.810874939	10.5224685669	4.59028911591
Feb 22 2023 18:04:13	332.95791626	536.179992676	809.653625488	0.040263902396	554.599853516	497.209106445	78.3249282837	-	0	0	0	0	0	0	0	0	0	0	0	0	0	0	0	0	0	0	0	0	0	0	0	0	0	0	0	0	0	0	0	0	0	0	0	0	0	0	0	0	0	0	0	0	0	0	0	0	0	0	1.14595985413	3.51188325882	6.66447782516	10.2248830795	13.5574893951	15.8892393112	16.5088996887	14.9967164993	11.3774986267	6.12296295166
Feb 22 2023 18:04:14	326.772064209	530.693115234	806.474182129	0.043780002743	549.625488281	491.083953857	76.4168167114	-	0	0	0	0	0	0	0	0	0	0	0	0	0	0	0	0	0	0	0	0	0	0	0	0	0	0	0	0	0	0	0	0	0	0	0	0	0	0	0	0	0	0	0	0	0	0	0	0	0	0	1.492577672	3.86240029335	6.96101951599	10.4103479385	13.5887031555	15.7527341843	16.2355136871	14.662522316	11.0818901062	5.95230150223
Feb 22 2023 18:04:15	20.884853363	519.973266602	788.570129395	0.008041376248	490.773712158	105.760505676	78.9631729126	-	0	0	0	0	0	0	0	0	0	0	0	0	0	0	0	0	0	0	0	0	0	0	0	0	0	0	0	0	0	0	0	0	2.99744129181	4.19665765762	3.40461134911	2.17118740082	1.17102503777	0.548603594303	0.225425437093	0.0813026502728	0.0255734752864	0.00691280141473	0.00156006938778	0.000276179576758	3.17910198646e-05	0	0	0	0	0	0.420363664627	1.67471563816	3.99755644798	7.35519838333	11.2097082138	14.5067481995	15.9712944031	14.6703853607	10.5683889389	4.79502105713
Feb 22 2023 18:04:16	21.2211818695	507.936248779	783.315734863	0.010961108841	485.297912598	102.921775818	71.7702713013	-	0	0	0	0	0	0	0	0	0	0	0	0	0	0	0	0	0	0	0	0	0	0	0	0	0	0	0	0	0	0	0.469567865133	2.2319984436	2.78275108337	2.60683560371	2.09269523621	1.50296711922	0.983000636101	0.589562237263	0.324426949024	0.163013830781	0.0739464908838	0.0296112522483	0.00998156983405	0.00248498935252	0.000191013081349	0	0	0	0	0.043122112751	0.742511749268	2.30115866661	4.84716844559	8.19665908813	11.7298278809	14.470659256	15.3904695511	13.8481674194	9.94212436676	4.62509679794
Feb 22 2023 18:04:17	23.4437637329	482.45425415	779.144470215	0.00468383543193	458.880249023	82.5189285278	83.5523910522	-	0	0	0	0	0	0	0	0	0	0	0	0	0	0	0	0	0	0	0	0	0	0	0	0	0	0.113274276257	0.344843357801	0.565257191658	0.769387245178	0.952352285385	1.10969686508	1.23742640018	1.33212268353	1.39105772972	1.41232037544	1.39491522312	1.33888733387	1.24547421932	1.11729729176	0.958601474762	0.77553999424	0.576499640942	0.372440516949	0.177219852805	0.00770638277754	0	0	0	0	0.401998966932	1.38055026531	3.05391979218	5.43117523193	8.27793598175	11.0843467712	13.1464567184	13.7539567947	12.4452781677	9.21631717682	4.61574554443
Feb 22 2023 18:04:18	340.268066406	544.002624512	814.578796387	0.0423672124743	561.515808105	505.268096924	77.6508026123	-	0	0	0	0	0	0	0	0	0	0	0	0	0	0	0	0	0	0	0	0	0	0	0	0	0	0	0	0	0	0	0	0	0	0	0	0	0	0	0	0	0	0	0	0	0	0	0	0	0	0	0.8171454072	3.09814143181	6.23604488373	9.8822555542	13.4032964706	15.9867658615	16.846912384	15.4780282974	11.8432607651	6.40813779831
Feb 22 2023 18:04:19	337.85723877	539.699645996	811.327697754	0.0640033632517	557.999023438	501.790161133	68.0598754883	-	0	0	0	0	0	0	0	0	0	0	0	0	0	0	0	0	0	0	0	0	0	0	0	0	0	0	0	0	0	0	0	0	0	0	0	0	0	0	0	0	0	0	0	0	0	0	0	0	0	0	0.864851355553	3.22980237007	6.44283008575	10.1188144684	13.591843605	16.044002533	16.7283668518	15.2164001465	11.5479030609	6.21518659592
Feb 22 2023 18:04:20	24.528345108	507.962371826	783.064147949	0.00701443990692	473.692474365	101.071472168	80.5791702271	-	0	0	0	0	0	0	0	0	0	0	0	0	0	0	0	0	0	0	0	0	0	0	0	0	0	0	0	0	0	0	0.682028889656	1.4162248373	1.88078975677	2.11372184753	2.15781903267	2.05733084679	1.85514116287	1.59055387974	1.29769814014	1.00452041626	0.73233050108	0.49582478404	0.303493469954	0.158344775438	0.0587997250259	0	0	0	0	0.0024182535708	0.463621139526	1.71450483799	3.97940731049	7.20923233032	10.8794803619	13.9849643707	15.3221845627	14.0207548141	10.0666065216	4.55220317841
Feb 22 2023 18:04:21	20.6620826721	476.665008545	773.3828125	0.00383803597651	445.167236328	72.1379165649	84.4618988037	-	0	0	0	0	0	0	0	0	0	0	0	0	0	0	0	0	0	0	0	0	0	0	0	0	0.0328449830413	0.241017669439	0.450213611126	0.655888438225	0.853346645832	1.03776216507	1.20432436466	1.3482632637	1.46495807171	1.55005908012	1.5996389389	1.61033546925	1.57954323292	1.50566136837	1.38842821121	1.22935605049	1.03229343891	0.804129123688	0.555637359619	0.302461653948	0.0660193711519	0	0	0	0	0.232691138983	1.06252467632	2.6092209816	4.92610883713	7.80726957321	10.7298116684	12.9296598434	13.616601944	12.2830152512	8.96087169647	4.33004140854
Feb 22 2023 18:04:22	23.8492660522	505.717834473	785.336120605	0.00694782985374	473.857330322	100.022727966	80.5570373535	-	0	0	0	0	0	0	0	0	0	0	0	0	0	0	0	0	0	0	0	0	0	0	0	0	0	0	0	0	0	0	0.735824406147	1.53033864498	1.99505925179	2.19163036346	2.18251228333	2.02700161934	1.77830719948	1.4816454649	1.17326533794	0.880249619484	0.62095618248	0.40593162179	0.239129334688	0.119310989976	0.0414582826197	0	0	0	0	0.014594135806	0.576025009155	1.9305216074	4.24733066559	7.4239025116	10.9304170609	13.8324375153	15.0494441986	13.805683136	10.0614681244	4.72555494308
Feb 22 2023 18:04:23	23.2491703033	505.630401611	784.673339844	0.00662359967828	474.535675049	100.375564575	81.4410552979	-	0	0	0	0	0	0	0	0	0	0	0	0	0	0	0	0	0	0	0	0	0	0	0	0	0	0	0	0	0	0	0.396815001965	1.55790126324	2.18804621696	2.41469240189	2.35672807693	2.11780595779	1.78265666962	1.41594004631	1.06306922436	0.752395987511	0.498219639063	0.30412337184	0.16624879837	0.0762474760413	0.0237033590674	0	0	0	0	0.00341474404559	0.561348736286	1.94030761719	4.29935884476	7.51911020279	11.0453996658	13.9273834229	15.090672493	13.7885303497	10.0158081055	4.69407367706
Feb 22 2023 18:04:24	24.5769195557	501.86730957	782.714172363	0.00591937964782	471.488861084	102.722351074	83.5930709839	-	0	0	0	0	0	0	0	0	0	0	0	0	0	0	0	0	0	0	0	0	0	0	0	0	0	0	0	0	0	0	0.492967575788	1.37776350975	1.92377841473	2.18427395821	2.21864628792	2.08703231812	1.84596252441	1.54518914223	1.22568547726	0.918715834618	0.645841896534	0.419660657644	0.245063573122	0.120827265084	0.0413013026118	0	0	0	0	0.0403759144247	0.659861207008	2.0787062645	4.445977211	7.62409591675	11.061249733	13.8358850479	14.9148197174	13.5847806931	9.84956455231	4.61197423935
Feb 22 2023 18:04:25	25.3791427612	501.375976563	783.818786621	0.00690849078819	467.0887146	101.031280518	80.8445892334	-	0	0	0	0	0	0	0	0	0	0	0	0	0	0	0	0	0	0	0	0	0	0	0	0	0	0	0	0	0	0	0.654947936535	1.28698801994	1.72942447662	1.99637043476	2.10785317421	2.08804345131	1.96354019642	1.76178026199	1.50962781906	1.23215770721	0.951677441597	0.686983942986	0.45284485817	0.25972032547	0.113630309701	0.0161922071129	0	0	0	0.0283231083304	0.581249892712	1.89817678928	4.15516996384	7.26042079926	10.7041063309	13.573638916	14.7996025085	13.6009645462	9.92358779907	4.66297721863
Feb 22 2023 18:04:26	21.2947387695	497.553466797	775.916625977	0.0104293916374	464.263092041	86.4186782837	68.5197906494	-	0	0	0	0	0	0	0	0	0	0	0	0	0	0	0	0	0	0	0	0	0	0	0	0	0	0	0	0	0.290165811777	0.883432030678	1.36855876446	1.71697473526	1.92482304573	2.00077795982	1.9616163969	1.8291823864	1.6279283762	1.38283157349	1.117664814	0.853617012501	0.608281254768	0.395005881786	0.22259645164	0.0954128503799	0.01427667588	0	0	0	0	0.00972292292863	0.564139485359	1.95461416245	4.34976530075	7.61373138428	11.1482076645	13.952583313	14.9383249283	13.415225029	9.49993610382	4.26060581207
Feb 22 2023 18:04:27	22.4941501617	505.446685791	784.319091797	0.00823931116611	474.938659668	98.6614379883	77.1096420288	-	0	0	0	0	0	0	0	0	0	0	0	0	0	0	0	0	0	0	0	0	0	0	0	0	0	0	0	0	0	0	0.494629651308	1.71796512604	2.32549715042	2.48949074745	2.36015725136	2.06032705307	1.68400275707	1.29782247543	0.944457173347	0.647053360939	0.414014995098	0.243570789695	0.127763330936	0.0556707717478	0.015772851184	0	0	0	0	0.00562269799411	0.580298602581	1.9807087183	4.35898065567	7.58632040024	11.1036758423	13.9634189606	15.0995101929	13.774597168	9.99151515961	4.67715454102
Feb 22 2023 18:04:28	25.3266639709	499.011016846	783.890380859	0.00597644411027	473.309082031	106.392707825	83.9723587036	-	0	0	0	0	0	0	0	0	0	0	0	0	0	0	0	0	0	0	0	0	0	0	0	0	0	0	0	0	0	0	0.542738080025	1.35110127926	1.8555161953	2.08870124817	2.10401630402	1.96009802818	1.71348559856	1.41410243511	1.10264384747	0.809451460838	0.554572582245	0.348701804876	0.194710835814	0.0895186290145	0.0260568782687	0	0	0	0	0.11436419934	0.882249712944	2.43899106979	4.87571811676	8.00048446655	11.2534713745	13.7791852951	14.6707134247	13.3298425674	9.76812553406	4.73144960403
Feb 22 2023 18:04:29	25.106464386	499.424377441	784.049438477	0.00560775585473	476.456848145	101.848442078	84.1919555664	-	0	0	0	0	0	0	0	0	0	0	0	0	0	0	0	0	0	0	0	0	0	0	0	0	0	0	0	0	0.0333100482821	0.653857707977	1.14769542217	1.48941302299	1.68311929703	1.74418759346	1.69464254379	1.56000578403	1.36676156521	1.1403002739	0.903333723545	0.67477875948	0.469098567963	0.296065479517	0.160891264677	0.0646995455027	0.00554684503004	0	0	0	0	0.166944876313	1.00810110569	2.62999510765	5.09982252121	8.20852279663	11.4013214111	13.8529911041	14.6926927567	13.3355350494	9.7768497467	4.73951864243
Feb 22 2023 18:04:30	25.8513031006	498.157470703	780.872375488	0.00646017305553	465.694152832	102.838943481	82.2601547241	-	0	0	0	0	0	0	0	0	0	0	0	0	0	0	0	0	0	0	0	0	0	0	0	0	0	0	0	0	0	0	0.584312438965	1.2320638895	1.68754196167	1.96495187283	2.08451342583	2.07066679001	1.95033323765	1.75130009651	1.50078976154	1.22422325611	0.944226682186	0.679873883724	0.4461556077	0.253693550825	0.1085992679	0.0125070568174	0	0	0	0.0458564683795	0.642335295677	2.01984024048	4.34353590012	7.49113130569	10.9127635956	13.6740980148	14.7361621857	13.4021654129	9.70027923584	4.53607797623
Feb 22 2023 18:04:31	22.8709659576	511.757415771	787.583374023	0.00689886603504	482.796813965	107.976425171	82.0115356445	-	0	0	0	0	0	0	0	0	0	0	0	0	0	0	0	0	0	0	0	0	0	0	0	0	0	0	0	0	0	0	0	0	2.50729489326	3.32024550438	3.11983132362	2.48581838608	1.77019870281	1.15026295185	0.687459886074	0.378165453672	0.190474286675	0.086764536798	0.0348800346255	0.0117469895631	0.00286336569116	0.000159133371199	0	0	0	0.0092007573694	0.560593903065	1.92721509933	4.29145860672	7.55273199081	11.162276268	14.1490163803	15.395690918	14.1117830276	10.2730321884	4.82083368301
Feb 22 2023 18:04:32	325.816925049	521.127380371	793.500061035	0.0305523555726	541.72644043	485.535827637	82.7082366943	-	0	0	0	0	0	0	0	0	0	0	0	0	0	0	0	0	0	0	0	0	0	0	0	0	0	0	0	0	0	0	0	0	0	0	0	0	0	0	0	0	0	0	0	0	0	0	0	0	0	0	1.31721651554	3.94506239891	7.34552812576	11.0234041214	14.2399635315	16.187078476	16.2359809875	14.1696367264	10.2767381668	5.25938844681
Feb 22 2023 18:04:33	29.0915431976	498.281158447	787.494995117	0.00590780843049	477.357910156	113.990577698	85.108253479	-	0	0	0	0	0	0	0	0	0	0	0	0	0	0	0	0	0	0	0	0	0	0	0	0	0	0	0	0	0	0.152279168367	0.749113857746	1.1941703558	1.4914624691	1.65205061436	1.69257891178	1.63358056545	1.49779164791	1.30856251717	1.08845031261	0.858031749725	0.634977996349	0.433401197195	0.263467997313	0.131283640862	0.0389683060348	0	0	0	0	0.285494595766	1.19551062584	2.8381216526	5.25653266907	8.24109554291	11.2770843506	13.6111679077	14.4431247711	13.2127923965	9.85974121094	4.95916366577
Feb 22 2023 18:04:34	23.0590229034	514.138427734	788.641601563	0.00675168447196	486.953887939	109.701217651	82.605430603	-	0	0	0	0	0	0	0	0	0	0	0	0	0	0	0	0	0	0	0	0	0	0	0	0	0	0	0	0	0	0	0	0.454905450344	2.5387775898	3.1037068367	2.83822011948	2.22786402702	1.56866931915	1.00843167305	0.595675289631	0.323183447123	0.160033226013	0.0713206827641	0.027826026082	0.00894364528358	0.00196504313499	0	0	0	0	0.0142933446914	0.585017561913	1.97171640396	4.35439682007	7.6315946579	11.2566108704	14.260225296	15.5211877823	14.2366991043	10.3706474304	4.86808776855
Feb 22 2023 18:04:35	21.6172218323	512.345947266	787.059020996	0.00683669326827	486.444732666	104.371620178	81.5708084106	-	0	0	0	0	0	0	0	0	0	0	0	0	0	0	0	0	0	0	0	0	0	0	0	0	0	0	0	0	0	0	0	1.6481770277	2.86436271667	2.95553159714	2.48792719841	1.84249937534	1.23480856419	0.757590711117	0.426891952753	0.220347598195	0.103285476565	0.0431989654899	0.0155602693558	0.00443333014846	0.000714167952538	0	0	0	0	0.0115433773026	0.6152561903	2.05942296982	4.50113916397	7.80918359756	11.4111680984	14.3356647491	15.4912214279	14.1247463226	10.2419319153	4.79339265823
Feb 22 2023 18:04:36	327.360626221	523.50970459	795.510375977	0.0362318009138	543.746887207	487.599090576	79.9166183472	-	0	0	0	0	0	0	0	0	0	0	0	0	0	0	0	0	0	0	0	0	0	0	0	0	0	0	0	0	0	0	0	0	0	0	0	0	0	0	0	0	0	0	0	0	0	0	0	0	0	0	1.25529944897	3.84403586388	7.21951580048	10.9025831223	14.1641645432	16.1903476715	16.326877594	14.3191366196	10.4271497726	5.35090208054
Feb 22 2023 18:04:37	20.5153713226	522.484558105	792.158325195	0.0069625065662	484.032958984	98.4581985474	80.210105896	-	0	0	0	0	0	0	0	0	0	0	0	0	0	0	0	0	0	0	0	0	0	0	0	0	0	0	0	0	0	0	0	0	0	5.85996055603	5.64089012146	3.38749432564	1.63391125202	0.675233364105	0.244756162167	0.0784229785204	0.0221905056387	0.00549969170243	0.00117340416182	0.00020845104882	2.86514168693e-05	2.40001645579e-06	0	0	0	0	0.224780201912	1.23753786087	3.32335281372	6.5573387146	10.4891290665	14.0603065491	15.8850040436	14.8662176132	10.8474626541	4.95909833908
Feb 22 2023 18:04:38	29.0994567871	506.320373535	788.258361816	0.00688044168055	483.194122314	119.71244812	83.6621017456	-	0	0	0	0	0	0	0	0	0	0	0	0	0	0	0	0	0	0	0	0	0	0	0	0	0	0	0	0	0	0	0.187970265746	1.03030192852	1.57486903667	1.85906517506	1.93044149876	1.84096884727	1.64205539227	1.38061642647	1.09633350372	0.820095360279	0.573530912399	0.369443356991	0.21291950345	0.102886646986	0.0338444858789	0	0	0	0	0.155045926571	0.91878259182	2.44966864586	4.85945796967	7.98721408844	11.3001804352	13.9434766769	14.9714546204	13.7149009705	10.1199989319	4.92446660995
Feb 22 2023 18:04:39	331.491821289	534.386535645	808.540222168	0.0483761876822	553.09588623	495.544158936	74.4891662598	-	0	0	0	0	0	0	0	0	0	0	0	0	0	0	0	0	0	0	0	0	0	0	0	0	0	0	0	0	0	0	0	0	0	0	0	0	0	0	0	0	0	0	0	0	0	0	0	0	0	0	1.20471596718	3.59293222427	6.75851249695	10.311331749	13.6070842743	15.8766851425	16.4315261841	14.8827571869	11.2720193863	6.06243658066
Feb 22 2023 18:04:40	21.8627243042	502.214385986	781.231445313	0.0066616977565	474.093505859	98.7959976196	81.0702514648	-	0	0	0	0	0	0	0	0	0	0	0	0	0	0	0	0	0	0	0	0	0	0	0	0	0	0	0	0	0	0	0.308871299028	1.79906249046	2.52996301651	2.6823515892	2.46500778198	2.0552983284	1.58485794067	1.13923192024	0.764573335648	0.477409541607	0.274796336889	0.143172830343	0.0650866255164	0.0236262548715	0.00481389323249	0	0	0	0	0.0138464383781	0.645773291588	2.13332509995	4.60746097565	7.89299297333	11.3795747757	14.1024780273	15.0436553955	13.5649576187	9.7546377182	4.54316425323
Feb 22 2023 18:04:41	334.945068359	537.610290527	810.381774902	0.0545593723655	555.966796875	499.008117676	71.9035949707	-	0	0	0	0	0	0	0	0	0	0	0	0	0	0	0	0	0	0	0	0	0	0	0	0	0	0	0	0	0	0	0	0	0	0	0	0	0	0	0	0	0	0	0	0	0	0	0	0	0	0	1.04078912735	3.40061569214	6.5737323761	10.1794071198	13.5680589676	15.9474182129	16.593629837	15.0844488144	11.4487657547	6.16313457489
Feb 22 2023 18:04:42	21.6729545593	509.808624268	786.147338867	0.00609252927825	481.431091309	102.529067993	83.1362915039	-	0	0	0	0	0	0	0	0	0	0	0	0	0	0	0	0	0	0	0	0	0	0	0	0	0	0	0	0	0	0	0	1.03103971481	2.83404302597	3.20609021187	2.83404350281	2.18050670624	1.51528644562	0.965528011322	0.567018389702	0.30652859807	0.151463955641	0.0673869475722	0.0261994395405	0.00832023564726	0.00172667298466	0	0	0	0	0.000145317055285	0.563646614552	1.97547781467	4.39095592499	7.6800866127	11.2683458328	14.183590889	15.3399381638	13.9939336777	10.1533069611	4.75539159775
Feb 22 2023 18:04:43	333.627105713	535.993774414	809.356628418	0.0595627054572	554.603393555	497.511322021	69.6853713989	-	0	0	0	0	0	0	0	0	0	0	0	0	0	0	0	0	0	0	0	0	0	0	0	0	0	0	0	0	0	0	0	0	0	0	0	0	0	0	0	0	0	0	0	0	0	0	0	0	0	0	1.08099961281	3.47796225548	6.66801643372	10.2622890472	13.6111097336	15.9330711365	16.5240077972	14.9833488464	11.3529911041	6.10620498657
Feb 22 2023 18:04:44	24.1772117615	504.908111572	783.565979004	0.00690117944032	479.31829834	100.346450806	80.6588745117	-	0	0	0	0	0	0	0	0	0	0	0	0	0	0	0	0	0	0	0	0	0	0	0	0	0	0	0	0	0	0.618142187595	1.2104319334	1.59371602535	1.79072225094	1.83150005341	1.75008797646	1.58136892319	1.35844886303	1.1106621027	0.862246215343	0.631652116776	0.431427031755	0.268566787243	0.145217970014	0.0596192069352	0.00713350018486	0	0	0	0	0.078762203455	0.783846616745	2.29556012154	4.74154281616	7.96037769318	11.3862791061	14.1049356461	15.1102304459	13.7141618729	9.92744731903	4.64591264725
Feb 22 2023 18:04:45	20.0961322784	517.377685547	786.96673584	0.00617851084098	488.017242432	102.137702942	82.8723526001	-	0	0	0	0	0	0	0	0	0	0	0	0	0	0	0	0	0	0	0	0	0	0	0	0	0	0	0	0	0	0	0	0	3.73944711685	4.32799530029	3.27798843384	1.98707056046	1.02130079269	0.454981863499	0.177027285099	0.0601103827357	0.017670372501	0.00442036660388	0.000909727998078	0.000142817618325	1.32926488732e-05	0	0	0	0	0	0.429120570421	1.71623265743	4.07374000549	7.44198322296	11.2623405457	14.4841995239	15.8644895554	14.5137729645	10.4244308472	4.72062206268
Feb 22 2023 18:04:46	24.4526634216	510.795593262	786.55657959	0.00657549733296	483.832946777	110.469573975	83.1208267212	-	0	0	0	0	0	0	0	0	0	0	0	0	0	0	0	0	0	0	0	0	0	0	0	0	0	0	0	0	0	0	0	1.05431437492	2.15490889549	2.54399681091	2.46498513222	2.12353944778	1.67560613155	1.22621810436	0.835659623146	0.529526412487	0.309805214405	0.164919346571	0.0776039883494	0.030256671831	0.00793737545609	0	0	0	0	0.0314516089857	0.636356115341	2.05239701271	4.45053911209	7.71485137939	11.2906656265	14.2153339386	15.3911514282	14.0516414642	10.1947259903	4.77159690857
Feb 22 2023 18:04:47	23.0298614502	494.694366455	777.684570313	0.00927145686001	465.02557373	92.5106811523	73.0950088501	-	0	0	0	0	0	0	0	0	0	0	0	0	0	0	0	0	0	0	0	0	0	0	0	0	0	0	0	0	0.0963610261679	0.73357129097	1.22860586643	1.58153045177	1.79893612862	1.89289748669	1.87976288795	1.77878379822	1.61077737808	1.39688050747	1.15744936466	0.911124706268	0.674089729786	0.45952385664	0.277244418859	0.133545741439	0.031160261482	0	0	0	0	0.0656186789274	0.757651865482	2.26098799706	4.69338321686	7.8730711937	11.2118806839	13.7931241989	14.6512928009	13.1801176071	9.46547794342	4.40514993668
Feb 22 2023 18:04:48	19.6636447906	513.10925293	780.044372559	0.0105824274942	480.166320801	94.0746841431	70.4578552246	-	0	0	0	0	0	0	0	0	0	0	0	0	0	0	0	0	0	0	0	0	0	0	0	0	0	0	0	0	0	0	0	1.99404489994	3.3726568222	3.41248321533	2.79881095886	2.00290966034	1.28579413891	0.748915553093	0.396999776363	0.191003218293	0.082668364048	0.0316176116467	0.0103079937398	0.00262627913617	0.000368337059626	0	0	0	0	0	0.322438329458	1.53371548653	3.88511943817	7.34309196472	11.3067560196	14.6168556213	15.9279737473	14.3548698425	10.0409221649	4.3370513916
Feb 22 2023 18:04:49	26.6048278809	506.811462402	789.453491211	0.00673584965989	479.892150879	109.106040955	82.5309295654	-	0	0	0	0	0	0	0	0	0	0	0	0	0	0	0	0	0	0	0	0	0	0	0	0	0	0	0	0	0	0	0.688169717789	1.31709098816	1.70946514606	1.89921426773	1.92438828945	1.8242098093	1.63659346104	1.39619898796	1.13303685188	0.871592760086	0.630440890789	0.422277212143	0.254291474819	0.1288164258	0.0441266931593	0	0	0	0	0.0951097756624	0.797942817211	2.25858402252	4.60087394714	7.69172096252	11.0286998749	13.7650060654	14.9219884872	13.7700605392	10.2097187042	4.98038291931
Feb 22 2023 18:04:50	340.325622559	543.815734863	814.38494873	0.0335774868727	561.390930176	505.20501709	81.83253479	-	0	0	0	0	0	0	0	0	0	0	0	0	0	0	0	0	0	0	0	0	0	0	0	0	0	0	0	0	0	0	0	0	0	0	0	0	0	0	0	0	0	0	0	0	0	0	0	0	0	0	0.811977803707	3.09234976768	6.23826217651	9.89521503448	13.4219760895	16.0012512207	16.8490505219	15.4671278	11.8266057968	6.39619159698
Feb 22 2023 18:04:51	23.3527450562	512.85144043	788.208679199	0.00748827960342	484.264465332	107.74571991	80.5839691162	-	0	0	0	0	0	0	0	0	0	0	0	0	0	0	0	0	0	0	0	0	0	0	0	0	0	0	0	0	0	0	0	0.810027480125	2.3759303093	2.86198496819	2.7087700367	2.24538135529	1.69203913212	1.17704892159	0.760007083416	0.455163419247	0.251241564751	0.126074939966	0.055979385972	0.0207253545523	0.00533915031701	0	0	0	0	0.00494047347456	0.553690850735	1.92127168179	4.28687524796	7.55214166641	11.171459198	14.1749248505	15.4416675568	14.1708183289	10.3269014359	4.84960508347
Feb 22 2023 18:04:52	19.6505622864	518.77154541	784.58416748	0.00691668363288	483.194763184	95.4996566772	79.8464889526	-	0	0	0	0	0	0	0	0	0	0	0	0	0	0	0	0	0	0	0	0	0	0	0	0	0	0	0	0	0	0	0	0	3.82855796814	4.58978319168	3.64675855637	2.34199428558	1.28613913059	0.617155730724	0.260777294636	0.0970151126385	0.0315624475479	0.00884759798646	0.00207635434344	0.000383389182389	4.61588788312e-05	0	0	0	0	0	0.23470056057	1.32251870632	3.54915928841	6.94672775269	10.9784679413	14.4972276688	16.0851593018	14.7186889648	10.4198980331	4.5363535881
Feb 22 2023 18:04:53	331.967376709	534.437561035	808.471862793	0.0470879077911	553.225708008	495.859527588	75.0894699097	-	0	0	0	0	0	0	0	0	0	0	0	0	0	0	0	0	0	0	0	0	0	0	0	0	0	0	0	0	0	0	0	0	0	0	0	0	0	0	0	0	0	0	0	0	0	0	0	0	0	0	1.15414237976	3.57118105888	6.76170349121	10.3297290802	13.6296882629	15.8958997726	16.4437179565	14.8866939545	11.2691144943	6.05812835693
Feb 22 2023 18:04:54	342.672088623	538.268249512	802.565673828	0.0517093911767	556.522216797	503.189727783	73.3448867798	-	0	0	0	0	0	0	0	0	0	0	0	0	0	0	0	0	0	0	0	0	0	0	0	0	0	0	0	0	0	0	0	0	0	0	0	0	0	0	0	0	0	0	0	0	0	0	0	0	0	0	0.625638961792	2.90464305878	6.24776792526	10.2114782333	13.9963731766	16.6164741516	17.2050571442	15.3395357132	11.219745636	5.63328313828
Feb 22 2023 18:04:55	322.209503174	524.929077148	802.575317383	0.0379725620151	544.67791748	485.487579346	78.9788513184	-	0	0	0	0	0	0	0	0	0	0	0	0	0	0	0	0	0	0	0	0	0	0	0	0	0	0	0	0	0	0	0	0	0	0	0	0	0	0	0	0	0	0	0	0	0	0	0	0	0	0.0743962675333	1.6837054491	4.12568950653	7.25288152695	10.657377243	13.7079639435	15.6883640289	15.9924211502	14.3153934479	10.7499809265	5.75182533264
Feb 22 2023 18:04:56	23.3466796875	503.45904541	783.255065918	0.00862278230488	474.605102539	97.5969009399	75.899055481	-	0	0	0	0	0	0	0	0	0	0	0	0	0	0	0	0	0	0	0	0	0	0	0	0	0	0	0	0	0	0.36722779274	1.14148557186	1.64947116375	1.92582833767	2.01115489006	1.94845235348	1.77995896339	1.54465758801	1.27648901939	1.00325667858	0.746148526669	0.519796133041	0.33275526762	0.188291415572	0.0853715017438	0.0197199415416	0	0	0	0	0.0347820818424	0.67500013113	2.1281235218	4.53316497803	7.74280929565	11.1936454773	13.9579114914	15.010632515	13.6536102295	9.89588832855	4.63436555862
Feb 22 2023 18:04:57	334.810913086	537.894348145	810.741760254	0.0398963689804	556.157897949	499.077453613	78.5712814331	-	0	0	0	0	0	0	0	0	0	0	0	0	0	0	0	0	0	0	0	0	0	0	0	0	0	0	0	0	0	0	0	0	0	0	0	0	0	0	0	0	0	0	0	0	0	0	0	0	0	0	1.05305635929	3.41091442108	6.57172060013	10.1595449448	13.5364379883	15.9203128815	16.5863208771	15.100561142	11.4768772125	6.18426561356
Feb 22 2023 18:04:58	22.7838592529	512.610900879	787.207336426	0.00710088852793	488.408325195	110.018325806	81.828994751	-	0	0	0	0	0	0	0	0	0	0	0	0	0	0	0	0	0	0	0	0	0	0	0	0	0	0	0	0	0	0	0	1.0774128437	2.61608052254	2.94519019127	2.57862329483	1.94083344936	1.30111730099	0.78820502758	0.43341806531	0.215864628553	0.096533767879	0.0380674302578	0.0127639304847	0.00333751342259	0.000489263969939	0	0	0	0	0.0376250259578	0.680032074451	2.15180134773	4.60916805267	7.91346073151	11.491232872	14.3806648254	15.5069084167	14.1295175552	10.2499752045	4.80168676376
Feb 22 2023 18:04:59	20.9169254303	517.866088867	791.50982666	0.00743917608634	488.98046875	104.564422607	80.1759033203	-	0	0	0	0	0	0	0	0	0	0	0	0	0	0	0	0	0	0	0	0	0	0	0	0	0	0	0	0	0	0	0	0	3.20495438576	4.0445561409	3.31229305267	2.2010140419	1.26088154316	0.637151420116	0.286379247904	0.114510022104	0.0404696315527	0.0124586690217	0.00324717117473	0.000673801754601	9.25109634409e-05	0	0	0	0	0	0.479318290949	1.79867351055	4.13612174988	7.41823530197	11.1147794724	14.2448139191	15.644618988	14.4543495178	10.5928039551	4.9976143837
Feb 22 2023 18:05:00	19.1258125305	517.678344727	783.641723633	0.00891051720828	481.798706055	93.1647109985	74.2894439697	-	0	0	0	0	0	0	0	0	0	0	0	0	0	0	0	0	0	0	0	0	0	0	0	0	0	0	0	0	0	0	0	0.119248315692	4.34664916992	4.65935468674	3.49863052368	2.16795372963	1.16484260559	0.553253173828	0.233859941363	0.0879204273224	0.0291933808476	0.0084328353405	0.00205723219551	0.000396976887714	4.91768005304e-05	0	0	0	0	0	0.222476392984	1.31259453297	3.55253958702	6.96824169159	11.0097970963	14.5145711899	16.0617599487	14.6512613297	10.3417730331	4.49314403534
Feb 22 2023 18:05:01	22.5320014954	493.21081543	778.630554199	0.00813821516931	462.048126221	83.7996749878	73.6491394043	-	0	0	0	0	0	0	0	0	0	0	0	0	0	0	0	0	0	0	0	0	0	0	0	0	0	0	0.0791685804725	0.411040663719	0.715449333191	0.984551489353	1.21174407005	1.39175760746	1.52082800865	1.59682106972	1.61933064461	1.58969223499	1.51098179817	1.38799774647	1.22723090649	1.03682255745	0.826498687267	0.607471585274	0.392275303602	0.194517925382	0.0283985808492	0	0	0	0	0.10485098511	0.811936438084	2.28618431091	4.64237833023	7.71894168854	10.9753065109	13.5466442108	14.4837884903	13.1362485886	9.50950622559	4.45164728165
Feb 22 2023 18:05:02	21.3340187073	489.158294678	775.946289063	0.00642665987834	456.199432373	81.7329025269	78.1029281616	-	0	0	0	0	0	0	0	0	0	0	0	0	0	0	0	0	0	0	0	0	0	0	0	0	0	0	0	0.228881001472	0.669125676155	1.04024851322	1.33795237541	1.56024456024	1.70739483833	1.78182995319	1.78799629211	1.73213016987	1.62202620506	1.46680414677	1.27668201923	1.06274545193	0.836713254452	0.610686600208	0.396855086088	0.207157254219	0.052772898227	0	0	0	0	0.0726608112454	0.752915740013	2.21717691422	4.58087682724	7.67212438583	10.928071022	13.4643392563	14.3370571136	12.9353637695	9.31632328033	4.3448433876
Feb 22 2023 18:05:03	21.0666027069	500.36026001	775.161376953	0.00903991051018	460.677947998	85.1900634766	71.7670059204	-	0	0	0	0	0	0	0	0	0	0	0	0	0	0	0	0	0	0	0	0	0	0	0	0	0	0	0	0	0	0.648687064648	1.29562103748	1.78495848179	2.10045671463	2.24783992767	2.24578809738	2.12100529671	1.90446186066	1.62827181816	1.32312238216	1.01625204086	0.730010509491	0.480988353491	0.279687702656	0.130732953548	0.033695589751	0	0	0	0	0	0.34715539217	1.52778756618	3.77722120285	7.05448484421	10.7940721512	13.9163703918	15.1634349823	13.6898384094	9.60111045837	4.15694665909
Feb 22 2023 18:05:04	19.8637733459	515.643188477	783.256225586	0.0107264705002	478.049926758	91.2167816162	69.3416519165	-	0	0	0	0	0	0	0	0	0	0	0	0	0	0	0	0	0	0	0	0	0	0	0	0	0	0	0	0	0	0	0	2.16842198372	3.17423725128	3.25459504128	2.8332862854	2.21428489685	1.58865392208	1.05619633198	0.652299463749	0.373241305351	0.196283608675	0.0933635979891	0.038912858814	0.0132022034377	0.00280361319892	0	0	0	0	0	0.225984811783	1.30931651592	3.51914453506	6.87987709045	10.8605127335	14.3319864273	15.896566391	14.5432443619	10.293384552	4.48019981384
Feb 22 2023 18:05:05	20.4568710327	518.486694336	788.648925781	0.00853903125972	484.265441895	98.3355178833	76.356086731	-	0	0	0	0	0	0	0	0	0	0	0	0	0	0	0	0	0	0	0	0	0	0	0	0	0	0	0	0	0	0	0	0.130733385682	3.489153862	4.05249261856	3.38392901421	2.38902950287	1.49807667732	0.850838780403	0.440895497799	0.20849314332	0.0894554331899	0.0343656390905	0.0115131055936	0.00317503442056	0.000605794368312	4.0805439312e-06	0	0	0	0	0.298394083977	1.46060371399	3.70507764816	7.02252292633	10.892244339	14.2560119629	15.815284729	14.6046295166	10.5602006912	4.80226707458
Feb 22 2023 18:05:06	25.1393527985	493.952545166	782.319641113	0.00735536869615	464.059051514	96.5841598511	78.8373718262	-	0	0	0	0	0	0	0	0	0	0	0	0	0	0	0	0	0	0	0	0	0	0	0	0	0	0	0	0	0.102453432977	0.597621619701	1.01458323002	1.34598994255	1.58811664581	1.74082422256	1.80740892887	1.79426932335	1.71050560474	1.56746733189	1.3782646656	1.15724432468	0.919445991516	0.680037081242	0.453713625669	0.254085570574	0.0929436683655	0	0	0	0	0.108773089945	0.840139508247	2.32937216759	4.67645359039	7.71371936798	10.9115581512	13.4340686798	14.3727970123	13.1086940765	9.62967586517	4.66977262497
Feb 22 2023 18:05:07	21.5010948181	501.33782959	780.976257324	0.00702642183751	473.545654297	95.4787597656	79.4960861206	-	0	0	0	0	0	0	0	0	0	0	0	0	0	0	0	0	0	0	0	0	0	0	0	0	0	0	0	0	0	0	1.17229580879	1.97653448582	2.34153556824	2.36930274963	2.16930556297	1.84034466743	1.46203529835	1.09183382988	0.765816390514	0.501817464828	0.303760528564	0.166236653924	0.0786609873176	0.0286220274866	0.00428113201633	0	0	0	0	0.0228829868138	0.684497654438	2.19610238075	4.67525863647	7.9377746582	11.3807182312	14.0623826981	14.9865121841	13.5181026459	9.72916412354	4.53421211243
Feb 22 2023 18:05:08	336.013580322	539.196044922	811.38848877	0.0436869114637	557.26751709	500.384765625	76.8446807861	-	0	0	0	0	0	0	0	0	0	0	0	0	0	0	0	0	0	0	0	0	0	0	0	0	0	0	0	0	0	0	0	0	0	0	0	0	0	0	0	0	0	0	0	0	0	0	0	0	0	0	1.01661109924	3.33441638947	6.48107624054	10.089507103	13.5152702332	15.9549322128	16.660112381	15.1841697693	11.5438966751	6.22000837326
Feb 22 2023 18:05:09	22.1486339569	504.941741943	783.9140625	0.00858781859279	475.171630859	96.7578964233	75.8367767334	-	0	0	0	0	0	0	0	0	0	0	0	0	0	0	0	0	0	0	0	0	0	0	0	0	0	0	0	0	0	0	0.993992388248	1.82624852657	2.24986243248	2.34744000435	2.2128226757	1.93423426151	1.58617699146	1.22584664822	0.892619490623	0.609631419182	0.386628985405	0.223389878869	0.113157197833	0.0457131899893	0.00986310373992	0	0	0	0	0.00636452808976	0.60158765316	2.03027486801	4.43293046951	7.66808605194	11.1686553955	13.9912347794	15.0871162415	13.7388248444	9.95715522766	4.66015434265
Feb 22 2023 18:05:10	338.264160156	541.529296875	812.838195801	0.0403515584767	559.357055664	502.864013672	78.5000686646	-	0	0	0	0	0	0	0	0	0	0	0	0	0	0	0	0	0	0	0	0	0	0	0	0	0	0	0	0	0	0	0	0	0	0	0	0	0	0	0	0	0	0	0	0	0	0	0	0	0	0	0.907622396946	3.20514035225	6.35365390778	9.9920463562	13.4752016068	15.9888029099	16.763589859	15.3282852173	11.6818494797	6.30381917953
Feb 22 2023 18:05:11	19.4456539154	513.292419434	781.175415039	0.0095846792683	477.485076904	91.0605239868	72.0583114624	-	0	0	0	0	0	0	0	0	0	0	0	0	0	0	0	0	0	0	0	0	0	0	0	0	0	0	0	0	0	0	0	2.04916644096	3.4252345562	3.48094582558	2.90349459648	2.13839793205	1.42948138714	0.877296745777	0.495949953794	0.257658571005	0.122031532228	0.0518363080919	0.0191170759499	0.00567461410537	0.0010304216994	0	0	0	0	0	0.267310261726	1.41362011433	3.69707489014	7.10778331757	11.0709609985	14.4395036697	15.8533306122	14.3837022781	10.1198825836	4.38951635361
Feb 22 2023 18:05:12	22.4420337677	509.862854004	785.648803711	0.00804120674729	484.443206787	105.577423096	78.9115066528	-	0	0	0	0	0	0	0	0	0	0	0	0	0	0	0	0	0	0	0	0	0	0	0	0	0	0	0	0	0	0	0	1.76236236095	2.60427260399	2.70574760437	2.38083481789	1.87366116047	1.34789001942	0.8943592906	0.548424422741	0.309738785028	0.159623429179	0.0736828073859	0.0293384455144	0.00918142870069	0.00151357019786	0	0	0	0	0.0248777978122	0.66252297163	2.13925886154	4.60140562057	7.900203228	11.4539451599	14.3020410538	15.3838205338	13.9815731049	10.1183662415	4.73135471344
Feb 22 2023 18:05:13	22.6972827911	508.457519531	784.979919434	0.00598450331017	483.051696777	105.745925903	83.8642196655	-	0	0	0	0	0	0	0	0	0	0	0	0	0	0	0	0	0	0	0	0	0	0	0	0	0	0	0	0	0	0	0	1.74510514736	2.53509879112	2.65180587769	2.3677957058	1.89990925789	1.3987865448	0.953052282333	0.60201716423	0.35134524107	0.187696740031	0.0901118144393	0.0374534651637	0.0122941331938	0.00215706904419	0	0	0	0	0.0347861796618	0.688584983349	2.17800045013	4.64411211014	7.93013143539	11.4525709152	14.2607526779	15.3119878769	13.9031677246	10.0582342148	4.70304250717
Feb 22 2023 18:05:14	333.973968506	538.216674805	811.141601563	0.0339579619467	556.191711426	498.682678223	81.4295654297	-	0	0	0	0	0	0	0	0	0	0	0	0	0	0	0	0	0	0	0	0	0	0	0	0	0	0	0	0	0	0	0	0	0	0	0	0	0	0	0	0	0	0	0	0	0	0	0	0	0	0	1.16307210922	3.44751811028	6.54403400421	10.0933837891	13.4653358459	15.8725757599	16.5754184723	15.1212062836	11.5099277496	6.2075252533
Feb 22 2023 18:05:15	22.3386936188	517.455444336	791.59765625	0.00584130035713	487.894958496	107.151527405	84.4300460815	-	0	0	0	0	0	0	0	0	0	0	0	0	0	0	0	0	0	0	0	0	0	0	0	0	0	0	0	0	0	0	0	0.17334599793	2.77616858482	3.39901781082	3.03794646263	2.32073545456	1.59044408798	0.996875226498	0.575646221638	0.306334167719	0.149394646287	0.0659120753407	0.025640308857	0.00831660069525	0.00190769822802	4.48829305242e-05	0	0	0	0	0.492564320564	1.79584360123	4.10327291489	7.3522644043	11.0293130875	14.166018486	15.5955953598	14.4391078949	10.5962429047	5.00204801559
Feb 22 2023 18:05:16	335.419891357	538.965820313	811.502624512	0.0457120500505	557.026000977	499.941497803	75.8935089111	-	0	0	0	0	0	0	0	0	0	0	0	0	0	0	0	0	0	0	0	0	0	0	0	0	0	0	0	0	0	0	0	0	0	0	0	0	0	0	0	0	0	0	0	0	0	0	0	0	0	0	1.0460203886	3.3720843792	6.51160240173	10.0974311829	13.4944782257	15.9153833389	16.6229038239	15.1662845612	11.5459423065	6.22785949707
Feb 22 2023 18:05:17	18.3605518341	520.360778809	775.44921875	0.00815325789154	478.39074707	87.3892669678	74.8210601807	-	0	0	0	0	0	0	0	0	0	0	0	0	0	0	0	0	0	0	0	0	0	0	0	0	0	0	0	0	0	0	0	0	4.76264333725	5.44293117523	3.88783812523	2.20617508888	1.06074273586	0.442726016045	0.161801666021	0.0517808757722	0.0144099639729	0.00343367876485	0.000679921009578	0.000104908562207	1.0392569493e-05	0	0	0	0	0	0.085736900568	0.914492487907	2.96739888191	6.43563699722	10.8197879791	14.7900924683	16.6046295166	15.0308265686	10.2382183075	4.07791376114
Feb 22 2023 18:05:18	21.7364387512	507.005859375	778.118164063	0.0107182897627	469.157928467	92.0674667358	69.5775909424	-	0	0	0	0	0	0	0	0	0	0	0	0	0	0	0	0	0	0	0	0	0	0	0	0	0	0	0	0	0	0	0.895109891891	1.79823875427	2.29557800293	2.47068881989	2.40733480453	2.18335318565	1.86641705036	1.51160097122	1.1605246067	0.841759026051	0.572178602219	0.358913093805	0.201588660479	0.0946159809828	0.0292850863189	0	0	0	0	0	0.314385026693	1.46357285976	3.70970320702	7.0443444252	10.9079618454	14.178360939	15.524512291	14.0473175049	9.85657215118	4.26608228683
Feb 22 2023 18:05:19	20.0475902557	516.702148438	783.195800781	0.0119676468894	482.359588623	94.6940231323	67.4761276245	-	0	0	0	0	0	0	0	0	0	0	0	0	0	0	0	0	0	0	0	0	0	0	0	0	0	0	0	0	0	0	0	1.9968200922	3.17302680016	3.27227163315	2.78325295448	2.08403420448	1.40926730633	0.869790732861	0.491326719522	0.253265559673	0.118063911796	0.0488820075989	0.01733539626	0.00482943002135	0.000755525776185	0	0	0	0	0	0.276304572821	1.41939032078	3.69376802444	7.10449647903	11.094994545	14.523522377	16.0100688934	14.5834236145	10.2951126099	4.47599554062
Feb 22 2023 18:05:20	344.078857422	546.5078125	815.719909668	0.0846155956388	564.006347656	508.746917725	60.5491294861	-	0	0	0	0	0	0	0	0	0	0	0	0	0	0	0	0	0	0	0	0	0	0	0	0	0	0	0	0	0	0	0	0	0	0	0	0	0	0	0	0	0	0	0	0	0	0	0	0	0	0	0.597480714321	2.89458560944	6.08423137665	9.81250953674	13.4285268784	16.0948581696	17.0036029816	15.6390533447	11.9694623947	6.475689888
Feb 22 2023 18:05:21	19.6410007477	523.507751465	780.78704834	0.00872416142374	486.646911621	96.6750106812	75.5359191895	-	0	0	0	0	0	0	0	0	0	0	0	0	0	0	0	0	0	0	0	0	0	0	0	0	0	0	0	0	0	0	0	0	3.36869764328	4.94654750824	3.80946326256	2.30133867264	1.18773305416	0.539797246456	0.218525990844	0.0789623111486	0.025341892615	0.00713238865137	0.00171613623388	0.000334307260346	4.51205269201e-05	9.77738181973e-07	0	0	0	0	0.171141520143	1.13104557991	3.26247954369	6.69355297089	10.9286050797	14.7402944565	16.5288963318	15.1140775681	10.5397424698	4.40452766418
Feb 22 2023 18:05:22	339.823181152	543.713623047	814.474975586	0.0395622141659	561.233398438	504.868988037	78.9473495483	-	0	0	0	0	0	0	0	0	0	0	0	0	0	0	0	0	0	0	0	0	0	0	0	0	0	0	0	0	0	0	0	0	0	0	0	0	0	0	0	0	0	0	0	0	0	0	0	0	0	0	0.840520203114	3.12282919884	6.25676345825	9.8924074173	13.3991775513	15.9706754684	16.825761795	15.4590768814	11.8305530548	6.40224504471
Feb 22 2023 18:05:23	339.923400879	542.234863281	813.093505859	0.0387840047479	560.211914063	504.265197754	79.2932891846	-	0	0	0	0	0	0	0	0	0	0	0	0	0	0	0	0	0	0	0	0	0	0	0	0	0	0	0	0	0	0	0	0	0	0	0	0	0	0	0	0	0	0	0	0	0	0	0	0	0	0	0.771884143353	3.11622881889	6.31877851486	10.0054807663	13.5206480026	16.0468139648	16.8187465668	15.3721313477	11.7111463547	6.3181438446
Feb 22 2023 18:05:24	328.221069336	529.97277832	805.297851563	0.0487405359745	549.365722656	491.585235596	74.1459960938	-	0	0	0	0	0	0	0	0	0	0	0	0	0	0	0	0	0	0	0	0	0	0	0	0	0	0	0	0	0	0	0	0	0	0	0	0	0	0	0	0	0	0	0	0	0	0	0	0	0	0	1.33182263374	3.78699946404	6.98736286163	10.5202989578	13.7312364578	15.8648996353	16.2723960876	14.6197977066	10.9979305267	5.88725614548
Feb 22 2023 18:05:25	19.4050598145	515.879821777	778.82623291	0.0132188126445	477.252807617	90.2815628052	63.3988189697	-	0	0	0	0	0	0	0	0	0	0	0	0	0	0	0	0	0	0	0	0	0	0	0	0	0	0	0	0	0	0	0	1.6545394659	3.53354096413	3.73156261444	3.12792778015	2.28514194489	1.50426471233	0.904550015926	0.499091535807	0.252279251814	0.115969240665	0.0477434210479	0.0170772857964	0.00495319114998	0.00092256203061	0	0	0	0	0	0.178969979286	1.18636381626	3.37587928772	6.82370281219	10.9812736511	14.6132726669	16.1866836548	14.6432294846	10.1239490509	4.20711135864
Feb 22 2023 18:05:26	21.3975028992	509.234069824	784.512878418	0.0107734361663	471.896575928	92.6467895508	69.625213623	-	0	0	0	0	0	0	0	0	0	0	0	0	0	0	0	0	0	0	0	0	0	0	0	0	0	0	0	0	0	0	0.408667385578	1.81697332859	2.53013658524	2.74070549011	2.61695480347	2.29683089256	1.88623344898	1.46055757999	1.06841397285	0.736532747746	0.475065350533	0.282666891813	0.150944247842	0.0680600628257	0.0213880445808	0	0	0	0	0	0.344897866249	1.53230106831	3.76025319099	6.9905796051	10.7034711838	13.8889369965	15.323559761	14.1019029617	10.1739025116	4.62007665634
Feb 22 2023 18:05:27	18.4306869507	523.450439453	774.189086914	0.00930214487016	476.113494873	84.709197998	71.0469818115	-	0	0	0	0	0	0	0	0	0	0	0	0	0	0	0	0	0	0	0	0	0	0	0	0	0	0	0	0	0	0	0	0	3.79556131363	6.31856775284	4.55869722366	2.52827572823	1.19333815575	0.496227055788	0.18420548737	0.0612270720303	0.0181496441364	0.00474413204938	0.00106901628897	0.000198154652026	2.66938659479e-05	1.26342354179e-06	0	0	0	0	0.0305056069046	0.659524798393	2.49776792526	5.88984203339	10.4489173889	14.7836046219	16.9110450745	15.3640298843	10.3198738098	3.93461251259
Feb 22 2023 18:05:28	343.163146973	544.327209473	813.986206055	0.0661979615688	562.295837402	507.202758789	67.4550170898	-	0	0	0	0	0	0	0	0	0	0	0	0	0	0	0	0	0	0	0	0	0	0	0	0	0	0	0	0	0	0	0	0	0	0	0	0	0	0	0	0	0	0	0	0	0	0	0	0	0	0	0.588113188744	2.93717646599	6.18348789215	9.9463224411	13.5495452881	16.148815155	16.958278656	15.5077676773	11.8114414215	6.36905050278
Feb 22 2023 18:05:29	18.5797519684	518.954772949	784.865478516	0.0100388946012	483.577514648	90.3876419067	70.7657165527	-	0	0	0	0	0	0	0	0	0	0	0	0	0	0	0	0	0	0	0	0	0	0	0	0	0	0	0	0	0	0	0	2.02671694756	4.00425338745	3.85065865517	2.88612484932	1.85081040859	1.04968440533	0.533606946468	0.244114622474	0.100273787975	0.0366720743477	0.0117375152186	0.00317730405368	0.000671352434438	8.20167260827e-05	0	0	0	0	0	0.228830605745	1.332015872	3.57557797432	6.97670507431	10.9951105118	14.4966411591	16.0805511475	14.7260713577	10.4392337799	4.5506772995
Feb 22 2023 18:05:30	352.000915527	552.424743652	818.443969727	0.0414542332292	569.644958496	516.329772949	78.4923248291	-	0	0	0	0	0	0	0	0	0	0	0	0	0	0	0	0	0	0	0	0	0	0	0	0	0	0	0	0	0	0	0	0	0	0	0	0	0	0	0	0	0	0	0	0	0	0	0	0	0	0	0.232280954719	2.46595716476	5.69605588913	9.57346248627	13.4120016098	16.3034133911	17.3629779816	16.0301780701	12.2813062668	6.64236545563
Feb 22 2023 18:05:31	331.928741455	536.426879883	810.257324219	0.0370359420776	554.610961914	496.744659424	79.8571853638	-	0	0	0	0	0	0	0	0	0	0	0	0	0	0	0	0	0	0	0	0	0	0	0	0	0	0	0	0	0	0	0	0	0	0	0	0	0	0	0	0	0	0	0	0	0	0	0	0	0	0	1.24290311337	3.56421089172	6.66257429123	10.1740970612	13.4797496796	15.8172950745	16.4730358124	15.0080089569	11.4192094803	6.15891647339
Feb 22 2023 18:05:32	354.605957031	565.112976074	830.693725586	0.0479190424085	579.276306152	523.556274414	75.8763580322	-	0	0	0	0	0	0	0	0	0	0	0	0	0	0	0	0	0	0	0	0	0	0	0	0	0	0	0	0	0	0	0	0	0	0	0	0	0	0	0	0	0	0	0	0	0	0	0	0	0	0	0.55571192503	2.405200243	5.20251274109	8.75601387024	12.5371398926	15.7207946777	17.3608970642	16.6711769104	13.3021059036	7.48844575882
Feb 22 2023 18:05:33	328.074249268	535.024353027	809.906860352	0.0421992987394	552.827453613	493.582550049	77.2640457153	-	0	0	0	0	0	0	0	0	0	0	0	0	0	0	0	0	0	0	0	0	0	0	0	0	0	0	0	0	0	0	0	0	0	0	0	0	0	0	0	0	0	0	0	0	0	0	0	0	0	0.102626673877	1.49659669399	3.72770357132	6.7161026001	10.1261482239	13.3640499115	15.6784982681	16.3503684998	14.9230899811	11.3734722137	6.14134597778
Feb 22 2023 18:05:34	327.584838867	532.022521973	807.5	0.0430842451751	550.721069336	492.181060791	76.7896270752	-	0	0	0	0	0	0	0	0	0	0	0	0	0	0	0	0	0	0	0	0	0	0	0	0	0	0	0	0	0	0	0	0	0	0	0	0	0	0	0	0	0	0	0	0	0	0	0	0	0	0	1.46864831448	3.80998706818	6.89235019684	10.3434534073	13.5439682007	15.7477169037	16.27759552	14.7409753799	11.1674203873	6.00789499283
Feb 22 2023 18:05:35	340.576324463	543.218994141	813.511108398	0.0560142062604	560.950744629	505.030059814	71.5636291504	-	0	0	0	0	0	0	0	0	0	0	0	0	0	0	0	0	0	0	0	0	0	0	0	0	0	0	0	0	0	0	0	0	0	0	0	0	0	0	0	0	0	0	0	0	0	0	0	0	0	0	0.788681328297	3.07452130318	6.2409954071	9.92924022675	13.4829092026	16.0637683868	16.8771686554	15.4402074814	11.7612829208	6.34122419357
Feb 22 2023 18:05:36	318.950286865	512.68951416	787.202148438	0.0292362365872	534.393371582	477.510009766	83.1321029663	-	0	0	0	0	0	0	0	0	0	0	0	0	0	0	0	0	0	0	0	0	0	0	0	0	0	0	0	0	0	0	0	0	0	0	0	0	0	0	0	0	0	0	0	0	0	0	0	0	0	0	1.66679346561	4.41080093384	7.82975387573	11.3955602646	14.3812923431	16.0418376923	15.8407182693	13.6486825943	9.80110263824	4.98345899582
Feb 22 2023 18:05:37	20.7148609161	510.196289063	783.142028809	0.00803355500102	476.842102051	95.4543838501	76.9636154175	-	0	0	0	0	0	0	0	0	0	0	0	0	0	0	0	0	0	0	0	0	0	0	0	0	0	0	0	0	0	0	0	1.66099762917	2.9742898941	3.20140528679	2.84184241295	2.24319148064	1.61968791485	1.08248591423	0.672099590302	0.386932432652	0.205016314983	0.0984572097659	0.041576705873	0.0144070424139	0.00324100791477	0	0	0	0	0	0.388128608465	1.65312945843	3.98948860168	7.32753372192	11.0931081772	14.2288389206	15.5149478912	14.1184043884	10.0889568329	4.55182218552
Feb 22 2023 18:05:38	22.2112064362	513.229125977	788.302185059	0.00663410685956	484.532287598	106.290168762	82.3828430176	-	0	0	0	0	0	0	0	0	0	0	0	0	0	0	0	0	0	0	0	0	0	0	0	0	0	0	0	0	0	0	0	0.243102133274	2.80394554138	3.40445780754	3.03332686424	2.31299614906	1.58299601078	0.991020619869	0.571575582027	0.303756713867	0.147891581059	0.0651031211019	0.025240637362	0.00813794601709	0.00183767767157	2.25854910241e-05	0	0	0	0.00126653525513	0.541277706623	1.90752971172	4.27717494965	7.55098819733	11.1814107895	14.1950712204	15.4663133621	14.1919822693	10.3386917114	4.8528842926
Feb 22 2023 18:05:39	331.156921387	532.738952637	806.905212402	0.04400036484	551.826660156	494.566894531	76.4596633911	-	0	0	0	0	0	0	0	0	0	0	0	0	0	0	0	0	0	0	0	0	0	0	0	0	0	0	0	0	0	0	0	0	0	0	0	0	0	0	0	0	0	0	0	0	0	0	0	0	0	0	1.17465567589	3.61600828171	6.83329248428	10.4174890518	13.7083854675	15.9323530197	16.412525177	14.789522171	11.1450414658	5.9707274437
Feb 22 2023 18:05:40	21.7422084808	520.552856445	789.485229492	0.00988986715674	489.392456055	103.398872375	74.2784042358	-	0	0	0	0	0	0	0	0	0	0	0	0	0	0	0	0	0	0	0	0	0	0	0	0	0	0	0	0	0	0	0	1.20739603043	2.79924917221	3.11004471779	2.740203619	2.10852909088	1.46613454819	0.934240758419	0.548107266426	0.295648872852	0.145566165447	0.0644378513098	0.0248866062611	0.00783290714025	0.00159973057453	0	0	0	0	0	0.374547243118	1.58403372765	3.85548138618	7.17559814453	11.0324296951	14.3844442368	15.9396429062	14.7186145782	10.6426820755	4.83864879608
Feb 22 2023 18:05:41	338.995666504	542.247009277	813.264465332	0.0458487309515	560.002746582	503.640045166	75.9858703613	-	0	0	0	0	0	0	0	0	0	0	0	0	0	0	0	0	0	0	0	0	0	0	0	0	0	0	0	0	0	0	0	0	0	0	0	0	0	0	0	0	0	0	0	0	0	0	0	0	0	0	0.875380456448	3.16323757172	6.31165933609	9.96126937866	13.4645195007	16.0015697479	16.7969665527	15.3729915619	11.7237110138	6.32869625092
Feb 22 2023 18:05:42	19.2677898407	520.306884766	782.408935547	0.0106667401269	484.728088379	95.0882568359	70.5594482422	-	0	0	0	0	0	0	0	0	0	0	0	0	0	0	0	0	0	0	0	0	0	0	0	0	0	0	0	0	0	0	0	0	3.76344203949	5.06954431534	3.72646403313	2.16381263733	1.07674241066	0.472749769688	0.18516227603	0.0648098215461	0.0201684627682	0.00550875114277	0.00128720444627	0.000243601360125	3.19204846164e-05	6.48456762065e-07	0	0	0	0	0.221241027117	1.28525400162	3.49423742294	6.89939928055	10.9715051651	14.5463705063	16.1743392944	14.8109960556	10.4840393066	4.56265068054
Feb 22 2023 18:05:43	19.7781867981	516.363220215	782.770751953	0.0125284129754	481.655181885	95.2717437744	66.4433288574	-	0	0	0	0	0	0	0	0	0	0	0	0	0	0	0	0	0	0	0	0	0	0	0	0	0	0	0	0	0	0	0	0.609592437744	3.66592478752	4.12729644775	3.35129356384	2.27216124535	1.34768128395	0.712365269661	0.337750345469	0.143514275551	0.0542503297329	0.0179566834122	0.00504355505109	0.00112045987044	0.000156473819516	0	0	0	0	0	0.262144595385	1.39246356487	3.66652274132	7.09278726578	11.1044597626	14.5411701202	16.013458252	14.5621595383	10.2624845505	4.45624351501
Feb 22 2023 18:05:44	346.446166992	547.842529297	816.139038086	0.0400240756571	565.356140137	510.735931396	78.9474639893	-	0	0	0	0	0	0	0	0	0	0	0	0	0	0	0	0	0	0	0	0	0	0	0	0	0	0	0	0	0	0	0	0	0	0	0	0	0	0	0	0	0	0	0	0	0	0	0	0	0	0	0.480756491423	2.76684117317	5.9836025238	9.76996421814	13.4558334351	16.1781482697	17.1088790894	15.7301158905	12.0263319016	6.49953651428
Feb 22 2023 18:05:45	21.9848690033	478.725769043	750.969604492	0.00909647531807	457.143676758	83.8805923462	70.9712600708	-	0	0	0	0	0	0	0	0	0	0	0	0	0	0	0	0	0	0	0	0	0	0	0	0	0	0	0.213770702481	0.574868261814	0.882535159588	1.12855172157	1.30816102028	1.41998457909	1.46589064598	1.45068788528	1.38169491291	1.26816737652	1.12068760395	0.950540602207	0.769112467766	0.587332248688	0.415168046951	0.261191129684	0.132209271193	0.0329850465059	0	0	0	0	0	0.184538081288	1.09779560566	2.94536519051	5.77944993973	9.24731254578	12.5419874191	14.6167640686	14.6026983261	12.2388515472	8.06396865845	3.31773972511
Feb 22 2023 18:05:46	354.64175415	567.707519531	832.358337402	0.0187877658755	580.899414063	524.470153809	89.7583312988	-	0	0	0	0	0	0	0	0	0	0	0	0	0	0	0	0	0	0	0	0	0	0	0	0	0	0	0	0	0	0	0	0	0	0	0	0	0	0	0	0	0	0	0	0	0	0	0	0	0	0	0.721911787987	2.42091202736	5.06686401367	8.52718639374	12.3174715042	15.6096849442	17.4030857086	16.8321075439	13.4905519485	7.61022663116
Feb 22 2023 18:05:47	333.139251709	538.475708008	811.416320801	0.0282157957554	556.172485352	498.261077881	84.2956619263	-	0	0	0	0	0	0	0	0	0	0	0	0	0	0	0	0	0	0	0	0	0	0	0	0	0	0	0	0	0	0	0	0	0	0	0	0	0	0	0	0	0	0	0	0	0	0	0	0	0	0	1.2796061039	3.47956228256	6.50690937042	10.0241556168	13.403383255	15.8396530151	16.5725841522	15.1377897263	11.5326929092	6.22367429733
Feb 22 2023 18:05:48	336.165496826	540.002319336	812.065551758	0.0455264598131	557.860778809	500.834228516	76.0158996582	-	0	0	0	0	0	0	0	0	0	0	0	0	0	0	0	0	0	0	0	0	0	0	0	0	0	0	0	0	0	0	0	0	0	0	0	0	0	0	0	0	0	0	0	0	0	0	0	0	0	0	1.04338467121	3.32252430916	6.43652677536	10.0300292969	13.4642381668	15.9326705933	16.6763057709	15.2322692871	11.6022748947	6.25977802277
Feb 22 2023 18:05:49	335.015380859	535.643737793	805.770568848	0.0628305971622	553.946105957	497.748474121	68.3306732178	-	0	0	0	0	0	0	0	0	0	0	0	0	0	0	0	0	0	0	0	0	0	0	0	0	0	0	0	0	0	0	0	0	0	0	0	0	0	0	0	0	0	0	0	0	0	0	0	0	0	0	1.05745410919	3.37550187111	6.5743432045	10.2553863525	13.7240018845	16.1316127777	16.715877533	15.0587081909	11.2446260452	5.86248874664
Feb 22 2023 18:05:50	22.3893985748	511.396453857	786.58001709	0.0095785278827	486.281555176	106.27520752	75.5586547852	-	0	0	0	0	0	0	0	0	0	0	0	0	0	0	0	0	0	0	0	0	0	0	0	0	0	0	0	0	0	0	0	1.72572696209	2.64193749428	2.74030613899	2.38189744949	1.84105503559	1.29532706738	0.83757853508	0.498863250017	0.272790700197	0.135686844587	0.0602633468807	0.0230147130787	0.00688698841259	0.00108361046296	0	0	0	0	0.0226936079562	0.653144836426	2.12172198296	4.57952594757	7.88444519043	11.4581651688	14.3363800049	15.4485445023	14.0642728806	10.1950054169	4.77368164063
Feb 22 2023 18:05:51	335.651153564	540.125793457	812.514221191	0.0505534596741	557.896728516	500.622436523	73.7390594482	-	0	0	0	0	0	0	0	0	0	0	0	0	0	0	0	0	0	0	0	0	0	0	0	0	0	0	0	0	0	0	0	0	0	0	0	0	0	0	0	0	0	0	0	0	0	0	0	0	0	0	1.0706795454	3.35741567612	6.45698547363	10.0187759399	13.4211301804	15.878818512	16.6417999268	15.2345600128	11.6321306229	6.2877035141
Feb 22 2023 18:05:52	366.977813721	567.543823242	821.155700684	0.0495060831308	581.551391602	530.905639648	75.4850692749	-	0	0	0	0	0	0	0	0	0	0	0	0	0	0	0	0	0	0	0	0	0	0	0	0	0	0	0	0	0	0	0	0	0	0	0	0	0	0	0	0	0	0	0	0	0	0	0	0	0	0	0.178537786007	1.759578228	4.58149051666	8.48144817352	12.829615593	16.5453681946	18.3700466156	17.3318481445	13.1996498108	6.7224187851
Feb 22 2023 18:05:53	367.733398438	569.981323242	826.044128418	0.068143479526	584.059875488	533.004821777	68.0055007935	-	0	0	0	0	0	0	0	0	0	0	0	0	0	0	0	0	0	0	0	0	0	0	0	0	0	0	0	0	0	0	0	0	0	0	0	0	0	0	0	0	0	0	0	0	0	0	0	0	0	0	0.110086843371	1.73902547359	4.57326698303	8.4326877594	12.7054405212	16.3646659851	18.2203788757	17.3367977142	13.4319944382	7.08565330505
Feb 22 2023 18:05:54	22.2044792175	495.792114258	780.147338867	0.0101691819727	462.422698975	86.3359451294	69.1301116943	-	0	0	0	0	0	0	0	0	0	0	0	0	0	0	0	0	0	0	0	0	0	0	0	0	0	0	0	0.0580222457647	0.470782309771	0.882732570171	1.24321091175	1.53030478954	1.73268783092	1.84621047974	1.87251925468	1.81807041168	1.69326770306	1.51161634922	1.28886830807	1.0421435833	0.789037227631	0.546715259552	0.331011861563	0.155645832419	0.0322535559535	0	0	0	0	0.0385382138193	0.665265858173	2.07620215416	4.40720272064	7.51909399033	10.8699941635	13.5611162186	14.5937337875	13.2824468613	9.63064098358	4.51067638397
Feb 22 2023 18:05:55	351.409545898	559.988586426	827.18145752	0.0614277645946	575.120056152	519.339050293	69.9930953979	-	0	0	0	0	0	0	0	0	0	0	0	0	0	0	0	0	0	0	0	0	0	0	0	0	0	0	0	0	0	0	0	0	0	0	0	0	0	0	0	0	0	0	0	0	0	0	0	0	0	0	0.578143119812	2.54451060295	5.44712400436	9.04851055145	12.7807359695	15.8121242523	17.2403717041	16.3680305481	12.9403476715	7.24010324478
Feb 22 2023 18:05:56	354.451049805	563.469482422	829.217102051	0.0454537421465	578.098693848	522.760559082	76.9310073853	-	0	0	0	0	0	0	0	0	0	0	0	0	0	0	0	0	0	0	0	0	0	0	0	0	0	0	0	0	0	0	0	0	0	0	0	0	0	0	0	0	0	0	0	0	0	0	0	0	0	0	0.499084442854	2.40275216103	5.26103878021	8.86320877075	12.6591291428	15.8089847565	17.3704967499	16.5889072418	13.1658191681	7.38057851791
Feb 22 2023 18:05:57	335.468688965	538.977478027	811.36541748	0.0491261743009	557.010620117	499.95703125	74.3466567993	-	0	0	0	0	0	0	0	0	0	0	0	0	0	0	0	0	0	0	0	0	0	0	0	0	0	0	0	0	0	0	0	0	0	0	0	0	0	0	0	0	0	0	0	0	0	0	0	0	0	0	1.04783082008	3.36810064316	6.50523519516	10.0928945541	13.4962244034	15.9246740341	16.6345062256	15.1714696884	11.5403289795	6.21873569489
Feb 22 2023 18:05:58	331.565673828	535.152954102	809.255981445	0.0429398417473	553.661682129	495.960449219	77.0126953125	-	0	0	0	0	0	0	0	0	0	0	0	0	0	0	0	0	0	0	0	0	0	0	0	0	0	0	0	0	0	0	0	0	0	0	0	0	0	0	0	0	0	0	0	0	0	0	0	0	0	0	1.21791422367	3.58947896957	6.73070526123	10.2617521286	13.5526638031	15.8435974121	16.4396362305	14.9298038483	11.3320026398	6.10245752335
Feb 22 2023 18:05:59	326.502838135	530.187194824	806.088623047	0.0652216523886	549.220092773	490.693725586	66.9639129639	-	0	0	0	0	0	0	0	0	0	0	0	0	0	0	0	0	0	0	0	0	0	0	0	0	0	0	0	0	0	0	0	0	0	0	0	0	0	0	0	0	0	0	0	0	0	0	0	0	0	0	1.49516999722	3.88149738312	6.98990154266	10.4392938614	13.6074047089	15.7540435791	16.2184123993	14.632598877	11.0501050949	5.93157196045
Feb 22 2023 18:06:00	349.285400391	558.777770996	826.76763916	0.0642740428448	573.852600098	517.436279297	68.7506027222	-	0	0	0	0	0	0	0	0	0	0	0	0	0	0	0	0	0	0	0	0	0	0	0	0	0	0	0	0	0	0	0	0	0	0	0	0	0	0	0	0	0	0	0	0	0	0	0	0	0	0	0.691379010677	2.65615797043	5.53282928467	9.08635520935	12.7609910965	15.7439947128	17.1492671967	16.2833423615	12.8823566437	7.21332597733
Feb 22 2023 18:06:01	333.846893311	537.070861816	810.382995605	0.0508407317102	555.428649902	498.149719238	73.4992523193	-	0	0	0	0	0	0	0	0	0	0	0	0	0	0	0	0	0	0	0	0	0	0	0	0	0	0	0	0	0	0	0	0	0	0	0	0	0	0	0	0	0	0	0	0	0	0	0	0	0	0	1.09952235222	3.46477937698	6.62210273743	10.1935806274	13.5422172546	15.8935117722	16.5360622406	15.0462341309	11.4368152618	6.16517353058
Feb 22 2023 18:06:02	357.340789795	563.510986328	823.124938965	0.0559660494328	577.459472656	523.602722168	72.4414291382	-	0	0	0	0	0	0	0	0	0	0	0	0	0	0	0	0	0	0	0	0	0	0	0	0	0	0	0	0	0	0	0	0	0	0	0	0	0	0	0	0	0	0	0	0	0	0	0	0	0	0	0.521231353283	2.24494743347	5.03525209427	8.72163963318	12.7313661575	16.1206302643	17.7935218811	16.8710517883	13.0641040802	6.89625644684
Feb 22 2023 18:06:03	346.24520874	556.213500977	822.458374023	0.039652235806	570.818603516	513.959228516	79.2372741699	-	0	0	0	0	0	0	0	0	0	0	0	0	0	0	0	0	0	0	0	0	0	0	0	0	0	0	0	0	0	0	0	0	0	0	0	0	0	0	0	0	0	0	0	0	0	0	0	0	0	0	0.936709821224	2.79502367973	5.58266687393	9.09317398071	12.7763109207	15.7899875641	17.1940097809	16.2470321655	12.6894207001	6.89566373825
Feb 22 2023 18:06:04	346.939575195	558.446594238	827.097290039	0.048400349915	573.145751953	515.814575195	75.348815918	-	0	0	0	0	0	0	0	0	0	0	0	0	0	0	0	0	0	0	0	0	0	0	0	0	0	0	0	0	0	0	0	0	0	0	0	0	0	0	0	0	0	0	0	0	0	0	0	0	0	0	0.857286632061	2.77956151962	5.58458471298	9.05453681946	12.6622228622	15.6222238541	17.0563392639	16.2491207123	12.8966417313	7.23748350143
Feb 22 2023 18:06:05	360.53237915	564.41973877	823.03918457	0.0595283359289	578.70123291	525.914306641	71.0777130127	-	0	0	0	0	0	0	0	0	0	0	0	0	0	0	0	0	0	0	0	0	0	0	0	0	0	0	0	0	0	0	0	0	0	0	0	0	0	0	0	0	0	0	0	0	0	0	0	0	0	0	0.361582905054	2.08355474472	4.92686462402	8.70514583588	12.8117856979	16.260093689	17.928730011	16.9513988495	13.0829362869	6.88791561127
Feb 22 2023 18:06:06	368.363616943	569.113098145	825.002380371	0.0437429845333	583.582702637	533.03326416	78.0750274658	-	0	0	0	0	0	0	0	0	0	0	0	0	0	0	0	0	0	0	0	0	0	0	0	0	0	0	0	0	0	0	0	0	0	0	0	0	0	0	0	0	0	0	0	0	0	0	0	0	0	0	0.0517566800117	1.68618059158	4.56831550598	8.49213409424	12.8127393723	16.4706172943	18.2671298981	17.298210144	13.3399085999	7.01300859451
Feb 22 2023 18:06:07	345.20123291	541.331848145	804.892883301	0.0487976931036	559.206970215	506.127593994	74.7637710571	-	0	0	0	0	0	0	0	0	0	0	0	0	0	0	0	0	0	0	0	0	0	0	0	0	0	0	0	0	0	0	0	0	0	0	0	0	0	0	0	0	0	0	0	0	0	0	0	0	0	0	0.542338609695	2.77263140678	6.08432531357	10.0527734756	13.8935279846	16.6158752441	17.3213863373	15.5380725861	11.4232521057	5.75582551956
Feb 22 2023 18:06:08	365.003387451	570.462402344	829.98840332	0.0554437413812	584.470825195	532.015869141	73.0292663574	-	0	0	0	0	0	0	0	0	0	0	0	0	0	0	0	0	0	0	0	0	0	0	0	0	0	0	0	0	0	0	0	0	0	0	0	0	0	0	0	0	0	0	0	0	0	0	0	0	0	0	0.159262731671	1.89816594124	4.73429346085	8.48346042633	12.5768108368	16.083896637	17.9190711975	17.1906929016	13.5531139374	7.40122365952
Feb 22 2023 18:06:09	409.13067627	577.671813965	782.222229004	0.0592549480498	588.737426758	553.209777832	72.3995361328	-	0	0	0	0	0	0	0	0	0	0	0	0	0	0	0	0	0	0	0	0	0	0	0	0	0	0	0	0	0	0	0	0	0	0	0	0	0	0	0	0	0	0	0	0	0	0	0	0	0	0	0	0.27570399642	1.93429720402	6.0430021286	12.5907049179	19.4650783539	22.9804000854	20.3823108673	12.4869346619	3.84157085419
Feb 22 2023 18:06:10	367.849456787	565.98425293	816.674316406	0.0379416905344	579.926391602	530.16607666	80.5863647461	-	0	0	0	0	0	0	0	0	0	0	0	0	0	0	0	0	0	0	0	0	0	0	0	0	0	0	0	0	0	0	0	0	0	0	0	0	0	0	0	0	0	0	0	0	0	0	0	0	0	0	0.197506725788	1.70214867592	4.50483798981	8.47512149811	12.9582853317	16.789024353	18.606595993	17.3951873779	12.9984512329	6.37284231186
Feb 22 2023 18:06:11	399.24597168	579.66986084	802.729614258	0.0759879052639	591.409240723	551.251037598	65.9903793335	-	0	0	0	0	0	0	0	0	0	0	0	0	0	0	0	0	0	0	0	0	0	0	0	0	0	0	0	0	0	0	0	0	0	0	0	0	0	0	0	0	0	0	0	0	0	0	0	0	0	0	0	0.503376066685	2.56746983528	6.70352125168	12.521894455	18.2741909027	21.3338699341	19.6533107758	13.3274793625	5.11488819122
Feb 22 2023 18:06:12	406.570709229	582.896972656	797.215209961	0.120989315212	594.461853027	556.151977539	51.8941116333	-	0	0	0	0	0	0	0	0	0	0	0	0	0	0	0	0	0	0	0	0	0	0	0	0	0	0	0	0	0	0	0	0	0	0	0	0	0	0	0	0	0	0	0	0	0	0	0	0	0	0	0	0.309709876776	2.15149736404	6.23776865005	12.3013458252	18.5042591095	21.9124794006	20.1880016327	13.4633932114	4.93154525757
Feb 22 2023 18:06:13	399.956390381	577.622131348	797.279052734	0.120240695775	589.318054199	550.105957031	51.731754303	-	0	0	0	0	0	0	0	0	0	0	0	0	0	0	0	0	0	0	0	0	0	0	0	0	0	0	0	0	0	0	0	0	0	0	0	0	0	0	0	0	0	0	0	0	0	0	0	0	0	0	0	0.472329378128	2.50034785271	6.68846988678	12.6693887711	18.5899238586	21.6393032074	19.6883468628	13.012257576	4.73964309692
Feb 22 2023 18:06:14	392.312866211	581.057922363	815.123535156	0.0900172889233	593.236633301	549.641784668	61.0266456604	-	0	0	0	0	0	0	0	0	0	0	0	0	0	0	0	0	0	0	0	0	0	0	0	0	0	0	0	0	0	0	0	0	0	0	0	0	0	0	0	0	0	0	0	0	0	0	0	0	0	0	0	0.714881300926	3.04731011391	7.12236261368	12.4131422043	17.4590492249	20.2365837097	19.0982723236	13.8122844696	6.09611320496
Feb 22 2023 18:06:15	389.5050354	575.122497559	807.488037109	0.0630885586143	587.771179199	544.761474609	70.5230026245	-	0	0	0	0	0	0	0	0	0	0	0	0	0	0	0	0	0	0	0	0	0	0	0	0	0	0	0	0	0	0	0	0	0	0	0	0	0	0	0	0	0	0	0	0	0	0	0	0	0	0	0	0.783423304558	3.18083977699	7.38691091537	12.8101911545	17.8516750336	20.3875465393	18.8362560272	13.2161188126	5.54703903198
Feb 22 2023 18:06:16	395.593078613	575.957519531	800.283996582	0.109876178205	588.077575684	547.498352051	54.5982551575	-	0	0	0	0	0	0	0	0	0	0	0	0	0	0	0	0	0	0	0	0	0	0	0	0	0	0	0	0	0	0	0	0	0	0	0	0	0	0	0	0	0	0	0	0	0	0	0	0	0	0	0	0.583823502064	2.77072572708	7.00216150284	12.7927360535	18.35896492	21.1620121002	19.3188419342	13.0258646011	4.9848818779
Feb 22 2023 18:06:17	359.666870117	560.655151367	817.188049316	0.0780555680394	575.272705078	523.273864746	63.7682304382	-	0	0	0	0	0	0	0	0	0	0	0	0	0	0	0	0	0	0	0	0	0	0	0	0	0	0	0	0	0	0	0	0	0	0	0	0	0	0	0	0	0	0	0	0	0	0	0	0	0	0	0.374027699232	2.09030032158	4.98629760742	8.86055183411	13.055809021	16.5148124695	18.0651836395	16.8548183441	12.738451004	6.45975780487
Feb 22 2023 18:06:18	366.75402832	574.165466309	835.267272949	0.0739476755261	588.022277832	535.379638672	65.9307632446	-	0	0	0	0	0	0	0	0	0	0	0	0	0	0	0	0	0	0	0	0	0	0	0	0	0	0	0	0	0	0	0	0	0	0	0	0	0	0	0	0	0	0	0	0	0	0	0	0	0	0	0.0365683324635	1.84494054317	4.68473100662	8.38401699066	12.4083185196	15.8886795044	17.7991657257	17.2616119385	13.8616037369	7.83037233353
Feb 22 2023 18:06:19	429.300323486	582.391967773	768.803161621	0.10435231775	591.559265137	563.449645996	57.2135391235	-	0	0	0	0	0	0	0	0	0	0	0	0	0	0	0	0	0	0	0	0	0	0	0	0	0	0	0	0	0	0	0	0	0	0	0	0	0	0	0	0	0	0	0	0	0	0	0	0	0	0	0	0.0341055691242	0.795335531235	4.14149713516	11.5651388168	21.0324649811	26.307800293	22.2973098755	11.4812469482	2.34510111809
Feb 22 2023 18:06:20	392.874603271	572.37298584	797.434936523	0.0965976938605	584.948913574	544.211975098	58.5518226624	-	0	0	0	0	0	0	0	0	0	0	0	0	0	0	0	0	0	0	0	0	0	0	0	0	0	0	0	0	0	0	0	0	0	0	0	0	0	0	0	0	0	0	0	0	0	0	0	0	0	0	0	0.639077723026	2.92610025406	7.25680351257	13.0609645844	18.4945487976	21.0586662292	19.0170650482	12.7105894089	4.83618211746
Feb 22 2023 18:06:21	371.24041748	561.430969238	805.741333008	0.127995401621	575.991027832	529.110961914	48.2113647461	-	0	0	0	0	0	0	0	0	0	0	0	0	0	0	0	0	0	0	0	0	0	0	0	0	0	0	0	0	0	0	0	0	0	0	0	0	0	0	0	0	0	0	0	0	0	0	0	0	0	0	0.0887686014175	1.45451974869	4.33151674271	8.5982131958	13.4631109238	17.5062789917	19.1552944183	17.408618927	12.4072360992	5.58643960953
Feb 22 2023 18:06:22	365.496154785	569.652770996	826.300537109	0.0615959092975	583.326171875	531.340332031	70.4947662354	-	0	0	0	0	0	0	0	0	0	0	0	0	0	0	0	0	0	0	0	0	0	0	0	0	0	0	0	0	0	0	0	0	0	0	0	0	0	0	0	0	0	0	0	0	0	0	0	0	0	0	0.246893823147	1.86676955223	4.63867616653	8.41465473175	12.6160030365	16.2464046478	18.126285553	17.2984752655	13.4409275055	7.10491228104
Feb 22 2023 18:06:23	340.177856445	542.652099609	813.401672363	0.0643466264009	560.551635742	504.5909729	68.0661621094	-	0	0	0	0	0	0	0	0	0	0	0	0	0	0	0	0	0	0	0	0	0	0	0	0	0	0	0	0	0	0	0	0	0	0	0	0	0	0	0	0	0	0	0	0	0	0	0	0	0	0	0.778450667858	3.09969139099	6.28846073151	9.97637271881	13.5047750473	16.0476875305	16.8337516785	15.396197319	11.7377614975	6.33685207367
Feb 22 2023 18:06:24	354.328094482	562.654785156	828.884521484	0.0790715068579	577.610290527	522.438232422	63.348941803	-	0	0	0	0	0	0	0	0	0	0	0	0	0	0	0	0	0	0	0	0	0	0	0	0	0	0	0	0	0	0	0	0	0	0	0	0	0	0	0	0	0	0	0	0	0	0	0	0	0	0	0.445416480303	2.4037027359	5.31350278854	8.94318675995	12.7268209457	15.8291044235	17.3363380432	16.5276546478	13.1156129837	7.35866117477
Feb 22 2023 18:06:25	21.107049942	517.762817383	787.145141602	0.00993609242141	486.065124512	100.650390625	73.5693283081	-	0	0	0	0	0	0	0	0	0	0	0	0	0	0	0	0	0	0	0	0	0	0	0	0	0	0	0	0	0	0	0	1.19677126408	2.9994893074	3.30026674271	2.84932136536	2.14013791084	1.44947504997	0.898282408714	0.511918008327	0.267930090427	0.127878516912	0.0548305809498	0.020502300933	0.00625206949189	0.00124611798674	0	0	0	0	0	0.359301865101	1.57662236691	3.87529397011	7.23227119446	11.1060066223	14.4196329117	15.8775854111	14.5536308289	10.4493770599	4.72598695755
Feb 22 2023 18:06:26	336.501495361	539.989929199	812.187194824	0.0884358584881	557.985839844	501.118286133	58.7201538086	-	0	0	0	0	0	0	0	0	0	0	0	0	0	0	0	0	0	0	0	0	0	0	0	0	0	0	0	0	0	0	0	0	0	0	0	0	0	0	0	0	0	0	0	0	0	0	0	0	0	0	0.977823972702	3.31211018562	6.4622836113	10.0642232895	13.4838123322	15.9315509796	16.66547966	15.2271699905	11.6077613831	6.26778507233
Feb 22 2023 18:06:27	328.868804932	530.643249512	805.874389648	0.0818742662668	549.992858887	492.297210693	60.5467147827	-	0	0	0	0	0	0	0	0	0	0	0	0	0	0	0	0	0	0	0	0	0	0	0	0	0	0	0	0	0	0	0	0	0	0	0	0	0	0	0	0	0	0	0	0	0	0	0	0	0	0	1.29221069813	3.75022220612	6.95611476898	10.4985208511	13.7223834991	15.8709125519	16.294084549	14.6557865143	11.0408506393	5.91891384125
Feb 22 2023 18:06:28	345.776977539	546.515930176	815.365661621	0.0835228338838	564.379211426	509.856384277	61.0089073181	-	0	0	0	0	0	0	0	0	0	0	0	0	0	0	0	0	0	0	0	0	0	0	0	0	0	0	0	0	0	0	0	0	0	0	0	0	0	0	0	0	0	0	0	0	0	0	0	0	0	0	0.435913175344	2.80608701706	6.07856464386	9.87595081329	13.525967598	16.1838569641	17.0531654358	15.6427097321	11.9451503754	6.4526348114
Feb 22 2023 18:06:29	354.117523193	560.151794434	823.743713379	0.100679293275	575.129211426	520.623596191	55.8057060242	-	0	0	0	0	0	0	0	0	0	0	0	0	0	0	0	0	0	0	0	0	0	0	0	0	0	0	0	0	0	0	0	0	0	0	0	0	0	0	0	0	0	0	0	0	0	0	0	0	0	0	0.512674570084	2.38956904411	5.28874444962	8.98573589325	12.8799285889	16.0565280914	17.5193481445	16.5262050629	12.8674373627	6.97382926941
Feb 22 2023 18:06:30	22.3325977325	491.997161865	773.124206543	0.00929530337453	454.903747559	88.0027084351	71.9060058594	-	0	0	0	0	0	0	0	0	0	0	0	0	0	0	0	0	0	0	0	0	0	0	0	0	0	0	0	0	0	0.530125677586	1.13433110714	1.60485112667	1.93196463585	2.11860084534	2.175750494	2.12010383606	1.97222304344	1.75492203236	1.49180459976	1.2059391737	0.918706417084	0.648827731609	0.411578923464	0.218241244555	0.0758075192571	0	0	0	0	0.000190729493625	0.491063445807	1.81199347973	4.14792251587	7.37849092484	10.9010324478	13.6955289841	14.6671819687	13.1486492157	9.28789043427	4.15627717972
Feb 22 2023 18:06:31	372.958435059	573.995361328	828.38684082	0.0897988006473	587.915100098	537.971252441	60.4469604492	-	0	0	0	0	0	0	0	0	0	0	0	0	0	0	0	0	0	0	0	0	0	0	0	0	0	0	0	0	0	0	0	0	0	0	0	0	0	0	0	0	0	0	0	0	0	0	0	0	0	0	0	1.4823153019	4.30118370056	8.21687412262	12.6110296249	16.423242569	18.4148864746	17.6071434021	13.6936006546	7.24972391129
Feb 22 2023 18:06:32	351.971862793	552.593444824	818.748901367	0.0531829446554	569.796142578	516.419067383	73.2982940674	-	0	0	0	0	0	0	0	0	0	0	0	0	0	0	0	0	0	0	0	0	0	0	0	0	0	0	0	0	0	0	0	0	0	0	0	0	0	0	0	0	0	0	0	0	0	0	0	0	0	0	0.231541976333	2.46902322769	5.6984705925	9.56983280182	13.3988351822	16.2837867737	17.3485927582	16.033821106	12.3027858734	6.66330814362
Feb 22 2023 18:06:33	346.876586914	546.811828613	815.175842285	0.0714356377721	564.743774414	510.566619873	65.5703277588	-	0	0	0	0	0	0	0	0	0	0	0	0	0	0	0	0	0	0	0	0	0	0	0	0	0	0	0	0	0	0	0	0	0	0	0	0	0	0	0	0	0	0	0	0	0	0	0	0	0	0	0.398908823729	2.73960828781	6.02211904526	9.86300373077	13.5653715134	16.2527942657	17.1128921509	15.6672000885	11.9385738373	6.43952846527
Feb 22 2023 18:06:34	22.8060512543	511.554504395	782.351623535	0.013538886793	470.152496338	95.9193115234	64.4827957153	-	0	0	0	0	0	0	0	0	0	0	0	0	0	0	0	0	0	0	0	0	0	0	0	0	0	0	0	0	0	0	0	1.37570607662	2.26448869705	2.67106842995	2.7210187912	2.52913308144	2.19360184669	1.79305112362	1.38595795631	1.01186478138	0.69384765625	0.441681981087	0.255239367485	0.127773046494	0.0487889125943	0.00639168638736	0	0	0	0	0.227703660727	1.24602031708	3.35067296028	6.60101604462	10.5079126358	13.9709501266	15.5949029922	14.3419046402	10.1918783188	4.44743871689
Feb 22 2023 18:06:35	21.4726219177	513.710205078	783.222839355	0.00797841139138	471.53918457	93.5192337036	76.7070922852	-	0	0	0	0	0	0	0	0	0	0	0	0	0	0	0	0	0	0	0	0	0	0	0	0	0	0	0	0	0	0	0	0.596905469894	2.65342545509	3.43442606926	3.38888907433	2.90695905685	2.26425766945	1.63069438934	1.09365141392	0.683507978916	0.396210700274	0.210653916001	0.100495256484	0.0411063991487	0.0128009878099	0.00161694386043	0	0	0	0	0.179100826383	1.15878176689	3.24990034103	6.5267534256	10.4984884262	14.038230896	15.7126693726	14.4620265961	10.2758111954	4.4826464653
Feb 22 2023 18:06:36	351.071746826	551.429016113	818.023742676	0.0520624630153	568.81829834	515.354797363	73.7330703735	-	0	0	0	0	0	0	0	0	0	0	0	0	0	0	0	0	0	0	0	0	0	0	0	0	0	0	0	0	0	0	0	0	0	0	0	0	0	0	0	0	0	0	0	0	0	0	0	0	0	0	0.240540638566	2.51784920692	5.77005052567	9.63931560516	13.4410486221	16.2826499939	17.3034248352	15.9602880478	12.2281112671	6.61672115326
Feb 22 2023 18:06:37	335.427459717	535.964355469	808.649353027	0.0888411849737	554.886169434	498.553771973	58.4156913757	-	0	0	0	0	0	0	0	0	0	0	0	0	0	0	0	0	0	0	0	0	0	0	0	0	0	0	0	0	0	0	0	0	0	0	0	0	0	0	0	0	0	0	0	0	0	0	0	0	0	0	0.930467605591	3.37549972534	6.64298248291	10.320306778	13.7252616882	16.0514812469	16.5952453613	14.9860744476	11.3087339401	6.06394910812
Feb 22 2023 18:06:38	336.829772949	539.718383789	811.537780762	0.0726455822587	557.777282715	501.123016357	64.5761947632	-	0	0	0	0	0	0	0	0	0	0	0	0	0	0	0	0	0	0	0	0	0	0	0	0	0	0	0	0	0	0	0	0	0	0	0	0	0	0	0	0	0	0	0	0	0	0	0	0	0	0	0.9685125947	3.28668808937	6.44399833679	10.0741043091	13.5264930725	15.9875850677	16.7012767792	15.2192668915	11.564573288	6.22748994827
Feb 22 2023 18:06:39	382.877624512	571.993347168	809.19140625	0.0475999601185	584.977233887	540.147644043	76.6627349854	-	0	0	0	0	0	0	0	0	0	0	0	0	0	0	0	0	0	0	0	0	0	0	0	0	0	0	0	0	0	0	0	0	0	0	0	0	0	0	0	0	0	0	0	0	0	0	0	0	0	0	0.0278116725385	1.04618740082	3.57897090912	7.74233055115	12.911529541	17.595457077	19.8894100189	18.3938388824	13.096531868	5.7179312706
Feb 22 2023 18:06:40	21.3693370819	535.368408203	799.638793945	0.00921361800283	492.604217529	98.7173156738	74.8292236328	-	0	0	0	0	0	0	0	0	0	0	0	0	0	0	0	0	0	0	0	0	0	0	0	0	0	0	0	0	0	0	0	0.0645278990269	2.90535569191	3.73472499847	3.47198367119	2.75105953217	1.95301377773	1.26728200912	0.757517695427	0.417489886284	0.211135700345	0.0968565866351	0.0393914915621	0.0135298799723	0.00343262031674	0.000257588137174	0	0	0	0	0.130795121193	0.919740200043	2.74053263664	5.82220840454	9.87964916229	13.8971481323	16.3139514923	15.7008829117	11.6314096451	5.27612352371
Feb 22 2023 18:06:41	380.919555664	567.877258301	802.956604004	0.0821470320225	580.981506348	536.625976563	63.0241317749	-	0	0	0	0	0	0	0	0	0	0	0	0	0	0	0	0	0	0	0	0	0	0	0	0	0	0	0	0	0	0	0	0	0	0	0	0	0	0	0	0	0	0	0	0	0	0	0	0	0	0	0.0486524403095	1.09386909008	3.68318343163	7.93270683289	13.1731319427	17.8484210968	20.0010051727	18.2421989441	12.6859273911	5.29090261459
Feb 22 2023 18:06:42	341.361297607	542.286315918	812.662902832	0.0620667599142	560.515075684	505.169281006	69.029838562	-	0	0	0	0	0	0	0	0	0	0	0	0	0	0	0	0	0	0	0	0	0	0	0	0	0	0	0	0	0	0	0	0	0	0	0	0	0	0	0	0	0	0	0	0	0	0	0	0	0	0	0.6572945714	3.03345036507	6.29269313812	10.0438270569	13.6045856476	16.1368312836	16.8759975433	15.3800516129	11.6844739914	6.29080533981
Feb 22 2023 18:06:43	365.182006836	568.81439209	825.729919434	0.0525976009667	582.716430664	530.832580566	74.1676940918	-	0	0	0	0	0	0	0	0	0	0	0	0	0	0	0	0	0	0	0	0	0	0	0	0	0	0	0	0	0	0	0	0	0	0	0	0	0	0	0	0	0	0	0	0	0	0	0	0	0	0	0.222127109766	1.87176072598	4.67919206619	8.478307724	12.6765623093	16.2753543854	18.1087665558	17.2437152863	13.3781909943	7.06602334976
Feb 22 2023 18:06:44	20.2866783142	518.161376953	787.34161377	0.00747428415343	490.073730469	100.617706299	79.3590698242	-	0	0	0	0	0	0	0	0	0	0	0	0	0	0	0	0	0	0	0	0	0	0	0	0	0	0	0	0	0	0	0	2.126049757	3.20067191124	3.09702110291	2.44359827042	1.67557787895	1.02344036102	0.562412083149	0.278672993183	0.124052353203	0.0491174645722	0.0169569347054	0.00490092672408	0.00107010896318	0.000108605949208	0	0	0	0	0	0.447947472334	1.75982391834	4.13817644119	7.5165143013	11.3334379196	14.5423936844	15.9102592468	14.5526590347	10.4568681717	4.73826885223
Feb 22 2023 18:06:45	335.85269165	540.273620605	812.432373047	0.0491863004863	558.00213623	500.792205811	74.3565826416	-	0	0	0	0	0	0	0	0	0	0	0	0	0	0	0	0	0	0	0	0	0	0	0	0	0	0	0	0	0	0	0	0	0	0	0	0	0	0	0	0	0	0	0	0	0	0	0	0	0	0	1.06627452374	3.34519815445	6.43973731995	10.0059261322	13.4222669601	15.894990921	16.663356781	15.2483272552	11.632270813	6.28165149689
Feb 22 2023 18:06:46	340.327453613	542.990600586	813.534912109	0.0564893968403	560.784606934	504.810150146	71.3502502441	-	0	0	0	0	0	0	0	0	0	0	0	0	0	0	0	0	0	0	0	0	0	0	0	0	0	0	0	0	0	0	0	0	0	0	0	0	0	0	0	0	0	0	0	0	0	0	0	0	0	0	0.78763961792	3.09082198143	6.2644610405	9.94828605652	13.486738205	16.0488586426	16.8526039124	15.4210309982	11.7556905746	6.34387874603
Feb 22 2023 18:06:47	23.3895740509	534.365844727	803.568481445	0.0103750303388	494.881347656	103.916130066	73.3245620728	-	0	0	0	0	0	0	0	0	0	0	0	0	0	0	0	0	0	0	0	0	0	0	0	0	0	0	0	0	0	0	0	1.10249006748	2.24489951134	2.68673229218	2.65890479088	2.35440397263	1.92142760754	1.46367835999	1.04551196098	0.699736714363	0.436261862516	0.250240772963	0.128879025578	0.0565500631928	0.0181738398969	0.00110465625767	0	0	0	0	0.240558207035	1.1579567194	3.05586194992	6.08436155319	9.93779563904	13.6985282898	15.9867763519	15.4947490692	11.7203445435	5.55407238007
Feb 22 2023 18:06:48	363.355773926	567.884338379	828.170715332	0.089494086802	582.345214844	529.811645508	60.0820426941	-	0	0	0	0	0	0	0	0	0	0	0	0	0	0	0	0	0	0	0	0	0	0	0	0	0	0	0	0	0	0	0	0	0	0	0	0	0	0	0	0	0	0	0	0	0	0	0	0	0	0	0.175387904048	1.96147525311	4.84792232513	8.62844181061	12.7084207535	16.1442546844	17.8672103882	17.0350456238	13.3609933853	7.27085542679
Feb 22 2023 18:06:49	364.294311523	569.619018555	829.431091309	0.0794882550836	583.731445313	531.158630371	63.6769065857	-	0	0	0	0	0	0	0	0	0	0	0	0	0	0	0	0	0	0	0	0	0	0	0	0	0	0	0	0	0	0	0	0	0	0	0	0	0	0	0	0	0	0	0	0	0	0	0	0	0	0	0.18254737556	1.92862248421	4.77108716965	8.52350997925	12.61024189	16.0952949524	17.8969573975	17.1385746002	13.4921970367	7.36096858978
Feb 22 2023 18:06:50	341.110992432	544.602172852	814.822998047	0.0508361831307	562.083740234	506.033813477	73.8562316895	-	0	0	0	0	0	0	0	0	0	0	0	0	0	0	0	0	0	0	0	0	0	0	0	0	0	0	0	0	0	0	0	0	0	0	0	0	0	0	0	0	0	0	0	0	0	0	0	0	0	0	0.78131955862	3.04951381683	6.19117832184	9.85749149323	13.4069700241	16.0151863098	16.8876628876	15.5170183182	11.8713264465	6.42233324051
Feb 22 2023 18:06:51	380.862335205	556.131286621	782.828063965	0.126116588712	570.522460938	529.608215332	48.7648086548	-	0	0	0	0	0	0	0	0	0	0	0	0	0	0	0	0	0	0	0	0	0	0	0	0	0	0	0	0	0	0	0	0	0	0	0	0	0	0	0	0	0	0	0	0	0	0	0	0	0	0	0	0.883792340755	3.65407538414	8.43628692627	14.2693996429	19.0858612061	20.6019630432	17.6905975342	11.2750701904	4.10295295715
Feb 22 2023 18:06:52	344.262207031	547.198791504	816.224975586	0.0581895373762	564.503295898	509.132995605	70.8387680054	-	0	0	0	0	0	0	0	0	0	0	0	0	0	0	0	0	0	0	0	0	0	0	0	0	0	0	0	0	0	0	0	0	0	0	0	0	0	0	0	0	0	0	0	0	0	0	0	0	0	0	0.623742282391	2.8840444088	6.04392910004	9.75925159454	13.3840560913	16.0775661469	17.0205898285	15.6819190979	12.0178747177	6.50703620911
Feb 22 2023 18:06:53	364.285003662	567.601501465	825.049987793	0.0631441473961	581.735534668	529.777282715	69.8038787842	-	0	0	0	0	0	0	0	0	0	0	0	0	0	0	0	0	0	0	0	0	0	0	0	0	0	0	0	0	0	0	0	0	0	0	0	0	0	0	0	0	0	0	0	0	0	0	0	0	0	0	0.221775844693	1.90500879288	4.74705696106	8.56128883362	12.740281105	16.2878780365	18.0609111786	17.1583251953	13.2965116501	7.02097129822
Feb 22 2023 18:06:54	377.526092529	567.449645996	806.588439941	0.0618655383587	580.699279785	534.877624512	70.5521774292	-	0	0	0	0	0	0	0	0	0	0	0	0	0	0	0	0	0	0	0	0	0	0	0	0	0	0	0	0	0	0	0	0	0	0	0	0	0	0	0	0	0	0	0	0	0	0	0	0	0	0	0.0917664244771	1.25873875618	3.90187764168	8.07373428345	13.1096944809	17.5596046448	19.628616333	18.0266342163	12.7816972733	5.56764316559
Feb 22 2023 18:06:55	404.878753662	576.973327637	785.729064941	0.0910613462329	588.265136719	551.226745605	60.7667388916	-	0	0	0	0	0	0	0	0	0	0	0	0	0	0	0	0	0	0	0	0	0	0	0	0	0	0	0	0	0	0	0	0	0	0	0	0	0	0	0	0	0	0	0	0	0	0	0	0	0	0	0	0.37216848135	2.19579410553	6.35229730606	12.6693115234	19.1306972504	22.4255218506	20.0707855225	12.6474809647	4.13595628738
Feb 22 2023 18:06:56	358.54473877	565.716552734	830.25982666	0.0530608072877	580.526672363	526.385009766	73.7835922241	-	0	0	0	0	0	0	0	0	0	0	0	0	0	0	0	0	0	0	0	0	0	0	0	0	0	0	0	0	0	0	0	0	0	0	0	0	0	0	0	0	0	0	0	0	0	0	0	0	0	0	0.2817902565	2.20154237747	5.11723995209	8.80480670929	12.6904907227	15.9113378525	17.5119552612	16.7364616394	13.2901983261	7.45417833328
Feb 22 2023 18:06:57	-1.00000001505e+30	-1.00000001505e+30	-1.00000001505e+30	-1.00000002538e+26	-1.00000001505e+30	-1.00000001505e+30	99.9215087891	-	0	0	0	0	0	0	0	0	0	0	0	0	0	0	0	0	0	0	0	0	0	0	0	0	0	0	0	0	0	0	0	0	0	0	0	0	0	0	0	0	0	0	0	0	0	0	0	0	0	0	0	0	0	0	0	0	0	0	0	0
Feb 22 2023 18:06:58	-1.00000001505e+30	-1.00000001505e+30	-1.00000001505e+30	-1.00000002538e+26	-1.00000001505e+30	-1.00000001505e+30	99.9890823364	-	0	0	0	0	0	0	0	0	0	0	0	0	0	0	0	0	0	0	0	0	0	0	0	0	0	0	0	0	0	0	0	0	0	0	0	0	0	0	0	0	0	0	0	0	0	0	0	0	0	0	0	0	0	0	0	0	0	0	0	0
Feb 22 2023 18:06:59	-1.00000001505e+30	-1.00000001505e+30	-1.00000001505e+30	-1.00000002538e+26	-1.00000001505e+30	-1.00000001505e+30	99.957321167	-	0	0	0	0	0	0	0	0	0	0	0	0	0	0	0	0	0	0	0	0	0	0	0	0	0	0	0	0	0	0	0	0	0	0	0	0	0	0	0	0	0	0	0	0	0	0	0	0	0	0	0	0	0	0	0	0	0	0	0	0
Feb 22 2023 18:07:00	-1.00000001505e+30	-1.00000001505e+30	-1.00000001505e+30	-1.00000002538e+26	-1.00000001505e+30	-1.00000001505e+30	100.012039185	-	0	0	0	0	0	0	0	0	0	0	0	0	0	0	0	0	0	0	0	0	0	0	0	0	0	0	0	0	0	0	0	0	0	0	0	0	0	0	0	0	0	0	0	0	0	0	0	0	0	0	0	0	0	0	0	0	0	0	0	0
Feb 22 2023 18:07:01	-1.00000001505e+30	-1.00000001505e+30	-1.00000001505e+30	-1.00000002538e+26	-1.00000001505e+30	-1.00000001505e+30	99.9825057983	-	0	0	0	0	0	0	0	0	0	0	0	0	0	0	0	0	0	0	0	0	0	0	0	0	0	0	0	0	0	0	0	0	0	0	0	0	0	0	0	0	0	0	0	0	0	0	0	0	0	0	0	0	0	0	0	0	0	0	0	0
Feb 22 2023 18:07:02	-1.00000001505e+30	-1.00000001505e+30	-1.00000001505e+30	-1.00000002538e+26	-1.00000001505e+30	-1.00000001505e+30	99.9320144653	-	0	0	0	0	0	0	0	0	0	0	0	0	0	0	0	0	0	0	0	0	0	0	0	0	0	0	0	0	0	0	0	0	0	0	0	0	0	0	0	0	0	0	0	0	0	0	0	0	0	0	0	0	0	0	0	0	0	0	0	0
Feb 22 2023 18:07:03	-1.00000001505e+30	-1.00000001505e+30	-1.00000001505e+30	-1.00000002538e+26	-1.00000001505e+30	-1.00000001505e+30	99.9732131958	-	0	0	0	0	0	0	0	0	0	0	0	0	0	0	0	0	0	0	0	0	0	0	0	0	0	0	0	0	0	0	0	0	0	0	0	0	0	0	0	0	0	0	0	0	0	0	0	0	0	0	0	0	0	0	0	0	0	0	0	0
Feb 22 2023 18:07:04	-1.00000001505e+30	-1.00000001505e+30	-1.00000001505e+30	-1.00000002538e+26	-1.00000001505e+30	-1.00000001505e+30	99.8239059448	-	0	0	0	0	0	0	0	0	0	0	0	0	0	0	0	0	0	0	0	0	0	0	0	0	0	0	0	0	0	0	0	0	0	0	0	0	0	0	0	0	0	0	0	0	0	0	0	0	0	0	0	0	0	0	0	0	0	0	0	0
Feb 22 2023 18:07:05	-1.00000001505e+30	-1.00000001505e+30	-1.00000001505e+30	-1.00000002538e+26	-1.00000001505e+30	-1.00000001505e+30	99.8817672729	-	0	0	0	0	0	0	0	0	0	0	0	0	0	0	0	0	0	0	0	0	0	0	0	0	0	0	0	0	0	0	0	0	0	0	0	0	0	0	0	0	0	0	0	0	0	0	0	0	0	0	0	0	0	0	0	0	0	0	0	0
Feb 22 2023 18:07:06	-1.00000001505e+30	-1.00000001505e+30	-1.00000001505e+30	-1.00000002538e+26	-1.00000001505e+30	-1.00000001505e+30	99.9797515869	-	0	0	0	0	0	0	0	0	0	0	0	0	0	0	0	0	0	0	0	0	0	0	0	0	0	0	0	0	0	0	0	0	0	0	0	0	0	0	0	0	0	0	0	0	0	0	0	0	0	0	0	0	0	0	0	0	0	0	0	0
Feb 22 2023 18:07:07	-1.00000001505e+30	-1.00000001505e+30	-1.00000001505e+30	-1.00000002538e+26	-1.00000001505e+30	-1.00000001505e+30	99.9750213623	-	0	0	0	0	0	0	0	0	0	0	0	0	0	0	0	0	0	0	0	0	0	0	0	0	0	0	0	0	0	0	0	0	0	0	0	0	0	0	0	0	0	0	0	0	0	0	0	0	0	0	0	0	0	0	0	0	0	0	0	0
Feb 22 2023 18:07:08	-1.00000001505e+30	-1.00000001505e+30	-1.00000001505e+30	-1.00000002538e+26	-1.00000001505e+30	-1.00000001505e+30	99.9643478394	-	0	0	0	0	0	0	0	0	0	0	0	0	0	0	0	0	0	0	0	0	0	0	0	0	0	0	0	0	0	0	0	0	0	0	0	0	0	0	0	0	0	0	0	0	0	0	0	0	0	0	0	0	0	0	0	0	0	0	0	0
Feb 22 2023 18:07:09	-1.00000001505e+30	-1.00000001505e+30	-1.00000001505e+30	-1.00000002538e+26	-1.00000001505e+30	-1.00000001505e+30	99.9852676392	-	0	0	0	0	0	0	0	0	0	0	0	0	0	0	0	0	0	0	0	0	0	0	0	0	0	0	0	0	0	0	0	0	0	0	0	0	0	0	0	0	0	0	0	0	0	0	0	0	0	0	0	0	0	0	0	0	0	0	0	0
Feb 22 2023 18:07:10	-1.00000001505e+30	-1.00000001505e+30	-1.00000001505e+30	-1.00000002538e+26	-1.00000001505e+30	-1.00000001505e+30	99.9936065674	-	0	0	0	0	0	0	0	0	0	0	0	0	0	0	0	0	0	0	0	0	0	0	0	0	0	0	0	0	0	0	0	0	0	0	0	0	0	0	0	0	0	0	0	0	0	0	0	0	0	0	0	0	0	0	0	0	0	0	0	0
Feb 22 2023 18:07:11	-1.00000001505e+30	-1.00000001505e+30	-1.00000001505e+30	-1.00000002538e+26	-1.00000001505e+30	-1.00000001505e+30	99.9975967407	-	0	0	0	0	0	0	0	0	0	0	0	0	0	0	0	0	0	0	0	0	0	0	0	0	0	0	0	0	0	0	0	0	0	0	0	0	0	0	0	0	0	0	0	0	0	0	0	0	0	0	0	0	0	0	0	0	0	0	0	0
Feb 22 2023 18:07:12	-1.00000001505e+30	-1.00000001505e+30	-1.00000001505e+30	-1.00000002538e+26	-1.00000001505e+30	-1.00000001505e+30	99.9954071045	-	0	0	0	0	0	0	0	0	0	0	0	0	0	0	0	0	0	0	0	0	0	0	0	0	0	0	0	0	0	0	0	0	0	0	0	0	0	0	0	0	0	0	0	0	0	0	0	0	0	0	0	0	0	0	0	0	0	0	0	0
Feb 22 2023 18:07:13	-1.00000001505e+30	-1.00000001505e+30	-1.00000001505e+30	-1.00000002538e+26	-1.00000001505e+30	-1.00000001505e+30	100.004302979	-	0	0	0	0	0	0	0	0	0	0	0	0	0	0	0	0	0	0	0	0	0	0	0	0	0	0	0	0	0	0	0	0	0	0	0	0	0	0	0	0	0	0	0	0	0	0	0	0	0	0	0	0	0	0	0	0	0	0	0	0
Feb 22 2023 18:07:14	-1.00000001505e+30	-1.00000001505e+30	-1.00000001505e+30	-1.00000002538e+26	-1.00000001505e+30	-1.00000001505e+30	100.00920105	-	0	0	0	0	0	0	0	0	0	0	0	0	0	0	0	0	0	0	0	0	0	0	0	0	0	0	0	0	0	0	0	0	0	0	0	0	0	0	0	0	0	0	0	0	0	0	0	0	0	0	0	0	0	0	0	0	0	0	0	0
Feb 22 2023 18:07:15	-1.00000001505e+30	-1.00000001505e+30	-1.00000001505e+30	-1.00000002538e+26	-1.00000001505e+30	-1.00000001505e+30	99.9708557129	-	0	0	0	0	0	0	0	0	0	0	0	0	0	0	0	0	0	0	0	0	0	0	0	0	0	0	0	0	0	0	0	0	0	0	0	0	0	0	0	0	0	0	0	0	0	0	0	0	0	0	0	0	0	0	0	0	0	0	0	0
Feb 22 2023 18:07:16	-1.00000001505e+30	-1.00000001505e+30	-1.00000001505e+30	-1.00000002538e+26	-1.00000001505e+30	-1.00000001505e+30	99.9711380005	-	0	0	0	0	0	0	0	0	0	0	0	0	0	0	0	0	0	0	0	0	0	0	0	0	0	0	0	0	0	0	0	0	0	0	0	0	0	0	0	0	0	0	0	0	0	0	0	0	0	0	0	0	0	0	0	0	0	0	0	0
Feb 22 2023 18:07:17	-1.00000001505e+30	-1.00000001505e+30	-1.00000001505e+30	-1.00000002538e+26	-1.00000001505e+30	-1.00000001505e+30	100.009559631	-	0	0	0	0	0	0	0	0	0	0	0	0	0	0	0	0	0	0	0	0	0	0	0	0	0	0	0	0	0	0	0	0	0	0	0	0	0	0	0	0	0	0	0	0	0	0	0	0	0	0	0	0	0	0	0	0	0	0	0	0
Feb 22 2023 18:07:18	-1.00000001505e+30	-1.00000001505e+30	-1.00000001505e+30	-1.00000002538e+26	-1.00000001505e+30	-1.00000001505e+30	100.029823303	-	0	0	0	0	0	0	0	0	0	0	0	0	0	0	0	0	0	0	0	0	0	0	0	0	0	0	0	0	0	0	0	0	0	0	0	0	0	0	0	0	0	0	0	0	0	0	0	0	0	0	0	0	0	0	0	0	0	0	0	0
