Date-Time	Dx(10)	Dx(50)	Dx(90)	Cv(%)	D[4][3]	D[3][2]	Transmission	0.10000020	0.11659167	0.13593590	0.15848963	0.18478534	0.21544389	0.25118914	0.29286504	0.34145555	0.39810795	0.46415979	0.54117060	0.63095856	0.73564368	0.85769761	1.00000191	1.16591668	1.35935903	1.58489633	1.84785342	2.15443897	2.51189137	2.92865038	3.41455555	3.98107958	4.64159775	5.41170597	6.30958605	7.35643721	8.57697582	10.00002003	11.65916729	13.59359074	15.84896278	18.47853470	21.54438972	25.11891365	29.28650284	34.14555740	39.81079483	46.41598129	54.11705780	63.09585953	73.56436920	85.76976013	100.00019836	116.59166718	135.93591309	158.48962402	184.78533936	215.44389343	251.18913269	292.86502075	341.45556641	398.10794067	464.15979004	541.17059326	630.95855713	735.64367676	857.69757080	1000.00195313
Feb 22 2023 18:03:26	6.41759634018	88.8861846924	96.4113922119	0.000709080544766	58.6359291077	17.5532608032	87.7006759644	-	0	0	0	0	0	0	0	0	0	0	0	0	0	0	0	0	0	0	0	0	0	0	0	0.605089366436	1.81926214695	3.00897908211	4.05776500702	4.85688447952	5.31916618347	5.38780736923	5.04861068726	4.33256292343	3.32104492188	2.14530801773	0.973876297474	0	0	0	0	0	0	0	0	0	59.1236419678	0	0	0	0	0	0	0	0	0	0	0	0	0	0	0
Feb 22 2023 18:03:27	5.784512043	90.3352966309	96.953704834	0.00081285322085	66.8910675049	17.1449928284	85.7767333984	-	0	0	0	0	0	0	0	0	0	0	0	0	0	0	0	0	0	0	0	0	0	0	0	0	0	1.12350365122e-10	29.6431903839	3.61075061255e-29	0	0	0	0	0	0	0	0	0	0	0	0	0	0	0	0	70.3568115234	0	0	0	0	0	0	0	0	0	0	0	0	0	0	0
Feb 22 2023 18:03:28	-1.00000001505e+30	-1.00000001505e+30	-1.00000001505e+30	-1.00000002538e+26	-1.00000001505e+30	-1.00000001505e+30	99.0270385742	-	0	0	0	0	0	0	0	0	0	0	0	0	0	0	0	0	0	0	0	0	0	0	0	0	0	0	0	0	0	0	0	0	0	0	0	0	0	0	0	0	0	0	0	0	0	0	0	0	0	0	0	0	0	0	0	0	0	0	0	0
Feb 22 2023 18:03:29	5.70339727402	90.4751434326	97.0057373047	0.000679376535118	68.0083465576	17.6448841095	88.2369537354	-	0	0	0	0	0	0	0	0	0	0	0	0	0	0	0	0	0	0	0	0	0	0	0	0	0	1.53461992741	26.8062019348	0	0	0	0	0	0	0	0	0	0	0	0	0	0	0	0	0	71.6591796875	0	0	0	0	0	0	0	0	0	0	0	0	0	0	0
Feb 22 2023 18:03:30	5.89139986038	90.5530853271	97.0347137451	0.000998265808448	68.7333831787	18.715045929	84.0688323975	-	0	0	0	0	0	0	0	0	0	0	0	0	0	0	0	0	0	0	0	0	0	0	0	0	0	0.0908513739705	20.96534729	6.33735752106	0.19992429018	0.00128243141808	1.98070824808e-06	7.10388137204e-10	4.71494757571e-14	3.04886417777e-19	1.0054935113e-26	0	0	0	0	0	0	0	0	0	72.4052352905	0	0	0	0	0	0	0	0	0	0	0	0	0	0	0
Feb 22 2023 18:03:31	6.57523822784	90.3507385254	96.9594573975	0.00163114070892	67.6248703003	20.92918396	77.5109710693	-	0	0	0	0	0	0	0	0	0	0	0	0	0	0	0	0	0	0	0	0	0	0	0	0	0	2.57509255409	5.68106174469	6.48281049728	5.70087528229	4.18590307236	2.62345075607	1.3971722126	0.613686978817	0.204566255212	0.0369513109326	0	0	0	0	0	0	0	0	0	70.4984283447	0	0	0	0	0	0	0	0	0	0	0	0	0	0	0
Feb 22 2023 18:03:32	6.05691432953	90.4535522461	96.9977111816	0.00155065685976	68.1637802124	19.6929092407	77.1588821411	-	0	0	0	0	0	0	0	0	0	0	0	0	0	0	0	0	0	0	0	0	0	0	0	0	0	4.02492523193	8.25879573822	7.30286836624	4.77055025101	2.52686858177	1.11185467243	0.404226124287	0.117446668446	0.0248370859772	0.00254017533734	0	0	0	0	0	0	0	0	0	71.4550857544	0	0	0	0	0	0	0	0	0	0	0	0	0	0	0
Feb 22 2023 18:03:33	8.14686393738	89.8588867188	96.7760467529	0.00224105804227	64.9179534912	23.2939949036	73.3798370361	-	0	0	0	0	0	0	0	0	0	0	0	0	0	0	0	0	0	0	0	0	0	0	0	0	0	0.900713801384	2.32135987282	3.69483017921	4.76748657227	5.33706140518	5.29520702362	4.651222229	3.54268217087	2.2149977684	0.963967561722	0.068838506937	0	0	0	0	0	0	0	0	66.2416305542	0	0	0	0	0	0	0	0	0	0	0	0	0	0	0
Feb 22 2023 18:03:34	7.53718805313	89.952331543	96.8109359741	0.00197373842821	65.2858810425	22.2242851257	75.0252456665	-	0	0	0	0	0	0	0	0	0	0	0	0	0	0	0	0	0	0	0	0	0	0	0	0	0	1.52858424187	3.19529652596	4.48080444336	5.20205116272	5.28263902664	4.77028512955	3.8171544075	2.6456182003	1.49642515182	0.569095492363	0	0	0	0	0	0	0	0	0	67.012046814	0	0	0	0	0	0	0	0	0	0	0	0	0	0	0
Feb 22 2023 18:03:35	6.41249418259	90.0507507324	96.8476638794	0.00153698271606	65.4144134521	19.6340961456	77.3692092896	-	0	0	0	0	0	0	0	0	0	0	0	0	0	0	0	0	0	0	0	0	0	0	0	0	0	3.48525500298	5.84094572067	6.44500112534	5.79587888718	4.48576593399	3.03268480301	1.77923166752	0.879564523697	0.338610738516	0.0748372972012	0	0	0	0	0	0	0	0	5.08444443842e-15	67.8422241211	0	0	0	0	0	0	0	0	0	0	0	0	0	0	0
Feb 22 2023 18:03:36	7.89345550537	90.3588867188	96.9624862671	0.00216159340926	68.15209198	24.3049182892	75.1273117065	-	0	0	0	0	0	0	0	0	0	0	0	0	0	0	0	0	0	0	0	0	0	0	0	0	0	0	2.57214188576	4.79723072052	5.8785700798	5.71635770798	4.62751722336	3.1393456459	1.74827480316	0.749515295029	0.19775596261	0	0	0	0	0	0	0	0	0	70.5732879639	0	0	0	0	0	0	0	0	0	0	0	0	0	0	0
Feb 22 2023 18:03:37	8.09982585907	90.1780166626	96.8951187134	0.00232544331811	66.9742584229	24.2150936127	73.4669113159	-	0	0	0	0	0	0	0	0	0	0	0	0	0	0	0	0	0	0	0	0	0	0	0	0	0	0.097056761384	2.37229847908	4.24213647842	5.36773252487	5.60394191742	5.03162574768	3.90815663338	2.57857608795	1.36718118191	0.485999405384	0	0	0	0	0	0	0	0	4.69750030635e-15	68.9452972412	0	0	0	0	0	0	0	0	0	0	0	0	0	0	0
Feb 22 2023 18:03:38	7.87478494644	89.7634429932	96.7403793335	0.00181698566303	64.1857376099	22.4892616272	77.0985565186	-	0	0	0	0	0	0	0	0	0	0	0	0	0	0	0	0	0	0	0	0	0	0	0	0	0	0.616597950459	2.70836758614	4.36674261093	5.39352369308	5.70017766953	5.32486820221	4.41400289536	3.19297504425	1.91946983337	0.82532197237	0.0660170838237	0	0	0	0	0	0	0	4.98829561099e-15	65.4719390869	0	0	0	0	0	0	0	0	0	0	0	0	0	0	0
Feb 22 2023 18:03:39	7.95264720917	90.1925735474	96.9005432129	0.00129671720788	67.0443649292	23.92902565	83.998374939	-	0	0	0	0	0	0	0	0	0	0	0	0	0	0	0	0	0	0	0	0	0	0	0	0	0	0.478374153376	2.63146448135	4.29792785645	5.23706579208	5.37159872055	4.79898881912	3.74672794342	2.50730228424	1.35949671268	0.49737855792	0	0	0	0	0	0	0	0	0	69.073677063	0	0	0	0	0	0	0	0	0	0	0	0	0	0	0
Feb 22 2023 18:03:40	8.80168914795	90.0774765015	96.857635498	0.00194762181491	66.599357605	25.498418808	78.3356399536	-	0	0	0	0	0	0	0	0	0	0	0	0	0	0	0	0	0	0	0	0	0	0	0	0	0	0.12383249402	1.63068306446	3.10519218445	4.31877994537	5.06839179993	5.22631978989	4.7691321373	3.79598021507	2.51866221428	1.21487140656	0.157123237848	0	0	0	0	0	0	0	0	68.0710296631	0	0	0	0	0	0	0	0	0	0	0	0	0	0	0
Feb 22 2023 18:03:41	8.7962884903	90.0793838501	96.8583450317	0.00229949457571	66.6098175049	25.4930839539	74.9499282837	-	0	0	0	0	0	0	0	0	0	0	0	0	0	0	0	0	0	0	0	0	0	0	0	0	0	0.123682923615	1.63595271111	3.1125998497	4.3250041008	5.07093381882	5.2240986824	4.76270723343	3.78717899323	2.50978088379	1.20782268047	0.152790814638	0	0	0	0	0	0	0	0	68.0874481201	0	0	0	0	0	0	0	0	0	0	0	0	0	0	0
Feb 22 2023 18:03:42	8.82249450684	89.5470352173	96.6594161987	0.00324998609722	63.2264671326	23.7485389709	64.5388717651	-	0	0	0	0	0	0	0	0	0	0	0	0	0	0	0	0	0	0	0	0	0	0	0	0	0	0.49780601263	1.49996542931	2.82875347137	4.2457408905	5.43049526215	6.05339336395	5.87276315689	4.84944725037	3.22301840782	1.48364567757	0.226360693574	0	0	0	0	0	0	0	0	63.7886123657	0	0	0	0	0	0	0	0	0	0	0	0	0	0	0
Feb 22 2023 18:03:43	7.70989894867	89.694732666	96.7146835327	0.00197657803074	63.6755714417	21.7499828339	74.5903930664	-	0	0	0	0	0	0	0	0	0	0	0	0	0	0	0	0	0	0	0	0	0	0	0	0	0.265579372644	1.36121726036	2.75351405144	4.12198066711	5.16404008865	5.63662433624	5.42181825638	4.56045675278	3.25846552849	1.84308087826	0.667477726936	0.017351321876	0	0	0	0	0	0	0	0	64.9283981323	0	0	0	0	0	0	0	0	0	0	0	0	0	0	0
Feb 22 2023 18:03:44	6.68944835663	90.2519760132	96.9226760864	0.00152838637587	66.9857330322	21.018781662	78.8558120728	-	0	0	0	0	0	0	0	0	0	0	0	0	0	0	0	0	0	0	0	0	0	0	0	0	0	2.8235104084	5.00103378296	5.81030082703	5.50392913818	4.49227428436	3.20743608475	1.9904589653	1.04259800911	0.426063537598	0.100156955421	0	0	0	0	0	0	0	0	0	69.6022415161	0	0	0	0	0	0	0	0	0	0	0	0	0	0	0
Feb 22 2023 18:03:45	7.74087333679	90.0695037842	96.8546600342	0.00205174437724	66.1081008911	22.9384002686	74.9189376831	-	0	0	0	0	0	0	0	0	0	0	0	0	0	0	0	0	0	0	0	0	0	0	0	0	0	1.08542585373	2.85162854195	4.36780929565	5.2902469635	5.45401525497	4.89344739914	3.81034088135	2.50944852829	1.3055318594	0.429464966059	0	0	0	0	0	0	0	0	0	68.0026397705	0	0	0	0	0	0	0	0	0	0	0	0	0	0	0
Feb 22 2023 18:03:46	7.86842346191	90.2372512817	96.9171905518	0.00122751283925	67.3358078003	23.8766002655	84.7338104248	-	0	0	0	0	0	0	0	0	0	0	0	0	0	0	0	0	0	0	0	0	0	0	0	0	0	0.71538567543	2.76194262505	4.3176150322	5.16172170639	5.23226928711	4.63333892822	3.58963418007	2.3831474781	1.2783665657	0.456092596054	0	0	0	0	0	0	0	0	4.82661226796e-15	69.4704818726	0	0	0	0	0	0	0	0	0	0	0	0	0	0	0
Feb 22 2023 18:03:47	9.17833328247	89.8098144531	96.7577056885	0.00174582609907	65.0485992432	25.4517860413	80.3432998657	-	0	0	0	0	0	0	0	0	0	0	0	0	0	0	0	0	0	0	0	0	0	0	0	0	0	0.216178804636	1.35103881359	2.60349869728	3.81175661087	4.7845864296	5.33686351776	5.32506227493	4.69391965866	3.51720237732	2.01057863235	0.505568087101	0	0	0	0	0	0	0	0	65.8437576294	0	0	0	0	0	0	0	0	0	0	0	0	0	0	0
Feb 22 2023 18:03:48	8.33891296387	89.3948898315	96.6024246216	0.00149226211943	62.3120498657	22.6852741241	80.9557342529	-	0	0	0	0	0	0	0	0	0	0	0	0	0	0	0	0	0	0	0	0	0	0	0	0	0.105642735958	1.06346702576	2.14868879318	3.25873446465	4.26482057571	5.02328109741	5.39870738983	5.28503608704	4.63828277588	3.51002287865	2.0662856102	0.583305180073	0	0	0	0	0	0	0	0	62.6537246704	0	0	0	0	0	0	0	0	0	0	0	0	0	0	0
Feb 22 2023 18:03:49	9.47389507294	89.1151885986	96.4974746704	0.00319759966806	61.1185646057	23.9920845032	65.40234375	-	0	0	0	0	0	0	0	0	0	0	0	0	0	0	0	0	0	0	0	0	0	0	0	0	0.0660183206201	0.398253917694	1.05846726894	2.08014035225	3.40597248077	4.84526252747	6.07253551483	6.67802095413	6.30864286423	4.88024759293	2.76144933701	0.780254304409	0	0	0	0	0	0	0	1.01663359195e-14	60.6647377014	0	0	0	0	0	0	0	0	0	0	0	0	0	0	0
Feb 22 2023 18:03:50	8.73749160767	89.5803833008	96.6718978882	0.00185899599455	63.5278930664	23.9366436005	77.9760513306	-	0	0	0	0	0	0	0	0	0	0	0	0	0	0	0	0	0	0	0	0	0	0	0	0	0	0.683759450912	1.77683997154	2.94253778458	4.03784704208	4.8976020813	5.36308002472	5.30966329575	4.6861615181	3.5521094799	2.09444499016	0.613362073898	0	0	0	0	0	0	0	0	64.0425949097	0	0	0	0	0	0	0	0	0	0	0	0	0	0	0
Feb 22 2023 18:03:51	8.48766136169	89.4187698364	96.6113739014	0.00252695195377	62.4911193848	23.0383319855	70.3272094727	-	0	0	0	0	0	0	0	0	0	0	0	0	0	0	0	0	0	0	0	0	0	0	0	0	0	0.9091771245	2.00714588165	3.16328716278	4.23485517502	5.0591044426	5.48164701462	5.38354825974	4.7194814682	3.55362820625	2.07520008087	0.583647668362	0	0	0	0	0	0	0	0	62.8292808533	0	0	0	0	0	0	0	0	0	0	0	0	0	0	0
Feb 22 2023 18:03:52	6.09591817856	90.5253982544	97.0244293213	0.00253325770609	68.7158432007	19.969493866	65.9641113281	-	0	0	0	0	0	0	0	0	0	0	0	0	0	0	0	0	0	0	0	0	0	0	0	0	0	2.57055544853	9.80060100555	7.90955209732	4.48441839218	2.0324678421	0.760628819466	0.234413176775	0.0576206892729	0.0103147113696	0.00091255560983	0	0	0	0	0	0	0	0	0	72.1385192871	0	0	0	0	0	0	0	0	0	0	0	0	0	0	0
Feb 22 2023 18:03:53	7.90318202972	90.4873123169	97.0102615356	0.00361234578304	69.1362228394	24.9143276215	62.741394043	-	0	0	0	0	0	0	0	0	0	0	0	0	0	0	0	0	0	0	0	0	0	0	0	0	0	0	2.71617221832	4.72105169296	5.59631156921	5.35108184814	4.31131029129	2.94151639938	1.66287648678	0.729013741016	0.19602137804	0	0	0	0	0	0	0	0	0	71.7746429443	0	0	0	0	0	0	0	0	0	0	0	0	0	0	0
Feb 22 2023 18:03:54	7.20868301392	90.4114379883	96.9820404053	0.00323227560148	68.3390884399	22.8796100616	63.2643814087	-	0	0	0	0	0	0	0	0	0	0	0	0	0	0	0	0	0	0	0	0	0	0	0	0	0	1.08811914921	4.0977268219	5.57959508896	5.69284057617	4.8531165123	3.56271123886	2.25185012817	1.19508349895	0.49565038085	0.123075783253	0	0	0	0	0	0	0	0	0	71.0602264404	0	0	0	0	0	0	0	0	0	0	0	0	0	0	0
Feb 22 2023 18:03:55	8.61048030853	89.5945281982	96.677192688	0.00354306516238	63.3394584656	23.2303276062	61.3425750732	-	0	0	0	0	0	0	0	0	0	0	0	0	0	0	0	0	0	0	0	0	0	0	0	0	0.0527734644711	0.544889807701	1.57416915894	3.04048466682	4.64390993118	5.92788743973	6.43120861053	5.88399171829	4.39083242416	2.46890568733	0.840929985046	0.0490942634642	0	0	0	0	0	0	0	0	64.1509246826	0	0	0	0	0	0	0	0	0	0	0	0	0	0	0
Feb 22 2023 18:03:56	8.20544910431	89.8271865845	96.7642059326	0.00390272121876	64.5724868774	22.9105529785	57.8332176208	-	0	0	0	0	0	0	0	0	0	0	0	0	0	0	0	0	0	0	0	0	0	0	0	0	0.0475344397128	0.640881240368	1.93704164028	3.69137263298	5.37235212326	6.35328197479	6.21392011642	4.96973228455	3.11164617538	1.37084329128	0.306636244059	0.000654825824313	0	0	0	0	0	0	0	0	65.9841003418	0	0	0	0	0	0	0	0	0	0	0	0	0	0	0
Feb 22 2023 18:03:57	8.67017936707	89.2701034546	96.5556259155	0.00309423613362	61.4267196655	22.3987636566	64.2565155029	-	0	0	0	0	0	0	0	0	0	0	0	0	0	0	0	0	0	0	0	0	0	0	0	0.00450165895745	0.119803115726	0.537243485451	1.43222868443	2.86106657982	4.63827848434	6.284324646	7.1513094902	6.7211432457	4.9933590889	2.66610050201	0.799080908298	0.0403052121401	0	0	0	0	0	0	0	0	61.7512512207	0	0	0	0	0	0	0	0	0	0	0	0	0	0	0
Feb 22 2023 18:03:58	7.43107414246	89.5949859619	96.6773681641	0.00238949083723	62.9369773865	20.8614368439	69.0671386719	-	0	0	0	0	0	0	0	0	0	0	0	0	0	0	0	0	0	0	0	0	0	0	0	0	0.447966843843	1.65393280983	3.10240221024	4.45590782166	5.41167354584	5.74871206284	5.38657045364	4.40667009354	3.04604554176	1.64363110065	0.541167259216	0.000886090972926	0	0	0	0	0	0	0	0	64.1544342041	0	0	0	0	0	0	0	0	0	0	0	0	0	0	0
Feb 22 2023 18:03:59	7.46062135696	89.9519729614	96.8108062744	0.00171465426683	65.2573013306	22.05610466	77.743057251	-	0	0	0	0	0	0	0	0	0	0	0	0	0	0	0	0	0	0	0	0	0	0	0	0	0	1.68899035454	3.30865859985	4.53820705414	5.20456600189	5.24084186554	4.70129013062	3.74028134346	2.57764148712	1.44784200191	0.542644917965	0	0	0	0	0	0	0	0	0	67.0090408325	0	0	0	0	0	0	0	0	0	0	0	0	0	0	0
Feb 22 2023 18:04:00	7.32710886002	89.3212966919	96.5748291016	0.000718805531505	61.3324317932	20.2879295349	89.1609954834	-	0	0	0	0	0	0	0	0	0	0	0	0	0	0	0	0	0	0	0	0	0	0	0	0	0	1.65987873077	3.54359221458	4.9365735054	5.71654176712	5.84689903259	5.38406896591	4.46063375473	3.26662325859	2.01932239532	0.92218953371	0.12523086369	0	0	0	0	0	0	0	4.75355059406e-14	62.1184463501	0	0	0	0	0	0	0	0	0	0	0	0	0	0	0
Feb 22 2023 18:04:01	6.96234369278	90.0757751465	96.8570022583	0.000982737517916	65.8274688721	21.115228653	85.9540863037	-	0	0	0	0	0	0	0	0	0	0	0	0	0	0	0	0	0	0	0	0	0	0	0	0	0	1.86015963554	4.48557376862	5.80408334732	5.91662502289	5.14281368256	3.89956283569	2.57354354858	1.442081213	0.641143500805	0.177955761552	0	0	0	0	0	0	0	0	0	68.0564575195	0	0	0	0	0	0	0	0	0	0	0	0	0	0	0
Feb 22 2023 18:04:02	7.07468175888	90.1011352539	96.8664550781	0.00125811353792	66.0451278687	21.4689846039	82.6749649048	-	0	0	0	0	0	0	0	0	0	0	0	0	0	0	0	0	0	0	0	0	0	0	0	0	0	1.50134730339	4.28263044357	5.73695516586	5.94702196121	5.22645235062	3.99751114845	2.65918684006	1.50301706791	0.676707029343	0.194310083985	0	0	0	0	0	0	0	0	5.94165575708e-15	68.2748641968	0	0	0	0	0	0	0	0	0	0	0	0	0	0	0
Feb 22 2023 18:04:03	7.57680273056	90.2484970093	96.9213790894	0.00146412139293	67.3038864136	23.2172336578	81.5655517578	-	0	0	0	0	0	0	0	0	0	0	0	0	0	0	0	0	0	0	0	0	0	0	0	0	0	0.99434274435	3.23876810074	4.75275754929	5.38581371307	5.18320703506	4.35430049896	3.19333815575	1.99896454811	1.00275421143	0.324711799622	0	0	0	0	0	0	0	0	0	69.5710449219	0	0	0	0	0	0	0	0	0	0	0	0	0	0	0
Feb 22 2023 18:04:04	9.54470539093	89.4575195313	96.6258926392	0.00312397116795	62.781288147	24.5151462555	66.6594238281	-	0	0	0	0	0	0	0	0	0	0	0	0	0	0	0	0	0	0	0	0	0	0	0	0	0.00973120424896	0.144177258015	0.643925070763	1.77428352833	3.60997462273	5.77969264984	7.42397546768	7.56501054764	5.85694551468	3.12537765503	0.900008261204	0.0507098808885	0	0	0	0	0	0	0	0	63.1161880493	0	0	0	0	0	0	0	0	0	0	0	0	0	0	0
Feb 22 2023 18:04:05	9.23430252075	89.9066925049	96.7938995361	0.00342673249543	65.4499130249	25.3578548431	64.989982605	-	0	0	0	0	0	0	0	0	0	0	0	0	0	0	0	0	0	0	0	0	0	0	0	0	0	0.107701137662	0.816306173801	2.25450873375	4.15913963318	5.89455699921	6.70989084244	6.14697217941	4.38740444183	2.23581576347	0.633233606815	0.0208652615547	0	0	0	0	0	0	0	0	66.633605957	0	0	0	0	0	0	0	0	0	0	0	0	0	0	0
Feb 22 2023 18:04:06	6.4591088295	90.6087799072	97.0554122925	0.00197383249179	69.5584945679	21.5679702759	74.1903152466	-	0	0	0	0	0	0	0	0	0	0	0	0	0	0	0	0	0	0	0	0	0	0	0	0	0	1.47857642174	7.28234863281	7.42361021042	5.35886335373	3.12239933014	1.51813900471	0.614596486092	0.200568273664	0.0479454360902	0.00540301715955	0	0	0	0	0	0	0	0	0	72.9475479126	0	0	0	0	0	0	0	0	0	0	0	0	0	0	0
Feb 22 2023 18:04:07	8.9222574234	90.2844696045	96.9347763062	0.00253290566616	67.9296264648	26.1549415588	73.3838043213	-	0	0	0	0	0	0	0	0	0	0	0	0	0	0	0	0	0	0	0	0	0	0	0	0	0	0.0870402008295	1.09977209568	2.804874897	4.59457206726	5.77389431	5.86503267288	4.84224462509	3.15588641167	1.49098217487	0.389479696751	0.00158134358935	0	0	0	0	0	0	0	0	69.8946380615	0	0	0	0	0	0	0	0	0	0	0	0	0	0	0
Feb 22 2023 18:04:08	7.97420501709	90.0537567139	96.8487854004	0.00188721099403	66.0750579834	23.3584690094	77.0784301758	-	0	0	0	0	0	0	0	0	0	0	0	0	0	0	0	0	0	0	0	0	0	0	0	0	0	0.930436611176	2.47143816948	4.0028128624	5.11983585358	5.53912878036	5.17579507828	4.16007518768	2.79686450958	1.46283996105	0.472924292088	0	0	0	0	0	0	0	0	0	67.8678512573	0	0	0	0	0	0	0	0	0	0	0	0	0	0	0
Feb 22 2023 18:04:09	8.65255260468	90.2242050171	96.9123306274	0.00248439144343	67.3868026733	25.2319698334	72.9538879395	-	0	0	0	0	0	0	0	0	0	0	0	0	0	0	0	0	0	0	0	0	0	0	0	0	0	0.20012371242	1.31243932247	3.13459181786	5.0139298439	6.1409945488	5.99846029282	4.66724920273	2.78646063805	1.15306174755	0.238498747349	0	0	0	0	0	0	0	0	0	69.3541870117	0	0	0	0	0	0	0	0	0	0	0	0	0	0	0
Feb 22 2023 18:04:10	7.91062498093	90.4905471802	97.01146698	0.00332034938037	69.1688156128	24.9656238556	65.210357666	-	0	0	0	0	0	0	0	0	0	0	0	0	0	0	0	0	0	0	0	0	0	0	0	0	0	0	2.71232128143	4.70655107498	5.55628919601	5.30832719803	4.29207086563	2.95344161987	1.6936391592	0.759156763554	0.212793514132	0	0	0	0	0	0	0	0	0	71.8054122925	0	0	0	0	0	0	0	0	0	0	0	0	0	0	0
Feb 22 2023 18:04:11	9.163646698	89.0001602173	96.4542541504	0.00207768427208	60.3376426697	23.0491695404	75.0024185181	-	0	0	0	0	0	0	0	0	0	0	0	0	0	0	0	0	0	0	0	0	0	0	0	0.00384774175473	0.128272891045	0.498979926109	1.21374750137	2.31766295433	3.74199795723	5.25467967987	6.46695280075	6.91435337067	6.25279092789	4.5187959671	2.28742671013	0.51929295063	0	0	0	0	0	0	0	0	59.8811988831	0	0	0	0	0	0	0	0	0	0	0	0	0	0	0
Feb 22 2023 18:04:12	9.04277133942	88.9121246338	96.4211502075	0.00181123765651	59.898223877	22.776599884	77.57371521	-	0	0	0	0	0	0	0	0	0	0	0	0	0	0	0	0	0	0	0	0	0	0	0	0	0.13582970202	0.566390037537	1.34058487415	2.46219110489	3.83263683319	5.22473526001	6.30414485931	6.698097229	6.13711452484	4.63326072693	2.59640669823	0.774176120758	0	0	0	0	0	0	0	0	59.2944335938	0	0	0	0	0	0	0	0	0	0	0	0	0	0	0
Feb 22 2023 18:04:13	8.02147865295	90.3110427856	96.9446716309	0.00186011998449	67.8998718262	24.4866065979	78.3249282837	-	0	0	0	0	0	0	0	0	0	0	0	0	0	0	0	0	0	0	0	0	0	0	0	0	0	0.390582591295	2.52227544785	4.22316360474	5.19198846817	5.31729078293	4.69878435135	3.59340429306	2.32841897011	1.20103669167	0.397512793541	0	0	0	0	0	0	0	0	0	70.1355361938	0	0	0	0	0	0	0	0	0	0	0	0	0	0	0
Feb 22 2023 18:04:14	8.43077373505	89.8716964722	96.7808303833	0.002015855629	65.1354141235	24.0409469604	76.4168167114	-	0	0	0	0	0	0	0	0	0	0	0	0	0	0	0	0	0	0	0	0	0	0	0	0	0	0.531495809555	2.0279841423	3.43570566177	4.55143022537	5.20236873627	5.28621578217	4.792345047	3.81658673286	2.55397439003	1.26079642773	0.194902271032	0	0	0	0	0	0	0	0	66.3461990356	0	0	0	0	0	0	0	0	0	0	0	0	0	0	0
Feb 22 2023 18:04:15	8.27115249634	89.9924087524	96.8258972168	0.00174826697912	65.7655639648	23.7909622192	78.9631729126	-	0	0	0	0	0	0	0	0	0	0	0	0	0	0	0	0	0	0	0	0	0	0	0	0	0	0.708728551865	2.06027579308	3.58753275871	4.8848900795	5.59292125702	5.50762701035	4.6481127739	3.2680644989	1.77971363068	0.60133010149	0.0130890253931	0	0	0	0	0	0	0	0	67.3477096558	0	0	0	0	0	0	0	0	0	0	0	0	0	0	0
Feb 22 2023 18:04:16	7.48028612137	90.0143661499	96.8340911865	0.00228001968935	65.674041748	22.2589244843	71.7702713013	-	0	0	0	0	0	0	0	0	0	0	0	0	0	0	0	0	0	0	0	0	0	0	0	0	0	1.65986990929	3.27488064766	4.51642036438	5.18901634216	5.2137131691	4.64668178558	3.6553633213	2.4761235714	1.35429120064	0.480609387159	0	0	0	0	0	0	0	0	0	67.5330276489	0	0	0	0	0	0	0	0	0	0	0	0	0	0	0
Feb 22 2023 18:04:17	8.84966754913	89.7204971313	96.724319458	0.00137192802504	64.3946228027	24.4519767761	83.5523910522	-	0	0	0	0	0	0	0	0	0	0	0	0	0	0	0	0	0	0	0	0	0	0	0	0	0	0.747976541519	1.71619415283	2.7909488678	3.84323048592	4.71099567413	5.22461748123	5.23547506332	4.65976524353	3.52571225166	2.00433087349	0.409530699253	0	0	0	0	0	0	0	8.26407271472e-15	65.1312255859	0	0	0	0	0	0	0	0	0	0	0	0	0	0	0
Feb 22 2023 18:04:18	8.66390514374	90.3323745728	96.9526138306	0.00206088670529	68.294708252	26.0737895966	77.6508026123	-	0	0	0	0	0	0	0	0	0	0	0	0	0	0	0	0	0	0	0	0	0	0	0	0	0	0.134947359562	1.77832698822	3.30772256851	4.45529556274	5.02085924149	4.92707204819	4.23515939713	3.13377523422	1.8916643858	0.781566023827	0.00353423133492	0	0	0	0	0	0	0	5.01504016808e-14	70.330078125	0	0	0	0	0	0	0	0	0	0	0	0	0	0	0
Feb 22 2023 18:04:19	7.80184602737	88.9211578369	96.4245452881	0.00247377622873	59.5681114197	20.6788368225	68.0598754883	-	0	0	0	0	0	0	0	0	0	0	0	0	0	0	0	0	0	0	0	0	0	0	0	0	0.612179577351	1.54856109619	2.57977938652	3.61422491074	4.53862285614	5.22634410858	5.55620908737	5.42933940887	4.79809856415	3.69837927818	2.27210021019	0.772036790848	0	0	0	0	0	0	0	6.01389750309e-15	59.3541259766	0	0	0	0	0	0	0	0	0	0	0	0	0	0	0
Feb 22 2023 18:04:20	10.0817203522	89.1499557495	96.5105285645	0.00172393943649	61.601940155	25.350769043	80.5791702271	-	0	0	0	0	0	0	0	0	0	0	0	0	0	0	0	0	0	0	0	0	0	0	0	0	0	0.202040627599	0.742296278477	1.63764297962	2.86263537407	4.28058671951	5.62552928925	6.52144622803	6.57831573486	5.57003355026	3.64033198357	1.42848598957	0.00524829467759	0	0	0	0	0	0	0	60.9054107666	0	0	0	0	0	0	0	0	0	0	0	0	0	0	0
Feb 22 2023 18:04:21	9.30583381653	88.9995346069	96.4540176392	0.00125893030781	60.6534957886	23.792678833	84.4618988037	-	0	0	0	0	0	0	0	0	0	0	0	0	0	0	0	0	0	0	0	0	0	0	0	0	0.0630521476269	0.629412651062	1.39016652107	2.32278180122	3.36746382713	4.41837358475	5.3241109848	5.89238977432	5.91714048386	5.23306322098	3.7942097187	1.7708466053	0	0	0	0	0	0	0	0	59.876991272	0	0	0	0	0	0	0	0	0	0	0	0	0	0	0
Feb 22 2023 18:04:22	9.97910118103	89.4732055664	96.6317672729	0.00176660344005	63.3329048157	25.9624938965	80.5570373535	-	0	0	0	0	0	0	0	0	0	0	0	0	0	0	0	0	0	0	0	0	0	0	0	0	0	0.197302758694	0.816064596176	1.76865255833	2.98468136787	4.29961252213	5.45260477066	6.11726236343	5.99029302597	4.93201065063	3.11264514923	1.09584105015	0	0	0	0	0	0	0	0	63.2330284119	0	0	0	0	0	0	0	0	0	0	0	0	0	0	0
Feb 22 2023 18:04:23	8.85385990143	89.4367141724	96.6180953979	0.00152389274444	62.7393302917	23.760641098	81.4410552979	-	0	0	0	0	0	0	0	0	0	0	0	0	0	0	0	0	0	0	0	0	0	0	0	0	0.0404843613505	0.731571614742	1.67142081261	2.75900769234	3.8665060997	4.82745409012	5.45682477951	5.57856178284	5.07502269745	3.94812035561	2.3706111908	0.712611436844	0	0	0	0	0	0	0	0	62.9618034363	0	0	0	0	0	0	0	0	0	0	0	0	0	0	0
Feb 22 2023 18:04:24	9.50409507751	89.7107849121	96.7206878662	0.00144794490188	64.5963058472	25.7611885071	83.5930709839	-	0	0	0	0	0	0	0	0	0	0	0	0	0	0	0	0	0	0	0	0	0	0	0	0	0	0.412070393562	1.23433351517	2.23385024071	3.31625270844	4.33606147766	5.11072683334	5.4428486824	5.1661567688	4.20980834961	2.6630051136	0.82030081749	0	0	0	0	0	0	0	0	65.0545806885	0	0	0	0	0	0	0	0	0	0	0	0	0	0	0
Feb 22 2023 18:04:25	10.8908462524	89.6137161255	96.6843795776	0.00187657540664	64.3745193481	27.8961009979	80.8445892334	-	0	0	0	0	0	0	0	0	0	0	0	0	0	0	0	0	0	0	0	0	0	0	0	0	0	0.038055151701	0.327789306641	1.00409185886	2.14711928368	3.69190382957	5.34824752808	6.58711719513	6.78780651093	5.58201217651	3.26202702522	0.925399541855	0	0	0	0	0	0	0	0	64.2984313965	0	0	0	0	0	0	0	0	0	0	0	0	0	0	0
Feb 22 2023 18:04:26	10.8114843369	89.6093597412	96.6827468872	0.00329129095189	64.1865081787	27.5082969666	68.5197906494	-	0	0	0	0	0	0	0	0	0	0	0	0	0	0	0	0	0	0	0	0	0	0	0	0	0	0.0170194599777	0.191761657596	0.78137421608	2.05254507065	4.0334353447	6.24152612686	7.66201925278	7.27953672409	5.00902175903	2.12972617149	0.337156832218	0	0	0	0	0	0	0	0	64.2648773193	0	0	0	0	0	0	0	0	0	0	0	0	0	0	0
Feb 22 2023 18:04:27	10.3317813873	89.8861083984	96.7862091064	0.00225501437671	65.7135314941	27.4863071442	77.1096420288	-	0	0	0	0	0	0	0	0	0	0	0	0	0	0	0	0	0	0	0	0	0	0	0	0	0	0.0402660891414	0.353783428669	1.18371140957	2.64970254898	4.55252408981	6.28140068054	6.98564338684	6.08403921127	3.84275913239	1.43507683277	0.126811876893	0	0	0	0	0	0	0	0	66.4642791748	0	0	0	0	0	0	0	0	0	0	0	0	0	0	0
Feb 22 2023 18:04:28	10.2701683044	90.5114898682	97.0192565918	0.00165193667635	69.9853134155	29.978931427	83.9723587036	-	0	0	0	0	0	0	0	0	0	0	0	0	0	0	0	0	0	0	0	0	0	0	0	0	0	0.00112211727537	0.354841411114	1.33985340595	2.86383199692	4.51050567627	5.62949705124	5.63850593567	4.41259050369	2.4772734642	0.760187149048	0.00659975782037	0	0	0	0	0	0	0	0	72.0051956177	0	0	0	0	0	0	0	0	0	0	0	0	0	0	0
Feb 22 2023 18:04:29	9.05014610291	90.2635650635	96.9269943237	0.00143144384492	67.9262771606	26.5671005249	84.1919555664	-	0	0	0	0	0	0	0	0	0	0	0	0	0	0	0	0	0	0	0	0	0	0	0	0	0	0.162133529782	1.40747785568	2.77478313446	4.01574134827	4.86904430389	5.13450431824	4.7323846817	3.7438147068	2.40584921837	1.04797756672	0	0	0	0	0	0	0	0	0	69.7062911987	0	0	0	0	0	0	0	0	0	0	0	0	0	0	0
Feb 22 2023 18:04:30	10.7672948837	89.4815292358	96.6348876953	0.00169771176297	63.6747779846	27.501373291	82.2601547241	-	0	0	0	0	0	0	0	0	0	0	0	0	0	0	0	0	0	0	0	0	0	0	0	0	0	0.0305237807333	0.42474475503	1.195505023	2.32802772522	3.7151556015	5.11995315552	6.17674016953	6.46711874008	5.689412117	3.88655805588	1.63391494751	0.0371163673699	0	0	0	0	0	0	0	63.2952270508	0	0	0	0	0	0	0	0	0	0	0	0	0	0	0
Feb 22 2023 18:04:31	9.35587692261	90.1136627197	96.871131897	0.00164428749122	66.9165725708	26.4308395386	82.0115356445	-	0	0	0	0	0	0	0	0	0	0	0	0	0	0	0	0	0	0	0	0	0	0	0	0	0	0.148374080658	0.925495505333	2.24766469002	3.83993268013	5.23997879028	5.9432220459	5.61558198929	4.29954242706	2.47194027901	0.851621747017	0.0334221087396	0	0	0	0	0	0	0	0	68.3832244873	0	0	0	0	0	0	0	0	0	0	0	0	0	0	0
Feb 22 2023 18:04:32	9.25698280334	90.3124771118	96.9452056885	0.00161348551046	68.3001785278	27.1059741974	82.7082366943	-	0	0	0	0	0	0	0	0	0	0	0	0	0	0	0	0	0	0	0	0	0	0	0	0	0	0.106938391924	1.09651434422	2.48857760429	3.92003726959	4.99600076675	5.38638210297	4.94207048416	3.77686142921	2.25446724892	0.858927488327	0.0246180538088	0	0	0	0	0	0	0	0	70.1486053467	0	0	0	0	0	0	0	0	0	0	0	0	0	0	0
Feb 22 2023 18:04:33	7.9199552536	90.3321456909	96.9525299072	0.00121418049093	68.0377197266	24.2812213898	85.108253479	-	0	0	0	0	0	0	0	0	0	0	0	0	0	0	0	0	0	0	0	0	0	0	0	0	0	0.98059463501	2.66775965691	4.06034898758	4.89290094376	5.0332570076	4.51885271072	3.53281354904	2.34622001648	1.23588812351	0.4033677876	0	0	0	0	0	0	0	0	0	70.3279953003	0	0	0	0	0	0	0	0	0	0	0	0	0	0	0
Feb 22 2023 18:04:34	8.74371623993	90.2604446411	96.9258270264	0.0015490767546	67.8144302368	25.9397830963	82.605430603	-	0	0	0	0	0	0	0	0	0	0	0	0	0	0	0	0	0	0	0	0	0	0	0	0	0	0.239211529493	1.7066501379	3.1454410553	4.30489253998	4.9696097374	5.01813650131	4.45347070694	3.41270565987	2.14026975632	0.922952592373	0.00846822187304	0	0	0	0	0	0	0	0	69.6781921387	0	0	0	0	0	0	0	0	0	0	0	0	0	0	0
Feb 22 2023 18:04:35	9.07310676575	90.3293991089	96.9515075684	0.00172111787833	68.4054641724	26.9617385864	81.5708084106	-	0	0	0	0	0	0	0	0	0	0	0	0	0	0	0	0	0	0	0	0	0	0	0	0	0	0	1.32415795326	2.82318091393	4.10750341415	4.91637325287	5.08368825912	4.58410406113	3.5514831543	2.2499730587	0.996171891689	0.0604479089379	0	0	0	0	0	0	0	0	70.3029174805	0	0	0	0	0	0	0	0	0	0	0	0	0	0	0
Feb 22 2023 18:04:36	8.59672737122	89.8783721924	96.7833175659	0.00169612385798	65.1959838867	24.2547492981	79.9166183472	-	0	0	0	0	0	0	0	0	0	0	0	0	0	0	0	0	0	0	0	0	0	0	0	0	0	0.59124147892	1.78694760799	3.14749884605	4.39694213867	5.25814533234	5.51532697678	5.07300424576	4.00622463226	2.56905603409	1.13814234734	0.11663954705	0	0	0	0	0	0	0	0	66.4008331299	0	0	0	0	0	0	0	0	0	0	0	0	0	0	0
Feb 22 2023 18:04:37	9.04763031006	89.1901092529	96.525604248	0.00162583286874	61.4412994385	23.5596904755	80.210105896	-	0	0	0	0	0	0	0	0	0	0	0	0	0	0	0	0	0	0	0	0	0	0	0	0	0.0426314808428	0.597659230232	1.46141993999	2.5536441803	3.75430393219	4.88304853439	5.71637058258	6.01972293854	5.61353540421	4.46240472794	2.75652861595	0.953098773956	0	0	0	0	0	0	0	0	61.185634613	0	0	0	0	0	0	0	0	0	0	0	0	0	0	0
Feb 22 2023 18:04:38	8.33833885193	89.7516326904	96.7359619141	0.0013055294985	64.3619308472	23.5065498352	83.6621017456	-	0	0	0	0	0	0	0	0	0	0	0	0	0	0	0	0	0	0	0	0	0	0	0	0	0	0.801134765148	2.15461373329	3.43934750557	4.48619556427	5.140604496	5.2939414978	4.90388345718	4.0166387558	2.77686285973	1.41267800331	0.196160122752	0	0	0	0	0	0	0	0	65.3779373169	0	0	0	0	0	0	0	0	0	0	0	0	0	0	0
Feb 22 2023 18:04:39	9.21364974976	90.2193450928	96.9105224609	0.00248030922376	67.7005081177	26.8530349731	74.4891662598	-	0	0	0	0	0	0	0	0	0	0	0	0	0	0	0	0	0	0	0	0	0	0	0	0	0	0.0253538712859	1.29834532738	2.65479302406	3.88078904152	4.75382566452	5.0968580246	4.82169866562	3.96710109711	2.70978951454	1.33171260357	0.148832648993	0	0	0	0	0	0	0	0	69.3109054565	0	0	0	0	0	0	0	0	0	0	0	0	0	0	0
Feb 22 2023 18:04:40	8.80702781677	89.7483596802	96.7347412109	0.00160616089124	64.5356063843	24.4945449829	81.0702514648	-	0	0	0	0	0	0	0	0	0	0	0	0	0	0	0	0	0	0	0	0	0	0	0	0	0	0.502579212189	1.69792377949	2.93620324135	4.0623497963	4.90804481506	5.32157182693	5.1943860054	4.49695730209	3.31045174599	1.83702111244	0.380640357733	0	0	0	0	0	0	0	0	65.3518753052	0	0	0	0	0	0	0	0	0	0	0	0	0	0	0
Feb 22 2023 18:04:41	8.81716060638	90.3302001953	96.9518051147	0.00272677349858	68.3212814331	26.4181957245	71.9035949707	-	0	0	0	0	0	0	0	0	0	0	0	0	0	0	0	0	0	0	0	0	0	0	0	0	0	0	1.52000188828	3.15461421013	4.43213796616	5.10602426529	5.06868696213	4.3763833046	3.23665070534	1.94906949997	0.812228381634	0.0339662246406	0	0	0	0	0	0	0	0	70.3102340698	0	0	0	0	0	0	0	0	0	0	0	0	0	0	0
Feb 22 2023 18:04:42	8.49619674683	89.9203567505	96.7990036011	0.00139805837534	65.4871368408	24.2933425903	83.1362915039	-	0	0	0	0	0	0	0	0	0	0	0	0	0	0	0	0	0	0	0	0	0	0	0	0	0	0.747453093529	2.008040905	3.24554300308	4.28392362595	4.95489406586	5.13454437256	4.76941871643	3.90245962143	2.6831870079	1.34852397442	0.175494879484	0	0	0	0	0	0	0	0	66.7465133667	0	0	0	0	0	0	0	0	0	0	0	0	0	0	0
Feb 22 2023 18:04:43	9.31116676331	89.8706665039	96.7804489136	0.00293918466195	65.4721298218	25.9319610596	69.6853713989	-	0	0	0	0	0	0	0	0	0	0	0	0	0	0	0	0	0	0	0	0	0	0	0	0	0	0.0723630189896	1.22954058647	2.50912976265	3.74588108063	4.74508142471	5.31867694855	5.32124567032	4.69687414169	3.51997232437	2.00805068016	0.495362222195	0	0	0	0	0	0	0	0	66.3378219604	0	0	0	0	0	0	0	0	0	0	0	0	0	0	0
Feb 22 2023 18:04:44	8.32290554047	89.8186950684	96.7610244751	0.00158045708667	64.7634887695	23.6242408752	80.6588745117	-	0	0	0	0	0	0	0	0	0	0	0	0	0	0	0	0	0	0	0	0	0	0	0	0	0	0.837635159492	2.16853952408	3.44542479515	4.48677778244	5.12673521042	5.25120067596	4.82150793076	3.89648938179	2.63817501068	1.28899538517	0.123105444014	0	0	0	0	0	0	0	5.55844534625e-15	65.9154129028	0	0	0	0	0	0	0	0	0	0	0	0	0	0	0
Feb 22 2023 18:04:45	8.23969554901	90.2651824951	96.9275970459	0.00144819542766	67.6739883423	24.7832546234	82.8723526001	-	0	0	0	0	0	0	0	0	0	0	0	0	0	0	0	0	0	0	0	0	0	0	0	0	0	0.703134655952	2.25933933258	3.66288709641	4.65438890457	5.05272912979	4.80736923218	4.00793123245	2.8639061451	1.64859068394	0.618906795979	0	0	0	0	0	0	0	0	0	69.7208175659	0	0	0	0	0	0	0	0	0	0	0	0	0	0	0
Feb 22 2023 18:04:46	8.85241794586	90.1766586304	96.8946151733	0.00149316375609	67.289352417	25.8452243805	83.1208267212	-	0	0	0	0	0	0	0	0	0	0	0	0	0	0	0	0	0	0	0	0	0	0	0	0	0	0.407267361879	1.65441226959	2.93860864639	4.05478715897	4.79939746857	5.02037906647	4.65456199646	3.75839185715	2.51279568672	1.18838536739	0.0777013525367	0	0	0	0	0	0	0	0	68.9333114624	0	0	0	0	0	0	0	0	0	0	0	0	0	0	0
Feb 22 2023 18:04:47	8.16237545013	88.4079437256	96.3099060059	0.00204201834276	58.2489051819	20.9061946869	73.0950088501	-	0	0	0	0	0	0	0	0	0	0	0	0	0	0	0	0	0	0	0	0	0	0	0	0	0.492820292711	1.28295099735	2.21691322327	3.2339951992	4.243683815	5.12529230118	5.73744106293	5.92921972275	5.56878948212	4.5883436203	3.03770399094	1.14004552364	0	0	0	0	0	0	0	0	57.4028015137	0	0	0	0	0	0	0	0	0	0	0	0	0	0	0
Feb 22 2023 18:04:48	8.00695610046	89.4406890869	96.6195831299	0.00239876634441	62.4254302979	22.0357265472	70.4578552246	-	0	0	0	0	0	0	0	0	0	0	0	0	0	0	0	0	0	0	0	0	0	0	0	0	0.35823276639	1.3551119566	2.43905854225	3.50173068047	4.41682100296	5.05207633972	5.29134750366	5.05303287506	4.31783056259	3.15561437607	1.73794364929	0.329959541559	0	0	0	0	0	0	0	0	62.9912376404	0	0	0	0	0	0	0	0	0	0	0	0	0	0	0
Feb 22 2023 18:04:49	8.35326766968	89.822303772	96.7623748779	0.00141475338023	64.8240280151	23.6795845032	82.5309295654	-	0	0	0	0	0	0	0	0	0	0	0	0	0	0	0	0	0	0	0	0	0	0	0	0	0.0732708498836	1.05484783649	2.16052007675	3.26596951485	4.22329950333	4.87957811356	5.1064248085	4.82482051849	4.03539657593	2.84136247635	1.44899880886	0.140940636396	0	0	0	0	0	0	0	0	65.9445724487	0	0	0	0	0	0	0	0	0	0	0	0	0	0	0
Feb 22 2023 18:04:50	8.7734079361	89.8176116943	96.7606201172	0.00153892440721	64.9481048584	24.5819225311	81.83253479	-	0	0	0	0	0	0	0	0	0	0	0	0	0	0	0	0	0	0	0	0	0	0	0	0	0	0.614575505257	1.74303817749	2.93425583839	4.0295882225	4.85309505463	5.24521446228	5.09384202957	4.37337017059	3.17630314827	1.71866178513	0.31139922142	0	0	0	0	0	0	0	0	65.9066543579	0	0	0	0	0	0	0	0	0	0	0	0	0	0	0
Feb 22 2023 18:04:51	8.76832389832	89.9714736938	96.8180847168	0.00168415880762	65.8920822144	24.9797325134	80.5839691162	-	0	0	0	0	0	0	0	0	0	0	0	0	0	0	0	0	0	0	0	0	0	0	0	0	0	0.492242872715	1.68339836597	2.98272705078	4.1592874527	4.98502588272	5.27905607224	4.95020961761	4.03847169876	2.7307972908	1.33118081093	0.195623844862	0	0	0	0	0	0	0	4.74817362891e-15	67.1719818115	0	0	0	0	0	0	0	0	0	0	0	0	0	0	0
Feb 22 2023 18:04:52	9.32570934296	89.6684417725	96.7048492432	0.0017889009323	64.2784500122	25.3547935486	79.8464889526	-	0	0	0	0	0	0	0	0	0	0	0	0	0	0	0	0	0	0	0	0	0	0	0	0	0	0.348327815533	1.31048476696	2.41631221771	3.54811167717	4.54789829254	5.23810815811	5.44668006897	5.05118322372	4.03280162811	2.52146077156	0.815963387489	0	0	0	0	0	0	0	6.51053494292e-15	64.7226715088	0	0	0	0	0	0	0	0	0	0	0	0	0	0	0
Feb 22 2023 18:04:53	8.04522705078	90.2304840088	96.9146728516	0.00215941970237	67.3594284058	24.2581996918	75.0894699097	-	0	0	0	0	0	0	0	0	0	0	0	0	0	0	0	0	0	0	0	0	0	0	0	0	0	0.689568936825	2.50662446022	3.99812650681	4.92542457581	5.16792440414	4.75226974487	3.83455491066	2.65927529335	1.4948900938	0.561224222183	0	0	0	0	0	0	0	0	0	69.410118103	0	0	0	0	0	0	0	0	0	0	0	0	0	0	0
Feb 22 2023 18:04:54	7.82570791245	90.2265853882	96.9132156372	0.00228114472702	67.2348251343	23.7178153992	73.3448867798	-	0	0	0	0	0	0	0	0	0	0	0	0	0	0	0	0	0	0	0	0	0	0	0	0	0	0.712766051292	2.81020188332	4.41042280197	5.26546573639	5.30669784546	4.65201091766	3.5512638092	2.30968308449	1.20220708847	0.403900295496	0	0	0	0	0	0	0	0	0	69.3753814697	0	0	0	0	0	0	0	0	0	0	0	0	0	0	0
Feb 22 2023 18:04:55	8.68881702423	90.092880249	96.8633804321	0.00186400255188	66.6637420654	25.2803840637	78.9788513184	-	0	0	0	0	0	0	0	0	0	0	0	0	0	0	0	0	0	0	0	0	0	0	0	0	0	0.265915691853	1.76174867153	3.20034480095	4.35963773727	5.04813766479	5.15170860291	4.65893888474	3.67578744888	2.41331720352	1.14121651649	0.119658388197	0	0	0	0	0	0	0	5.95257104716e-15	68.2035827637	0	0	0	0	0	0	0	0	0	0	0	0	0	0	0
Feb 22 2023 18:04:56	8.59044361115	89.3247299194	96.5761184692	0.00198185257614	62.0396537781	23.039773941	75.899055481	-	0	0	0	0	0	0	0	0	0	0	0	0	0	0	0	0	0	0	0	0	0	0	0	0	0.113759472966	0.938064992428	1.91851127148	2.97720456123	4.00339889526	4.85866594315	5.39432525635	5.47040557861	4.99062776566	3.94652104378	2.45651245117	0.78874117136	0	0	0	0	0	0	0	0	62.1432609558	0	0	0	0	0	0	0	0	0	0	0	0	0	0	0
Feb 22 2023 18:04:57	8.23540115356	90.2301635742	96.9145507813	0.00185055960901	67.434173584	24.6708621979	78.5712814331	-	0	0	0	0	0	0	0	0	0	0	0	0	0	0	0	0	0	0	0	0	0	0	0	0	0	0.72319316864	2.27655816078	3.65816760063	4.63170623779	5.03337287903	4.81635713577	4.05912637711	2.95097613335	1.74666404724	0.696626245975	0	0	0	0	0	0	0	0	0	69.4072494507	0	0	0	0	0	0	0	0	0	0	0	0	0	0	0
Feb 22 2023 18:04:58	8.14150524139	90.3760452271	96.9688720703	0.001557100215	68.4296264648	24.977432251	81.828994751	-	0	0	0	0	0	0	0	0	0	0	0	0	0	0	0	0	0	0	0	0	0	0	0	0	0	0.652167141438	2.38034248352	3.85807752609	4.79978704453	5.04638767242	4.61093854904	3.66254854202	2.47245168686	1.33009374142	0.455620646477	0	0	0	0	0	0	0	0	0	70.7315826416	0	0	0	0	0	0	0	0	0	0	0	0	0	0	0
Feb 22 2023 18:04:59	8.46171665192	89.9728546143	96.8185958862	0.0016751063522	65.8002319336	24.3403949738	80.1759033203	-	0	0	0	0	0	0	0	0	0	0	0	0	0	0	0	0	0	0	0	0	0	0	0	0	0	0.781575798988	2.03610873222	3.27659440041	4.31444215775	4.97017192841	5.11519145966	4.70125389099	3.78610873222	2.53881621361	1.21186923981	0.0843489393592	0	0	0	0	0	0	0	0	67.1835174561	0	0	0	0	0	0	0	0	0	0	0	0	0	0	0
Feb 22 2023 18:05:00	9.10160636902	89.5798339844	96.6716918945	0.00227925297804	63.5987014771	24.5044059753	74.2894439697	-	0	0	0	0	0	0	0	0	0	0	0	0	0	0	0	0	0	0	0	0	0	0	0	0	0	0.502578794956	1.39889717102	2.54128050804	3.77599549294	4.8861489296	5.62184429169	5.7493391037	5.13069009781	3.81219911575	2.08074736595	0.461912482977	0	0	0	0	0	0	0	0	64.0383682251	0	0	0	0	0	0	0	0	0	0	0	0	0	0	0
Feb 22 2023 18:05:01	9.85472488403	89.5596389771	96.6641387939	0.00247291661799	63.6546096802	25.7004108429	73.6491394043	-	0	0	0	0	0	0	0	0	0	0	0	0	0	0	0	0	0	0	0	0	0	0	0	0	0.00365732773207	0.192755639553	0.741329312325	1.73090589046	3.12699794769	4.7080540657	6.05789041519	6.65089321136	6.07692241669	4.3493065834	2.096129179	0.380800664425	0	0	0	0	0	0	0	0	63.8843650818	0	0	0	0	0	0	0	0	0	0	0	0	0	0	0
Feb 22 2023 18:05:02	11.7486934662	89.8751296997	96.7821121216	0.00237027136609	66.0938339233	30.1619567871	78.1029281616	-	0	0	0	0	0	0	0	0	0	0	0	0	0	0	0	0	0	0	0	0	0	0	0	0	0	0	0.0237946361303	0.264594107866	1.10383009911	2.87685012817	5.38642549515	7.54180526733	7.82158946991	5.67590665817	2.49494338036	0.435349822044	0.000628669455182	0	0	0	0	0	0	0	66.3742828369	0	0	0	0	0	0	0	0	0	0	0	0	0	0	0
Feb 22 2023 18:05:03	10.6052570343	88.9979705811	96.4534301758	0.00268848403357	61.1670188904	25.9301548004	71.7670059204	-	0	0	0	0	0	0	0	0	0	0	0	0	0	0	0	0	0.0576740056276	0	0	0	0	0	0	0	0	0.14600341022	0.586045324802	1.33368861675	2.3950214386	3.69325494766	5.04295921326	6.14402914047	6.62948656082	6.18592214584	4.73221921921	2.60106515884	0.586114525795	0	0	0	0	0	0	0	59.8665161133	0	0	0	0	0	0	0	0	0	0	0	0	0	0	0
Feb 22 2023 18:05:04	10.5929431915	89.5764007568	96.6704101563	0.00313683156855	63.9677124023	27.1063270569	69.3416519165	-	0	0	0	0	0	0	0	0	0	0	0	0	0	0	0	0	0	0	0	0	0	0	0	0	0	0.0288830902427	0.291151553392	1.01584529877	2.3527507782	4.20572900772	6.10441446304	7.25655031204	6.91924762726	4.9918422699	2.36290931702	0.458536058664	0	0	0	0	0	0	0	0	64.0121383667	0	0	0	0	0	0	0	0	0	0	0	0	0	0	0
Feb 22 2023 18:05:05	10.1280851364	90.0037384033	96.8301239014	0.00235761818476	66.4855880737	27.7234783173	76.356086731	-	0	0	0	0	0	0	0	0	0	0	0	0	0	0	0	0	0	0	0	0	0	0	0	0	0	0.0152212744579	0.501649856567	1.53359687328	2.97746109962	4.52575874329	5.72459125519	6.10372209549	5.39453840256	3.7420797348	1.75411963463	0.28402993083	0	0	0	0	0	0	0	0	67.4432373047	0	0	0	0	0	0	0	0	0	0	0	0	0	0	0
Feb 22 2023 18:05:06	10.7929029465	89.6219558716	96.687461853	0.00209791958332	64.4727783203	27.9092502594	78.8373718262	-	0	0	0	0	0	0	0	0	0	0	0	0	0	0	0	0	0	0	0	0	0	0	0	0	0	0.0285758581012	0.430094212294	1.19787752628	2.31559371948	3.6767103672	5.04647064209	6.06322526932	6.31366348267	5.50017404556	3.66741275787	1.39823424816	0	0	0	0	0	0	2.80259692865e-43	9.02706389998e-14	64.3619689941	0	0	0	0	0	0	0	0	0	0	0	0	0	0	0
Feb 22 2023 18:05:07	8.66091251373	90.1544036865	96.8863220215	0.00181402091403	67.0821075439	25.3464679718	79.4960861206	-	0	0	0	0	0	0	0	0	0	0	0	0	0	0	0	0	0	0	0	0	0	0	0	0	0	0.64237344265	1.8668088913	3.08547830582	4.11284446716	4.77089738846	4.93063688278	4.54166936874	3.65834093094	2.44574427605	1.15252745152	0.0546146407723	0	0	0	0	0	0	0	0	68.7380599976	0	0	0	0	0	0	0	0	0	0	0	0	0	0	0
Feb 22 2023 18:05:08	9.29810333252	90.0914535522	96.8628463745	0.00216017896309	66.7076339722	26.1499233246	76.8446807861	-	0	0	0	0	0	0	0	0	0	0	0	0	0	0	0	0	0	0	0	0	0	0	0	0	0	0.122071415186	0.84743231535	2.23505711555	4.00760555267	5.58407115936	6.30638170242	5.7786026001	4.15662813187	2.14676499367	0.611049890518	0.0130482977256	0	0	0	0	0	0	0	0	68.1912841797	0	0	0	0	0	0	0	0	0	0	0	0	0	0	0
Feb 22 2023 18:05:09	9.80345630646	89.6885147095	96.7123641968	0.00228376383893	64.5472793579	26.2668800354	75.8367767334	-	0	0	0	0	0	0	0	0	0	0	0	0	0	0	0	0	0	0	0	0	0	0	0	0	0	0.234106317163	0.973518848419	1.9731156826	3.13411831856	4.29163074493	5.22373771667	5.68069839478	5.44922304153	4.44383430481	2.79718780518	0.919215083122	0	0	0	0	0	0	0	0	64.8796157837	0	0	0	0	0	0	0	0	0	0	0	0	0	0	0
Feb 22 2023 18:05:10	8.2471704483	89.4989242554	96.6414031982	0.00170825805981	62.8205451965	22.6875095367	78.5000686646	-	0	0	0	0	0	0	0	0	0	0	0	0	0	0	0	0	0	0	0	0	0	0	0	0	0	1.02938091755	2.24922347069	3.45558309555	4.49409818649	5.20843887329	5.46886491776	5.19520425797	4.38634157181	3.14378285408	1.67463052273	0.26894056797	0	0	0	0	0	0	0	0	63.4255104065	0	0	0	0	0	0	0	0	0	0	0	0	0	0	0
Feb 22 2023 18:05:11	7.92413330078	88.8757629395	96.4074707031	0.00212230533361	59.3645133972	20.8246002197	72.0583114624	-	0	0	0	0	0	0	0	0	0	0	0	0	0	0	0	0	0	0	0	0	0	0	0	0	0.447165489197	1.41427159309	2.48353934288	3.56396770477	4.54306364059	5.29305839539	5.6870007515	5.61366605759	5.00578260422	3.8754529953	2.34579491615	0.67199420929	0	0	0	0	0	0	0	5.87573965313e-15	59.0552444458	0	0	0	0	0	0	0	0	0	0	0	0	0	0	0
Feb 22 2023 18:05:12	7.68341875076	89.8739089966	96.7816543579	0.00163696252275	64.8259429932	22.3250865936	78.9115066528	-	0	0	0	0	0	0	0	0	0	0	0	0	0	0	0	0	0	0	0	0	0	0	0	0	0	1.29972398281	2.96587276459	4.32403755188	5.17240190506	5.40020370483	5.01374292374	4.12887096405	2.94822597504	1.71734559536	0.665234088898	0	0	0	0	0	0	0	0	0	66.3643417358	0	0	0	0	0	0	0	0	0	0	0	0	0	0	0
Feb 22 2023 18:05:13	7.78353643417	89.9655990601	96.8158950806	0.00124120432884	65.4449691772	22.7616119385	83.8642196655	-	0	0	0	0	0	0	0	0	0	0	0	0	0	0	0	0	0	0	0	0	0	0	0	0	0	1.1158195734	2.805727005	4.24489355087	5.17339611053	5.43680286407	5.02823352814	4.08253240585	2.84096384048	1.5861415863	0.562645673752	0	0	0	0	0	0	0	0	0	67.1228408813	0	0	0	0	0	0	0	0	0	0	0	0	0	0	0
Feb 22 2023 18:05:14	7.70057344437	90.21534729	96.909034729	0.00148648081813	67.1035385132	23.355846405	81.4295654297	-	0	0	0	0	0	0	0	0	0	0	0	0	0	0	0	0	0	0	0	0	0	0	0	0	0	0.900870203972	2.98604559898	4.55933618546	5.35816383362	5.31947851181	4.58309555054	3.42529964447	2.16835546494	1.0864495039	0.3374966681	0	0	0	0	0	0	0	0	0	69.2754058838	0	0	0	0	0	0	0	0	0	0	0	0	0	0	0
Feb 22 2023 18:05:15	8.12405204773	89.7342834473	96.7294769287	0.00120492791757	64.1308364868	22.9117107391	84.4300460815	-	0	0	0	0	0	0	0	0	0	0	0	0	0	0	0	0	0	0	0	0	0	0	0	0	0	1.02090549469	2.36417341232	3.66051340103	4.70751857758	5.3219294548	5.38270378113	4.85914850235	3.83244347572	2.49487519264	1.1155591011	0	0	0	0	0	0	0	0	0	65.2402267456	0	0	0	0	0	0	0	0	0	0	0	0	0	0	0
Feb 22 2023 18:05:16	8.14916229248	89.9150619507	96.7970199585	0.00201496272348	65.2854995728	23.4946613312	75.8935089111	-	0	0	0	0	0	0	0	0	0	0	0	0	0	0	0	0	0	0	0	0	0	0	0	0	0	0.816665112972	2.35118246078	3.73684883118	4.76302671432	5.26915836334	5.183344841	4.53656959534	3.46514892578	2.18936419487	0.964932262897	0.0210657827556	0	0	0	0	0	0	0	0	66.7026901245	0	0	0	0	0	0	0	0	0	0	0	0	0	0	0
Feb 22 2023 18:05:17	8.83113193512	88.9039764404	96.4180831909	0.00206000753678	59.9740409851	22.7195549011	74.8210601807	-	0	0	0	0	0	0	0	0	0	0	0	0	0	0	0	0	0	0	0	0	0	0	0	0	0.174920499325	0.856206953526	1.71089434624	2.6957924366	3.73331451416	4.70774269104	5.4716091156	5.85494422913	5.6944103241	4.88293600082	3.43271231651	1.54384791851	0	0	0	0	0	0	0	0	59.2406692505	0	0	0	0	0	0	0	0	0	0	0	0	0	0	0
Feb 22 2023 18:05:18	8.97341060638	88.3380355835	96.2981643677	0.0025560928043	58.5624427795	22.5177536011	69.5775909424	-	0	0	0	0	0	0	0	0	0	0	0	0	0	0	0	0	0	0	0	0	0	0	0	0	0.2054143399	0.816359817982	1.60519254208	2.54436445236	3.57301568985	4.59021234512	5.45674133301	5.99923372269	6.03414106369	5.41504621506	4.10006856918	2.23552942276	0.214577555656	0	0	0	0	0	0	0	57.210105896	0	0	0	0	0	0	0	0	0	0	0	0	0	0	0
Feb 22 2023 18:05:19	8.81478023529	89.3752670288	96.5950698853	0.0028871872928	62.3565826416	23.4915428162	67.4761276245	-	0	0	0	0	0	0	0	0	0	0	0	0	0	0	0	0	0	0	0	0	0	0	0	0	0.077064871788	0.735799491405	1.66899764538	2.77687621117	3.92413020134	4.92953968048	5.58874464035	5.70741128922	5.15957784653	3.95847773552	2.31293106079	0.65029668808	0	0	0	0	0	0	0	0	62.5101509094	0	0	0	0	0	0	0	0	0	0	0	0	0	0	0
Feb 22 2023 18:05:20	8.66217041016	89.2315597534	96.5411682129	0.00355591229163	61.4181480408	22.694688797	60.5491294861	-	0	0	0	0	0	0	0	0	0	0	0	0	0	0	0	0	0	0	0	0	0	0	0	0	0.169748261571	0.759127616882	1.68998897076	2.88319206238	4.17780351639	5.32979202271	6.05257129669	6.08315467834	5.28703165054	3.76888298988	1.92605662346	0.39517608285	0	0	0	0	0	0	0	0	61.4774780273	0	0	0	0	0	0	0	0	0	0	0	0	0	0	0
Feb 22 2023 18:05:21	8.13654327393	89.384262085	96.5984344482	0.00191400793847	62.0251808167	21.9227237701	75.5359191895	-	0	0	0	0	0	0	0	0	0	0	0	0	0	0	0	0	0	0	0	0	0	0	0	0	0.277471393347	1.06958150864	2.19297146797	3.48314452171	4.71097373962	5.60810470581	5.93013429642	5.52587080002	4.41588401794	2.84134173393	1.23752319813	0.131141960621	0	0	0	0	0	0	0	0	62.5758590698	0	0	0	0	0	0	0	0	0	0	0	0	0	0	0
Feb 22 2023 18:05:22	8.47684288025	90.2267379761	96.9132766724	0.0018600129988	67.4657287598	25.2148571014	78.9473495483	-	0	0	0	0	0	0	0	0	0	0	0	0	0	0	0	0	0	0	0	0	0	0	0	0	0	0.210789725184	1.91757416725	3.52945804596	4.72943210602	5.28269433975	5.10789489746	4.29515695572	3.08193349838	1.78202986717	0.686322689056	0	0	0	0	0	0	0	0	0	69.3767166138	0	0	0	0	0	0	0	0	0	0	0	0	0	0	0
Feb 22 2023 18:05:23	8.55899715424	89.6110076904	96.6833648682	0.00169754994567	63.5568351746	23.4651279449	79.2932891846	-	0	0	0	0	0	0	0	0	0	0	0	0	0	0	0	0	0	0	0	0	0	0	0	0	0.0239747725427	0.766549766064	1.85773861408	3.10745310783	4.30899477005	5.22769832611	5.64610242844	5.41487216949	4.51509141922	3.10530734062	1.52114009857	0.22751763463	0	0	0	0	0	0	0	0	64.277557373	0	0	0	0	0	0	0	0	0	0	0	0	0	0	0
Feb 22 2023 18:05:24	7.00087976456	90.2980041504	96.9398193359	0.00201546936296	67.4142990112	21.9005889893	74.1459960938	-	0	0	0	0	0	0	0	0	0	0	0	0	0	0	0	0	0	0	0	0	0	0	0	0	0	1.63968169689	4.47548484802	5.81565380096	5.8052573204	4.86614465714	3.51218771935	2.17778563499	1.12948107719	0.454506278038	0.106648288667	0	0	0	0	0	0	0	0	0	70.0171737671	0	0	0	0	0	0	0	0	0	0	0	0	0	0	0
Feb 22 2023 18:05:25	9.06487369537	89.0121383667	96.4587554932	0.00331127690151	60.538444519	23.2095680237	63.3988189697	-	0	0	0	0	0	0	0	0	0	0	0	0	0	0	0	0	0	0	0	0	0	0	0	0	0.147404268384	0.675991296768	1.46657967567	2.47973775864	3.62853097916	4.76295995712	5.67651844025	6.12630653381	5.88987827301	4.85851955414	3.14567828178	1.18000984192	0	0	0	0	0	0	0	0	59.9618835449	0	0	0	0	0	0	0	0	0	0	0	0	0	0	0
Feb 22 2023 18:05:26	8.61455631256	88.8946838379	96.4145889282	0.00248209526762	59.6822624207	21.9519004822	69.625213623	-	0	0	0	0	0	0	0	0	0	0	0	0	0	0	0	0	0	0	0	0	0	0	0	0.0435709245503	0.344011753798	0.905827045441	1.73955798149	2.81117796898	4.01738452911	5.17337751389	6.0280213356	6.30288553238	5.7804889679	4.43145847321	2.53264951706	0.71010863781	0	0	0	0	0	0	0	0	59.1794776917	0	0	0	0	0	0	0	0	0	0	0	0	0	0	0
Feb 22 2023 18:05:27	9.73847866058	88.9420700073	96.4324111938	0.00260161235929	60.3759918213	24.2095241547	71.0469818115	-	0	0	0	0	0	0	0	0	0	0	0	0	0	0	0	0	0	0	0	0	0	0	0	0	0.0422563478351	0.319814950228	0.908560931683	1.8604798317	3.14701128006	4.61129903793	5.95513534546	6.77182674408	6.66827106476	5.47043609619	3.43003797531	1.28777587414	0.0342807918787	0	0	0	0	0	0	0	59.4928131104	0	0	0	0	0	0	0	0	0	0	0	0	0	0	0
Feb 22 2023 18:05:28	8.27013492584	89.1581802368	96.5136184692	0.0026650861837	60.8361587524	21.7255744934	67.4550170898	-	0	0	0	0	0	0	0	0	0	0	0	0	0	0	0	0	0	0	0	0	0	0	0	0	0.284933507442	0.987936735153	2.03109812737	3.29851818085	4.58994340897	5.63620424271	6.15694284439	5.93662691116	4.92570400238	3.32371282578	1.58088505268	0.28488522768	0	0	0	0	0	0	0	9.69033982559e-15	60.9626121521	0	0	0	0	0	0	0	0	0	0	0	0	0	0	0
Feb 22 2023 18:05:29	7.22475004196	88.5277633667	96.3300018311	0.00204407982528	58.0255088806	19.0769557953	70.7657165527	-	0	0	0	0	0	0	0	0	0	0	0	0	0	0	0	0	0	0	0	0	0	0	0	0.149583309889	1.06340527534	2.08121585846	3.12570476532	4.10304832458	4.90950870514	5.43860721588	5.5966334343	5.31459903717	4.5703458786	3.41354393959	1.98342943192	0.514612138271	0	0	0	0	0	0	0	0	57.7357711792	0	0	0	0	0	0	0	0	0	0	0	0	0	0	0
Feb 22 2023 18:05:30	8.69699382782	90.1884841919	96.8990249634	0.0019225665601	67.2429504395	25.4186782837	78.4923248291	-	0	0	0	0	0	0	0	0	0	0	0	0	0	0	0	0	0	0	0	0	0	0	0	0	0	0.292706429958	1.56617498398	3.13198304176	4.53889465332	5.39081192017	5.44595003128	4.69188594818	3.36419010162	1.87375509739	0.653432786465	0.0126627814025	0	0	0	0	0	0	0	0	69.0375518799	0	0	0	0	0	0	0	0	0	0	0	0	0	0	0
Feb 22 2023 18:05:31	6.81851911545	90.3389663696	96.9550704956	0.00148775312118	67.6411132813	21.5532054901	79.8571853638	-	0	0	0	0	0	0	0	0	0	0	0	0	0	0	0	0	0	0	0	0	0	0	0	0	0	2.05623006821	4.92158317566	6.06008577347	5.7618522644	4.58849382401	3.13053655624	1.82259869576	0.879342198372	0.323750704527	0.0650904998183	0	0	0	0	0	0	0	0	0	70.3904418945	0	0	0	0	0	0	0	0	0	0	0	0	0	0	0
Feb 22 2023 18:05:32	8.01080226898	90.565246582	97.0392379761	0.00218934938312	69.7625961304	25.4823207855	75.8763580322	-	0	0	0	0	0	0	0	0	0	0	0	0	0	0	0	0	0	0	0	0	0	0	0	0	0	0	2.47632598877	4.52177858353	5.50204086304	5.32786941528	4.29700279236	2.90168571472	1.60396420956	0.677076995373	0.16930551827	0	0	0	0	0	0	0	0	0	72.5229492188	0	0	0	0	0	0	0	0	0	0	0	0	0	0	0
Feb 22 2023 18:05:33	8.06542491913	90.5420074463	97.0306015015	0.00204640859738	69.5932312012	25.4849262238	77.2640457153	-	0	0	0	0	0	0	0	0	0	0	0	0	0	0	0	0	0	0	0	0	0	0	0	0	0	0	2.28998327255	4.44165706635	5.55092191696	5.45704174042	4.4355597496	3.00140833855	1.65494179726	0.695295214653	0.174940153956	0	0	0	0	0	0	0	0	0	72.2982559204	0	0	0	0	0	0	0	0	0	0	0	0	0	0	0
Feb 22 2023 18:05:34	8.21567249298	90.3745346069	96.9683074951	0.00207462441176	68.420249939	25.2055454254	76.7896270752	-	0	0	0	0	0	0	0	0	0	0	0	0	0	0	0	0	0	0	0	0	0	0	0	0	0	0.0768666937947	2.24242901802	4.04798221588	5.13771247864	5.35359334946	4.77407550812	3.66242861748	2.36932134628	1.21619081497	0.401794105768	0	0	0	0	0	0	0	0	0	70.7176055908	0	0	0	0	0	0	0	0	0	0	0	0	0	0	0
Feb 22 2023 18:05:35	7.9169921875	89.7112045288	96.7208480835	0.00233085174114	63.9148254395	22.4518432617	71.5636291504	-	0	0	0	0	0	0	0	0	0	0	0	0	0	0	0	0	0	0	0	0	0	0	0	0	0	1.11420607567	2.63546490669	3.97497367859	4.94409608841	5.40222358704	5.28888845444	4.63476085663	3.56547164917	2.28594231606	1.04005050659	0.0559938326478	0	0	0	0	0	0	0	0	65.0579299927	0	0	0	0	0	0	0	0	0	0	0	0	0	0	0
Feb 22 2023 18:05:36	7.68218135834	90.2852859497	96.9350814819	0.00134736823384	67.6051254272	23.5582580566	83.1321029663	-	0	0	0	0	0	0	0	0	0	0	0	0	0	0	0	0	0	0	0	0	0	0	0	0	0	1.06965732574	3.01667284966	4.47940397263	5.21007299423	5.14799928665	4.42457771301	3.30171370506	2.08660125732	1.04186439514	0.319378733635	0	0	0	0	0	0	0	0	0	69.902053833	0	0	0	0	0	0	0	0	0	0	0	0	0	0	0
Feb 22 2023 18:05:37	9.51172161102	89.7608032227	96.7393951416	0.00210757274181	64.7352905273	25.6370830536	76.9636154175	-	0	0	0	0	0	0	0	0	0	0	0	0	0	0	0	0	0	0	0	0	0	0	0	0	0	0.213599279523	0.916429042816	2.07871294022	3.5496544838	5.00891113281	6.02316427231	6.17700719833	5.27496242523	3.52608251572	1.56494867802	0.215580224991	0	0	0	0	0	0	0	0	65.4509506226	0	0	0	0	0	0	0	0	0	0	0	0	0	0	0
Feb 22 2023 18:05:38	8.78550720215	90.2041244507	96.9048461914	0.00155484047718	67.4182662964	25.6922130585	82.3828430176	-	0	0	0	0	0	0	0	0	0	0	0	0	0	0	0	0	0	0	0	0	0	0	0	0	0	0.465511441231	1.63909232616	2.97146725655	4.17861413956	4.98123073578	5.17296075821	4.68093299866	3.60770153999	2.22386407852	0.896827340126	0.00595758203417	0	0	0	0	0	0	0	0	69.1758422852	0	0	0	0	0	0	0	0	0	0	0	0	0	0	0
Feb 22 2023 18:05:39	8.24091339111	89.7852935791	96.7485427856	0.00194973754697	64.5265274048	23.3581047058	76.4596633911	-	0	0	0	0	0	0	0	0	0	0	0	0	0	0	0	0	0	0	0	0	0	0	0	0	0	0.959840416908	2.26295042038	3.50906133652	4.52071332932	5.13579559326	5.24292945862	4.80469512939	3.87935709953	2.6266078949	1.28536188602	0.126060366631	0	0	0	0	0	0	0	4.3021779173e-14	65.6466217041	0	0	0	0	0	0	0	0	0	0	0	0	0	0	0
Feb 22 2023 18:05:40	9.02338695526	89.9046707153	96.7931442261	0.0023472274188	65.5294876099	25.2311725616	74.2784042358	-	0	0	0	0	0	0	0	0	0	0	0	0	0	0	0	0	0	0	0	0	0	0	0	0	0	0.409401446581	1.41918039322	2.67204141617	3.94347000122	4.96779155731	5.48930931091	5.32747220993	4.45317602158	3.04129338264	1.46022248268	0.199657231569	0	0	0	0	0	0	0	0	66.6169815063	0	0	0	0	0	0	0	0	0	0	0	0	0	0	0
Feb 22 2023 18:05:41	8.32687187195	89.3786239624	96.596321106	0.00191679340787	62.1177902222	22.4051208496	75.9858703613	-	0	0	0	0	0	0	0	0	0	0	0	0	0	0	0	0	0	0	0	0	0	0	0	0	0.190152466297	0.963991045952	2.04287791252	3.27488517761	4.46389865875	5.37906455994	5.8001666069	5.56949043274	4.65862131119	3.22283768654	1.60680735111	0.292548090219	0	0	0	0	0	0	0	0	62.5346603394	0	0	0	0	0	0	0	0	0	0	0	0	0	0	0
Feb 22 2023 18:05:42	9.17601966858	89.4779663086	96.6335525513	0.00264143175445	62.9293289185	24.1781291962	70.5594482422	-	0	0	0	0	0	0	0	0	0	0	0	0	0	0	0	0	0	0	0	0	0	0	0	0	0.0231274105608	0.379650712013	1.17113280296	2.38341522217	3.86426186562	5.29911184311	6.2682261467	6.37240839005	5.42771911621	3.64415431023	1.64723467827	0.250963717699	0	0	0	0	0	0	0	0	63.2686004639	0	0	0	0	0	0	0	0	0	0	0	0	0	0	0
Feb 22 2023 18:05:43	8.5074338913	89.0657424927	96.4788970947	0.00281815952621	60.4969749451	22.0876789093	66.4433288574	-	0	0	0	0	0	0	0	0	0	0	0	0	0	0	0	0	0	0	0	0	0	0	0	0	0.276651889086	0.908331036568	1.83882379532	2.9952082634	4.23157072067	5.32890272141	6.02896976471	6.08870458603	5.37023162842	3.94145131111	2.13600277901	0.529598712921	0	0	0	0	0	0	0	0	60.3255500793	0	0	0	0	0	0	0	0	0	0	0	0	0	0	0
Feb 22 2023 18:05:44	8.76554775238	90.0849685669	96.8604278564	0.00184691860341	66.4870910645	25.0061759949	78.9474639893	-	0	0	0	0	0	0	0	0	0	0	0	0	0	0	0	0	0	0	0	0	0	0	0	0	0	0.26940113306	1.31163406372	2.94184303284	4.68582773209	5.91002988815	6.10624980927	5.15458154678	3.43014121056	1.63649022579	0.416770219803	0.0015656852629	0	0	0	0	0	0	0	0	68.1354675293	0	0	0	0	0	0	0	0	0	0	0	0	0	0	0
Feb 22 2023 18:05:45	8.40631008148	89.7540359497	96.7368621826	0.00252847466618	64.4242630005	23.6788578033	70.9712600708	-	0	0	0	0	0	0	0	0	0	0	0	0	0	0	0	0	0	0	0	0	0	0	0	0	0	0.844462871552	2.09834051132	3.32008123398	4.34765720367	5.02451753616	5.23139715195	4.90937376022	4.08596086502	2.8898692131	1.54051136971	0.310768127441	0	0	0	0	0	0	0	1.47709298406e-14	65.3970565796	0	0	0	0	0	0	0	0	0	0	0	0	0	0	0
Feb 22 2023 18:05:46	6.05297756195	90.0182113647	96.8355255127	0.000607306486927	64.999420166	18.5239086151	89.7583312988	-	0	0	0	0	0	0	0	0	0	0	0	0	0	0	0	0	0	0	0	0	0	0	0	0	0	4.77010297775	7.19761323929	7.02767372131	5.56773757935	3.78631567955	2.24357366562	1.15032887459	0.495114177465	0.164972275496	0.0309656783938	0	0	0	0	0	0	0	0	0	67.5656051636	0	0	0	0	0	0	0	0	0	0	0	0	0	0	0
Feb 22 2023 18:05:47	6.16380882263	90.2329940796	96.9156036377	0.00100597424898	66.5620117188	19.3614845276	84.2956619263	-	0	0	0	0	0	0	0	0	0	0	0	0	0	0	0	0	0	0	0	0	0	0	0	0	0	3.87242841721	7.2913608551	7.15497112274	5.45168685913	3.49272561073	1.92254042625	0.904932260513	0.353588759899	0.105716660619	0.0175280570984	0	0	0	0	0	0	0	0	0	69.4325180054	0	0	0	0	0	0	0	0	0	0	0	0	0	0	0
Feb 22 2023 18:05:48	7.15655755997	90.169593811	96.8919830322	0.00185159221292	66.5769042969	21.9170703888	76.0158996582	-	0	0	0	0	0	0	0	0	0	0	0	0	0	0	0	0	0	0	0	0	0	0	0	0	0	1.63919830322	4.01313352585	5.35603523254	5.65256881714	5.0989074707	4.02068567276	2.76484131813	1.6169667244	0.750620782375	0.215829506516	0	0	0	0	0	0	0	0	0	68.8712158203	0	0	0	0	0	0	0	0	0	0	0	0	0	0	0
Feb 22 2023 18:05:49	7.01036596298	90.3394775391	96.9552612305	0.00258755288087	67.7105484009	22.0632171631	68.3306732178	-	0	0	0	0	0	0	0	0	0	0	0	0	0	0	0	0	0	0	0	0	0	0	0	0	0	1.26042687893	4.61666345596	6.07163333893	5.94911384583	4.8428273201	3.37522745132	2.01321911812	1.00168395042	0.38635802269	0.0877651497722	0	0	0	0	0	0	0	0	0	70.3950881958	0	0	0	0	0	0	0	0	0	0	0	0	0	0	0
Feb 22 2023 18:05:50	7.4258646965	89.6253509521	96.6887283325	0.00183006993029	63.1651382446	21.1420612335	75.5586547852	-	0	0	0	0	0	0	0	0	0	0	0	0	0	0	0	0	0	0	0	0	0	0	0	0	0	1.708304286	3.34353590012	4.62809944153	5.39365768433	5.55589914322	5.13311719894	4.23737239838	3.05611467361	1.81708657742	0.738625228405	0	0	0	0	0	0	0	0	0	64.3881835938	0	0	0	0	0	0	0	0	0	0	0	0	0	0	0
Feb 22 2023 18:05:51	8.77610492706	89.7482528687	96.7346954346	0.00232173292898	64.5183486938	24.4021968842	73.7390594482	-	0	0	0	0	0	0	0	0	0	0	0	0	0	0	0	0	0	0	0	0	0	0	0	0	0	0.577464461327	1.72372686863	2.93950247765	4.06369304657	4.91646957397	5.33351659775	5.19797229767	4.48053264618	3.27227258682	1.79100430012	0.352811634541	0	0	0	0	0	0	0	1.15349870023e-14	65.3510360718	0	0	0	0	0	0	0	0	0	0	0	0	0	0	0
Feb 22 2023 18:05:52	7.78169965744	90.0795516968	96.8584136963	0.00201662792824	66.2173843384	23.1375045776	75.4850692749	-	0	0	0	0	0	0	0	0	0	0	0	0	0	0	0	0	0	0	0	0	0	0	0	0	0	1.04744005203	2.84599113464	4.28437566757	5.1361579895	5.29719781876	4.80988883972	3.84123659134	2.63924193382	1.46861696243	0.540953040123	0	0	0	0	0	0	0	0	0	68.0888977051	0	0	0	0	0	0	0	0	0	0	0	0	0	0	0
Feb 22 2023 18:05:53	8.23409557343	89.9389343262	96.8059387207	0.0028401419986	65.4513015747	23.6794891357	68.0055007935	-	0	0	0	0	0	0	0	0	0	0	0	0	0	0	0	0	0	0	0	0	0	0	0	0	0	0.778094053268	2.19913363457	3.61953830719	4.74663257599	5.3487496376	5.30273342133	4.62165164948	3.46424245834	2.10613393784	0.868723630905	0.0438388697803	0	0	0	0	0	0	0	0	66.9005279541	0	0	0	0	0	0	0	0	0	0	0	0	0	0	0
Feb 22 2023 18:05:54	10.2500762939	89.2358856201	96.5427856445	0.00301061244681	62.1441421509	25.8772258759	69.1301116943	-	0	0	0	0	0	0	0	0	0	0	0	0	0	0	0	0	0	0	0	0	0	0	0	0	0	0.1986297369	0.705782532692	1.54418373108	2.69966173172	4.05929803848	5.38825130463	6.33562135696	6.51049375534	5.64453649521	3.80626916885	1.57305073738	0.0261695683002	0	0	0	0	0	0	0	61.5080528259	0	0	0	0	0	0	0	0	0	0	0	0	0	0	0
Feb 22 2023 18:05:55	7.72349977493	89.9459228516	96.8085479736	0.00249688397162	65.3164596558	22.6082668304	69.9930953979	-	0	0	0	0	0	0	0	0	0	0	0	0	0	0	0	0	0	0	0	0	0	0	0	0	0	1.37738716602	2.89344000816	4.19028091431	5.03545188904	5.2902264595	4.93679666519	4.07545995712	2.90582251549	1.68264305592	0.651587605476	0.00221569905989	0	0	0	0	0	0	0	0	66.9586868286	0	0	0	0	0	0	0	0	0	0	0	0	0	0	0
Feb 22 2023 18:05:56	7.63163471222	90.2754592896	96.931427002	0.00190332578495	67.5053024292	23.4281978607	76.9310073853	-	0	0	0	0	0	0	0	0	0	0	0	0	0	0	0	0	0	0	0	0	0	0	0	0	0	0.78790050745	3.15650033951	4.77613115311	5.46182632446	5.25456237793	4.38398647308	3.17463135719	1.94985330105	0.950633645058	0.29062500596	0	0	0	0	0	0	0	0	0	69.8133468628	0	0	0	0	0	0	0	0	0	0	0	0	0	0	0
Feb 22 2023 18:05:57	8.01849937439	90.0154647827	96.8345031738	0.00215852167457	65.8987426758	23.4684906006	74.3466567993	-	0	0	0	0	0	0	0	0	0	0	0	0	0	0	0	0	0	0	0	0	0	0	0	0	0	1.16389870644	2.51800894737	3.76466393471	4.68868017197	5.11916065216	4.97565126419	4.28855419159	3.20228075981	1.9485553503	0.788222432137	0	0	0	0	0	0	0	0	0	67.5423278809	0	0	0	0	0	0	0	0	0	0	0	0	0	0	0
Feb 22 2023 18:05:58	7.63636827469	89.9237442017	96.8002700806	0.00180850783363	65.1602859497	22.3784122467	77.0126953125	-	0	0	0	0	0	0	0	0	0	0	0	0	0	0	0	0	0	0	0	0	0	0	0	0	0.0944199115038	1.57123577595	3.00176525116	4.1794257164	4.93184041977	5.1526966095	4.82838582993	4.03864717484	2.94604468346	1.76558089256	0.71542018652	0	0	0	0	0	0	0	0	0	66.7745361328	0	0	0	0	0	0	0	0	0	0	0	0	0	0	0
Feb 22 2023 18:05:59	8.20015144348	89.6590652466	96.7013473511	0.00286178453825	63.7342605591	22.9499588013	66.9639129639	-	0	0	0	0	0	0	0	0	0	0	0	0	0	0	0	0	0	0	0	0	0	0	0	0	0	0.973767697811	2.29263877869	3.56261014938	4.60332012177	5.24774980545	5.37855863571	4.95257806778	4.02416229248	2.75239849091	1.37958920002	0.183035925031	0	0	0	0	0	0	0	0	64.6495895386	0	0	0	0	0	0	0	0	0	0	0	0	0	0	0
Feb 22 2023 18:06:00	7.5066113472	90.0969314575	96.8648910522	0.00261160940863	66.2248458862	22.5491447449	68.7506027222	-	0	0	0	0	0	0	0	0	0	0	0	0	0	0	0	0	0	0	0	0	0	0	0	0	0	1.31964230537	3.29064249992	4.70011806488	5.36677932739	5.27184915543	4.55291366577	3.45026397705	2.24143695831	1.17143666744	0.396350085735	0	0	0	0	0	0	0	0	0	68.238571167	0	0	0	0	0	0	0	0	0	0	0	0	0	0	0
Feb 22 2023 18:06:01	7.93465948105	90.2938766479	96.9382858276	0.00231678248383	67.7550811768	24.225687027	73.4992523193	-	0	0	0	0	0	0	0	0	0	0	0	0	0	0	0	0	0	0	0	0	0	0	0	0	0	0.563737988472	2.66455888748	4.28403615952	5.16901874542	5.24375152588	4.61934041977	3.54107952118	2.31266069412	1.21024930477	0.411771893501	0	0	0	0	0	0	0	0	0	69.9797897339	0	0	0	0	0	0	0	0	0	0	0	0	0	0	0
Feb 22 2023 18:06:02	5.80319166183	90.5682296753	97.0403442383	0.00181927217636	68.795715332	18.2459850311	72.4414291382	-	0	0	0	0	0	0	0	0	0	0	0	0	0	0	0	0	0	0	0	0	0	0	0	0	0	2.08622546322e-11	27.4480991364	0	0	0	0	0	0	0	0	0	0	0	0	0	0	0	0	0	72.551902771	0	0	0	0	0	0	0	0	0	0	0	0	0	0	0
Feb 22 2023 18:06:03	5.8004026413	90.536529541	97.0285644531	0.00130144250579	68.5298461914	18.0838813782	79.2372741699	-	0	0	0	0	0	0	0	0	0	0	0	0	0	0	0	0	0	0	0	0	0	0	0	0	0	8.53991238213e-15	27.7545127869	9.70969286084e-17	1.40129846432e-43	0	0	0	0	0	0	0	0	0	0	0	0	0	0	0	72.2454910278	0	0	0	0	0	0	0	0	0	0	0	0	0	0	0
Feb 22 2023 18:06:04	6.33233118057	90.6138076782	97.0572814941	0.0018342101248	69.5234146118	21.1283340454	75.348815918	-	0	0	0	0	0	0	0	0	0	0	0	0	0	0	0	0	0	0	0	0	0	0	0	0	0	0.943251430988	8.84970188141	8.22613716125	5.13146352768	2.48710989952	0.97132396698	0.305250406265	0.0747810378671	0.0130266388878	0.00108618743252	0	0	0	0	0	0	0	0	0	72.9968643188	0	0	0	0	0	0	0	0	0	0	0	0	0	0	0
Feb 22 2023 18:06:05	7.39438772202	90.0457458496	96.8458023071	0.00233202544041	65.8074798584	22.103515625	71.0777130127	-	0	0	0	0	0	0	0	0	0	0	0	0	0	0	0	0	0	0	0	0	0	0	0	0	0	1.14418160915	3.54714250565	5.1177687645	5.7250752449	5.44790220261	4.53028821945	3.29231762886	2.04504346848	1.02017426491	0.330598711967	0	0	0	0	0	0	0	0	0	67.7995071411	0	0	0	0	0	0	0	0	0	0	0	0	0	0	0
Feb 22 2023 18:06:06	7.00220775604	90.0259933472	96.838432312	0.00160669279285	65.5319900513	21.1215171814	78.0750274658	-	0	0	0	0	0	0	0	0	0	0	0	0	0	0	0	0	0	0	0	0	0	0	0	0	0	2.22308373451	4.21073722839	5.3670592308	5.63170051575	5.12972068787	4.11737298965	2.89577031136	1.73590576649	0.823402404785	0.233693093061	0	0	0	0	0	0	0	0	4.41316938776e-14	67.6315536499	0	0	0	0	0	0	0	0	0	0	0	0	0	0	0
Feb 22 2023 18:06:07	7.77067375183	90.1914215088	96.9001159668	0.00210679415613	66.9586715698	23.385717392	74.7637710571	-	0	0	0	0	0	0	0	0	0	0	0	0	0	0	0	0	0	0	0	0	0	0	0	0	0	1.0801063776	2.81316661835	4.30798768997	5.20490264893	5.33157682419	4.73034572601	3.62179088593	2.32766246796	1.16591441631	0.353099197149	0	0	0	0	0	0	0	0	0	69.0634460449	0	0	0	0	0	0	0	0	0	0	0	0	0	0	0
Feb 22 2023 18:06:08	8.27313804626	89.7061309814	96.7189483643	0.00227170530707	64.0541534424	23.230676651	73.0292663574	-	0	0	0	0	0	0	0	0	0	0	0	0	0	0	0	0	0	0	0	0	0	0	0	0	0	0.913905143738	2.21637606621	3.47978591919	4.52495718002	5.18380641937	5.33581876755	4.93328523636	4.02561569214	2.76780748367	1.40013432503	0.200544133782	0	0	0	0	0	0	0	1.10582573778e-14	65.0179595947	0	0	0	0	0	0	0	0	0	0	0	0	0	0	0
Feb 22 2023 18:06:09	5.87160158157	90.7925643921	97.1236495972	0.00197789026424	70.7733688354	19.8367519379	72.3995361328	-	0	0	0	0	0	0	0	0	0	0	0	0	0	0	0	0	0	0	0	0	0	0	0	0	0	0	22.1007118225	2.90060329437	0.195855081081	0.00892256852239	0.000289598450763	6.61337799102e-06	9.93873214838e-08	8.15722656089e-10	1.32034021303e-12	0	0	0	0	0	0	0	0	0	74.7936096191	0	0	0	0	0	0	0	0	0	0	0	0	0	0	0
Feb 22 2023 18:06:10	7.09841251373	90.6061096191	97.0544204712	0.00156294566114	69.7715377808	23.4165687561	80.5863647461	-	0	0	0	0	0	0	0	0	0	0	0	0	0	0	0	0	0	0	0	0	0	0	0	0	0	0.0532965660095	4.86851549149	6.58850288391	6.08053588867	4.49107789993	2.76471495628	1.42134022713	0.593841075897	0.185744851828	0.0310726258904	0	0	0	0	0	0	0	0	0	72.9213562012	0	0	0	0	0	0	0	0	0	0	0	0	0	0	0
Feb 22 2023 18:06:11	6.85828828812	90.5242843628	97.0240097046	0.00286012445576	69.0613327026	22.3799362183	65.9903793335	-	0	0	0	0	0	0	0	0	0	0	0	0	0	0	0	0	0	0	0	0	0	0	0	0	0	1.42935657501	5.14769124985	6.29424381256	5.68794631958	4.2465763092	2.69891285896	1.45770156384	0.649975299835	0.219956994057	0.0398272238672	0	0	0	0	0	0	0	0	0	72.127822876	0	0	0	0	0	0	0	0	0	0	0	0	0	0	0
Feb 22 2023 18:06:12	9.15575885773	89.9962463379	96.827331543	0.00522382417694	65.971534729	25.410194397	51.8941116333	-	0	0	0	0	0	0	0	0	0	0	0	0	0	0	0	0	0	0	0	0	0	0	0	0	0	0.100400656462	0.787400662899	2.29247283936	4.35228633881	6.18938970566	6.88841342926	5.99289178848	3.91512060165	1.72600317001	0.372820854187	0.00273924367502	0	0	0	0	0	0	0	0	67.3800582886	0	0	0	0	0	0	0	0	0	0	0	0	0	0	0
Feb 22 2023 18:06:13	7.12128925323	89.9289398193	96.8022079468	0.00429968908429	64.9684143066	21.1702365875	51.731754303	-	0	0	0	0	0	0	0	0	0	0	0	0	0	0	0	0	0	0	0	0	0	0	0	0	0.270925670862	2.15707206726	3.78159570694	4.88003921509	5.33084774017	5.13816404343	4.42116975784	3.37475085258	2.22668766975	1.18892848492	0.412264376879	0	0	0	0	0	0	0	0	0	66.8175506592	0	0	0	0	0	0	0	0	0	0	0	0	0	0	0
Feb 22 2023 18:06:14	8.92241287231	90.0753555298	96.856842041	0.00390516337939	66.4473876953	25.2708721161	61.0266456604	-	0	0	0	0	0	0	0	0	0	0	0	0	0	0	0	0	0	0	0	0	0	0	0	0	0	0.128082990646	1.0228716135	2.6993124485	4.66772031784	6.14324951172	6.44682788849	5.40211296082	3.48808050156	1.57474899292	0.370539516211	0.00360556365922	0	0	0	0	0	0	0	0	68.0528488159	0	0	0	0	0	0	0	0	0	0	0	0	0	0	0
Feb 22 2023 18:06:15	7.98586845398	90.156791687	96.8872070313	0.00259047653526	66.831161499	23.8856658936	70.5230026245	-	0	0	0	0	0	0	0	0	0	0	0	0	0	0	0	0	0	0	0	0	0	0	0	0	0	0.783074438572	2.58873796463	4.04851722717	4.95085096359	5.19134998322	4.79688549042	3.90998911858	2.75595235825	1.58886384964	0.626811802387	0	0	0	0	0	0	0	0	0	68.7589645386	0	0	0	0	0	0	0	0	0	0	0	0	0	0	0
Feb 22 2023 18:06:16	7.8015537262	90.1215515137	96.8740692139	0.00434790365398	66.4622955322	23.1800918579	54.5982551575	-	0	0	0	0	0	0	0	0	0	0	0	0	0	0	0	0	0	0	0	0	0	0	0	0	0	0.93954706192	2.71900343895	4.35360908508	5.38383293152	5.57465457916	4.95185852051	3.76135253906	2.37406873703	1.15388154984	0.33653447032	0	0	0	0	0	0	0	0	3.26902919881e-13	68.4516525269	0	0	0	0	0	0	0	0	0	0	0	0	0	0	0
Feb 22 2023 18:06:17	7.13287639618	90.1267623901	96.8760147095	0.00301257544197	66.2898635864	21.7589950562	63.7682304382	-	0	0	0	0	0	0	0	0	0	0	0	0	0	0	0	0	0	0	0	0	0	0	0	0	0	2.04025125504	3.93781518936	5.10079240799	5.43712759018	5.0309138298	4.10293245316	2.93361234665	1.79057908058	0.869208455086	0.259833097458	0	0	0	0	0	0	0	0	0	68.4969329834	0	0	0	0	0	0	0	0	0	0	0	0	0	0	0
Feb 22 2023 18:06:18	9.26479911804	89.7219543457	96.7248687744	0.00321309547871	64.1992263794	24.5949134827	65.9307632446	-	0	0	0	0	0	0	0	0	0	0	0	0	0	0	0	0	0	0	0	0	0	0	0	0	0.00259051308967	0.112857922912	0.659099340439	2.01071810722	4.18816518784	6.50836849213	7.75043201447	6.98020839691	4.49952983856	1.820931077	0.321564108133	0.00280673662201	0	0	0	0	0	0	0	0	65.1427307129	0	0	0	0	0	0	0	0	0	0	0	0	0	0	0
Feb 22 2023 18:06:19	7.20690250397	90.175491333	96.8941802979	0.00380083848722	66.6457672119	22.0818653107	57.2135391235	-	0	0	0	0	0	0	0	0	0	0	0	0	0	0	0	0	0	0	0	0	0	0	0	0	0	1.55981421471	3.91918563843	5.2613286972	5.58779335022	5.08670902252	4.06234502792	2.84096384048	1.69853138924	0.812824547291	0.247397735715	0	0	0	0	0	0	0	0	0	68.9231033325	0	0	0	0	0	0	0	0	0	0	0	0	0	0	0
Feb 22 2023 18:06:20	8.16047382355	90.2428283691	96.9192657471	0.00407160818577	67.4391555786	24.4514656067	58.5518226624	-	0	0	0	0	0	0	0	0	0	0	0	0	0	0	0	0	0	0	0	0	0	0	0	0	0	0.46606734395	2.20998430252	3.93625879288	5.13302278519	5.50986099243	5.03911352158	3.93270587921	2.55574250221	1.29110109806	0.405808627605	0	0	0	0	0	0	0	0	0	69.5203399658	0	0	0	0	0	0	0	0	0	0	0	0	0	0	0
Feb 22 2023 18:06:21	8.04348087311	89.6222915649	96.6875839233	0.0050326581113	63.3241653442	22.195306778	48.2113647461	-	0	0	0	0	0	0	0	0	0	0	0	0	0	0	0	0	0	0	0	0	0	0	0	0	0.162673264742	0.98728376627	2.27202129364	3.75128006935	5.07579851151	5.88339281082	5.91632175446	5.11751079559	3.68779635429	2.05076360703	0.704404532909	0.0262251794338	0	0	0	0	0	0	0	0	64.3645324707	0	0	0	0	0	0	0	0	0	0	0	0	0	0	0
Feb 22 2023 18:06:22	7.11557435989	90.130897522	96.8775558472	0.00233346200548	66.2993240356	21.6929244995	70.4947662354	-	0	0	0	0	0	0	0	0	0	0	0	0	0	0	0	0	0	0	0	0	0	0	0	0	0	2.04451298714	3.96428894997	5.17286109924	5.51948928833	5.07948493958	4.09337663651	2.87087750435	1.70319545269	0.79388320446	0.225111469626	0	0	0	0	0	0	0	0	0	68.5329208374	0	0	0	0	0	0	0	0	0	0	0	0	0	0	0
Feb 22 2023 18:06:23	9.88625049591	89.7303237915	96.7279968262	0.00313834566623	64.4796524048	25.9027080536	68.0661621094	-	0	0	0	0	0	0	0	0	0	0	0	0	0	0	0	0	0	0	0	0	0	0	0	0	0	0.027586819604	0.306548535824	1.25757241249	3.17902708054	5.72578382492	7.71362113953	7.76715946198	5.60254955292	2.601811409	0.589655995369	0.0197825748473	0	0	0	0	0	0	0	0	65.2089004517	0	0	0	0	0	0	0	0	0	0	0	0	0	0	0
Feb 22 2023 18:06:24	8.88443088531	89.8609771729	96.7768249512	0.00354605866596	65.1933288574	24.83842659	63.348941803	-	0	0	0	0	0	0	0	0	0	0	0	0	0	0	0	0	0	0	0	0	0	0	0	0	0	0.338908493519	1.47495663166	2.85866570473	4.20303249359	5.20846891403	5.62246227264	5.30748939514	4.30479192734	2.85557889938	1.34961974621	0.217370405793	0	0	0	0	0	0	0	0	66.2586593628	0	0	0	0	0	0	0	0	0	0	0	0	0	0	0
Feb 22 2023 18:06:25	8.45346736908	88.8751907349	96.4072494507	0.00210011424497	59.6532249451	21.9329185486	73.5693283081	-	0	0	0	0	0	0	0	0	0	0	0	0	0	0	0	0	0	0	0	0	0	0	0	0	0.273315548897	1.05619740486	1.99674773216	3.03102612495	4.06202554703	4.96140193939	5.58270454407	5.77653551102	5.42317438126	4.47831583023	3.02012443542	1.28693509102	0	0	0	0	0	0	0	0	59.0514945984	0	0	0	0	0	0	0	0	0	0	0	0	0	0	0
Feb 22 2023 18:06:26	8.96739292145	89.2883682251	96.5624771118	0.00391185982153	61.8771705627	23.4883365631	58.7201538086	-	0	0	0	0	0	0	0	0	0	0	0	0	0	0	0	0	0	0	0	0	0	0	0	0	0.0671662762761	0.587682068348	1.46079540253	2.61249780655	3.89948964119	5.09551906586	5.92240667343	6.10660743713	5.47693538666	4.07765007019	2.24116969109	0.570295393467	0	0	0	0	0	0	0	0	61.8817863464	0	0	0	0	0	0	0	0	0	0	0	0	0	0	0
Feb 22 2023 18:06:27	7.48096609116	88.7850799561	96.373336792	0.00307566532865	58.7228927612	19.7547531128	60.5467147827	-	0	0	0	0	0	0	0	0	0	0	0	0	0	0	0	0	0	0	0	0	0	0	0	0.127148941159	0.894796490669	1.82428026199	2.83605527878	3.83514022827	4.70905303955	5.33452224731	5.59531736374	5.39840698242	4.702729702	3.55228185654	2.10077571869	0.622816503048	0	0	0	0	0	0	0	0	58.4666748047	0	0	0	0	0	0	0	0	0	0	0	0	0	0	0
Feb 22 2023 18:06:28	7.30082178116	88.6884078979	96.356918335	0.00294737773947	58.3982467651	19.2538127899	61.0089073181	-	0	0	0	0	0	0	0	0	0	0	0	0	0	0	0	0	0	0	0	0	0	0	0	0.27412250638	1.03249633312	1.96141505241	2.97599554062	3.97337555885	4.83305025101	5.42513561249	5.63059043884	5.35988664627	4.58434009552	3.37035536766	1.902125597	0.489566743374	0	0	0	0	0	0	0	0	58.1875457764	0	0	0	0	0	0	0	0	0	0	0	0	0	0	0
Feb 22 2023 18:06:29	9.64777469635	89.7374725342	96.7306671143	0.00475003570318	64.6333007813	25.8973178864	55.8057060242	-	0	0	0	0	0	0	0	0	0	0	0	0	0	0	0	0	0	0	0	0	0	0	0	0	0	0.05589415133	0.697316765785	1.91871595383	3.52297091484	5.12081384659	6.20947360992	6.34605360031	5.37374687195	3.57779860497	1.6288138628	0.282936364412	0	0	0	0	0	0	0	0	65.2654647827	0	0	0	0	0	0	0	0	0	0	0	0	0	0	0
Feb 22 2023 18:06:30	11.3580198288	87.340675354	96.1298522949	0.00164725433569	57.7284736633	19.4737606049	71.9060058594	-	0	0	0	0	0	0	0	0	0	0	0	0	0	0	0	0	1.32497693373e-11	2.44426941872	0	0	0	0	0	0	0	0	0	0.425199180841	1.33218574524	2.56092977524	4.02019548416	5.51267766953	6.73097896576	7.29651451111	6.85870885849	5.26818990707	2.78259563446	0.18729108572	0	0	0	0	0	0	54.5802650452	0	0	0	0	0	0	0	0	0	0	0	0	0	0	0
Feb 22 2023 18:06:31	11.1450281143	89.4993896484	96.6415786743	0.00455836765468	63.9955863953	28.5813903809	60.4469604492	-	0	0	0	0	0	0	0	0	0	0	0	0	0	0	0	0	0	0	0	0	0	0	0	0	0	0	0	0.8722255826	2.14534759521	3.59214878082	4.97080469131	5.97523975372	6.29915094376	5.73868989944	4.30550956726	2.3118584156	0.360017061234	0	0	0	0	0	0	8.71050227661e-15	63.4290084839	0	0	0	0	0	0	0	0	0	0	0	0	0	0	0
Feb 22 2023 18:06:32	9.95882987976	89.1541061401	96.5120849609	0.0024220016785	61.3740158081	24.7579250336	73.2982940674	-	0	0	0	0	0	0	0	0	0	0	0	0	0	0	0	0	0	0	0	0	0	0	0	0	0.0162701793015	0.157692477107	0.593403041363	1.50879120827	2.99308204651	4.88325834274	6.67153978348	7.59182262421	6.99871921539	4.91427278519	2.28319048882	0.453735053539	0	0	0	0	0	0	0	0	60.934223175	0	0	0	0	0	0	0	0	0	0	0	0	0	0	0
Feb 22 2023 18:06:33	9.89828300476	89.186378479	96.5242080688	0.00327129848301	61.456073761	24.6141605377	65.5703277588	-	0	0	0	0	0	0	0	0	0	0	0	0	0	0	0	0	0	0	0	0	0	0	0	0	0.00986468978226	0.119890294969	0.521959662437	1.46205627918	3.08555841446	5.20224237442	7.14845943451	7.953104496	6.9354557991	4.41167783737	1.73679947853	0.253434509039	0	0	0	0	0	0	0	0	61.1594963074	0	0	0	0	0	0	0	0	0	0	0	0	0	0	0
Feb 22 2023 18:06:34	9.81936168671	86.7418670654	96.0280075073	0.00240317313001	55.732257843	19.3346843719	64.4827957153	-	0	0	0	0	0	0	0	0	0	0	0	0	0	0	0.0754549428821	0.191332519054	0.275869220495	0.296403050423	0.256233513355	0.183381482959	0.111263759434	0.0619012266397	0.0417699664831	0.0539644807577	0.123328626156	0.312619894743	0.71370357275	1.42342925072	2.50078034401	3.91194701195	5.48058128357	6.85640573502	7.55892086029	7.14264583588	5.47557926178	3.02109336853	0.830107092857	0	0	0	0	0	1.42932443361e-41	8.0193298291e-14	53.1012840271	0	0	0	0	0	0	0	0	0	0	0	0	0	0	0
Feb 22 2023 18:06:35	9.71933555603	88.3483581543	96.2999038696	0.00180658162571	58.7232551575	22.5894813538	76.7070922852	-	0	0	0	0	0	0	0	0	0	0	0	0	0	0	0	3.49164300988e-13	0.27910721302	0	0	0	0	0	0	0.0197117291391	0.132012084126	0.411027759314	0.941555559635	1.790802598	2.96652293205	4.36930561066	5.76248788834	6.77342128754	6.97694349289	6.08135461807	4.17029523849	1.8704842329	0.216469049454	0	0	0	0	0	0	0	57.2385025024	0	0	0	0	0	0	0	0	0	0	0	0	0	0	0
Feb 22 2023 18:06:36	8.97888088226	89.2953643799	96.5651016235	0.00223998422734	61.8969726563	23.4954986572	73.7330703735	-	0	0	0	0	0	0	0	0	0	0	0	0	0	0	0	0	0	0	0	0	0	0	0	0	0.0496886894107	0.543449342251	1.42065727711	2.60541009903	3.94350552559	5.18778038025	6.03464841843	6.19122266769	5.48722839355	3.99853801727	2.11470675468	0.491237878799	0	0	0	0	0	0	0	0	61.9319267273	0	0	0	0	0	0	0	0	0	0	0	0	0	0	0
Feb 22 2023 18:06:37	8.74542140961	89.1292953491	96.5027694702	0.00380730093457	60.9152145386	22.6629562378	58.4156913757	-	0	0	0	0	0	0	0	0	0	0	0	0	0	0	0	0	0	0	0	0	0	0	0	0	0.174489349127	0.728509306908	1.6168974638	2.78200936317	4.08086204529	5.27904605865	6.08605146408	6.21943855286	5.51326084137	4.0388879776	2.17208552361	0.546302258968	0	0	0	0	0	0	0	0	60.7621612549	0	0	0	0	0	0	0	0	0	0	0	0	0	0	0
Feb 22 2023 18:06:38	10.1264772415	89.5648193359	96.6660766602	0.00355690484866	63.536945343	25.7856025696	64.5761947632	-	0	0	0	0	0	0	0	0	0	0	0	0	0	0	0	0	0	0	0	0	0	0	0	0	0.000275119120488	0.0244295932353	0.224751472473	0.978096842766	2.73385047913	5.44450139999	7.99824810028	8.59420204163	6.42759037018	2.9820971489	0.64604473114	0.0221093613654	0	0	0	0	0	0	0	0	63.9238052368	0	0	0	0	0	0	0	0	0	0	0	0	0	0	0
Feb 22 2023 18:06:39	8.73588085175	90.5789871216	97.044342041	0.0022693190258	70.0939712524	27.3166313171	76.6627349854	-	0	0	0	0	0	0	0	0	0	0	0	0	0	0	0	0	0	0	0	0	0	0	0	0	0	0	0.767167508602	3.44608616829	5.11981916428	5.56836414337	4.95525169373	3.70111727715	2.29635381699	1.12441861629	0.364451467991	0.000477046472952	0	0	0	0	0	0	0	0	72.6564941406	0	0	0	0	0	0	0	0	0	0	0	0	0	0	0
Feb 22 2023 18:06:40	10.6825122833	88.9635925293	96.4405059814	0.00183419638779	61.0504302979	22.6679801941	74.8292236328	-	0	0	0	0	0	0	0	0	0	0	0	0	0	0	0	0	9.75888749151e-13	1.19139790535	0	0	0	0	0	0	0	0	0.0714044868946	0.989602506161	2.19960069656	3.57681441307	4.91880512238	5.96005344391	6.41957902908	6.08125305176	4.89086723328	3.04603052139	1.0184391737	0	0	0	0	0	0	0	59.6361503601	0	0	0	0	0	0	0	0	0	0	0	0	0	0	0
Feb 22 2023 18:06:41	8.45053291321	90.6105499268	97.0560684204	0.00384843396023	70.2372360229	26.7179393768	63.0241317749	-	0	0	0	0	0	0	0	0	0	0	0	0	0	0	0	0	0	0	0	0	0	0	0	0	0	0	1.3116941452	3.85778355598	5.37783765793	5.59279108047	4.72027826309	3.28957438469	1.86275649071	0.806611895561	0.215761318803	0	0	0	0	0	0	0	0	0	72.9649124146	0	0	0	0	0	0	0	0	0	0	0	0	0	0	0
Feb 22 2023 18:06:42	9.83358383179	89.2651138306	96.5537567139	0.00292855221778	62.0685157776	25.1115226746	69.029838562	-	0	0	0	0	0	0	0	0	0	0	0	0	0	0	0	0	0	0	0	0	0	0	0	0	0	0.157033696771	0.761454105377	1.79279541969	3.17384052277	4.68672609329	5.97993659973	6.63350152969	6.30795192719	4.94277763367	2.90240311623	0.945934176445	0	0	0	0	0	0	0	0	61.7156448364	0	0	0	0	0	0	0	0	0	0	0	0	0	0	0
Feb 22 2023 18:06:43	7.701130867	89.8244781494	96.7631912231	0.00206122267991	64.542098999	22.2801704407	74.1676940918	-	0	0	0	0	0	0	0	0	0	0	0	0	0	0	0	0	0	0	0	0	0	0	0	0	0	1.39721548557	2.93845677376	4.21603107452	5.04428052902	5.31440210342	5.01434135437	4.2260890007	3.11547398567	1.90344309807	0.818406999111	0.0497014336288	0	0	0	0	0	0	0	0	65.9621658325	0	0	0	0	0	0	0	0	0	0	0	0	0	0	0
Feb 22 2023 18:06:44	8.7596540451	90.0945358276	96.8639984131	0.00179842137732	66.4941940308	24.8966445923	79.3590698242	-	0	0	0	0	0	0	0	0	0	0	0	0	0	0	0	0	0	0	0	0	0	0	0	0	0	0.196611642838	1.13416993618	2.88621068001	4.95220518112	6.42568778992	6.53421783447	5.17817497253	3.05806970596	1.19854664803	0.21794718504	0.000254854297964	0	0	0	0	0	0	0	0	68.2179031372	0	0	0	0	0	0	0	0	0	0	0	0	0	0	0
Feb 22 2023 18:06:45	8.2589673996	89.5119857788	96.6462936401	0.00209869863465	62.9021034241	22.7614212036	74.3565826416	-	0	0	0	0	0	0	0	0	0	0	0	0	0	0	0	0	0	0	0	0	0	0	0	0	0	0.901746273041	2.22213244438	3.50376367569	4.57755088806	5.28143215179	5.49315357208	5.15367221832	4.29350662231	3.0472548008	1.64222621918	0.359869539738	0	0	0	0	0	0	0	0	63.5236930847	0	0	0	0	0	0	0	0	0	0	0	0	0	0	0
Feb 22 2023 18:06:46	7.20202255249	88.7738265991	96.3712081909	0.00201160670258	58.5751876831	19.2322750092	71.3502502441	-	0	0	0	0	0	0	0	0	0	0	0	0	0	0	0	0	0	0	0	0	0	0	0	0.116877935827	1.08186578751	2.12616491318	3.16933727264	4.11907815933	4.87715625763	5.34678602219	5.44792222977	5.12765550613	4.37992143631	3.26624131203	1.92753279209	0.583151698112	0	0	0	0	0	0	0	0	58.4303092957	0	0	0	0	0	0	0	0	0	0	0	0	0	0	0
Feb 22 2023 18:06:47	8.66858482361	88.5038146973	96.3259887695	0.00211552088149	58.6469497681	21.8182830811	73.3245620728	-	0	0	0	0	0	0	0	0	0	0	0	0	0	0	0	0	0	0	0	0	0	0	0	0.0276164766401	0.368961930275	0.944705486298	1.74673497677	2.74264597893	3.85284018517	4.9393787384	5.81119012833	6.23991823196	6.01000070572	5.00494480133	3.31333065033	1.32878446579	0	0	0	0	0	0	0	8.35930717008e-15	57.6689491272	0	0	0	0	0	0	0	0	0	0	0	0	0	0	0
Feb 22 2023 18:06:48	8.44299602509	89.3727035522	96.5941009521	0.00358911161311	62.1051940918	22.5988864899	60.0820426941	-	0	0	0	0	0	0	0	0	0	0	0	0	0	0	0	0	0	0	0	0	0	0	0	0	0.111552737653	0.825207412243	1.90577566624	3.19205737114	4.4691824913	5.47571659088	5.95726060867	5.73078012466	4.76541566849	3.24501872063	1.56685316563	0.26376336813	0	0	0	0	0	0	0	0	62.4914169312	0	0	0	0	0	0	0	0	0	0	0	0	0	0	0
Feb 22 2023 18:06:49	9.31664848328	89.6884384155	96.7123336792	0.00349005358294	64.0257492065	24.6449260712	63.6769065857	-	0	0	0	0	0	0	0	0	0	0	0	0	0	0	0	0	0	0	0	0	0	0	0	0	0.000882481632289	0.0995424315333	0.63225466013	1.96046805382	4.09774494171	6.39152526855	7.68436050415	7.06027460098	4.72271728516	2.04600548744	0.417802095413	0.00742538319901	0	0	0	0	0	0	0	0	64.8789978027	0	0	0	0	0	0	0	0	0	0	0	0	0	0	0
Feb 22 2023 18:06:50	9.08904743195	90.1707687378	96.8924179077	0.00246609398164	67.1513900757	25.9753398895	73.8562316895	-	0	0	0	0	0	0	0	0	0	0	0	0	0	0	0	0	0	0	0	0	0	0	0	0	0	0.0745120942593	0.850067734718	2.45928359032	4.45910835266	6.03479385376	6.43065881729	5.41662502289	3.48339414597	1.55152738094	0.355523973703	0.002945340937	0	0	0	0	0	0	0	0	68.8815612793	0	0	0	0	0	0	0	0	0	0	0	0	0	0	0
Feb 22 2023 18:06:51	6.77204465866	89.2393035889	96.5440750122	0.00420417031273	60.6990623474	18.9550495148	48.7648086548	-	0	0	0	0	0	0	0	0	0	0	0	0	0	0	0	0	0	0	0	0	0	0	0	0	1.27582538128	2.69145488739	3.90647244453	4.79980278015	5.28568887711	5.32250547409	4.92321825027	4.15208053589	3.12286543846	1.98898553848	0.92110234499	0.0776944309473	0	0	0	0	0	0	0	1.13296660465e-13	61.5323066711	0	0	0	0	0	0	0	0	0	0	0	0	0	0	0
Feb 22 2023 18:06:52	7.97145462036	89.5592727661	96.6640014648	0.00235399603844	62.9622459412	21.9772148132	70.8387680054	-	0	0	0	0	0	0	0	0	0	0	0	0	0	0	0	0	0	0	0	0	0	0	0	0	0.226916506886	1.13895571232	2.40111851692	3.76407122612	4.94642829895	5.67167758942	5.74049758911	5.09078502655	3.84583878517	2.3143055439	0.915786802769	0.0620439760387	0	0	0	0	0	0	0	0	63.8815765381	0	0	0	0	0	0	0	0	0	0	0	0	0	0	0
Feb 22 2023 18:06:53	8.8066072464	90.1639022827	96.8898620605	0.00281319068745	66.8958206177	25.0366744995	69.8038787842	-	0	0	0	0	0	0	0	0	0	0	0	0	0	0	0	0	0	0	0	0	0	0	0	0	0	0.0575281791389	0.701303482056	2.59983658791	5.43080186844	7.53534078598	7.30225515366	4.89450740814	2.12140631676	0.499163657427	0.0365537405014	0	0	0	0	0	0	0	0	0	68.8213043213	0	0	0	0	0	0	0	0	0	0	0	0	0	0	0
Feb 22 2023 18:06:54	7.0776553154	90.4345932007	96.9906539917	0.00243221642449	68.4598083496	22.6246414185	70.5521774292	-	0	0	0	0	0	0	0	0	0	0	0	0	0	0	0	0	0	0	0	0	0	0	0	0	0	1.17331779003	4.46541595459	5.87225246429	5.75575590134	4.69962596893	3.29551482201	1.98374533653	0.998682260513	0.390108346939	0.0887746438384	0	0	0	0	0	0	0	0	0	71.2768096924	0	0	0	0	0	0	0	0	0	0	0	0	0	0	0
Feb 22 2023 18:06:55	5.86044597626	90.503616333	97.0163269043	0.00281078880653	68.3077087402	18.3403339386	60.7667388916	-	0	0	0	0	0	0	0	0	0	0	0	0	0	0	0	0	0	0	0	0	0	0	0	0	0	0.104905746877	22.7009181976	5.13600873947	0.127514734864	0.000663596380036	8.50397100294e-07	2.5940777304e-10	1.52153510874e-14	9.35964168886e-20	3.38981350249e-27	0	0	0	0	0	0	0	0	0	71.9299850464	0	0	0	0	0	0	0	0	0	0	0	0	0	0	0
Feb 22 2023 18:06:56	6.01454305649	88.8157043457	96.3848648071	0.00154171080794	58.0097694397	16.5167293549	73.7835922241	-	0	0	0	0	0	0	0	0	0	0	0	0	0	0	0	0	0	0	0	0	0	0	0	0.633834242821	2.33970737457	3.78116154671	4.84557914734	5.46368503571	5.61521434784	5.32565593719	4.66514778137	3.73655152321	2.66747236252	1.59826636314	0.663550853729	0	0	0	0	0	0	0	0	0	58.6641731262	0	0	0	0	0	0	0	0	0	0	0	0	0	0	0
Feb 22 2023 18:06:57	-1.00000001505e+30	-1.00000001505e+30	-1.00000001505e+30	-1.00000002538e+26	-1.00000001505e+30	-1.00000001505e+30	99.9215087891	-	0	0	0	0	0	0	0	0	0	0	0	0	0	0	0	0	0	0	0	0	0	0	0	0	0	0	0	0	0	0	0	0	0	0	0	0	0	0	0	0	0	0	0	0	0	0	0	0	0	0	0	0	0	0	0	0	0	0	0	0
Feb 22 2023 18:06:58	-1.00000001505e+30	-1.00000001505e+30	-1.00000001505e+30	-1.00000002538e+26	-1.00000001505e+30	-1.00000001505e+30	99.9890823364	-	0	0	0	0	0	0	0	0	0	0	0	0	0	0	0	0	0	0	0	0	0	0	0	0	0	0	0	0	0	0	0	0	0	0	0	0	0	0	0	0	0	0	0	0	0	0	0	0	0	0	0	0	0	0	0	0	0	0	0	0
Feb 22 2023 18:06:59	-1.00000001505e+30	-1.00000001505e+30	-1.00000001505e+30	-1.00000002538e+26	-1.00000001505e+30	-1.00000001505e+30	99.957321167	-	0	0	0	0	0	0	0	0	0	0	0	0	0	0	0	0	0	0	0	0	0	0	0	0	0	0	0	0	0	0	0	0	0	0	0	0	0	0	0	0	0	0	0	0	0	0	0	0	0	0	0	0	0	0	0	0	0	0	0	0
Feb 22 2023 18:07:00	-1.00000001505e+30	-1.00000001505e+30	-1.00000001505e+30	-1.00000002538e+26	-1.00000001505e+30	-1.00000001505e+30	100.012039185	-	0	0	0	0	0	0	0	0	0	0	0	0	0	0	0	0	0	0	0	0	0	0	0	0	0	0	0	0	0	0	0	0	0	0	0	0	0	0	0	0	0	0	0	0	0	0	0	0	0	0	0	0	0	0	0	0	0	0	0	0
Feb 22 2023 18:07:01	-1.00000001505e+30	-1.00000001505e+30	-1.00000001505e+30	-1.00000002538e+26	-1.00000001505e+30	-1.00000001505e+30	99.9825057983	-	0	0	0	0	0	0	0	0	0	0	0	0	0	0	0	0	0	0	0	0	0	0	0	0	0	0	0	0	0	0	0	0	0	0	0	0	0	0	0	0	0	0	0	0	0	0	0	0	0	0	0	0	0	0	0	0	0	0	0	0
Feb 22 2023 18:07:02	-1.00000001505e+30	-1.00000001505e+30	-1.00000001505e+30	-1.00000002538e+26	-1.00000001505e+30	-1.00000001505e+30	99.9320144653	-	0	0	0	0	0	0	0	0	0	0	0	0	0	0	0	0	0	0	0	0	0	0	0	0	0	0	0	0	0	0	0	0	0	0	0	0	0	0	0	0	0	0	0	0	0	0	0	0	0	0	0	0	0	0	0	0	0	0	0	0
Feb 22 2023 18:07:03	-1.00000001505e+30	-1.00000001505e+30	-1.00000001505e+30	-1.00000002538e+26	-1.00000001505e+30	-1.00000001505e+30	99.9732131958	-	0	0	0	0	0	0	0	0	0	0	0	0	0	0	0	0	0	0	0	0	0	0	0	0	0	0	0	0	0	0	0	0	0	0	0	0	0	0	0	0	0	0	0	0	0	0	0	0	0	0	0	0	0	0	0	0	0	0	0	0
Feb 22 2023 18:07:04	-1.00000001505e+30	-1.00000001505e+30	-1.00000001505e+30	-1.00000002538e+26	-1.00000001505e+30	-1.00000001505e+30	99.8239059448	-	0	0	0	0	0	0	0	0	0	0	0	0	0	0	0	0	0	0	0	0	0	0	0	0	0	0	0	0	0	0	0	0	0	0	0	0	0	0	0	0	0	0	0	0	0	0	0	0	0	0	0	0	0	0	0	0	0	0	0	0
Feb 22 2023 18:07:05	-1.00000001505e+30	-1.00000001505e+30	-1.00000001505e+30	-1.00000002538e+26	-1.00000001505e+30	-1.00000001505e+30	99.8817672729	-	0	0	0	0	0	0	0	0	0	0	0	0	0	0	0	0	0	0	0	0	0	0	0	0	0	0	0	0	0	0	0	0	0	0	0	0	0	0	0	0	0	0	0	0	0	0	0	0	0	0	0	0	0	0	0	0	0	0	0	0
Feb 22 2023 18:07:06	-1.00000001505e+30	-1.00000001505e+30	-1.00000001505e+30	-1.00000002538e+26	-1.00000001505e+30	-1.00000001505e+30	99.9797515869	-	0	0	0	0	0	0	0	0	0	0	0	0	0	0	0	0	0	0	0	0	0	0	0	0	0	0	0	0	0	0	0	0	0	0	0	0	0	0	0	0	0	0	0	0	0	0	0	0	0	0	0	0	0	0	0	0	0	0	0	0
Feb 22 2023 18:07:07	-1.00000001505e+30	-1.00000001505e+30	-1.00000001505e+30	-1.00000002538e+26	-1.00000001505e+30	-1.00000001505e+30	99.9750213623	-	0	0	0	0	0	0	0	0	0	0	0	0	0	0	0	0	0	0	0	0	0	0	0	0	0	0	0	0	0	0	0	0	0	0	0	0	0	0	0	0	0	0	0	0	0	0	0	0	0	0	0	0	0	0	0	0	0	0	0	0
Feb 22 2023 18:07:08	-1.00000001505e+30	-1.00000001505e+30	-1.00000001505e+30	-1.00000002538e+26	-1.00000001505e+30	-1.00000001505e+30	99.9643478394	-	0	0	0	0	0	0	0	0	0	0	0	0	0	0	0	0	0	0	0	0	0	0	0	0	0	0	0	0	0	0	0	0	0	0	0	0	0	0	0	0	0	0	0	0	0	0	0	0	0	0	0	0	0	0	0	0	0	0	0	0
Feb 22 2023 18:07:09	-1.00000001505e+30	-1.00000001505e+30	-1.00000001505e+30	-1.00000002538e+26	-1.00000001505e+30	-1.00000001505e+30	99.9852676392	-	0	0	0	0	0	0	0	0	0	0	0	0	0	0	0	0	0	0	0	0	0	0	0	0	0	0	0	0	0	0	0	0	0	0	0	0	0	0	0	0	0	0	0	0	0	0	0	0	0	0	0	0	0	0	0	0	0	0	0	0
Feb 22 2023 18:07:10	-1.00000001505e+30	-1.00000001505e+30	-1.00000001505e+30	-1.00000002538e+26	-1.00000001505e+30	-1.00000001505e+30	99.9936065674	-	0	0	0	0	0	0	0	0	0	0	0	0	0	0	0	0	0	0	0	0	0	0	0	0	0	0	0	0	0	0	0	0	0	0	0	0	0	0	0	0	0	0	0	0	0	0	0	0	0	0	0	0	0	0	0	0	0	0	0	0
Feb 22 2023 18:07:11	-1.00000001505e+30	-1.00000001505e+30	-1.00000001505e+30	-1.00000002538e+26	-1.00000001505e+30	-1.00000001505e+30	99.9975967407	-	0	0	0	0	0	0	0	0	0	0	0	0	0	0	0	0	0	0	0	0	0	0	0	0	0	0	0	0	0	0	0	0	0	0	0	0	0	0	0	0	0	0	0	0	0	0	0	0	0	0	0	0	0	0	0	0	0	0	0	0
Feb 22 2023 18:07:12	-1.00000001505e+30	-1.00000001505e+30	-1.00000001505e+30	-1.00000002538e+26	-1.00000001505e+30	-1.00000001505e+30	99.9954071045	-	0	0	0	0	0	0	0	0	0	0	0	0	0	0	0	0	0	0	0	0	0	0	0	0	0	0	0	0	0	0	0	0	0	0	0	0	0	0	0	0	0	0	0	0	0	0	0	0	0	0	0	0	0	0	0	0	0	0	0	0
Feb 22 2023 18:07:13	-1.00000001505e+30	-1.00000001505e+30	-1.00000001505e+30	-1.00000002538e+26	-1.00000001505e+30	-1.00000001505e+30	100.004302979	-	0	0	0	0	0	0	0	0	0	0	0	0	0	0	0	0	0	0	0	0	0	0	0	0	0	0	0	0	0	0	0	0	0	0	0	0	0	0	0	0	0	0	0	0	0	0	0	0	0	0	0	0	0	0	0	0	0	0	0	0
Feb 22 2023 18:07:14	-1.00000001505e+30	-1.00000001505e+30	-1.00000001505e+30	-1.00000002538e+26	-1.00000001505e+30	-1.00000001505e+30	100.00920105	-	0	0	0	0	0	0	0	0	0	0	0	0	0	0	0	0	0	0	0	0	0	0	0	0	0	0	0	0	0	0	0	0	0	0	0	0	0	0	0	0	0	0	0	0	0	0	0	0	0	0	0	0	0	0	0	0	0	0	0	0
Feb 22 2023 18:07:15	-1.00000001505e+30	-1.00000001505e+30	-1.00000001505e+30	-1.00000002538e+26	-1.00000001505e+30	-1.00000001505e+30	99.9708557129	-	0	0	0	0	0	0	0	0	0	0	0	0	0	0	0	0	0	0	0	0	0	0	0	0	0	0	0	0	0	0	0	0	0	0	0	0	0	0	0	0	0	0	0	0	0	0	0	0	0	0	0	0	0	0	0	0	0	0	0	0
Feb 22 2023 18:07:16	-1.00000001505e+30	-1.00000001505e+30	-1.00000001505e+30	-1.00000002538e+26	-1.00000001505e+30	-1.00000001505e+30	99.9711380005	-	0	0	0	0	0	0	0	0	0	0	0	0	0	0	0	0	0	0	0	0	0	0	0	0	0	0	0	0	0	0	0	0	0	0	0	0	0	0	0	0	0	0	0	0	0	0	0	0	0	0	0	0	0	0	0	0	0	0	0	0
Feb 22 2023 18:07:17	-1.00000001505e+30	-1.00000001505e+30	-1.00000001505e+30	-1.00000002538e+26	-1.00000001505e+30	-1.00000001505e+30	100.009559631	-	0	0	0	0	0	0	0	0	0	0	0	0	0	0	0	0	0	0	0	0	0	0	0	0	0	0	0	0	0	0	0	0	0	0	0	0	0	0	0	0	0	0	0	0	0	0	0	0	0	0	0	0	0	0	0	0	0	0	0	0
Feb 22 2023 18:07:18	-1.00000001505e+30	-1.00000001505e+30	-1.00000001505e+30	-1.00000002538e+26	-1.00000001505e+30	-1.00000001505e+30	100.029823303	-	0	0	0	0	0	0	0	0	0	0	0	0	0	0	0	0	0	0	0	0	0	0	0	0	0	0	0	0	0	0	0	0	0	0	0	0	0	0	0	0	0	0	0	0	0	0	0	0	0	0	0	0	0	0	0	0	0	0	0	0
