Date-Time	Dx(10)	Dx(50)	Dx(90)	Cv(%)	D[4][3]	D[3][2]	Transmission	0.10000020	0.11659167	0.13593590	0.15848963	0.18478534	0.21544389	0.25118914	0.29286504	0.34145555	0.39810795	0.46415979	0.54117060	0.63095856	0.73564368	0.85769761	1.00000191	1.16591668	1.35935903	1.58489633	1.84785342	2.15443897	2.51189137	2.92865038	3.41455555	3.98107958	4.64159775	5.41170597	6.30958605	7.35643721	8.57697582	10.00002003	11.65916729	13.59359074	15.84896278	18.47853470	21.54438972	25.11891365	29.28650284	34.14555740	39.81079483	46.41598129	54.11705780	63.09585953	73.56436920	85.76976013	100.00019836	116.59166718	135.93591309	158.48962402	184.78533936	215.44389343	251.18913269	292.86502075	341.45556641	398.10794067	464.15979004	541.17059326	630.95855713	735.64367676	857.69757080	1000.00195313
Feb 22 2023 18:03:26	1.62796545029	88.6060333252	96.3431167603	0.000204582189326	56.9193878174	7.2359662056	87.7006759644	-	0	0	0	0	0	0	0	0	0	0	0	0	0	0	0.0704342052341	1.10564720631	3.36902737617	4.68206310272	3.89765501022	2.22090601921	0.952332377434	0.33900052309	0.115980274975	0.0494803376496	0.0375058315694	0.0598312541842	0.1632797122	0.534181594849	1.59753537178	3.74320220947	6.29447793961	6.97133827209	4.47214984894	1.28763985634	0.0812364593148	4.03547119276e-06	0	0	0	0	0	0	0	0	57.9550933838	0	0	0	0	0	0	0	0	0	0	0	0	0	0	0
Feb 22 2023 18:03:27	6.39022779465	90.53099823	97.0265045166	0.000343537976732	68.341293335	10.4832773209	85.7767333984	-	0	0	0	0	0	0	0	0	0	0	0	0	0	0	0	0	0	8.98730373383	0	0	0	0	0	0	0	0	0	12.8515834808	5.89883995056	0.0696952193975	0.000288704031846	5.17918579135e-07	3.96786159484e-10	1.11063190437e-13	6.39179581958e-18	0	0	0	0	0	0	0	0	0	72.1922912598	0	0	0	0	0	0	0	0	0	0	0	0	0	0	0
Feb 22 2023 18:03:28	-1.00000001505e+30	-1.00000001505e+30	-1.00000001505e+30	-1.00000002538e+26	-1.00000001505e+30	-1.00000001505e+30	99.0270385742	-	0	0	0	0	0	0	0	0	0	0	0	0	0	0	0	0	0	0	0	0	0	0	0	0	0	0	0	0	0	0	0	0	0	0	0	0	0	0	0	0	0	0	0	0	0	0	0	0	0	0	0	0	0	0	0	0	0	0	0	0
Feb 22 2023 18:03:29	1.58334887028	90.5757827759	97.0431518555	0.000259745342191	68.7577514648	9.96757507324	88.2369537354	-	0	0	0	0	0	0	0	0	0	0	0	0	0	0	0	0	0	10.4466915131	0	0	0	0	0	0	0	0	0	0	16.9280223846	0	0	0	0	0	0	0	0	0	0	0	0	0	0	0	72.6252822876	0	0	0	0	0	0	0	0	0	0	0	0	0	0	0
Feb 22 2023 18:03:30	7.45634794235	90.7151794434	97.0949325562	0.00041441488429	70.076751709	11.2633390427	84.0688323975	-	0	0	0	0	0	0	0	0	0	0	0	0	0	0	0	0	0	8.75143146515	0	0	0	0	0	0	0	0	0	0	14.4515190125	2.55798959732	0.22118294239	0.0119525454938	0.000409216823755	8.17963518784e-06	6.95293849162e-08	0	0	0	0	0	0	0	0	0	74.0055084229	0	0	0	0	0	0	0	0	0	0	0	0	0	0	0
Feb 22 2023 18:03:31	7.34434175491	90.4530181885	96.9975128174	0.000557609077077	67.9692306519	10.438747406	77.5109710693	-	0	0	0	0	0	0	0	0	0	0	0	0	0	0	0	0	0	9.74733161926	0	0	0	0	0	0	0	0	0	0.254055678844	9.48968791962	6.61901760101	2.07185029984	0.337784349918	0.0289864838123	0.00122744543478	2.02117953449e-05	0	0	0	0	0	0	0	0	0	71.4500350952	0	0	0	0	0	0	0	0	0	0	0	0	0	0	0
Feb 22 2023 18:03:32	7.35042142868	90.543586731	97.0311889648	0.000570372852962	68.6047592163	10.4653158188	77.1588821411	-	0	0	0	0	0	0	0	0	0	0	0	0	0	0	0	0	0	9.66497325897	1.37855731604e-12	0	0	0	0	0	0	0	0	0	14.0672397614	3.46636962891	0.44900226593	0.0368806757033	0.00193857506383	6.05659224675e-05	8.54043435083e-07	0	0	0	0	0	0	0	0	0	72.3135375977	0	0	0	0	0	0	0	0	0	0	0	0	0	0	0
Feb 22 2023 18:03:33	1.34063708782	89.6650924683	96.7035980225	0.000516415515449	62.7947158813	8.62145519257	73.3798370361	-	0	0	0	0	0	0	0	0	0	0	0	0	0	0	0	1.93364150646e-13	10.7300643921	0	0	0	0	0	0	0	0	0	0.308886140585	1.75972080231	3.49604940414	4.73558998108	4.97697067261	4.21726131439	2.8833065033	1.5389008522	0.574724137783	0.0820059627295	0	0	0	0	0	0	0	0	64.6965179443	0	0	0	0	0	0	0	0	0	0	0	0	0	0	0
Feb 22 2023 18:03:34	1.35193538666	89.8740158081	96.7817001343	0.00049003661843	63.9577026367	8.76336860657	75.0252456665	-	0	0	0	0	0	0	0	0	0	0	0	0	0	0	0	4.5745395319e-13	10.3832912445	0	0	0	0	0	0	0	0	0	0.580849707127	2.59622216225	4.44061088562	5.15194988251	4.56641578674	3.1994535923	1.7658110857	0.736579060555	0.201848194003	0.0117469681427	0	0	0	0	0	0	0	0	66.3652191162	0	0	0	0	0	0	0	0	0	0	0	0	0	0	0
Feb 22 2023 18:03:35	6.57151985168	90.2399291992	96.9181900024	0.000575366371777	66.3245544434	10.5019760132	77.3692092896	-	0	0	0	0	0	0	0	0	0	0	0	0	0	0	0	0	0	9.08337593079	0	0	0	0	0	0	0	0	0	5.29281806946	7.36440849304	5.34486293793	2.47680401802	0.765901207924	0.156385108829	0.0197800844908	0.00124353182036	0	0	0	0	0	0	0	0	0	69.4944229126	0	0	0	0	0	0	0	0	0	0	0	0	0	0	0
Feb 22 2023 18:03:36	8.01319026947	90.538734436	97.0293807983	0.000747904879972	68.9918289185	12.2063550949	75.1273117065	-	0	0	0	0	0	0	0	0	0	0	0	0	0	0	0	0	0	7.81458091736	2.39222839671e-13	0	0	0	0	0	0	0	0	0	4.98928928375	7.61826562881	4.85095310211	1.89556586742	0.480991661549	0.076900921762	0.00662684021518	5.93815275352e-05	0	0	0	0	0	0	0	0	72.2667694092	0	0	0	0	0	0	0	0	0	0	0	0	0	0	0
Feb 22 2023 18:03:37	7.75102090836	90.180267334	96.8959579468	0.000704710662831	66.3167190552	10.8671321869	73.4669113159	-	0	0	0	0	0	0	0	0	0	0	0	0	0	0	0	0	0	9.30440235138	4.87684155212e-12	0	0	0	0	0	0	0	0	0	3.29061603546	6.46772813797	6.21949863434	3.78089141846	1.51911020279	0.393060207367	0.0575838796794	0.00196969229728	0	0	0	0	0	0	0	0	68.965133667	0	0	0	0	0	0	0	0	0	0	0	0	0	0	0
Feb 22 2023 18:03:38	7.0439991951	89.7528533936	96.7364196777	0.000566222646739	63.4100723267	10.3011713028	77.0985565186	-	0	0	0	0	0	0	0	0	0	0	0	0	0	0	0	0	0	9.6576166153	0	0	0	0	0	0	0	0	0	0.825424790382	4.02903175354	6.06349849701	6.01556396484	4.3896780014	2.40124583244	0.957660675049	0.249615103006	0.0230630207807	0	0	0	0	0	0	0	0	65.3876037598	0	0	0	0	0	0	0	0	0	0	0	0	0	0	0
Feb 22 2023 18:03:39	1.56467401981	90.1373748779	96.8799743652	0.000360340403859	65.953994751	10.0180568695	83.998374939	-	0	0	0	0	0	0	0	0	0	0	0	0	0	0	0	0	0	10.6963176727	1.2224407684e-12	0	0	0	0	0	0	0	0	0	2.09401679039	5.63756132126	6.3337020874	4.26365423203	1.82573366165	0.486583590508	0.0708946287632	0.00221744948067	0	0	0	0	0	0	0	0	68.5893173218	0	0	0	0	0	0	0	0	0	0	0	0	0	0	0
Feb 22 2023 18:03:40	1.56965255737	89.9592208862	96.8135147095	0.000509864010382	64.9467773438	10.1111660004	78.3356399536	-	0	0	0	0	0	0	0	0	0	0	0	0	0	0	0	0	0	10.5785913467	3.15675805808e-12	0	0	0	0	0	0	0	0	0	1.52916359901	4.28388357162	5.79560756683	5.26854848862	3.41411781311	1.5564596653	0.453350841999	0.0507273301482	0	0	0	0	0	0	0	0	67.0695495605	0	0	0	0	0	0	0	0	0	0	0	0	0	0	0
Feb 22 2023 18:03:41	1.56589841843	89.9192047119	96.7985687256	0.000596734054852	64.6536331177	10.0183725357	74.9499282837	-	0	0	0	0	0	0	0	0	0	0	0	0	0	0	0	0	0	10.6670875549	4.48202063029e-15	0	0	0	0	0	0	0	0	0	1.7472962141	4.43272352219	5.80928897858	5.20441293716	3.35830259323	1.53777825832	0.453856408596	0.0523170158267	0	0	0	0	0	0	0	0	66.7369384766	0	0	0	0	0	0	0	0	0	0	0	0	0	0	0
Feb 22 2023 18:03:42	1.66530251503	89.0169448853	96.4605636597	0.000679080490954	58.9121208191	7.06990909576	64.5388717651	-	0	0	0	0	0	0	0	0	0	0	0	0	0	0	0.457396119833	1.66397321224	2.95571184158	3.70385169983	3.65533614159	2.96101498604	1.98687541485	1.08240103722	0.449575066566	0.124511018395	0.0182540118694	0.00203787931241	0.00763477291912	0.0808519870043	0.416239738464	1.28194236755	2.75247216225	4.38027572632	5.18843746185	4.34314680099	2.17126941681	0.322456270456	0	0	0	0	0	0	1.40129846432e-43	1.83450378776e-14	59.9943351746	0	0	0	0	0	0	0	0	0	0	0	0	0	0	0
Feb 22 2023 18:03:43	1.75087380409	89.3321838379	96.5789108276	0.000468053418444	60.4198074341	7.16468715668	74.5903930664	-	0	0	0	0	0	0	0	0	0	0	0	0	0	0	1.04448771477	1.89957153797	2.48438048363	2.76623058319	2.75879502296	2.51328015327	2.10335659981	1.60775709152	1.10097587109	0.656035661697	0.346934646368	0.234686002135	0.354352712631	0.713119089603	1.27567470074	1.95711946487	2.62470316887	3.10324692726	3.20551681519	2.78835082054	1.81999802589	0.444312155247	0	0	0	0	0	0	0	0	62.1971130371	0	0	0	0	0	0	0	0	0	0	0	0	0	0	0
Feb 22 2023 18:03:44	1.31264984608	90.17918396	96.8955535889	0.00036908700713	65.7355270386	8.13606262207	78.8558120728	-	0	0	0	0	0	0	0	0	0	0	0	0	0	0	0	5.97288538073e-12	11.7407035828	5.15719873825e-39	0	0	0	0	0	0	0	0	0	2.36098623276	6.97682714462	5.89605045319	2.91519713402	0.933356761932	0.194693088531	0.025010118261	0.00160047714598	0	0	0	0	0	0	0	0	0	68.9555740356	0	0	0	0	0	0	0	0	0	0	0	0	0	0	0
Feb 22 2023 18:03:45	1.34204697609	89.9493179321	96.8098144531	0.000484422867885	64.4412841797	8.68068504333	74.9189376831	-	0	0	0	0	0	0	0	0	0	0	0	0	0	0	0	0	10.6853666306	0	0	0	0	0	0	0	0	0	0	1.81649661064	4.44692134857	5.82605361938	5.11953115463	3.19209551811	1.41652846336	0.429780632257	0.0774726495147	0.00282723712735	0	0	0	0	0	0	0	0	66.9869232178	0	0	0	0	0	0	0	0	0	0	0	0	0	0	0
Feb 22 2023 18:03:46	7.42979049683	90.2334213257	96.915763855	0.000364384904969	66.6207199097	10.5366792679	84.7338104248	-	0	0	0	0	0	0	0	0	0	0	0	0	0	0	0	0	0	9.81003570557	0	0	0	0	0	0	0	0	0	0	3.83230161667	6.30715322495	5.62864780426	3.29187846184	1.30352318287	0.338616073132	0.0501427352428	0.00138004822657	0	0	0	0	0	0	0	0	69.4363250732	0	0	0	0	0	0	0	0	0	0	0	0	0	0	0
Feb 22 2023 18:03:47	7.53639364243	89.7457199097	96.733757019	0.000410609471146	63.7331199646	9.61650276184	80.3432998657	-	0	0	0	0	0	0	0	0	0	0	0	0	0	0	0	2.17185915519e-13	9.44909191132	9.60077222057e-38	0	0	0	0	0	0	0	0	0	0.326831310987	2.31044483185	4.24691772461	5.34666538239	5.21263313293	4.03743076324	2.44036197662	1.06283795834	0.235838696361	0	0	0	0	0	0	0	0	65.330947876	0	0	0	0	0	0	0	0	0	0	0	0	0	0	0
Feb 22 2023 18:03:48	1.56453359127	89.1364898682	96.5054779053	0.00032389187254	59.7604026794	7.41980838776	80.9557342529	-	0	0	0	0	0	0	0	0	0	0	0	0	0	0	2.17440538108e-06	0.0343207418919	2.09899759293	8.64352321625	5.62818145752	0.799145638943	0.0266705732793	0.000181425188202	1.61458615366e-07	7.93687511547e-12	9.17987011274e-18	1.01653417729e-22	1.12482563275e-18	3.74471634257e-12	2.95330750077e-07	0.000858756655362	0.198717877269	5.08694028854	13.9806509018	2.68015694618	0.00966969504952	3.18746140593e-09	0	0	0	0	0	0	0	0	60.8119888306	0	0	0	0	0	0	0	0	0	0	0	0	0	0	0
Feb 22 2023 18:03:49	1.74315857887	87.8362426758	96.213684082	0.000682689948007	55.7265815735	7.16070604324	65.40234375	-	0	0	0	0	0	0	0	0	0	0	0	0	0	0	0.522000312805	1.58801710606	2.61883974075	3.22202992439	3.26128077507	2.82803106308	2.13676857948	1.40852987766	0.801335573196	0.391997307539	0.17951066792	0.109582647681	0.143583118916	0.333359777927	0.825038850307	1.76464283466	3.12995767593	4.56208181381	5.37037467957	4.8876824379	3.08814358711	0.967402279377	2.71590615739e-05	0	0	0	0	0	0	0	55.8597793579	0	0	0	0	0	0	0	0	0	0	0	0	0	0	0
Feb 22 2023 18:03:50	1.31711268425	89.3168106079	96.5731506348	0.000394792587031	61.0688438416	8.30656909943	77.9760513306	-	0	0	0	0	0	0	0	0	0	0	0	0	0	0	0	0	11.5432748795	0	0	0	0	0	0	0	0	0	0	0.653349578381	1.97310185432	3.51542568207	4.74944067001	5.18833303452	4.6413025856	3.3330078125	1.78508329391	0.531558692455	0	0	0	0	0	0	0	0	62.0861244202	0	0	0	0	0	0	0	0	0	0	0	0	0	0	0
Feb 22 2023 18:03:51	1.6023106575	89.0444030762	96.4708786011	0.000542648311239	59.2065124512	7.27021551132	70.3272094727	-	0	0	0	0	0	0	0	0	0	0	0	0	0	0	0.0166780557483	0.661091804504	3.22632408142	5.68539476395	4.98880767822	2.45834064484	0.698359429836	0.107837319374	0.00754904607311	0.00016465743829	6.53974382203e-07	3.10671111059e-09	1.70568043245e-07	9.2023263278e-05	0.00829925946891	0.189828455448	1.59542393684	5.73441553116	8.82356357574	4.97931146622	0.635645508766	0.00259632640518	0	0	0	0	0	0	0	0	60.1802749634	0	0	0	0	0	0	0	0	0	0	0	0	0	0	0
Feb 22 2023 18:03:52	7.33921480179	90.563873291	97.0387268066	0.000910342088901	68.7464752197	10.4192962646	65.9641113281	-	0	0	0	0	0	0	0	0	0	0	0	0	0	0	0	0	0	9.73668479919	0	0	0	0	0	0	0	0	0	0	14.9427843094	2.58862066269	0.210909947753	0.0109814684838	0.000374097406166	7.77530294727e-06	7.58486464747e-08	0	0	0	0	0	0	0	0	0	72.5096359253	0	0	0	0	0	0	0	0	0	0	0	0	0	0	0
Feb 22 2023 18:03:53	7.55629634857	90.4285049438	96.9883880615	0.00104814546648	68.0316009521	10.7815551758	62.741394043	-	0	0	0	0	0	0	0	0	0	0	0	0	0	0	0	0	0	9.61192703247	0	0	0	0	0	0	0	0	0	0	3.98160147667	6.78015422821	5.14540672302	2.39432859421	0.718401134014	0.134772077203	0.0135283963755	0.000140997319249	0	0	0	0	0	0	0	0	71.2197418213	0	0	0	0	0	0	0	0	0	0	0	0	0	0	0
Feb 22 2023 18:03:54	1.5938243866	90.3700637817	96.9666442871	0.00098390399944	67.4494934082	10.3189182281	63.2643814087	-	0	0	0	0	0	0	0	0	0	0	0	0	0	0	0	0	0	10.0762615204	3.92641648361e-13	0	0	0	0	0	0	0	0	0.0919495970011	6.32795238495	6.60561084747	4.00535440445	1.64753830433	0.47016787529	0.0893136709929	0.00948231853545	4.26855103797e-06	0	0	0	0	0	0	0	0	70.676361084	0	0	0	0	0	0	0	0	0	0	0	0	0	0	0
Feb 22 2023 18:03:55	1.79734158516	88.9023361206	96.41746521	0.000790615216829	58.148109436	7.1556634903	61.3425750732	-	0	0	0	0	0	0	0	0	0	0	0	0	0	0	0.949073672295	1.75940525532	2.35110235214	2.68196105957	2.74911665916	2.58449482918	2.2439558506	1.79295766354	1.29838442802	0.831457138062	0.471016168594	0.290157586336	0.341751217842	0.654902815819	1.2162886858	1.95755815506	2.74973082542	3.4015610218	3.68536567688	3.39726471901	2.44106221199	0.921553552151	0	0	0	0	0	0	0	0	59.2298812866	0	0	0	0	0	0	0	0	0	0	0	0	0	0	0
Feb 22 2023 18:03:56	1.64659643173	89.1787338257	96.5213394165	0.000790094141848	59.2832374573	6.52146100998	57.8332176208	-	0	0	0	0	0	0	0	0	0	0	0	0	0	0	1.18411421776	2.14126896858	2.79033064842	3.10263466835	3.09807276726	2.83448624611	2.3912820816	1.85135304928	1.29194414616	0.788145542145	0.415927916765	0.238309055567	0.292732417583	0.589501559734	1.09752643108	1.7372200489	2.38198828697	2.86250591278	2.9950094223	2.63439297676	1.73920190334	0.436051517725	0	0	0	0	0	0	0	0	61.1060066223	0	0	0	0	0	0	0	0	0	0	0	0	0	0	0
Feb 22 2023 18:03:57	1.70449638367	87.9408950806	96.231338501	0.000650188594591	55.4104614258	6.52030706406	64.2565155029	-	0	0	0	0	0	0	0	0	0	0	0	0	0	0	1.06159245968	1.95422077179	2.5966489315	2.95012688637	3.01828670502	2.84070372581	2.480260849	2.007604599	1.49284923077	1.00902199745	0.635240137577	0.442953556776	0.482393205166	0.778827190399	1.31578302383	2.02390885353	2.77833080292	3.39757323265	3.66804599762	3.39788389206	2.49190783501	1.03909265995	0	0	0	0	0	0	0	0	56.1367454529	0	0	0	0	0	0	0	0	0	0	0	0	0	0	0
Feb 22 2023 18:03:58	1.67972695827	89.1395645142	96.5066299438	0.000555049802642	59.1637306213	6.76733207703	69.0671386719	-	0	0	0	0	0	0	0	0	0	0	0	0	0	0	1.06163775921	2.03489947319	2.71369218826	3.03323483467	3.00615382195	2.70084095001	2.2156329155	1.65238142014	1.10215854645	0.645388007164	0.349285006523	0.251193791628	0.367228090763	0.717553377151	1.28980374336	2.00537419319	2.71781802177	3.22210717201	3.29833889008	2.79010128975	1.69915497303	0.292762249708	0	0	0	0	0	0	0	0	60.8332557678	0	0	0	0	0	0	0	0	0	0	0	0	0	0	0
Feb 22 2023 18:03:59	1.57593643665	89.850769043	96.7730102539	0.000513507635333	63.8315124512	9.72561836243	77.743057251	-	0	0	0	0	0	0	0	0	0	0	0	0	0	0	0	0	0	10.4341611862	0	0	0	0	0	0	0	0	0.780700683594	2.5906829834	4.27871084213	4.99088001251	4.52184057236	3.27269697189	1.88130331039	0.822990119457	0.237287580967	0.0132606802508	0	0	0	0	0	0	0	0	66.1754837036	0	0	0	0	0	0	0	0	0	0	0	0	0	0	0
Feb 22 2023 18:04:00	1.33994007111	89.2323303223	96.5414505005	0.00018713294412	60.0487556458	8.332903862	89.1609954834	-	0	0	0	0	0	0	0	0	0	0	0	0	0	0	0	8.05357256578e-12	10.7523174286	3.98469668719e-12	5.6051938573e-43	0	0	0	0	0	0	0	0.468419581652	2.56712174416	4.62687397003	5.70774841309	5.49345588684	4.2863535881	2.71404862404	1.35147571564	0.47793546319	0.0713331252337	0	0	0	0	0	0	0	0	61.4829177856	0	0	0	0	0	0	0	0	0	0	0	0	0	0	0
Feb 22 2023 18:04:01	6.84003686905	90.2154922485	96.9090881348	0.000337666919222	66.25050354	10.5151796341	85.9540863037	-	0	0	0	0	0	0	0	0	0	0	0	0	0	0	0	0	0	9.30374622345	0	0	0	0	0	0	0	0	0	2.37226080894	7.26844978333	6.42973470688	3.55042624474	1.3601616621	0.365725517273	0.0660320147872	0.0067499903962	2.68507901637e-05	0	0	0	0	0	0	0	0	69.2766876221	0	0	0	0	0	0	0	0	0	0	0	0	0	0	0
Feb 22 2023 18:04:02	7.45713663101	90.2117767334	96.907699585	0.000421503587859	66.3105392456	10.5140609741	82.6749649048	-	0	0	0	0	0	0	0	0	0	0	0	0	0	0	0	0	0	9.54157924652	1.16970628604e-13	0	0	0	0	0	0	0	0	0	6.66550254822	7.50612974167	4.63351583481	1.84057497978	0.481895178556	0.0799275934696	0.00714694196358	6.04978886258e-05	0	0	0	0	0	0	0	0	69.2436676025	0	0	0	0	0	0	0	0	0	0	0	0	0	0	0
Feb 22 2023 18:04:03	7.37397193909	90.2728347778	96.9304428101	0.000445060344646	66.8250579834	10.4583950043	81.5655517578	-	0	0	0	0	0	0	0	0	0	0	0	0	0	0	0	0	0	9.86405086517	4.17835471084e-12	0	0	0	0	0	0	0	0	0	4.82122182846	6.78578710556	5.15309333801	2.54353499413	0.841159760952	0.179856449366	0.0213038176298	0.0003011970839	0	0	0	0	0	0	0	0	69.7896881104	0	0	0	0	0	0	0	0	0	0	0	0	0	0	0
Feb 22 2023 18:04:04	1.59426414967	88.5185470581	96.3284606934	0.000583472894505	57.0554580688	6.74567604065	66.6594238281	-	0	0	0	0	0	0	0	0	0	0	0	0	0	0	3.47666798461e-07	0.0119770057499	1.26635217667	8.33124637604	8.51959514618	1.95763742924	0.115305416286	0.00166069425177	4.6007171477e-06	1.67672264961e-09	8.29378137891e-14	1.23230869573e-17	4.23080648706e-17	1.27695195997e-12	4.90372400463e-08	0.000192016756046	0.0736336410046	3.1726102829	14.3397445679	4.47159767151	0.0284215603024	3.99776105553e-08	0	0	0	0	0	0	2.01786978863e-41	1.08298522331e-13	57.7100219727	0	0	0	0	0	0	0	0	0	0	0	0	0	0	0
Feb 22 2023 18:04:05	1.31191062927	89.4973373413	96.6408081055	0.000668413122185	61.8303031921	8.12417125702	64.989982605	-	0	0	0	0	0	0	0	0	0	0	0	0	0	0	0	0	11.8059005737	0	0	0	0	0	0	0	0	0	0.0383878014982	1.17536211014	2.79364037514	4.25007581711	4.95894241333	4.67071247101	3.57629966736	2.16858148575	0.95096129179	0.197540506721	0	0	0	0	0	0	0	4.22994226993e-14	63.4135971069	0	0	0	0	0	0	0	0	0	0	0	0	0	0	0
Feb 22 2023 18:04:06	7.54134368896	90.7184677124	97.0961532593	0.000717520539183	70.1617355347	11.3716278076	74.1903152466	-	0	0	0	0	0	0	0	0	0	0	0	0	0	0	0	0	0	8.74147224426	0	0	0	0	0	0	0	0	0	0	10.437746048	6.30428504944	0.468473464251	0.00932733900845	5.41048284504e-05	7.83523930181e-08	1.43650594892e-11	0	0	0	0	0	0	0	0	0	74.0386428833	0	0	0	0	0	0	0	0	0	0	0	0	0	0	0
Feb 22 2023 18:04:07	1.33482241631	90.0725097656	96.8557815552	0.000519421882927	65.4944152832	8.79052734375	73.3838043213	-	0	0	0	0	0	0	0	0	0	0	0	0	0	0	0	5.45291080085e-13	10.9189357758	1.59327635394e-40	0	0	0	0	0	0	0	0	0	0	2.64922237396	5.15584850311	5.67446613312	4.26646566391	2.27088928223	0.834739506245	0.18841779232	0.012628974393	0	0	0	0	0	0	0	0	68.0283813477	0	0	0	0	0	0	0	0	0	0	0	0	0	0	0
Feb 22 2023 18:04:08	1.33366930485	89.8558959961	96.7749252319	0.000429100560723	63.9258232117	8.56436347961	77.0784301758	-	0	0	0	0	0	0	0	0	0	0	0	0	0	0	0	4.10026965722e-13	10.9572839737	1.48348440317e-29	0	0	0	0	0	0	0	0	0.0589407756925	1.74337625504	3.72122120857	4.95825004578	4.91034698486	3.78771471977	2.2798371315	1.03197062016	0.308868467808	0.024942163378	0	0	0	0	0	0	0	0	66.2172470093	0	0	0	0	0	0	0	0	0	0	0	0	0	0	0
Feb 22 2023 18:04:09	1.32908630371	89.9870452881	96.8238983154	0.000517964712344	64.813911438	8.58689117432	72.9538879395	-	0	0	0	0	0	0	0	0	0	0	0	0	0	0	0	0	11.1127357483	0	0	0	0	0	0	0	0	0	0	0.776527404785	3.22722458839	5.2030878067	5.40226650238	3.96095728874	2.08028769493	0.75696760416	0.167879968882	0.00946346949786	0	0	0	0	0	0	0	0	67.3026046753	0	0	0	0	0	0	0	0	0	0	0	0	0	0	0
Feb 22 2023 18:04:10	1.57980561256	90.3496398926	96.9590454102	0.000894492783118	67.3996353149	10.154001236	65.210357666	-	0	0	0	0	0	0	0	0	0	0	0	0	0	0	0	0	0	10.5788211823	3.01745797402e-13	0	0	0	0	0	0	0	0	0	2.76845836639	6.59161806107	5.61859416962	2.83847975731	0.913073420525	0.182703271508	0.0196340866387	0.000284082459984	0	0	0	0	0	0	0	0	70.4883346558	0	0	0	0	0	0	0	0	0	0	0	0	0	0	0
Feb 22 2023 18:04:11	1.73181951046	87.6537780762	96.1828613281	0.00045516670798	55.237487793	7.03767490387	75.0024185181	-	0	0	0	0	0	0	0	0	0	0	0	0	0	0	0.491368532181	1.57582616806	2.65987110138	3.30597615242	3.35567784309	2.90674805641	2.19283366203	1.44973301888	0.838690340519	0.430896282196	0.219055145979	0.150226086378	0.192883223295	0.400352835655	0.91267991066	1.86911523342	3.23815083504	4.64082336426	5.36309576035	4.75030612946	2.86384773254	0.80924808979	0	0	0	0	0	0	0	0	55.382598877	0	0	0	0	0	0	0	0	0	0	0	0	0	0	0
Feb 22 2023 18:04:12	1.69118857384	87.4325180054	96.1454162598	0.000386218191124	54.8126754761	6.80268526077	77.57371521	-	0	0	0	0	0	0	0	0	0	0	0	0	0	0	0.554678440094	1.69047355652	2.79549074173	3.45151090622	3.5074505806	3.05295348167	2.31184077263	1.52066707611	0.853686511517	0.400227129459	0.163585215807	0.0812729150057	0.0961118340492	0.243970707059	0.673726558685	1.55902290344	2.92077374458	4.43311595917	5.39269018173	5.05901813507	3.31090569496	1.10868263245	0.00465429201722	0	0	0	0	0	0	0	54.8134918213	0	0	0	0	0	0	0	0	0	0	0	0	0	0	0
Feb 22 2023 18:04:13	7.57527923584	90.3116607666	96.9449081421	0.000546130235307	67.2178344727	10.7130117416	78.3249282837	-	0	0	0	0	0	0	0	0	0	0	0	0	0	0	0	0	0	9.66347026825	3.58980293408e-12	0	0	0	0	0	0	0	0	0	3.33632683754	6.30305480957	5.72900819778	3.26985907555	1.22527348995	0.292594522238	0.0384556986392	0.000746632169466	0	0	0	0	0	0	0	0	70.1412124634	0	0	0	0	0	0	0	0	0	0	0	0	0	0	0
Feb 22 2023 18:04:14	6.3063120842	89.7572860718	96.7380752563	0.000479433627333	63.5676193237	9.17097377777	76.4168167114	-	0	0	0	0	0	0	0	0	0	0	0	0	0	0	0	0	9.99093055725	0	0	0	0	0	0	0	0	0	0	0.779428839684	3.01270794868	4.8482465744	5.479845047	4.77548074722	3.26395320892	1.70714652538	0.621053636074	0.0982872471213	0	0	0	0	0	0	0	0	65.4229202271	0	0	0	0	0	0	0	0	0	0	0	0	0	0	0
Feb 22 2023 18:04:15	1.30674278736	89.7079772949	96.7196426392	0.000355777243385	62.9663581848	7.94475269318	78.9631729126	-	0	0	0	0	0	0	0	0	0	0	0	0	0	0	0	5.31288554817e-12	12.2838106155	0	0	0	0	0	0	0	0	0	0	1.0690253973	2.96566009521	4.52413797379	4.99832439423	4.27367925644	2.85459136963	1.44442379475	0.494573175907	0.0592775195837	0	0	0	0	0	0	0	0	65.0324935913	0	0	0	0	0	0	0	0	0	0	0	0	0	0	0
Feb 22 2023 18:04:16	1.52825093269	89.924407959	96.8005142212	0.000481397320982	64.1705703735	7.19791412354	71.7702713013	-	0	0	0	0	0	0	0	0	0	0	0	0	0	0	4.16342145221e-13	0.000133547291625	0.631279945374	12.379948616	5.32637643814	0.0908194407821	6.52637754683e-05	1.22951471226e-09	1.53337858281e-16	4.76019085068e-27	0	0	2.81520861483e-40	1.23869542579e-23	2.28461591008e-13	1.35042682814e-06	0.0310868807137	6.16453695297	8.57552814484	0.0202156361192	5.48969036895e-10	0	0	0	0	0	0	0	0	0	66.7800064087	0	0	0	0	0	0	0	0	0	0	0	0	0	0	0
Feb 22 2023 18:04:17	1.3508939743	89.5818862915	96.6724624634	0.000309519382427	62.583366394	8.90172767639	83.5523910522	-	0	0	0	0	0	0	0	0	0	0	0	0	0	0	0	0	10.4141969681	0	0	0	0	0	0	0	0	0	0.233400210738	1.18112051487	2.53797030449	3.87693047523	4.72265195847	4.75357532501	3.95971155167	2.65328001976	1.30477905273	0.308316975832	0	0	0	0	0	0	0	0	64.054069519	0	0	0	0	0	0	0	0	0	0	0	0	0	0	0
Feb 22 2023 18:04:18	7.59796380997	90.2367172241	96.9169921875	0.000562693516258	66.8013381958	10.6965799332	77.6508026123	-	0	0	0	0	0	0	0	0	0	0	0	0	0	0	0	0	0	9.78888702393	0	0	0	0	0	0	0	0	0	0	2.18353819847	5.18498468399	5.89948797226	4.36069202423	2.20756149292	0.749493539333	0.151359960437	0.00830578710884	0	0	0	0	0	0	0	0	69.4656906128	0	0	0	0	0	0	0	0	0	0	0	0	0	0	0
Feb 22 2023 18:04:19	1.61957252026	87.5525283813	96.1657333374	0.000550291675609	54.8310203552	6.49603319168	68.0598754883	-	0	0	0	0	0	0	0	0	0	0	0	0	0	0	0.377225488424	1.65887403488	3.20131444931	4.15756082535	4.13937664032	3.33154916763	2.21212291718	1.20842576027	0.530463039875	0.183120235801	0.0549853183329	0.0251029059291	0.0395642891526	0.142744570971	0.518644690514	1.46289825439	3.11537480354	5.00566387177	5.94295024872	4.88598871231	2.3378341198	0.347328782082	0	0	0	0	0	0	0	0	55.1208839417	0	0	0	0	0	0	0	0	0	0	0	0	0	0	0
Feb 22 2023 18:04:20	1.7683442831	88.3539276123	96.3008346558	0.000365634565242	57.2209434509	7.59933757782	80.5791702271	-	0	0	0	0	0	0	0	0	0	0	0	0	0	0	0.513355970383	1.55832612514	2.55814528465	3.12083816528	3.11194229126	2.62896108627	1.89711117744	1.14999270439	0.555060148239	0.189358249307	0.0356948599219	0.00318473577499	0.00771194975823	0.0881331712008	0.4353980124	1.28669035435	2.72310996056	4.43505954742	5.65634536743	5.52032089233	3.79467272758	1.42648458481	0.0502849817276	0	0	0	0	0	0	0	57.253818512	0	0	0	0	0	0	0	0	0	0	0	0	0	0	0
Feb 22 2023 18:04:21	1.70979690552	88.6425247192	96.3492355347	0.000290403753752	57.8647384644	7.92211866379	84.4618988037	-	0	0	0	0	0	0	0	0	0	0	0	0	0	0	0.187644436955	1.28973317146	2.90943408012	3.80944943428	3.43050289154	2.26245880127	1.10691165924	0.389081418514	0.0894510596991	0.0113603910431	0.000767506542616	0.000185124605196	0.00191125110723	0.030797213316	0.248464763165	1.11523139477	3.16027879715	5.97017049789	7.48729848862	5.832280159	2.34167408943	0.267046660185	4.36877769516e-08	0	0	0	0	0	0	0	58.0578689575	0	0	0	0	0	0	0	0	0	0	0	0	0	0	0
Feb 22 2023 18:04:22	1.32850682735	89.1421966553	96.5076141357	0.000355269148713	60.476650238	8.58635234833	80.5570373535	-	0	0	0	0	0	0	0	0	0	0	0	0	0	0	0	0	11.1327447891	0	0	0	0	0	0	0	0	0	0	0.424040526152	1.37174081802	2.67330503464	4.03590250015	5.03987789154	5.28845357895	4.60338830948	3.15327167511	1.4233891964	0.00238043675199	0	0	0	0	0	0	0	60.8515090942	0	0	0	0	0	0	0	0	0	0	0	0	0	0	0
Feb 22 2023 18:04:23	1.56340289116	89.1430053711	96.5079193115	0.000324177381117	59.9136428833	7.67403507233	81.4410552979	-	0	0	0	0	0	0	0	0	0	0	0	0	0	0	2.69623888016e-06	0.0400188229978	2.26521110535	8.47463798523	4.89729690552	0.597772121429	0.0163550674915	8.41572400532e-05	4.82941899804e-08	1.05383399489e-12	2.15293141463e-19	8.20073616746e-25	4.49269604626e-19	4.56229802201e-12	3.9832249854e-07	0.0010789046064	0.227653369308	5.40278673172	14.3306894302	2.87586164474	0.0134251751006	1.71108123226e-08	0	0	0	0	0	0	0	0	60.8571243286	0	0	0	0	0	0	0	0	0	0	0	0	0	0	0
Feb 22 2023 18:04:24	1.34847509861	89.5314865112	96.6535949707	0.000310147908749	62.5443344116	8.99898338318	83.5930709839	-	0	0	0	0	0	0	0	0	0	0	0	0	0	0	0	3.81370933097e-12	10.4867887497	9.6325318761e-28	0	0	0	0	0	0	0	0	0	0.445850878954	1.62434637547	3.12528347969	4.47245788574	5.13626146317	4.80865287781	3.60189270973	2.00674438477	0.620877623558	0	0	0	0	0	0	0	0	63.6708450317	0	0	0	0	0	0	0	0	0	0	0	0	0	0	0
Feb 22 2023 18:04:25	1.34769153595	89.2726745605	96.5565948486	0.000368636421626	61.4049301147	9.03156661987	80.8445892334	-	0	0	0	0	0	0	0	0	0	0	0	0	0	0	0	0	10.5105476379	0	0	0	0	0	0	0	0	0	0	0.325148284435	1.11157786846	2.29260659218	3.65551590919	4.81156539917	5.31387424469	4.86713600159	3.5204167366	1.71519851685	0.106823153794	0	0	0	0	0	0	0	61.7695884705	0	0	0	0	0	0	0	0	0	0	0	0	0	0	0
Feb 22 2023 18:04:26	1.29257190228	88.9020233154	96.417350769	0.000520050991327	59.1196479797	7.37882614136	68.5197906494	-	0	0	0	0	0	0	0	0	0	0	0	0	0	0	0	4.31910963158e-13	13.8304786682	0	0	0	0	0	0	0	0	0	0	0.221316814423	0.837688982487	1.86896431446	3.18180727959	4.44406175613	5.19670677185	5.04392623901	3.88399171829	2.04880332947	0.214446082711	0	0	0	0	0	0	0	59.2278060913	0	0	0	0	0	0	0	0	0	0	0	0	0	0	0
Feb 22 2023 18:04:27	1.30646598339	89.5245132446	96.6509857178	0.000395628623664	62.3342208862	8.08058834076	77.1096420288	-	0	0	0	0	0	0	0	0	0	0	0	0	0	0	0	2.21111892901e-13	12.3105621338	4.68709526113e-28	0	0	0	0	0	0	0	0	0	0.168559238315	1.26627969742	2.76470327377	4.17678976059	4.93057537079	4.67759799957	3.518409729	1.95829439163	0.610113024712	0	0	0	0	0	0	0	0	63.6181221008	0	0	0	0	0	0	0	0	0	0	0	0	0	0	0
Feb 22 2023 18:04:28	8.13944530487	90.4033203125	96.979019165	0.000397717085434	68.3004074097	11.0651683807	83.9723587036	-	0	0	0	0	0	0	0	0	0	0	0	0	0	0	0	0	0	9.79024124146	0	0	0	0	0	0	0	0	0	0	0.579204201698	2.82421207428	4.75914812088	5.03619909286	3.64643859863	1.7911567688	0.537177085876	0.0516240149736	0	0	0	0	0	0	0	0	70.9845962524	0	0	0	0	0	0	0	0	0	0	0	0	0	0	0
Feb 22 2023 18:04:29	8.3809261322	90.302696228	96.9415664673	0.00042336381739	67.4923400879	11.6836013794	84.1919555664	-	0	0	0	0	0	0	0	0	0	0	0	0	0	0	0	0	0	8.64605236053	3.99914530744e-13	0	0	0	0	0	0	0	0	0	1.77387964725	4.50683832169	5.75773954391	4.88661384583	2.89409255981	1.17027175426	0.286148756742	0.0186398439109	0	0	0	0	0	0	0	0	70.0597229004	0	0	0	0	0	0	0	0	0	0	0	0	0	0	0
Feb 22 2023 18:04:30	1.35316586494	89.0819854736	96.4850006104	0.000342381361406	60.5089912415	9.10594940186	82.2601547241	-	0	0	0	0	0	0	0	0	0	0	0	0	0	0	0	0	10.3470439911	0	0	0	0	0	0	0	0	0	0	0.189071387053	1.01193606853	2.23902797699	3.65943264961	4.89926576614	5.52167749405	5.21147823334	3.95955252647	2.13936018944	0.385569632053	0	0	0	0	0	0	0	60.4365844727	0	0	0	0	0	0	0	0	0	0	0	0	0	0	0
Feb 22 2023 18:04:31	1.32609033585	89.9002227783	96.7914810181	0.000326526584104	64.5322341919	8.6616191864	82.0115356445	-	0	0	0	0	0	0	0	0	0	0	0	0	0	0	0	1.65477321516e-12	11.2170629501	5.29690819515e-41	0	0	0	0	0	0	0	0	0	0.103915393353	1.80930089951	3.76106762886	4.99806785583	4.91103935242	3.67488741875	2.05100131035	0.774430274963	0.118937462568	0	0	0	0	0	0	0	0	66.580291748	0	0	0	0	0	0	0	0	0	0	0	0	0	0	0
Feb 22 2023 18:04:32	1.57744181156	90.2093734741	96.9068069458	0.000406512874179	66.7109832764	10.4091701508	82.7082366943	-	0	0	0	0	0	0	0	0	0	0	0	0	0	0	0	0	0	10.4002285004	0	0	0	0	0	0	0	0	0	0	1.16285228729	3.7748131752	5.40735626221	5.01515483856	3.21292924881	1.40087759495	0.372501134872	0.0308936201036	0	0	0	0	0	0	0	0	69.2223892212	0	0	0	0	0	0	0	0	0	0	0	0	0	0	0
Feb 22 2023 18:04:33	7.39619064331	90.3758392334	96.9687957764	0.000360461155651	67.7233963013	10.7467050552	85.108253479	-	0	0	0	0	0	0	0	0	0	0	0	0	0	0	0	0	0	9.72638607025	0	0	0	0	0	0	0	0	0	0.191436141729	3.27029824257	5.4623541832	5.26657915115	3.38205623627	1.47911369801	0.423896551132	0.0675636976957	0.00063092855271	0	0	0	0	0	0	0	0	70.7296829224	0	0	0	0	0	0	0	0	0	0	0	0	0	0	0
Feb 22 2023 18:04:34	7.75394153595	90.2162704468	96.9093780518	0.000429381121648	66.7727813721	10.8182182312	82.605430603	-	0	0	0	0	0	0	0	0	0	0	0	0	0	0	0	0	0	9.72649860382	1.87885907462e-13	0	0	0	0	0	0	0	0	0	1.52930259705	4.31515216827	5.72235679626	4.95195007324	2.95967268944	1.1988799572	0.292620569468	0.0199454594404	0	0	0	0	0	0	0	0	69.2836303711	0	0	0	0	0	0	0	0	0	0	0	0	0	0	0
Feb 22 2023 18:04:35	8.30880260468	90.2729797363	96.9304962158	0.000474069500342	67.2632598877	11.1767854691	81.5708084106	-	0	0	0	0	0	0	0	0	0	0	0	0	0	0	0	0	0	9.35078620911	0	0	0	0	0	0	0	0	0	0	1.0542345047	4.00735855103	5.77242183685	5.20815610886	3.17789101601	1.29613983631	0.317471861839	0.0245723836124	0	0	0	0	0	0	0	0	69.7909622192	0	0	0	0	0	0	0	0	0	0	0	0	0	0	0
Feb 22 2023 18:04:36	1.33551836014	89.6787567139	96.7087097168	0.000373037270037	63.0430870056	8.65763378143	79.9166183472	-	0	0	0	0	0	0	0	0	0	0	0	0	0	0	0	0	10.8959369659	0	0	0	0	0	0	0	0	0	0	0.981394171715	2.6748585701	4.26362943649	5.05662298203	4.7403626442	3.54346036911	2.05469536781	0.838014662266	0.147777661681	0	0	0	0	0	0	0	0	64.8032455444	0	0	0	0	0	0	0	0	0	0	0	0	0	0	0
Feb 22 2023 18:04:37	1.69710123539	88.6801147461	96.3555297852	0.000352980539901	57.6913299561	7.26620197296	80.210105896	-	0	0	0	0	0	0	0	0	0	0	0	0	0	0	0.490233957767	1.65351235867	2.82487654686	3.47022461891	3.40402936935	2.77327179909	1.89294886589	1.06206607819	0.461394935846	0.136485040188	0.0218705423176	0.00251770648174	0.00875720381737	0.0880473405123	0.435124695301	1.31072509289	2.80322384834	4.53183746338	5.5925450325	5.07887649536	3.01420927048	0.779160320759	0	0	0	0	0	0	0	0	58.1640586853	0	0	0	0	0	0	0	0	0	0	0	0	0	0	0
Feb 22 2023 18:04:38	6.79113864899	89.7093963623	96.7201690674	0.000389210588764	63.3846130371	10.3864793777	83.6621017456	-	0	0	0	0	0	0	0	0	0	0	0	0	0	0	0	0	0	9.77534294128	0	0	0	0	0	0	0	0	0	0.84618383646	2.76520967484	4.48110389709	5.29858589172	4.94269037247	3.68455719948	2.13738965988	0.873713374138	0.151569917798	0	0	0	0	0	0	0	0	65.0436553955	0	0	0	0	0	0	0	0	0	0	0	0	0	0	0
Feb 22 2023 18:04:39	1.57991576195	90.0592651367	96.8508453369	0.000629741931334	65.7004165649	10.3577022552	74.4891662598	-	0	0	0	0	0	0	0	0	0	0	0	0	0	0	0	0	0	10.3450088501	2.82897425104e-12	0	0	0	0	0	0	0	0	0	1.2723095417	3.86626839638	5.47163295746	5.21618366241	3.57064414024	1.73455119133	0.543099105358	0.0653299167752	0	0	0	0	0	0	0	0	67.9149780273	0	0	0	0	0	0	0	0	0	0	0	0	0	0	0
Feb 22 2023 18:04:40	6.50640821457	89.6682357788	96.7047729492	0.00045317428885	63.2261161804	10.3258686066	81.0702514648	-	0	0	0	0	0	0	0	0	0	0	0	0	0	0	0	0	0	9.97776412964	2.20190849603e-13	0	0	0	0	0	0	0	0	0.504641354084	2.25609016418	4.05075788498	5.17099714279	5.17440509796	4.13784980774	2.58892178535	1.16326272488	0.254256427288	0	0	0	0	0	0	0	0	64.7210540771	0	0	0	0	0	0	0	0	0	0	0	0	0	0	0
Feb 22 2023 18:04:41	8.09993171692	90.2588195801	96.9252243042	0.000766009790823	67.0743484497	11.1172580719	71.9035949707	-	0	0	0	0	0	0	0	0	0	0	0	0	0	0	0	0	0	9.30299186707	1.45887447088e-12	0	0	0	0	0	0	0	0	0	1.61045229435	4.75556707382	6.03138017654	4.84474658966	2.62805771828	0.947273135185	0.202855095267	0.0130573185161	0	0	0	0	0	0	0	0	69.6636199951	0	0	0	0	0	0	0	0	0	0	0	0	0	0	0
Feb 22 2023 18:04:42	1.58918654919	89.8184585571	96.7609405518	0.00039302566438	63.9953460693	10.1929454803	83.1362915039	-	0	0	0	0	0	0	0	0	0	0	0	0	0	0	0	0	0	10.1439294815	0	0	0	0	0	0	0	0	0	0.84827786684	2.80608010292	4.51152896881	5.21024560928	4.67921113968	3.31115651131	1.79683589935	0.675536215305	0.103689290583	0	0	0	0	0	0	0	0	65.9135131836	0	0	0	0	0	0	0	0	0	0	0	0	0	0	0
Feb 22 2023 18:04:43	7.75432872772	89.7515411377	96.7359313965	0.0008469762397	63.8292236328	11.0619783401	69.6853713989	-	0	0	0	0	0	0	0	0	0	0	0	0	0	0	0	0	0	8.94141387939	0	0	0	0	0	0	0	0	0	0.455646395683	2.4384264946	4.34710216522	5.40819406509	5.24065256119	4.0456662178	2.44193601608	1.06474816799	0.239024266601	0	0	0	0	0	0	0	0	65.3771896362	0	0	0	0	0	0	0	0	0	0	0	0	0	0	0
Feb 22 2023 18:04:44	6.69691562653	89.7798080444	96.7464981079	0.000469846010674	63.7439537048	10.3897562027	80.6588745117	-	0	0	0	0	0	0	0	0	0	0	0	0	0	0	0	0	0	9.71504306793	0	0	0	0	0	0	0	0	0	1.24383234978	3.16694641113	4.7011141777	5.21733665466	4.59377527237	3.2311205864	1.76097011566	0.668252587318	0.0988795161247	0	0	0	0	0	0	0	0	65.6027297974	0	0	0	0	0	0	0	0	0	0	0	0	0	0	0
Feb 22 2023 18:04:45	7.39166212082	90.2568969727	96.9245071411	0.000417110248236	66.8411636353	10.6408443451	82.8723526001	-	0	0	0	0	0	0	0	0	0	0	0	0	0	0	0	0	0	9.73223686218	0	0	0	0	0	0	0	0	0	0.190205052495	3.39823579788	5.72393989563	5.56321001053	3.60510396957	1.59525835514	0.46573472023	0.0776221603155	0.00208541960455	0	0	0	0	0	0	0	0	69.6463699341	0	0	0	0	0	0	0	0	0	0	0	0	0	0	0
Feb 22 2023 18:04:46	1.57103383541	90.0515899658	96.847984314	0.000389358232496	65.6310958862	10.2243671417	83.1208267212	-	0	0	0	0	0	0	0	0	0	0	0	0	0	0	0	0	0	10.546453476	0	0	0	0	0	0	0	0	0	0	1.48772025108	3.74386715889	5.22915029526	5.08471250534	3.59526658058	1.81293451786	0.58563297987	0.0648557469249	0	0	0	0	0	0	0	0	67.8494110107	0	0	0	0	0	0	0	0	0	0	0	0	0	0	0
Feb 22 2023 18:04:47	1.76118636131	87.2989273071	96.1227645874	0.000508254684974	54.5582466125	7.23049879074	73.0950088501	-	0	0	0	0	0	0	0	0	0	0	0	0	0	0	0.660214304924	1.70427155495	2.57699871063	3.00650644302	2.94322085381	2.50242233276	1.87473702431	1.24031257629	0.722858011723	0.381776511669	0.218031927943	0.201738253236	0.343999326229	0.737166881561	1.48909497261	2.60939383507	3.91607570648	4.99822616577	5.32405471802	4.52542066574	2.74459147453	0.804073095322	0	0	0	0	0	0	0	0	54.474811554	0	0	0	0	0	0	0	0	0	0	0	0	0	0	0
Feb 22 2023 18:04:48	1.70170640945	89.0130615234	96.4591064453	0.00055660813814	58.8347015381	7.20189237595	70.4578552246	-	0	0	0	0	0	0	0	0	0	0	0	0	0	0	0.603641748428	1.74106216431	2.77943634987	3.32496356964	3.26460409164	2.72458410263	1.95195615292	1.18744778633	0.592208266258	0.230242401361	0.0738593414426	0.0403017885983	0.0912693887949	0.317691981792	0.887755393982	1.89674568176	3.2073392868	4.3595905304	4.70100545883	3.8031771183	1.95645654202	0.296512126923	0	0	0	0	0	0	0	0	59.9681510925	0	0	0	0	0	0	0	0	0	0	0	0	0	0	0
Feb 22 2023 18:04:49	1.5729995966	89.6820602417	96.7099456787	0.000395571114495	63.1120948792	9.88405990601	82.5309295654	-	0	0	0	0	0	0	0	0	0	0	0	0	0	0	0	0	0	10.5010957718	4.20427971951e-12	0	0	0	0	0	0	0	0.210774242878	1.34453058243	2.83268141747	4.14407873154	4.7878909111	4.53437376022	3.52215957642	2.17243766785	0.955213963985	0.165720239282	0	0	0	0	0	0	0	0	64.8290481567	0	0	0	0	0	0	0	0	0	0	0	0	0	0	0
Feb 22 2023 18:04:50	1.57395684719	89.6722106934	96.7062606812	0.000416990398662	63.1734046936	10.0046682358	81.83253479	-	0	0	0	0	0	0	0	0	0	0	0	0	0	0	0	0	0	10.4791727066	0	0	0	0	0	0	0	0	0	0.559575974941	2.26928567886	4.02638816833	5.10595655441	5.06574344635	4.00029277802	2.45682859421	1.07094454765	0.213721960783	0	0	0	0	0	0	0	0	64.7520904541	0	0	0	0	0	0	0	0	0	0	0	0	0	0	0
Feb 22 2023 18:04:51	1.31319391727	89.7088394165	96.7199630737	0.000342252082191	63.3089523315	8.36093139648	80.5839691162	-	0	0	0	0	0	0	0	0	0	0	0	0	0	0	0	2.7769504903e-13	11.6932058334	0	0	0	0	0	0	0	0	0	0	0.125822246075	1.73523461819	3.61811208725	4.93675327301	5.07776212692	4.05563354492	2.46901130676	1.04793155193	0.201246708632	0	0	0	0	0	0	0	0	65.0392913818	0	0	0	0	0	0	0	0	0	0	0	0	0	0	0
Feb 22 2023 18:04:52	1.35144269466	89.4613342285	96.6273193359	0.000390647270251	62.0848350525	8.99484825134	79.8464889526	-	0	0	0	0	0	0	0	0	0	0	0	0	0	0	0	0	10.3978891373	0	0	0	0	0	0	0	0	0	0	0.454098582268	1.82990539074	3.45243930817	4.77282571793	5.28055524826	4.76618480682	3.45129823685	1.87093293667	0.579301416874	0	0	0	0	0	0	0	0	63.144569397	0	0	0	0	0	0	0	0	0	0	0	0	0	0	0
Feb 22 2023 18:04:53	1.58188891411	90.1362380981	96.8795471191	0.000608568661846	65.9858856201	10.2434892654	75.0894699097	-	0	0	0	0	0	0	0	0	0	0	0	0	0	0	0	0	0	10.301445961	1.24148521324e-13	0	0	0	0	0	0	0	0	0	2.92434477806	5.4423866272	5.77560186386	4.12241697311	2.03848624229	0.677609562874	0.132562875748	0.00575868412852	0	0	0	0	0	0	0	0	68.5793914795	0	0	0	0	0	0	0	0	0	0	0	0	0	0	0
Feb 22 2023 18:04:54	7.42789316177	90.2486801147	96.9214477539	0.000717859074939	66.7035140991	10.9444704056	73.3448867798	-	0	0	0	0	0	0	0	0	0	0	0	0	0	0	0	0	0	9.05122089386	1.5591819963e-14	0	0	0	0	0	0	0	0	0.71652328968	5.06394004822	6.57258701324	5.0968170166	2.68127298355	0.975145697594	0.236232951283	0.0328560583293	0.000680350058246	0	0	0	0	0	0	0	0	69.5727233887	0	0	0	0	0	0	0	0	0	0	0	0	0	0	0
Feb 22 2023 18:04:55	7.79260444641	90.0304107666	96.8400802612	0.000539113592822	65.4448394775	10.8709917068	78.9788513184	-	0	0	0	0	0	0	0	0	0	0	0	0	0	0	0	0	0	9.33979988098	0	0	0	0	0	0	0	0	0	0	2.67232584953	5.12168312073	5.9028339386	4.81956720352	2.87704610825	1.2271386385	0.336776643991	0.0338149145246	0	0	0	0	0	0	0	0	67.6690216064	0	0	0	0	0	0	0	0	0	0	0	0	0	0	0
Feb 22 2023 18:04:56	1.58270215988	88.9622039795	96.4399795532	0.000430678977864	58.8531646729	7.48492765427	75.899055481	-	0	0	0	0	0	0	0	0	0	0	0	0	0	0	0.00158546702005	0.333124548197	3.15170407295	6.58507871628	4.89053153992	1.54665529728	0.218168184161	0.0128363436088	0.000256149942288	1.25919484617e-06	1.90816895618e-09	6.35811056582e-11	8.0202795516e-09	7.34604054742e-06	0.00169943738729	0.0905595645308	1.40335202217	7.02611589432	10.8570327759	4.06789207458	0.18644618988	7.7911070548e-05	0	0	0	0	0	0	0	0	59.6268768311	0	0	0	0	0	0	0	0	0	0	0	0	0	0	0
Feb 22 2023 18:04:57	1.57948207855	90.1270904541	96.8761367798	0.000509996723849	65.9156646729	10.2022199631	78.5712814331	-	0	0	0	0	0	0	0	0	0	0	0	0	0	0	0	0	0	10.3546390533	0	0	0	0	0	0	0	0	0	0.145647794008	2.81110405922	5.33383226395	5.80500793457	4.19114780426	2.05962824821	0.668165624142	0.125616118312	0.00543608888984	0	0	0	0	0	0	0	0	68.4997711182	0	0	0	0	0	0	0	0	0	0	0	0	0	0	0
Feb 22 2023 18:04:58	1.57232713699	90.3062667847	96.9428939819	0.000422682380304	67.1768493652	10.2321052551	81.828994751	-	0	0	0	0	0	0	0	0	0	0	0	0	0	0	0	0	0	10.5165605545	0	0	0	0	0	0	0	0	0	0	2.48221635818	5.34487247467	5.62041902542	3.74514913559	1.6534832716	0.469664484262	0.0739658176899	0.0015396696981	0	0	0	0	0	0	0	0	70.0921325684	0	0	0	0	0	0	0	0	0	0	0	0	0	0	0
Feb 22 2023 18:04:59	1.54225516319	89.8076782227	96.7569122314	0.000435526599176	63.8433494568	9.57752990723	80.1759033203	-	0	0	0	0	0	0	0	0	0	0	0	0	0	0	0	0	0	11.2658748627	0	0	0	0	0	0	0	0	0	0.427910000086	2.37710833549	4.29668426514	5.23038673401	4.78200864792	3.35078835487	1.75253939629	0.613496243954	0.076659321785	0	0	0	0	0	0	0	0	65.8265380859	0	0	0	0	0	0	0	0	0	0	0	0	0	0	0
Feb 22 2023 18:05:00	1.31319379807	89.2567977905	96.5506362915	0.000464715325506	60.6546859741	8.17758750916	74.2894439697	-	0	0	0	0	0	0	0	0	0	0	0	0	0	0	0	1.51980077828e-12	11.6932125092	0	0	0	0	0	0	0	0	0	0.125215291977	0.955572366714	2.25005793571	3.65109992027	4.6992559433	5.00926113129	4.44929122925	3.21904969215	1.75809288025	0.533427238464	0	0	0	0	0	0	0	0	61.656463623	0	0	0	0	0	0	0	0	0	0	0	0	0	0	0
Feb 22 2023 18:05:01	1.78235638142	89.0701370239	96.4805526733	0.000537331623491	59.5818824768	7.93302536011	73.6491394043	-	0	0	0	0	0	0	0	0	0	0	0	0	0	0	0.40901106596	1.46329283714	2.5604698658	3.16643071175	3.09048175812	2.48293352127	1.6599919796	0.908975601196	0.387480258942	0.117357514799	0.0241256374866	0.00733635108918	0.0207320041955	0.123490415514	0.509344518185	1.43089544773	2.95475387573	4.65288686752	5.57403755188	4.84842967987	2.67164373398	0.580331623554	0	0	0	0	0	0	0	3.40579962575e-15	60.3555679321	0	0	0	0	0	0	0	0	0	0	0	0	0	0	0
Feb 22 2023 18:05:02	1.32934725285	89.3101119995	96.5706329346	0.000413324480178	61.8114280701	8.8167591095	78.1029281616	-	0	0	0	0	0	0	0	0	0	0	0	0	0	0	0	1.34323514768e-13	11.1037530899	0	0	0	0	0	0	0	0	0	0	0.0300702229142	0.60304325819	1.61137712002	2.94662237167	4.29323244095	5.18459177017	5.18786144257	4.14908790588	2.35999703407	0.492488771677	0	0	0	0	0	0	0	62.0378723145	0	0	0	0	0	0	0	0	0	0	0	0	0	0	0
Feb 22 2023 18:05:03	1.76576972008	87.2135467529	96.1082763672	0.000561422086321	55.0692481995	7.54947853088	71.7670059204	-	0	0	0	0	0	0	0	0	0	0	0	0	0	0	0.357959061861	1.38795721531	2.55876970291	3.30268287659	3.35427522659	2.80513811111	1.95741987228	1.12429976463	0.506015360355	0.161123141646	0.0308027602732	0.0037544076331	0.00362105481327	0.0363054163754	0.239387452602	0.915376842022	2.36515188217	4.47544813156	6.36102390289	6.6824631691	4.84513616562	2.01951384544	0.246087953448	0	0	0	0	0	0	0	54.2602958679	0	0	0	0	0	0	0	0	0	0	0	0	0	0	0
Feb 22 2023 18:05:04	1.29987490177	88.9458618164	96.4338378906	0.000529899669345	59.3368225098	7.69945573807	69.3416519165	-	0	0	0	0	0	0	0	0	0	0	0	0	0	0	0	0	12.9856376648	0	0	0	0	0	0	0	0	0	0	0.305663794279	1.07243657112	2.2353849411	3.58309292793	4.73690986633	5.26186132431	4.86134290695	3.5604994297	1.76534426212	0.113835163414	0	0	0	0	0	0	0	59.5179901123	0	0	0	0	0	0	0	0	0	0	0	0	0	0	0
Feb 22 2023 18:05:05	1.32945942879	89.6988067627	96.7162094116	0.000450561608886	63.6134414673	8.79974365234	76.356086731	-	0	0	0	0	0	0	0	0	0	0	0	0	0	0	0	1.06660970475e-13	11.0998945236	3.13448972878e-30	0	0	0	0	0	0	0	0	0	0	0.837525069714	2.42769932747	4.10431957245	5.13490104675	4.99936389923	3.76372981071	2.05241441727	0.619800269604	0	0	0	0	0	0	0	0	64.960357666	0	0	0	0	0	0	0	0	0	0	0	0	0	0	0
Feb 22 2023 18:05:06	1.34957146645	89.2956466675	96.5652084351	0.000415491085732	61.6138954163	9.1143989563	78.8373718262	-	0	0	0	0	0	0	0	0	0	0	0	0	0	0	0	2.74978092596e-13	10.453745842	1.98248114571e-28	0	0	0	0	0	0	0	0	0	0.0799090191722	0.875587463379	2.11338853836	3.57397389412	4.84428977966	5.44216299057	5.0416674614	3.68161273003	1.81890153885	0.140822380781	0	0	0	0	0	0	0	61.9339408875	0	0	0	0	0	0	0	0	0	0	0	0	0	0	0
Feb 22 2023 18:05:07	1.54033374786	89.9809265137	96.8216094971	0.000455431698356	65.0341262817	9.6970281601	79.4960861206	-	0	0	0	0	0	0	0	0	0	0	0	0	0	0	0	0	0	11.3179330826	0	0	0	0	0	0	0	0	0	0.0284866690636	1.82705950737	3.90723562241	5.12613725662	4.83348178864	3.37798261642	1.70889091492	0.560213327408	0.0613441281021	0	0	0	0	0	0	0	0	67.2512359619	0	0	0	0	0	0	0	0	0	0	0	0	0	0	0
Feb 22 2023 18:05:08	1.30839574337	89.7914276123	96.7508392334	0.000405507453252	63.7207298279	8.15867424011	76.8446807861	-	0	0	0	0	0	0	0	0	0	0	0	0	0	0	0	2.36806993285e-13	12.1265802383	1.81027503004e-30	0	0	0	0	0	0	0	0	0	0.120557181537	1.80793738365	3.75151443481	4.98720169067	4.90165710449	3.66810035706	2.04742574692	0.773655593395	0.119544133544	0	0	0	0	0	0	0	0	65.6958312988	0	0	0	0	0	0	0	0	0	0	0	0	0	0	0
Feb 22 2023 18:05:09	7.04474496841	89.4564285278	96.6254806519	0.000509636010975	62.2044029236	9.46302986145	75.8367767334	-	0	0	0	0	0	0	0	0	0	0	0	0	0	0	0	0	9.6561050415	0	0	0	0	0	0	0	0	0	0	0.618162930012	1.82942342758	3.2964515686	4.57976102829	5.21198272705	4.91784381866	3.77926969528	2.21749687195	0.785419821739	0	0	0	0	0	0	0	0	63.1080818176	0	0	0	0	0	0	0	0	0	0	0	0	0	0	0
Feb 22 2023 18:05:10	1.58509671688	89.4107666016	96.6083755493	0.000503733928781	61.5100822449	9.90386104584	78.5000686646	-	0	0	0	0	0	0	0	0	0	0	0	0	0	0	0	0	0	10.2315206528	0	0	0	0	0	0	0	0	0.0743606761098	1.39464628696	3.06894135475	4.52028656006	5.23561000824	4.98196125031	3.9081902504	2.45606350899	1.12349534035	0.234562650323	0	0	0	0	0	0	0	4.46057906325e-17	62.7703590393	0	0	0	0	0	0	0	0	0	0	0	0	0	0	0
Feb 22 2023 18:05:11	1.52994072437	88.1531600952	96.2670898438	0.000466496217996	56.3133506775	6.95160007477	72.0583114624	-	0	0	0	0	0	0	0	0	0	0	0	0	0	0	4.51682390121e-05	0.119816370308	3.16440534592	8.70935726166	5.03517627716	0.796240091324	0.0367534607649	0.000447194499429	1.07106723135e-06	3.62779056795e-10	5.51645622899e-14	6.08450489902e-15	1.53423281024e-11	1.46279006685e-07	0.000203129486181	0.039130885154	1.36939048767	9.64577007294	12.3912286758	1.97289681435	0.0131467971951	4.82707136484e-08	0	0	0	0	0	0	0	0	56.7059936523	0	0	0	0	0	0	0	0	0	0	0	0	0	0	0
Feb 22 2023 18:05:12	6.98253440857	89.9397888184	96.8062591553	0.000537588377483	64.6668701172	10.7006235123	78.9115066528	-	0	0	0	0	0	0	0	0	0	0	0	0	0	0	0	0	0	9.18323421478	0	0	0	0	0	0	0	0	0	1.62802827358	4.06495761871	5.43199825287	5.26030111313	3.93773245811	2.29064798355	0.996650636196	0.282131403685	0.0167119745165	0	0	0	0	0	0	0	0	66.9076080322	0	0	0	0	0	0	0	0	0	0	0	0	0	0	0
Feb 22 2023 18:05:13	7.34058094025	90.113494873	96.8710708618	0.000408544583479	65.8373184204	10.9519176483	83.8642196655	-	0	0	0	0	0	0	0	0	0	0	0	0	0	0	0	0	0	8.99632358551	0	0	0	0	0	0	0	0	0	1.02596139908	4.19522666931	5.87775421143	5.40833187103	3.60727906227	1.76628553867	0.610438883305	0.127560332417	0.00303873978555	0	0	0	0	0	0	0	0	68.3817977905	0	0	0	0	0	0	0	0	0	0	0	0	0	0	0
Feb 22 2023 18:05:14	7.73994350433	90.318687439	96.947517395	0.00047591351904	67.3081893921	11.0292778015	81.4295654297	-	0	0	0	0	0	0	0	0	0	0	0	0	0	0	0	0	0	9.20369434357	1.36854525108e-12	0	0	0	0	0	0	0	0	0	3.67846274376	6.27653360367	5.68850278854	3.31204390526	1.27795088291	0.315083920956	0.0421868041158	0.000402130041039	0	0	0	0	0	0	0	0	70.2051391602	0	0	0	0	0	0	0	0	0	0	0	0	0	0	0
Feb 22 2023 18:05:15	7.18435907364	89.8446502686	96.7707290649	0.000399420358008	64.1513595581	11.0305080414	84.4300460815	-	0	0	0	0	0	0	0	0	0	0	0	0	0	0	0	0	0	8.67612552643	0	0	0	0	0	0	0	0	0	1.71753358841	3.86961436272	5.2366809845	5.34209680557	4.33188438416	2.80008363724	1.39073479176	0.466604590416	0.0429358668625	0	0	0	0	0	0	0	0	66.1257095337	0	0	0	0	0	0	0	0	0	0	0	0	0	0	0
Feb 22 2023 18:05:16	7.25118923187	89.9121398926	96.7959365845	0.000633535673842	64.5871658325	10.8334245682	75.8935089111	-	0	0	0	0	0	0	0	0	0	0	0	0	0	0	0	0	0	9.10043716431	0	0	0	0	0	0	0	0	0	1.08293008804	3.53821992874	5.22893047333	5.46910333633	4.39865255356	2.75290393829	1.29888260365	0.410222202539	0.0411071889102	0	0	0	0	0	0	0	0	66.6786117554	0	0	0	0	0	0	0	0	0	0	0	0	0	0	0
Feb 22 2023 18:05:17	1.73023748398	87.8842163086	96.2217788696	0.000469705526484	55.9587440491	7.28738641739	74.8210601807	-	0	0	0	0	0	0	0	0	0	0	0	0	0	0	0.593933045864	1.69460737705	2.68435192108	3.19623947144	3.1335670948	2.62018156052	1.88774502277	1.16001558304	0.587682843208	0.233378142118	0.0757272392511	0.0389028154314	0.0828817561269	0.293653160334	0.851344943047	1.89495253563	3.35325717926	4.81214427948	5.57269954681	5.02249145508	3.18853712082	1.03527033329	0	0	0	0	0	0	0	2.17496512337e-14	55.9864349365	0	0	0	0	0	0	0	0	0	0	0	0	0	0	0
Feb 22 2023 18:05:18	1.96117603779	86.5531082153	95.9957809448	0.000645720865577	53.5448265076	7.73311328888	69.5775909424	-	0	0	0	0	0	0	0	0	0	0	0	0	0	0	0.779741048813	1.51675021648	2.06023406982	2.35481190681	2.39723062515	2.22455310822	1.89901566505	1.4908053875	1.0680372715	0.697483360767	0.444594204426	0.360886365175	0.485966861248	0.866483688354	1.5278673172	2.43642520905	3.47558736801	4.43203735352	5.01641845703	4.93754243851	4.02450227737	2.37600517273	0.477492958307	0	0	0	0	0	0	0	52.6495285034	0	0	0	0	0	0	0	0	0	0	0	0	0	0	0
Feb 22 2023 18:05:19	1.57156586647	88.8834838867	96.4103775024	0.000602236366831	58.3956565857	7.35598945618	67.4761276245	-	0	0	0	0	0	0	0	0	0	0	0	0	0	0	4.13100406149e-06	0.0414991863072	2.11560606956	8.34417533875	5.7935833931	0.977911531925	0.0445147491992	0.000511761230882	1.1623158116e-06	3.82944453925e-10	3.40806518477e-14	1.51992452323e-16	3.18544629151e-14	6.91053769764e-10	4.51715823147e-06	0.00352641730569	0.379282772541	6.22117757797	14.056139946	2.89859223366	0.0175580438226	4.80983253226e-08	0	0	0	0	0	0	0	0	59.1059074402	0	0	0	0	0	0	0	0	0	0	0	0	0	0	0
Feb 22 2023 18:05:20	1.60414063931	88.0498199463	96.2496948242	0.000724394572899	55.9587516785	6.64748811722	60.5491294861	-	0	0	0	0	0	0	0	0	0	0	0	0	0	0	0.0861917957664	1.08060467243	3.30239653587	5.10948944092	4.99763536453	3.37888288498	1.63069164753	0.556088745594	0.127202779055	0.0183441080153	0.00191210163757	0.000409212167142	0.000994941452518	0.0110571244732	0.112427413464	0.691794455051	2.54700160027	5.6960439682	7.51581716537	5.2397441864	1.42008650303	0.047598734498	0	0	0	0	0	0	0	0	56.4275856018	0	0	0	0	0	0	0	0	0	0	0	0	0	0	0
Feb 22 2023 18:05:21	1.71581125259	88.9370956421	96.4305419922	0.000443969387561	58.3395462036	7.12377882004	75.5359191895	-	0	0	0	0	0	0	0	0	0	0	0	0	0	0	0.675257027149	1.76508367062	2.702272892	3.19112348557	3.16001772881	2.71357560158	2.04575324059	1.35028767586	0.768417596817	0.374810367823	0.175660267472	0.126494646072	0.20886336267	0.497612833977	1.10459709167	2.05684375763	3.19582033157	4.13773107529	4.38103723526	3.59378933907	1.96164643764	0.353560119867	0	0	0	0	0	0	0	0	59.4597473145	0	0	0	0	0	0	0	0	0	0	0	0	0	0	0
Feb 22 2023 18:05:22	8.02675056458	90.2542648315	96.9235305786	0.00056028412655	66.9930648804	11.2684364319	78.9473495483	-	0	0	0	0	0	0	0	0	0	0	0	0	0	0	0	0	0	8.98368549347	0	0	0	0	0	0	0	0	0	0	2.45076465607	5.39668798447	6.03973197937	4.41689538956	2.20613265038	0.733827769756	0.142962738872	0.00654596788809	0	0	0	0	0	0	0	0	69.6227645874	0	0	0	0	0	0	0	0	0	0	0	0	0	0	0
Feb 22 2023 18:05:23	1.30450022221	89.3080673218	96.5698699951	0.000343293213518	60.7674484253	7.79941034317	79.2932891846	-	0	0	0	0	0	0	0	0	0	0	0	0	0	0	0	2.94116749185e-12	12.5040845871	0	0	0	0	0	0	0	0	0	0.0447862558067	0.956906557083	2.37533020973	3.83939695358	4.80918979645	4.90712881088	4.1081609726	2.75203633308	1.35189878941	0.327921062708	0	0	0	0	0	0	0	0	62.0231628418	0	0	0	0	0	0	0	0	0	0	0	0	0	0	0
Feb 22 2023 18:05:24	7.19057655334	90.3680114746	96.9658813477	0.000670741661452	67.4156570435	10.6440858841	74.1459960938	-	0	0	0	0	0	0	0	0	0	0	0	0	0	0	0	0	0	9.41774082184	2.32088762271e-12	0	0	0	0	0	0	0	0	1.03257918358	7.07836151123	6.70635271072	3.5758793354	1.22147905827	0.270693302155	0.0369543768466	0.00255334679969	0	0	0	0	0	0	0	0	0	70.657409668	0	0	0	0	0	0	0	0	0	0	0	0	0	0	0
Feb 22 2023 18:05:25	1.7262904644	87.6019897461	96.1741027832	0.000722823664546	55.2360954285	7.08395290375	63.3988189697	-	0	0	0	0	0	0	0	0	0	0	0	0	0	0	0.536973893642	1.63050818443	2.68041014671	3.28236865997	3.30050778389	2.83597707748	2.11556434631	1.36916279793	0.757685124874	0.355153381824	0.15365563333	0.0917548984289	0.129509165883	0.3263245821	0.839900135994	1.82125711441	3.23794078827	4.70502281189	5.5064496994	4.97641134262	3.1231815815	0.97565639019	0.00015605421504	0	0	0	0	0	0	0	55.2484703064	0	0	0	0	0	0	0	0	0	0	0	0	0	0	0
Feb 22 2023 18:05:26	1.61134171486	87.1704406738	96.1009597778	0.000518736371305	54.1106758118	6.53773546219	69.625213623	-	0	0	0	0	0	0	0	0	0	0	0	0	0	0	0.0560448840261	0.916617393494	3.17907786369	5.24406337738	5.27340269089	3.5880188942	1.72935914993	0.595814108849	0.144571527839	0.0251751821488	0.00406765379012	0.00140964647289	0.00268622091971	0.0176596939564	0.137076154351	0.770515739918	2.7837138176	6.21864366531	8.13729572296	5.52458190918	1.44345617294	0.0542231351137	0	0	0	0	0	0	0	0	54.1525344849	0	0	0	0	0	0	0	0	0	0	0	0	0	0	0
Feb 22 2023 18:05:27	1.73445248604	87.1443557739	96.0965270996	0.000545393850189	54.4858131409	7.09986877441	71.0469818115	-	0	0	0	0	0	0	0	0	0	0	0	0	0	0	0.482696294785	1.55699145794	2.64461374283	3.30705690384	3.37257122993	2.92473912239	2.19230890274	1.41800260544	0.776766419411	0.351857811213	0.13734908402	0.0650233924389	0.0764858871698	0.20489192009	0.604486167431	1.48224651814	2.91317653656	4.60070085526	5.79070806503	5.61577701569	3.84930634499	1.46618461609	0.0785410106182	0	0	0	0	0	1.40129846432e-43	1.78610347812e-14	54.0875205994	0	0	0	0	0	0	0	0	0	0	0	0	0	0	0
Feb 22 2023 18:05:28	1.63690567017	88.0055389404	96.2422332764	0.000572975201067	55.7343788147	6.58474397659	67.4550170898	-	0	0	0	0	0	0	0	0	0	0	0	0	0	0	0.401897668839	1.64964056015	3.09421205521	3.98690915108	3.99829435349	3.2867603302	2.26335048676	1.30814826488	0.626436769962	0.248238369823	0.0916510522366	0.0499638617039	0.07147090137	0.203822016716	0.620515823364	1.56322443485	3.09537005424	4.74786281586	5.48696231842	4.46036672592	2.13137817383	0.304486632347	0	0	0	0	0	0	0	0	56.3090400696	0	0	0	0	0	0	0	0	0	0	0	0	0	0	0
Feb 22 2023 18:05:29	1.55527162552	87.3089370728	96.1244659424	0.000472376472317	54.1950569153	6.44844198227	70.7657165527	-	0	0	0	0	0	0	0	0	0	0	0	0	0	0	0.006614707876	0.544139564037	3.53768277168	6.78726577759	5.77920389175	2.61051034927	0.686934769154	0.111349008977	0.0119140651077	0.00106618227437	0.000162388023455	0.000125739286887	0.000644654443022	0.0084477448836	0.109528690577	0.90435308218	4.06292915344	8.99484348297	8.54786491394	2.65736627579	0.136921539903	7.04925405444e-05	0	0	0	0	0	0	0	0	54.5000610352	0	0	0	0	0	0	0	0	0	0	0	0	0	0	0
Feb 22 2023 18:05:30	1.55841648579	90.0239181519	96.8376541138	0.000494785956107	65.255645752	9.91514778137	78.4923248291	-	0	0	0	0	0	0	0	0	0	0	0	0	0	0	0	0	0	10.8486089706	0	0	0	0	0	0	0	0	0	0	2.35230708122	4.73507165909	5.60920333862	4.62771511078	2.74639487267	1.14388251305	0.298296362162	0.0245794858783	0	0	0	0	0	0	0	0	67.6139450073	0	0	0	0	0	0	0	0	0	0	0	0	0	0	0
Feb 22 2023 18:05:31	7.06043624878	90.5046081543	97.0166931152	0.000547033268958	68.4651870728	11.3664693832	79.8571853638	-	0	0	0	0	0	0	0	0	0	0	0	0	0	0	0	0	0	8.37444782257	0	0	0	0	0	0	0	0	0	2.93299603462	7.78352642059	5.68168067932	2.45234775543	0.692001461983	0.128093540668	0.0146437520161	0.00082436343655	0	0	0	0	0	0	0	0	8.72559047449e-15	71.9394378662	0	0	0	0	0	0	0	0	0	0	0	0	0	0	0
Feb 22 2023 18:05:32	7.98845767975	90.6458282471	97.0691757202	0.000663104699925	69.8050918579	11.4877195358	75.8763580322	-	0	0	0	0	0	0	0	0	0	0	0	0	0	0	0	0	0	8.95378780365	0	0	0	0	0	0	0	0	0	0	3.02419471741	7.24332332611	4.91900491714	1.96124374866	0.49983099103	0.0793693959713	0.00663386518136	1.28933806991e-05	0	0	0	0	0	0	0	0	73.3125991821	0	0	0	0	0	0	0	0	0	0	0	0	0	0	0
Feb 22 2023 18:05:33	8.35614776611	90.6113815308	97.0563812256	0.000609218666796	69.5955047607	11.3623762131	77.2640457153	-	0	0	0	0	0	0	0	0	0	0	0	0	0	0	0	0	0	9.22029876709	0	0	0	0	0	0	0	0	0	0	1.32006132603	6.73966264725	5.84249830246	2.85037875175	0.872762799263	0.164789259434	0.0163902733475	0.000109200540464	0	0	0	0	0	0	0	0	72.9730453491	0	0	0	0	0	0	0	0	0	0	0	0	0	0	0
Feb 22 2023 18:05:34	7.93571186066	90.4067306519	96.9802932739	0.000621693325229	67.9977874756	11.2239599228	76.7896270752	-	0	0	0	0	0	0	0	0	0	0	0	0	0	0	0	0	0	9.0873374939	0	0	0	0	0	0	0	0	0	0	2.83581781387	6.35098743439	5.91584873199	3.31486868858	1.18411803246	0.262735247612	0.0313522480428	0.000572628108785	0	0	0	0	0	0	0	0	71.0163574219	0	0	0	0	0	0	0	0	0	0	0	0	0	0	0
Feb 22 2023 18:05:35	6.2577047348	89.6676025391	96.704536438	0.000606084358878	62.826625824	9.19009780884	71.5636291504	-	0	0	0	0	0	0	0	0	0	0	0	0	0	0	0	0	9.57631778717	0	0	0	0	0	0	0	0	0	0.487210333347	2.32463240623	4.14097738266	5.15874004364	5.05985498428	4.0415687561	2.62374520302	1.33597350121	0.475197434425	0.0596512518823	0	0	0	0	0	0	0	0	64.7161331177	0	0	0	0	0	0	0	0	0	0	0	0	0	0	0
Feb 22 2023 18:05:36	7.44961977005	90.384262085	96.9719314575	0.000432565633673	67.74168396	11.1132125854	83.1321029663	-	0	0	0	0	0	0	0	0	0	0	0	0	0	0	0	0	0	9.0351190567	0	0	0	0	0	0	0	0	0	0.703529775143	4.50828027725	6.07084465027	4.90182256699	2.6794757843	1.0080575943	0.250366210938	0.03467258811	0.000188452439033	0	0	0	0	0	0	0	0	70.8076400757	0	0	0	0	0	0	0	0	0	0	0	0	0	0	0
Feb 22 2023 18:05:37	1.32479774952	89.4408721924	96.6196517944	0.000424560712418	61.7916107178	8.4713306427	76.9636154175	-	0	0	0	0	0	0	0	0	0	0	0	0	0	0	0	2.76502182695e-14	11.262758255	0	0	0	0	0	0	0	0	0	0.0584293045104	0.833271563053	2.09204506874	3.49282026291	4.56820678711	4.91238880157	4.37758302689	3.16349720955	1.72123682499	0.52513563633	0	0	0	0	0	0	0	0	62.9926261902	0	0	0	0	0	0	0	0	0	0	0	0	0	0	0
Feb 22 2023 18:05:38	1.57893288136	90.0881576538	96.861618042	0.000410918466514	65.7557678223	10.2457523346	82.3828430176	-	0	0	0	0	0	0	0	0	0	0	0	0	0	0	0	0	0	10.3668670654	0	0	0	0	0	0	0	0	0	0.252966105938	2.33424115181	4.48744106293	5.38551568985	4.58352422714	2.83108568192	1.23331105709	0.335884481668	0.0262444727123	0	0	0	0	0	0	0	0	68.1629180908	0	0	0	0	0	0	0	0	0	0	0	0	0	0	0
Feb 22 2023 18:05:39	1.57748687267	89.6602325439	96.7017822266	0.000554536702111	62.8917274475	9.87984275818	76.4596633911	-	0	0	0	0	0	0	0	0	0	0	0	0	0	0	0	0	0	10.3992156982	0	0	0	0	0	0	0	0	0	1.40373313427	3.29305648804	4.77108478546	5.22861909866	4.56575250626	3.19263267517	1.7330878973	0.656441092491	0.097690962255	0	0	0	0	0	0	0	0	64.6586837769	0	0	0	0	0	0	0	0	0	0	0	0	0	0	0
Feb 22 2023 18:05:40	1.33593928814	89.6750183105	96.7073135376	0.000497027882375	63.111869812	8.71158027649	74.2784042358	-	0	0	0	0	0	0	0	0	0	0	0	0	0	0	0	0	10.8820791245	0	0	0	0	0	0	0	0	0	0	0.741045117378	2.33041906357	3.94175052643	4.91740465164	4.86136817932	3.85762786865	2.39883303642	1.06919789314	0.22628608346	0	0	0	0	0	0	0	0	64.7739868164	0	0	0	0	0	0	0	0	0	0	0	0	0	0	0
Feb 22 2023 18:05:41	1.70129323006	88.9358520508	96.4300689697	0.000435435184045	58.4601325989	7.17738485336	75.9858703613	-	0	0	0	0	0	0	0	0	0	0	0	0	0	0	0.603546440601	1.73978209496	2.77841734886	3.32833075523	3.27611374855	2.74462723732	1.97691619396	1.21154010296	0.610237360001	0.239915683866	0.0766799747944	0.0389803014696	0.0833679363132	0.293363958597	0.836899340153	1.82215332985	3.13629126549	4.34345626831	4.7901673317	4.00155878067	2.18868541718	0.427461743355	0	0	0	0	0	0	0	0	59.4515075684	0	0	0	0	0	0	0	0	0	0	0	0	0	0	0
Feb 22 2023 18:05:42	1.84216403961	88.9505233765	96.4355926514	0.000591205607634	58.6539916992	7.50636720657	70.5594482422	-	0	0	0	0	0	0	0	0	0	0	0	0	0	0	0.91652983427	1.69629693031	2.26021885872	2.56663393974	2.61299729347	2.43143987656	2.07804489136	1.61859464645	1.1204020977	0.655280590057	0.303088754416	0.138425633311	0.215809285641	0.56627458334	1.17788016796	1.98239958286	2.84840369225	3.57879328728	3.9365093708	3.7062895298	2.78126835823	1.25936532021	0	0	0	0	0	0	0	0	59.5490531921	0	0	0	0	0	0	0	0	0	0	0	0	0	0	0
Feb 22 2023 18:05:43	1.61151885986	87.635055542	96.1796951294	0.000584798224736	55.0229911804	6.5279750824	66.4433288574	-	0	0	0	0	0	0	0	0	0	0	0	0	0	0	0.214908778667	1.42084228992	3.28100061417	4.5678691864	4.52921247482	3.42410874367	2.02749347687	0.938602626324	0.330983400345	0.0873540490866	0.0199924521148	0.00798045471311	0.0141563927755	0.0673875063658	0.328091830015	1.18012964725	3.00389122963	5.38099765778	6.59335565567	5.08608150482	1.98299348354	0.178527757525	0	0	0	0	0	0	0	0	55.3340377808	0	0	0	0	0	0	0	0	0	0	0	0	0	0	0
Feb 22 2023 18:05:44	1.31642055511	89.8535461426	96.7740478516	0.000375527743017	63.9681510925	8.33989143372	78.9474639893	-	0	0	0	0	0	0	0	0	0	0	0	0	0	0	0	0	11.5693073273	0	0	0	0	0	0	0	0	0	0	0.758933186531	2.91539311409	4.70442199707	5.19322633743	4.2928442955	2.69771003723	1.25101673603	0.381274282932	0.0377755053341	0	0	0	0	0	0	0	0	66.198097229	0	0	0	0	0	0	0	0	0	0	0	0	0	0	0
Feb 22 2023 18:05:45	1.32883810997	89.4765014648	96.6330032349	0.000558266416192	61.8315734863	8.46535015106	70.9712600708	-	0	0	0	0	0	0	0	0	0	0	0	0	0	0	0	0	11.121295929	0	0	0	0	0	0	0	0	0	0.15998506546	1.20366930962	2.68802189827	4.08830356598	4.88309001923	4.78141212463	3.85586237907	2.49457836151	1.18620204926	0.279956310987	0	0	0	0	0	0	0	0	63.2576217651	0	0	0	0	0	0	0	0	0	0	0	0	0	0	0
Feb 22 2023 18:05:46	6.27443695068	90.1510314941	96.8850631714	0.000225403273362	65.5567779541	9.85678482056	89.7583312988	-	0	0	0	0	0	0	0	0	0	0	0	0	0	0	0	0	0	9.94661045074	1.10587862652e-12	0	0	0	0	0	0	0	0	5.65164279938	8.27847194672	4.99470949173	1.8688724041	0.465761393309	0.0770245194435	0.0079409526661	0.000407865358284	0	0	0	0	0	0	0	0	0	68.7085571289	0	0	0	0	0	0	0	0	0	0	0	0	0	0	0
Feb 22 2023 18:05:47	1.58735740185	90.3055343628	96.9426269531	0.00035385004594	66.7096252441	9.87676811218	84.2956619263	-	0	0	0	0	0	0	0	0	0	0	0	0	0	0	0	0	0	10.3014831543	0	0	0	0	0	0	0	0	0	0	13.8775558472	4.74973297119	0.87658649683	0.101387269795	0.00740146869794	0.000319132057484	6.43964722258e-06	0	0	0	0	0	0	0	0	0	70.0855255127	0	0	0	0	0	0	0	0	0	0	0	0	0	0	0
Feb 22 2023 18:05:48	6.61381959915	90.2010574341	96.9037094116	0.000591813470237	66.2263946533	10.2924871445	76.0158996582	-	0	0	0	0	0	0	0	0	0	0	0	0	0	0	0	0	0	9.87982177734	0	0	0	0	0	0	0	0	0	1.33587145805	5.44541454315	6.37423610687	4.58792638779	2.25937318802	0.771330654621	0.174920931458	0.022274389863	0.000133682595333	0	0	0	0	0	0	0	0	69.1486968994	0	0	0	0	0	0	0	0	0	0	0	0	0	0	0
Feb 22 2023 18:05:49	7.56809854507	90.4048614502	96.979598999	0.000875423429534	67.762588501	10.9043674469	68.3306732178	-	0	0	0	0	0	0	0	0	0	0	0	0	0	0	0	0	0	9.18860244751	5.0976036543e-13	0	0	0	0	0	0	0	0	0	6.73056602478	7.28477478027	4.07313966751	1.38975179195	0.294978708029	0.0369832888246	0.00225247163326	0	0	0	0	0	0	0	0	0	70.9989471436	0	0	0	0	0	0	0	0	0	0	0	0	0	0	0
Feb 22 2023 18:05:50	1.52025389671	89.6434936523	96.6955184937	0.000431228138041	62.6427688599	7.69536542892	75.5586547852	-	0	0	0	0	0	0	0	0	0	0	0	0	0	0	0.000382682133932	0.295692443848	4.07738780975	7.52452611923	3.32119941711	0.420985102654	0.0148360803723	0.000108716747491	7.303304983e-08	4.22152194928e-13	1.10425982108e-25	1.31916968264e-22	6.17241457598e-12	6.32493708963e-07	0.000844885362312	0.100085176528	2.07285237312	9.13295650482	7.73124551773	0.776404738426	0.00192296050955	1.11666188449e-12	0	0	0	0	0	0	0	0	64.5285720825	0	0	0	0	0	0	0	0	0	0	0	0	0	0	0
Feb 22 2023 18:05:51	6.33945560455	89.5744247437	96.669670105	0.000541286659427	62.4725875854	9.10824584961	73.7390594482	-	0	0	0	0	0	0	0	0	0	0	0	0	0	0	0	0	9.95826625824	0	0	0	0	0	0	0	0	0	0	1.28936827183	3.08082103729	4.59923791885	5.25986909866	4.85952425003	3.65165400505	2.17354130745	0.936590313911	0.194044649601	0	0	0	0	0	0	0	0	63.9970855713	0	0	0	0	0	0	0	0	0	0	0	0	0	0	0
Feb 22 2023 18:05:52	1.59045886993	90.0037231445	96.8301239014	0.000595049816184	64.9193725586	10.1046638489	75.4850692749	-	0	0	0	0	0	0	0	0	0	0	0	0	0	0	0	0	0	10.1170310974	0	0	0	0	0	0	0	0	0	0.936742126942	4.35450220108	6.30452728271	5.5983953476	3.38082957268	1.40930783749	0.390985250473	0.0626901686192	0.00188399921171	0	0	0	0	0	0	0	0	67.443107605	0	0	0	0	0	0	0	0	0	0	0	0	0	0	0
Feb 22 2023 18:05:53	1.32472419739	89.6643753052	96.7033309937	0.000620897626504	62.7705039978	8.38685894012	68.0055007935	-	0	0	0	0	0	0	0	0	0	0	0	0	0	0	0	0	11.2653713226	0	0	0	0	0	0	0	0	0	0	1.31486558914	3.30472373962	4.82894325256	5.20643043518	4.39395475388	2.92333841324	1.48654484749	0.517805576324	0.0670575872064	0	0	0	0	0	0	0	0	64.6909637451	0	0	0	0	0	0	0	0	0	0	0	0	0	0	0
Feb 22 2023 18:05:54	1.78701508045	88.151008606	96.2667236328	0.000636214914266	56.8238983154	7.71535682678	69.1301116943	-	0	0	0	0	0	0	0	0	0	0	0	0	0	0	0.467330873013	1.49739980698	2.51439404488	3.09014678001	3.07307553291	2.57007575035	1.82636356354	1.08780884743	0.518830657005	0.181375622749	0.0422332771122	0.010348576121	0.0211388133466	0.123680174351	0.505448818207	1.40426278114	2.8996026516	4.65924072266	5.87303113937	5.65071487427	3.81198406219	1.4076679945	0.0636902749538	0	0	0	0	0	0	0	56.7001533508	0	0	0	0	0	0	0	0	0	0	0	0	0	0	0
Feb 22 2023 18:05:55	1.3045539856	89.6366043091	96.6929397583	0.000526364194229	62.3988189697	7.76900625229	69.9930953979	-	0	0	0	0	0	0	0	0	0	0	0	0	0	0	0	1.05934358507e-11	12.4987049103	0	0	0	0	0	0	0	0	0	0.133028954268	1.66436862946	3.50929021835	4.74239444733	4.8446393013	3.91917157173	2.51748275757	1.23986577988	0.414042770863	0.0418205671012	0	0	0	0	0	0	0	0	64.475189209	0	0	0	0	0	0	0	0	0	0	0	0	0	0	0
Feb 22 2023 18:05:56	7.67788314819	90.3427810669	96.956489563	0.000605024513789	67.4333114624	10.9782218933	76.9310073853	-	0	0	0	0	0	0	0	0	0	0	0	0	0	0	0	0	0	9.22894096375	3.12124085529e-14	0	0	0	0	0	0	0	0	0	4.3225979805	6.64096260071	5.3681807518	2.79808616638	0.971960186958	0.217077925801	0.0265516079962	0.000277485931292	0	0	0	0	0	0	0	0	70.4253692627	0	0	0	0	0	0	0	0	0	0	0	0	0	0	0
Feb 22 2023 18:05:57	1.55766510963	89.892906189	96.7887496948	0.000595741614234	64.2457275391	9.69298934937	74.3466567993	-	0	0	0	0	0	0	0	0	0	0	0	0	0	0	0	0	0	10.867228508	4.70056665033e-13	0	0	0	0	0	0	0	0	1.39439463615	3.44375896454	4.88159704208	5.02780246735	3.98157954216	2.43368768692	1.10502052307	0.324485659599	0.0203461851925	0	0	0	0	0	0	0	0	66.5201034546	0	0	0	0	0	0	0	0	0	0	0	0	0	0	0
Feb 22 2023 18:05:58	1.54930305481	89.7716827393	96.7434616089	0.000510281941388	63.3142356873	9.39014720917	77.0126953125	-	0	0	0	0	0	0	0	0	0	0	0	0	0	0	0	0	0	11.0794858932	6.36416212698e-13	0	0	0	0	0	0	0	0.510300338268	2.28353857994	4.04259061813	4.93092918396	4.65680360794	3.52168488503	2.12606739998	0.984270989895	0.304751932621	0.0218177419156	0	0	0	0	0	0	0	0	65.5377578735	0	0	0	0	0	0	0	0	0	0	0	0	0	0	0
Feb 22 2023 18:05:59	1.8254224062	89.4377670288	96.6184921265	0.000698150251992	61.4235420227	7.83577871323	66.9639129639	-	0	0	0	0	0	0	0	0	0	0	0	0	0	0	0.910585999489	1.75508582592	2.34576630592	2.61631393433	2.57104849815	2.26814842224	1.79738759995	1.2556296587	0.732518732548	0.309754997492	0.0572917759418	0.00110116507858	0.135373026133	0.53511351347	1.20214545727	2.0569691658	2.93799972534	3.60914206505	3.80728578568	3.33585476875	2.17878627777	0.611096382141	0	0	0	0	0	0	0	0	62.9696006775	0	0	0	0	0	0	0	0	0	0	0	0	0	0	0
Feb 22 2023 18:06:00	1.5873516798	90.0167617798	96.8349838257	0.000787848955952	64.986366272	10.0472202301	68.7506027222	-	0	0	0	0	0	0	0	0	0	0	0	0	0	0	0	0	0	10.1830120087	0	0	0	0	0	0	0	0	0	1.48926579952	4.43887376785	5.94634771347	5.21776437759	3.23460555077	1.42735397816	0.430711776018	0.0766164287925	0.00212016818114	0	0	0	0	0	0	0	0	67.5533294678	0	0	0	0	0	0	0	0	0	0	0	0	0	0	0
Feb 22 2023 18:06:01	7.72313642502	90.2872238159	96.9358062744	0.000712176377419	67.0857009888	11.0051374435	73.4992523193	-	0	0	0	0	0	0	0	0	0	0	0	0	0	0	0	0	0	9.20691108704	0	0	0	0	0	0	0	0	0	0	3.79996180534	6.17923021317	5.62422990799	3.40587282181	1.41291344166	0.38844114542	0.061274331063	0.00163336785045	0	0	0	0	0	0	0	0	69.9195327759	0	0	0	0	0	0	0	0	0	0	0	0	0	0	0
Feb 22 2023 18:06:02	7.47288417816	90.7538299561	97.1092758179	0.000793543353211	70.4036636353	11.5371932983	72.4414291382	-	0	0	0	0	0	0	0	0	0	0	0	0	0	0	0	0	0	8.38621520996	0	0	0	0	0	0	0	0	0	0	16.2990951538	0.907581746578	0.00988496653736	4.22838893428e-05	7.50974464836e-08	4.77790758346e-11	5.9212896969e-15	0	0	0	0	0	0	0	0	0	74.3971862793	0	0	0	0	0	0	0	0	0	0	0	0	0	0	0
Feb 22 2023 18:06:03	7.46088075638	90.7530136108	97.1089706421	0.000571599113755	70.383644104	11.5059223175	79.2372741699	-	0	0	0	0	0	0	0	0	0	0	0	0	0	0	0	0	0	8.39702796936	0	0	0	0	0	0	0	0	0	0	17.2141456604	0	0	0	0	0	0	0	0	0	0	0	0	0	0	0	74.3888244629	0	0	0	0	0	0	0	0	0	0	0	0	0	0	0
Feb 22 2023 18:06:04	7.56141614914	90.7415161133	97.1047058105	0.000696469214745	70.3774490356	11.5978651047	75.348815918	-	0	0	0	0	0	0	0	0	0	0	0	0	0	0	0	0	0	8.47621822357	0	0	0	0	0	0	0	0	0	0	11.1358280182	5.1158208847	0.899690747261	0.0941498875618	0.00612531602383	0.000233068771195	4.00900307795e-06	0	0	0	0	0	0	0	0	0	74.2719268799	0	0	0	0	0	0	0	0	0	0	0	0	0	0	0
Feb 22 2023 18:06:05	7.1968164444	90.0710983276	96.855255127	0.000781972776167	65.4111785889	10.7660923004	71.0777130127	-	0	0	0	0	0	0	0	0	0	0	0	0	0	0	0	0	0	9.03301429749	0	0	0	0	0	0	0	0	0	1.3430839777	5.24782943726	6.71532678604	5.33244419098	2.90065360069	1.09466505051	0.275721073151	0.0400194525719	0.000938865181524	0	0	0	0	0	0	0	0	68.0163040161	0	0	0	0	0	0	0	0	0	0	0	0	0	0	0
Feb 22 2023 18:06:06	6.26670742035	90.0763320923	96.857208252	0.000525206094608	65.3019638062	10.0988235474	78.0750274658	-	0	0	0	0	0	0	0	0	0	0	0	0	0	0	0	0	0	9.99107456207	8.16819620839e-14	0	0	0	0	0	0	0	0	1.99316334724	5.26465415955	6.50082397461	4.89733123779	2.38534140587	0.749020814896	0.143501490355	0.0138449892402	0	0	0	0	0	0	0	0	0	68.0612411499	0	0	0	0	0	0	0	0	0	0	0	0	0	0	0
Feb 22 2023 18:06:07	1.52759802341	89.9898834229	96.8249588013	0.000544390873984	64.7497634888	9.16133022308	74.7637710571	-	0	0	0	0	0	0	0	0	0	0	0	0	0	0	0	0	0	12.0103168488	8.55279727791e-14	0	0	0	0	0	0	0	0	0.313474833965	3.16243648529	5.48924160004	5.56920623779	3.76857995987	1.73865652084	0.528109967709	0.0911605879664	0.00231067813002	0	0	0	0	0	0	0	0	67.3265075684	0	0	0	0	0	0	0	0	0	0	0	0	0	0	0
Feb 22 2023 18:06:08	1.55011188984	89.4677581787	96.6297225952	0.000618742662482	61.7317848206	9.47303199768	73.0292663574	-	0	0	0	0	0	0	0	0	0	0	0	0	0	0	0	0	0	11.0585432053	0	0	0	0	0	0	0	0	0	1.06433427334	2.95556116104	4.6156167984	5.36346673965	4.94940042496	3.66314840317	2.11668014526	0.866321086884	0.154527232051	0	0	0	0	0	0	0	0	63.192401886	0	0	0	0	0	0	0	0	0	0	0	0	0	0	0
Feb 22 2023 18:06:09	7.50033092499	90.9592819214	97.1854782104	0.00082158180885	72.2231750488	11.9872055054	72.3995361328	-	0	0	0	0	0	0	0	0	0	0	0	0	0	0	0	0	0	8.21610546112	0	0	0	0	0	0	0	0	0	0	15.2362852097	0	0	0	0	0	0	0	0	0	0	0	0	0	0	0	76.5476074219	0	0	0	0	0	0	0	0	0	0	0	0	0	0	0
Feb 22 2023 18:06:10	7.50513029099	90.6576766968	97.0735778809	0.000495740910992	69.6894760132	10.9832420349	80.5863647461	-	0	0	0	0	0	0	0	0	0	0	0	0	0	0	0	0	0	9.34705924988	0	0	0	0	0	0	0	0	0	0	7.19554805756	7.47538423538	2.16431975365	0.351343989372	0.0342997461557	0.00192013580818	4.92485014547e-05	0	0	0	0	0	0	0	0	0	73.4300765991	0	0	0	0	0	0	0	0	0	0	0	0	0	0	0
Feb 22 2023 18:06:11	1.57890880108	90.4660415649	97.0023498535	0.000858744897414	68.045211792	9.98677444458	65.9903793335	-	0	0	0	0	0	0	0	0	0	0	0	0	0	0	0	0	0	10.6128396988	0	0	0	0	0	0	0	0	0	0	7.9053311348	6.86690664291	2.46443319321	0.509724974632	0.0632117241621	0.00445134472102	0.000141537122545	0	0	0	0	0	0	0	0	0	71.5729598999	0	0	0	0	0	0	0	0	0	0	0	0	0	0	0
Feb 22 2023 18:06:12	1.29108595848	89.380531311	96.597038269	0.000884314009454	60.964225769	7.2077922821	51.8941116333	-	0	0	0	0	0	0	0	0	0	0	0	0	0	0	0	0	14.0166625977	0	0	0	0	0	0	0	0	0	0	0.772245228291	2.24662899971	3.80548381805	4.76899766922	4.71113729477	3.70859503746	2.26620316505	0.97507339716	0.180383399129	0	0	0	0	0	0	0	1.19282079873e-13	62.5485916138	0	0	0	0	0	0	0	0	0	0	0	0	0	0	0
Feb 22 2023 18:06:13	1.64860153198	89.4722366333	96.631401062	0.000968948937953	61.045627594	6.68100214005	51.731754303	-	0	0	0	0	0	0	0	0	0	0	0	0	0	0	1.17230427265	2.13195490837	2.78778290749	3.10233235359	3.08980369568	2.80622529984	2.33270668983	1.75614356995	1.15893185139	0.622005045414	0.227432191372	0.043019272387	0.108277983963	0.432354807854	0.97874969244	1.65833628178	2.33244252205	2.81960463524	2.92879271507	2.5178360939	1.56043279171	0.206754267216	0	0	0	0	0	0	0	0	63.2257766724	0	0	0	0	0	0	0	0	0	0	0	0	0	0	0
Feb 22 2023 18:06:14	1.31055665016	89.6834793091	96.7104797363	0.000761151197366	62.8486976624	8.09457302094	61.0266456604	-	0	0	0	0	0	0	0	0	0	0	0	0	0	0	0	9.17130412413e-13	11.9273004532	0	0	0	0	0	0	0	0	0	0	1.15996706486	3.03401064873	4.58757066727	5.07110977173	4.35428905487	2.9287879467	1.49865996838	0.525494039059	0.0726571455598	0	0	0	0	0	0	0	0	64.8401565552	0	0	0	0	0	0	0	0	0	0	0	0	0	0	0
Feb 22 2023 18:06:15	1.56155574322	89.9901428223	96.825050354	0.000710446329322	64.8795013428	9.82231235504	70.5230026245	-	0	0	0	0	0	0	0	0	0	0	0	0	0	0	0	0	0	10.7715911865	0	0	0	0	0	0	0	0	0	0.300129950047	3.25568389893	5.74167728424	5.91278409958	4.06641244888	1.91241538525	0.596669197083	0.108892776072	0.00503742927685	0	0	0	0	0	0	0	0	67.328704834	0	0	0	0	0	0	0	0	0	0	0	0	0	0	0
Feb 22 2023 18:06:16	1.29999983311	89.7108230591	96.720703125	0.00086764030857	62.7746353149	7.59181880951	54.5982551575	-	0	0	0	0	0	0	0	0	0	0	0	0	0	0	0	3.70833138502e-12	12.972111702	0	0	0	0	0	0	0	0	0	0	1.37123012543	3.55692696571	5.06034469604	5.04869413376	3.75700926781	2.09873867035	0.848754882813	0.217697486281	0.0135730234906	0	0	0	0	0	0	0	0	65.0549163818	0	0	0	0	0	0	0	0	0	0	0	0	0	0	0
Feb 22 2023 18:06:17	1.30929875374	89.9299545288	96.8025817871	0.000684667087626	64.1319885254	7.98684072495	63.7682304382	-	0	0	0	0	0	0	0	0	0	0	0	0	0	0	0	0	12.0424642563	0	0	0	0	0	0	0	0	0	0	1.87742006779	4.68653774261	5.83941078186	4.7340555191	2.65568947792	1.03351032734	0.266412377357	0.0383207388222	0.000186646633665	0	0	0	0	0	0	0	0	66.8259887695	0	0	0	0	0	0	0	0	0	0	0	0	0	0	0
Feb 22 2023 18:06:18	1.76502776146	89.0974807739	96.4908218384	0.000667188432999	59.2259635925	7.14219665527	65.9307632446	-	0	0	0	0	0	0	0	0	0	0	0	0	0	0	0.988241374493	1.82857775688	2.43568992615	2.76496052742	2.81414747238	2.61831998825	2.23798274994	1.74355232716	1.20658135414	0.702797114849	0.315206766129	0.119647443295	0.169839262962	0.493367522955	1.07310140133	1.83507180214	2.64496779442	3.30808353424	3.59743237495	3.31441950798	2.37027931213	0.874900102615	0	0	0	0	0	0	0	0	60.5428352356	0	0	0	0	0	0	0	0	0	0	0	0	0	0	0
Feb 22 2023 18:06:19	1.30956578255	89.9133529663	96.7963867188	0.000849535455927	63.984085083	7.97311925888	57.2135391235	-	0	0	0	0	0	0	0	0	0	0	0	0	0	0	0	0	12.0178174973	0	0	0	0	0	0	0	0	0	0	1.48168718815	5.47219181061	6.40807294846	4.63682317734	2.2979786396	0.790891349316	0.181678295135	0.0238604061306	0.000372167065507	0	0	0	0	0	0	0	0	66.6886291504	0	0	0	0	0	0	0	0	0	0	0	0	0	0	0
Feb 22 2023 18:06:20	1.30380046368	89.8937301636	96.7890625	0.000796547625214	64.1143951416	7.90316009521	58.5518226624	-	0	0	0	0	0	0	0	0	0	0	0	0	0	0	0	4.29335196951e-13	12.5745296478	4.55982520291e-40	0	0	0	0	0	0	0	0	0	0	2.49420189857	5.05638694763	5.70572376251	4.33254098892	2.29474759102	0.826165437698	0.178646653891	0.0101312855259	0	0	0	0	0	0	0	0	66.5269241333	0	0	0	0	0	0	0	0	0	0	0	0	0	0	0
Feb 22 2023 18:06:21	1.76899421215	88.7658538818	96.3698730469	0.00114371196833	57.3269042969	6.93190574646	48.2113647461	-	0	0	0	0	0	0	0	0	0	0	0	0	0	0	0.978446722031	1.81275212765	2.42037510872	2.75858712196	2.82600712776	2.65749740601	2.31239938736	1.85930037498	1.36748504639	0.909793674946	0.565202474594	0.40459087491	0.476642847061	0.803546786308	1.36380159855	2.08115124702	2.82290458679	3.40085220337	3.59950470924	3.23461842537	2.23079442978	0.706179976463	0	0	0	0	0	0	0	1.04051924344e-14	58.4075622559	0	0	0	0	0	0	0	0	0	0	0	0	0	0	0
Feb 22 2023 18:06:22	1.30186712742	89.8735809326	96.7815322876	0.000507023534738	63.7016410828	7.66309118271	70.4947662354	-	0	0	0	0	0	0	0	0	0	0	0	0	0	0	0	9.92669921956e-12	12.7735404968	0	0	0	0	0	0	0	0	0	0	1.64144968987	4.50499296188	5.79999256134	4.79335021973	2.72735261917	1.07476997375	0.280958086252	0.0414592437446	0.000526125659235	0	0	0	0	0	0	0	0	66.3616027832	0	0	0	0	0	0	0	0	0	0	0	0	0	0	0
Feb 22 2023 18:06:23	1.28467953205	89.0737991333	96.4819259644	0.000494255451486	59.4551124573	6.9210858345	68.0661621094	-	0	0	0	0	0	0	0	0	0	0	0	0	0	0	0	2.49397204277e-12	14.8830804825	0	0	0	0	0	0	0	0	0	0	0.346169173717	1.4102602005	2.83760857582	4.17295265198	4.89790487289	4.68770837784	3.60510826111	2.08342313766	0.695190191269	0	0	0	0	0	0	0	0	60.3805961609	0	0	0	0	0	0	0	0	0	0	0	0	0	0	0
Feb 22 2023 18:06:24	1.3112487793	89.5213165283	96.6497879028	0.000710304477252	62.1134872437	8.18572902679	63.348941803	-	0	0	0	0	0	0	0	0	0	0	0	0	0	0	0	3.71707357819e-13	11.8649158478	2.75668208285e-30	0	0	0	0	0	0	0	0	0	0.435853928328	2.05756306648	3.82925057411	5.00692367554	5.08903026581	4.10810756683	2.58380055428	1.16684019566	0.263707578182	0	0	0	0	0	0	0	0	63.5940093994	0	0	0	0	0	0	0	0	0	0	0	0	0	0	0
Feb 22 2023 18:06:25	1.84582769871	87.7336578369	96.1963653564	0.000524348695762	55.6021156311	7.54326963425	73.5693283081	-	0	0	0	0	0	0	0	0	0	0	0	0	0	0	0.707719147205	1.61410665512	2.32676553726	2.68987035751	2.68192076683	2.37651157379	1.89556241035	1.36362338066	0.881190121174	0.518145501614	0.310367196798	0.260232537985	0.378388732672	0.728854417801	1.38477408886	2.34799480438	3.48564267159	4.49902582169	4.97342157364	4.5467581749	3.16025400162	1.27826201916	0	0	0	0	0	0	2.66246708222e-42	1.65536895714e-13	55.5906105042	0	0	0	0	0	0	0	0	0	0	0	0	0	0	0
Feb 22 2023 18:06:26	1.66935384274	88.1134796143	96.2604064941	0.000806431169622	56.1458396912	6.82524347305	58.7201538086	-	0	0	0	0	0	0	0	0	0	0	0	0	0	0	0.416087836027	1.60116779804	2.92670726776	3.74535775185	3.77759385109	3.15206313133	2.21772265434	1.31376087666	0.642332851887	0.253905594349	0.0872728154063	0.0405190438032	0.0539619885385	0.16484002769	0.538823544979	1.42284321785	2.91774201393	4.63086557388	5.58229780197	4.82861995697	2.58040475845	0.506318092346	0	0	0	0	0	0	0	0	56.5987930298	0	0	0	0	0	0	0	0	0	0	0	0	0	0	0
Feb 22 2023 18:06:27	1.59889578819	86.7672805786	96.0323410034	0.000686313898768	53.0308113098	6.19832134247	60.5467147827	-	0	0	0	0	0	0	0	0	0	0	0	0	0	0	0.352986752987	1.67036819458	3.32991218567	4.38586902618	4.38428211212	3.52825140953	2.34913110733	1.30539417267	0.605509400368	0.24154959619	0.0987120568752	0.0646938309073	0.0990845412016	0.265794068575	0.762646138668	1.85632646084	3.58760547638	5.35171222687	5.93316268921	4.51462507248	1.93026828766	0.219495311379	0	0	0	0	0	0	0	0	53.1626205444	0	0	0	0	0	0	0	0	0	0	0	0	0	0	0
Feb 22 2023 18:06:28	1.61152160168	86.6929092407	96.0196533203	0.000681003264617	52.8138008118	6.21167755127	61.0089073181	-	0	0	0	0	0	0	0	0	0	0	0	0	0	0	0.381522357464	1.67759335041	3.24073624611	4.2245464325	4.2452082634	3.48471212387	2.40588474274	1.41709983349	0.720219194889	0.331031531096	0.163855031133	0.124118022621	0.181587278843	0.410608768463	0.997707724571	2.14039444923	3.77753305435	5.28928995132	5.62867355347	4.19252681732	1.78387856483	0.197807192802	0	0	0	0	0	0	0	0	52.9834671021	0	0	0	0	0	0	0	0	0	0	0	0	0	0	0
Feb 22 2023 18:06:29	1.28754878044	89.1480407715	96.5098114014	0.000770968676079	60.0159263611	7.12117910385	55.8057060242	-	0	0	0	0	0	0	0	0	0	0	0	0	0	0	0	1.93862872803e-12	14.4816236496	0	0	0	0	0	0	0	0	0	0	0	0.806317865849	2.39734983444	4.10756206512	5.20778465271	5.15726566315	3.97513508797	2.24550008774	0.729362845421	0	0	0	0	0	0	0	0	60.8920974731	0	0	0	0	0	0	0	0	0	0	0	0	0	0	0
Feb 22 2023 18:06:30	1.16618180275	26.2335147858	95.8175354004	0.000335672666552	51.7361030579	5.4670715332	71.9060058594	-	0	0	0	0	0	0	0	0	0	0	0	0	0	0	0.641747772694	9.34844303131	7.35029268265	1.22132492065	0.0636723414063	0.00118188082706	7.67651454225e-06	1.45106699989e-08	4.60972709657e-12	3.26819721764e-17	0	0	0	0	0	0.00129648053553	0.120086207986	0.933679461479	3.40462327003	7.47808837891	10.241932869	8.00345134735	2.56616353989	0.0419137701392	0	0	0	0	0	0	48.5820960999	0	0	0	0	0	0	0	0	0	0	0	0	0	0	0
Feb 22 2023 18:06:31	1.29312717915	88.83959198	96.3938598633	0.000704463920556	59.4731712341	7.56354379654	60.4469604492	-	0	0	0	0	0	0	0	0	0	0	0	0	0	0	0	0	13.7622251511	0	0	0	0	0	0	0	0	0	0	0	0	0.380164891481	1.54183006287	3.23788714409	5.0328578949	6.16599941254	5.89050531387	3.99884033203	1.1705532074	0	0	0	0	0	0	0	58.8191452026	0	0	0	0	0	0	0	0	0	0	0	0	0	0	0
Feb 22 2023 18:06:32	1.61239826679	87.6686172485	96.1853713989	0.000454244756838	55.4125976563	6.72040987015	73.2982940674	-	0	0	0	0	0	0	0	0	0	0	0	0	0	0	0.027730088681	0.715090334415	3.06151199341	5.52548599243	5.57129812241	3.5033595562	1.41949772835	0.358909189701	0.0503815896809	0.00309684337117	5.83228320465e-05	4.49113827017e-07	4.46279869948e-07	8.07246033219e-05	0.00610684230924	0.131407633424	1.11395764351	4.42566299438	8.6006526947	7.59905958176	2.35340166092	0.11210642755	5.39209736417e-07	0	0	0	0	0	0	0	55.4211425781	0	0	0	0	0	0	0	0	0	0	0	0	0	0	0
Feb 22 2023 18:06:33	1.60471105576	87.2768325806	96.1190185547	0.000597505306359	54.4996414185	6.49209070206	65.5703277588	-	0	0	0	0	0	0	0	0	0	0	0	0	0	0	0.00489323353395	0.385488331318	2.76012706757	6.2726392746	6.61963653564	3.77996087074	1.23227250576	0.224184036255	0.0203861631453	0.000759598391596	9.95549635263e-06	1.05003408635e-07	6.54078107232e-08	6.73156682751e-06	0.000923628685996	0.04192731902	0.657207071781	4.00027275085	9.63017368317	8.19025707245	1.72932839394	0.0303798671812	3.73882036442e-09	0	0	0	0	0	0	0	54.4191665649	0	0	0	0	0	0	0	0	0	0	0	0	0	0	0
Feb 22 2023 18:06:34	1.88732230663	24.0155277252	95.7408828735	0.000724521931261	49.2971534729	7.11354637146	64.4827957153	-	0	0	0	0	0	0	0	0	0	0	0	0	0	0	0.804828464985	1.55197107792	2.13501358032	2.50352525711	2.64288592339	2.56948757172	2.32226634026	1.95122790337	1.51080298424	1.06286764145	0.680760502815	0.437592238188	0.393689662218	0.60626912117	1.12112104893	1.943557024	3.00614309311	4.1431350708	5.08702373505	5.51119041443	5.12981510162	3.85348749161	1.9451829195	0.0929224044085	0	0	0	0	0	0	46.9932365417	0	0	0	0	0	0	0	0	0	0	0	0	0	0	0
Feb 22 2023 18:06:35	1.99613809586	86.1812057495	95.9576644897	0.000474174827104	52.9866447449	7.69427871704	76.7070922852	-	0	0	0	0	0	0	0	0	0	0	0	0	0	0	0.778209447861	1.45083248615	1.95856761932	2.26795387268	2.37273192406	2.29140138626	2.06051445007	1.72517168522	1.33383774757	0.942086875439	0.617923498154	0.433167010546	0.451447337866	0.726273477077	1.28171932697	2.09519958496	3.07926464081	4.06374931335	4.79842710495	4.99588489532	4.42012262344	3.0193734169	1.05735313892	0	0	0	0	0	0	0	51.7787857056	0	0	0	0	0	0	0	0	0	0	0	0	0	0	0
Feb 22 2023 18:06:36	1.86205303669	88.7658920288	96.3698806763	0.000521745881997	57.7986946106	7.55991458893	73.7330703735	-	0	0	0	0	0	0	0	0	0	0	0	0	0	0	0.902803242207	1.66979634762	2.22253513336	2.52005767822	2.56055378914	2.37686157227	2.02566766739	1.57318508625	1.08696210384	0.638828396797	0.308333724737	0.169358685613	0.275344610214	0.655766606331	1.29674506187	2.12782120705	3.01543164253	3.76070070267	4.12552976608	3.89449262619	2.9612224102	1.42433023453	0	0	0	0	0	0	0	0	58.4076690674	0	0	0	0	0	0	0	0	0	0	0	0	0	0	0
Feb 22 2023 18:06:37	1.61606776714	87.5265579224	96.1613388062	0.00077163730748	54.8309516907	6.53522777557	58.4156913757	-	0	0	0	0	0	0	0	0	0	0	0	0	0	0	0.158340185881	1.27596282959	3.23327326775	4.70445489883	4.7253241539	3.53505754471	2.03142142296	0.896784305573	0.296484798193	0.0721203610301	0.0148904295638	0.00515707302839	0.00821419246495	0.0414844974875	0.233121350408	0.967894017696	2.77072286606	5.40357208252	6.95581674576	5.41491222382	2.03151869774	0.169368073344	0	0	0	0	0	0	0	0	55.0541038513	0	0	0	0	0	0	0	0	0	0	0	0	0	0	0
Feb 22 2023 18:06:38	1.69114911556	88.5178146362	96.328338623	0.000651415786706	56.9217224121	6.65653038025	64.5761947632	-	0	0	0	0	0	0	0	0	0	0	0	0	0	0	0.946889340878	1.92118322849	2.67352128029	3.10312223434	3.18718242645	2.96454524994	2.514336586	1.93110942841	1.30949103832	0.742842197418	0.319349467754	0.0951479673386	0.0705766752362	0.266038149595	0.752496480942	1.52920925617	2.48758482933	3.40152788162	3.95750260353	3.84821772575	2.92079234123	1.3493424654	0	0	0	0	0	0	0	0	57.707988739	0	0	0	0	0	0	0	0	0	0	0	0	0	0	0
Feb 22 2023 18:06:39	1.58801674843	90.4511032104	96.9967956543	0.000580365536734	68.4396438599	10.6604366302	76.6627349854	-	0	0	0	0	0	0	0	0	0	0	0	0	0	0	0	0	0	10.2780151367	3.18930591572e-13	0	0	0	0	0	0	0	0	0	0	3.4789249897	6.88262224197	5.24726009369	2.1441924572	0.482478678226	0.0533144399524	0.00122370780446	0	0	0	0	0	0	0	0	71.431968689	0	0	0	0	0	0	0	0	0	0	0	0	0	0	0
Feb 22 2023 18:06:40	1.27536082268	87.0238723755	96.0760421753	0.000346696877386	55.5140647888	6.53847646713	74.8292236328	-	0	0	0	0	0	0	0	0	0	0	0	0	0	0	0	0	16.3634338379	0	0	0	0	0	0	0	0	0	0	0	0	0.223530381918	1.06330990791	2.6943397522	4.89295911789	6.78022193909	7.1064581871	5.18888998032	1.89790999889	0	0	0	0	0	0	0	53.7889480591	0	0	0	0	0	0	0	0	0	0	0	0	0	0	0
Feb 22 2023 18:06:41	1.53998804092	90.4768218994	97.006362915	0.000938118435442	68.5850448608	10.0551462173	63.0241317749	-	0	0	0	0	0	0	0	0	0	0	0	0	0	0	0	0	0	11.3273553848	1.23353465029e-12	0	0	0	0	0	0	0	0	0	0	2.39842391014	6.01581144333	5.36642169952	2.50675630569	0.632820904255	0.0760179683566	0.00129451614339	0	0	0	0	0	0	0	0	71.6750946045	0	0	0	0	0	0	0	0	0	0	0	0	0	0	0
Feb 22 2023 18:06:42	1.28775846958	88.4384002686	96.3150177002	0.00048878317466	57.6417388916	7.08331775665	69.029838562	-	0	0	0	0	0	0	0	0	0	0	0	0	0	0	0	4.28213671119e-12	14.4531564713	0	0	0	0	0	0	0	0	0	0	0.0593431740999	0.826583504677	2.06911897659	3.56658172607	4.89339637756	5.54772138596	5.18262863159	3.82146239281	1.91853570938	0.17435054481	0	0	0	0	0	0	0	57.4871253967	0	0	0	0	0	0	0	0	0	0	0	0	0	0	0
Feb 22 2023 18:06:43	1.31378042698	89.5670852661	96.6669235229	0.00046464818297	62.0464706421	8.10396671295	74.1676940918	-	0	0	0	0	0	0	0	0	0	0	0	0	0	0	0	0	11.6698312759	0	0	0	0	0	0	0	0	0	0.100013546646	1.81255507469	3.75951194763	5.0110707283	5.0832233429	4.11140489578	2.65997743607	1.33223986626	0.461512863636	0.057596731931	0	0	0	0	0	0	0	0	63.9410629272	0	0	0	0	0	0	0	0	0	0	0	0	0	0	0
Feb 22 2023 18:06:44	1.30400025845	89.8190765381	96.7611694336	0.0003436767729	63.6597175598	7.88264799118	79.3590698242	-	0	0	0	0	0	0	0	0	0	0	0	0	0	0	0	0	12.5543298721	0	0	0	0	0	0	0	0	0	0	0.620476484299	2.65281677246	4.49793100357	5.11470937729	4.29233503342	2.70369720459	1.24128878117	0.369466841221	0.0344821214676	0	0	0	0	0	0	0	0	65.91847229	0	0	0	0	0	0	0	0	0	0	0	0	0	0	0
Feb 22 2023 18:06:45	1.34608209133	89.3104248047	96.5707550049	0.000498986046296	60.8838729858	8.6612405777	74.3565826416	-	0	0	0	0	0	0	0	0	0	0	0	0	0	0	0	2.85551692968e-13	10.5597362518	0	0	0	0	0	0	0	0	0	0.330436825752	1.46530020237	2.98440742493	4.36507558823	5.11285448074	4.96431684494	4.0020813942	2.60723185539	1.25920259953	0.309225946665	0	0	0	0	0	0	0	0	62.0401306152	0	0	0	0	0	0	0	0	0	0	0	0	0	0	0
Feb 22 2023 18:06:46	1.84000277519	87.2019958496	96.1063156128	0.000547097472008	54.1288795471	7.06985521317	71.3502502441	-	0	0	0	0	0	0	0	0	0	0	0	0	0	0	0.877182006836	1.67291665077	2.26326966286	2.59543442726	2.66509461403	2.50817346573	2.18694925308	1.77298521996	1.33709609509	0.950602054596	0.686055421829	0.603764414787	0.744790136814	1.13420379162	1.75967907906	2.55070281029	3.37086653709	4.01728153229	4.25148105621	3.86778306961	2.78747963905	1.16483640671	0	0	0	0	0	0	0	0	54.2313766479	0	0	0	0	0	0	0	0	0	0	0	0	0	0	0
Feb 22 2023 18:06:47	1.71062231064	86.8074798584	96.0391998291	0.000478202389786	53.5526924133	6.86414670944	73.3245620728	-	0	0	0	0	0	0	0	0	0	0	0	0	0	0	0.547047197819	1.661257267	2.73224473	3.35008192062	3.37801623344	2.91888427734	2.20090579987	1.45370984077	0.83693253994	0.424425780773	0.211930975318	0.147150799632	0.201618999243	0.439435839653	1.00833833218	2.03505635262	3.45971059799	4.88627767563	5.62018346786	5.0378704071	3.16944599152	1.01718080044	0.00239439820871	0	0	0	0	0	1.40129846432e-43	1.78557713184e-14	53.2599105835	0	0	0	0	0	0	0	0	0	0	0	0	0	0	0
Feb 22 2023 18:06:48	1.66856133938	88.678894043	96.3553237915	0.000770899816416	57.2865409851	6.83760690689	60.0820426941	-	0	0	0	0	0	0	0	0	0	0	0	0	0	0	0.575737535954	1.75995469093	2.90107584	3.54655981064	3.54154396057	3.00206446648	2.18898057938	1.36501443386	0.709729790688	0.298090100288	0.107469931245	0.0553894676268	0.0902478322387	0.27662807703	0.780036151409	1.73713970184	3.07008981705	4.34298753738	4.84893035889	4.05224704742	2.18067145348	0.408807873726	0	0	0	0	0	0	0	9.52937815463e-15	58.1606025696	0	0	0	0	0	0	0	0	0	0	0	0	0	0	0
Feb 22 2023 18:06:49	1.7325552702	89.0208358765	96.462020874	0.000703564088326	58.7967643738	6.96953678131	63.6769065857	-	0	0	0	0	0	0	0	0	0	0	0	0	0	0	1.02064204216	1.88987398148	2.52008318901	2.86478209496	2.92040944099	2.72137832642	2.32825160027	1.81213247776	1.24577713013	0.706783235073	0.281201243401	0.0490760877728	0.0688481554389	0.373692423105	0.951756358147	1.73303222656	2.58370661736	3.30455303192	3.65778207779	3.4288380146	2.51189541817	1.00489413738	0	0	0	0	0	0	0	0	60.0206069946	0	0	0	0	0	0	0	0	0	0	0	0	0	0	0
Feb 22 2023 18:06:50	1.30641460419	89.8451080322	96.7708969116	0.000459946662886	63.9367256165	8.05087661743	73.8562316895	-	0	0	0	0	0	0	0	0	0	0	0	0	0	0	0	1.13552754439e-12	12.3155422211	0	0	0	0	0	0	0	0	0	0	0	1.97100138664	4.37110900879	5.50685596466	4.826420784	3.06290102005	1.37948274612	0.396846711636	0.040382001549	0	0	0	0	0	0	0	0	66.1294555664	0	0	0	0	0	0	0	0	0	0	0	0	0	0	0
Feb 22 2023 18:06:51	1.5724657774	87.6431350708	96.181060791	0.000930217618588	54.3384552002	5.84888792038	48.7648086548	-	0	0	0	0	0	0	0	0	0	0	0	0	0	0	1.0171226263	2.25070238113	3.21296191216	3.71356225014	3.72626066208	3.34241509438	2.71462965012	2.00103259087	1.3331053257	0.808099031448	0.482401996851	0.3635006845	0.445833146572	0.758720159531	1.32917332649	2.10744667053	2.93190765381	3.53327608109	3.60953211784	2.96883201599	1.69618999958	0.298304915428	0	0	0	0	0	0	0	0	55.3549880981	0	0	0	0	0	0	0	0	0	0	0	0	0	0	0
Feb 22 2023 18:06:52	1.56957602501	89.0437316895	96.4706268311	0.000488198274979	58.8994026184	6.77313709259	70.8387680054	-	0	0	0	0	0	0	0	0	0	0	0	0	0	0	2.7719810447e-08	0.00532561121508	1.17195415497	9.52866458893	8.111784935	1.07370102406	0.0243150703609	7.93978324509e-05	2.16983426782e-08	1.65333268994e-13	7.78414034137e-21	2.77182052416e-28	5.38354732666e-24	2.08109218877e-15	4.29388347101e-09	0.000102252008219	0.0893949866295	4.63271903992	13.8724212646	1.31326627731	0.000539058179129	4.10280059167e-14	0	0	0	0	0	0	0	5.30645812664e-16	60.1757354736	0	0	0	0	0	0	0	0	0	0	0	0	0	0	0
Feb 22 2023 18:06:53	1.29435813427	89.7789306641	96.7461700439	0.000499622314237	63.2724227905	7.43723011017	69.8038787842	-	0	0	0	0	0	0	0	0	0	0	0	0	0	0	0	1.98998762889e-13	13.6133823395	0	0	0	0	0	0	0	0	0	0	0.203134611249	2.22705030441	4.65879201889	5.64705181122	4.52587842941	2.45860981941	0.879036664963	0.182212054729	0.00916629470885	0	0	0	0	0	0	0	0	65.5956878662	0	0	0	0	0	0	0	0	0	0	0	0	0	0	0
Feb 22 2023 18:06:54	1.56312739849	90.3367156982	96.9542312622	0.000687952910084	67.0617980957	9.59446334839	70.5521774292	-	0	0	0	0	0	0	0	0	0	0	0	0	0	0	0	0	0	11.2530660629	2.69141696776e-12	0	0	0	0	0	0	0	0	0	5.90232515335	7.55059194565	3.71557283401	1.02583968639	0.166872963309	0.015278651379	0.000644523126539	0	0	0	0	0	0	0	0	0	70.3698120117	0	0	0	0	0	0	0	0	0	0	0	0	0	0	0
Feb 22 2023 18:06:55	1.58574259281	90.5411987305	97.0302963257	0.0010374574922	68.4799118042	9.97743988037	60.7667388916	-	0	0	0	0	0	0	0	0	0	0	0	0	0	0	0	0	0	10.3594484329	3.66148592294e-14	0	0	0	0	0	0	0	0	0	17.3500823975	0	0	0	0	0	0	0	0	0	0	0	0	0	0	0	72.2904663086	0	0	0	0	0	0	0	0	0	0	0	0	0	0	0
Feb 22 2023 18:06:56	1.57008457184	87.6634140015	96.1844940186	0.000397917494411	54.4263038635	5.93936491013	73.7835922241	-	0	0	0	0	0	0	0	0	0	0	0	0	0	0	0.88133597374	2.20059609413	3.29864692688	3.86019349098	3.8215200901	3.30880331993	2.54127144814	1.73493230343	1.04844450951	0.570570766926	0.319386482239	0.261361509562	0.386242210865	0.756215333939	1.43595433235	2.37954282761	3.36962389946	4.02695035934	3.95091104507	2.97084212303	1.38807082176	0.0809760391712	0	0	0	0	0	0	0	0	55.4076080322	0	0	0	0	0	0	0	0	0	0	0	0	0	0	0
Feb 22 2023 18:06:57	-1.00000001505e+30	-1.00000001505e+30	-1.00000001505e+30	-1.00000002538e+26	-1.00000001505e+30	-1.00000001505e+30	99.9215087891	-	0	0	0	0	0	0	0	0	0	0	0	0	0	0	0	0	0	0	0	0	0	0	0	0	0	0	0	0	0	0	0	0	0	0	0	0	0	0	0	0	0	0	0	0	0	0	0	0	0	0	0	0	0	0	0	0	0	0	0	0
Feb 22 2023 18:06:58	-1.00000001505e+30	-1.00000001505e+30	-1.00000001505e+30	-1.00000002538e+26	-1.00000001505e+30	-1.00000001505e+30	99.9890823364	-	0	0	0	0	0	0	0	0	0	0	0	0	0	0	0	0	0	0	0	0	0	0	0	0	0	0	0	0	0	0	0	0	0	0	0	0	0	0	0	0	0	0	0	0	0	0	0	0	0	0	0	0	0	0	0	0	0	0	0	0
Feb 22 2023 18:06:59	-1.00000001505e+30	-1.00000001505e+30	-1.00000001505e+30	-1.00000002538e+26	-1.00000001505e+30	-1.00000001505e+30	99.957321167	-	0	0	0	0	0	0	0	0	0	0	0	0	0	0	0	0	0	0	0	0	0	0	0	0	0	0	0	0	0	0	0	0	0	0	0	0	0	0	0	0	0	0	0	0	0	0	0	0	0	0	0	0	0	0	0	0	0	0	0	0
Feb 22 2023 18:07:00	-1.00000001505e+30	-1.00000001505e+30	-1.00000001505e+30	-1.00000002538e+26	-1.00000001505e+30	-1.00000001505e+30	100.012039185	-	0	0	0	0	0	0	0	0	0	0	0	0	0	0	0	0	0	0	0	0	0	0	0	0	0	0	0	0	0	0	0	0	0	0	0	0	0	0	0	0	0	0	0	0	0	0	0	0	0	0	0	0	0	0	0	0	0	0	0	0
Feb 22 2023 18:07:01	-1.00000001505e+30	-1.00000001505e+30	-1.00000001505e+30	-1.00000002538e+26	-1.00000001505e+30	-1.00000001505e+30	99.9825057983	-	0	0	0	0	0	0	0	0	0	0	0	0	0	0	0	0	0	0	0	0	0	0	0	0	0	0	0	0	0	0	0	0	0	0	0	0	0	0	0	0	0	0	0	0	0	0	0	0	0	0	0	0	0	0	0	0	0	0	0	0
Feb 22 2023 18:07:02	-1.00000001505e+30	-1.00000001505e+30	-1.00000001505e+30	-1.00000002538e+26	-1.00000001505e+30	-1.00000001505e+30	99.9320144653	-	0	0	0	0	0	0	0	0	0	0	0	0	0	0	0	0	0	0	0	0	0	0	0	0	0	0	0	0	0	0	0	0	0	0	0	0	0	0	0	0	0	0	0	0	0	0	0	0	0	0	0	0	0	0	0	0	0	0	0	0
Feb 22 2023 18:07:03	-1.00000001505e+30	-1.00000001505e+30	-1.00000001505e+30	-1.00000002538e+26	-1.00000001505e+30	-1.00000001505e+30	99.9732131958	-	0	0	0	0	0	0	0	0	0	0	0	0	0	0	0	0	0	0	0	0	0	0	0	0	0	0	0	0	0	0	0	0	0	0	0	0	0	0	0	0	0	0	0	0	0	0	0	0	0	0	0	0	0	0	0	0	0	0	0	0
Feb 22 2023 18:07:04	-1.00000001505e+30	-1.00000001505e+30	-1.00000001505e+30	-1.00000002538e+26	-1.00000001505e+30	-1.00000001505e+30	99.8239059448	-	0	0	0	0	0	0	0	0	0	0	0	0	0	0	0	0	0	0	0	0	0	0	0	0	0	0	0	0	0	0	0	0	0	0	0	0	0	0	0	0	0	0	0	0	0	0	0	0	0	0	0	0	0	0	0	0	0	0	0	0
Feb 22 2023 18:07:05	-1.00000001505e+30	-1.00000001505e+30	-1.00000001505e+30	-1.00000002538e+26	-1.00000001505e+30	-1.00000001505e+30	99.8817672729	-	0	0	0	0	0	0	0	0	0	0	0	0	0	0	0	0	0	0	0	0	0	0	0	0	0	0	0	0	0	0	0	0	0	0	0	0	0	0	0	0	0	0	0	0	0	0	0	0	0	0	0	0	0	0	0	0	0	0	0	0
Feb 22 2023 18:07:06	-1.00000001505e+30	-1.00000001505e+30	-1.00000001505e+30	-1.00000002538e+26	-1.00000001505e+30	-1.00000001505e+30	99.9797515869	-	0	0	0	0	0	0	0	0	0	0	0	0	0	0	0	0	0	0	0	0	0	0	0	0	0	0	0	0	0	0	0	0	0	0	0	0	0	0	0	0	0	0	0	0	0	0	0	0	0	0	0	0	0	0	0	0	0	0	0	0
Feb 22 2023 18:07:07	-1.00000001505e+30	-1.00000001505e+30	-1.00000001505e+30	-1.00000002538e+26	-1.00000001505e+30	-1.00000001505e+30	99.9750213623	-	0	0	0	0	0	0	0	0	0	0	0	0	0	0	0	0	0	0	0	0	0	0	0	0	0	0	0	0	0	0	0	0	0	0	0	0	0	0	0	0	0	0	0	0	0	0	0	0	0	0	0	0	0	0	0	0	0	0	0	0
Feb 22 2023 18:07:08	-1.00000001505e+30	-1.00000001505e+30	-1.00000001505e+30	-1.00000002538e+26	-1.00000001505e+30	-1.00000001505e+30	99.9643478394	-	0	0	0	0	0	0	0	0	0	0	0	0	0	0	0	0	0	0	0	0	0	0	0	0	0	0	0	0	0	0	0	0	0	0	0	0	0	0	0	0	0	0	0	0	0	0	0	0	0	0	0	0	0	0	0	0	0	0	0	0
Feb 22 2023 18:07:09	-1.00000001505e+30	-1.00000001505e+30	-1.00000001505e+30	-1.00000002538e+26	-1.00000001505e+30	-1.00000001505e+30	99.9852676392	-	0	0	0	0	0	0	0	0	0	0	0	0	0	0	0	0	0	0	0	0	0	0	0	0	0	0	0	0	0	0	0	0	0	0	0	0	0	0	0	0	0	0	0	0	0	0	0	0	0	0	0	0	0	0	0	0	0	0	0	0
Feb 22 2023 18:07:10	-1.00000001505e+30	-1.00000001505e+30	-1.00000001505e+30	-1.00000002538e+26	-1.00000001505e+30	-1.00000001505e+30	99.9936065674	-	0	0	0	0	0	0	0	0	0	0	0	0	0	0	0	0	0	0	0	0	0	0	0	0	0	0	0	0	0	0	0	0	0	0	0	0	0	0	0	0	0	0	0	0	0	0	0	0	0	0	0	0	0	0	0	0	0	0	0	0
Feb 22 2023 18:07:11	-1.00000001505e+30	-1.00000001505e+30	-1.00000001505e+30	-1.00000002538e+26	-1.00000001505e+30	-1.00000001505e+30	99.9975967407	-	0	0	0	0	0	0	0	0	0	0	0	0	0	0	0	0	0	0	0	0	0	0	0	0	0	0	0	0	0	0	0	0	0	0	0	0	0	0	0	0	0	0	0	0	0	0	0	0	0	0	0	0	0	0	0	0	0	0	0	0
Feb 22 2023 18:07:12	-1.00000001505e+30	-1.00000001505e+30	-1.00000001505e+30	-1.00000002538e+26	-1.00000001505e+30	-1.00000001505e+30	99.9954071045	-	0	0	0	0	0	0	0	0	0	0	0	0	0	0	0	0	0	0	0	0	0	0	0	0	0	0	0	0	0	0	0	0	0	0	0	0	0	0	0	0	0	0	0	0	0	0	0	0	0	0	0	0	0	0	0	0	0	0	0	0
Feb 22 2023 18:07:13	-1.00000001505e+30	-1.00000001505e+30	-1.00000001505e+30	-1.00000002538e+26	-1.00000001505e+30	-1.00000001505e+30	100.004302979	-	0	0	0	0	0	0	0	0	0	0	0	0	0	0	0	0	0	0	0	0	0	0	0	0	0	0	0	0	0	0	0	0	0	0	0	0	0	0	0	0	0	0	0	0	0	0	0	0	0	0	0	0	0	0	0	0	0	0	0	0
Feb 22 2023 18:07:14	-1.00000001505e+30	-1.00000001505e+30	-1.00000001505e+30	-1.00000002538e+26	-1.00000001505e+30	-1.00000001505e+30	100.00920105	-	0	0	0	0	0	0	0	0	0	0	0	0	0	0	0	0	0	0	0	0	0	0	0	0	0	0	0	0	0	0	0	0	0	0	0	0	0	0	0	0	0	0	0	0	0	0	0	0	0	0	0	0	0	0	0	0	0	0	0	0
Feb 22 2023 18:07:15	-1.00000001505e+30	-1.00000001505e+30	-1.00000001505e+30	-1.00000002538e+26	-1.00000001505e+30	-1.00000001505e+30	99.9708557129	-	0	0	0	0	0	0	0	0	0	0	0	0	0	0	0	0	0	0	0	0	0	0	0	0	0	0	0	0	0	0	0	0	0	0	0	0	0	0	0	0	0	0	0	0	0	0	0	0	0	0	0	0	0	0	0	0	0	0	0	0
Feb 22 2023 18:07:16	-1.00000001505e+30	-1.00000001505e+30	-1.00000001505e+30	-1.00000002538e+26	-1.00000001505e+30	-1.00000001505e+30	99.9711380005	-	0	0	0	0	0	0	0	0	0	0	0	0	0	0	0	0	0	0	0	0	0	0	0	0	0	0	0	0	0	0	0	0	0	0	0	0	0	0	0	0	0	0	0	0	0	0	0	0	0	0	0	0	0	0	0	0	0	0	0	0
Feb 22 2023 18:07:17	-1.00000001505e+30	-1.00000001505e+30	-1.00000001505e+30	-1.00000002538e+26	-1.00000001505e+30	-1.00000001505e+30	100.009559631	-	0	0	0	0	0	0	0	0	0	0	0	0	0	0	0	0	0	0	0	0	0	0	0	0	0	0	0	0	0	0	0	0	0	0	0	0	0	0	0	0	0	0	0	0	0	0	0	0	0	0	0	0	0	0	0	0	0	0	0	0
Feb 22 2023 18:07:18	-1.00000001505e+30	-1.00000001505e+30	-1.00000001505e+30	-1.00000002538e+26	-1.00000001505e+30	-1.00000001505e+30	100.029823303	-	0	0	0	0	0	0	0	0	0	0	0	0	0	0	0	0	0	0	0	0	0	0	0	0	0	0	0	0	0	0	0	0	0	0	0	0	0	0	0	0	0	0	0	0	0	0	0	0	0	0	0	0	0	0	0	0	0	0	0	0
