Date-Time	Dx(10)	Dx(50)	Dx(90)	Cv(%)	D[4][3]	D[3][2]	Transmission	0.10000020	0.11659167	0.13593590	0.15848963	0.18478534	0.21544389	0.25118914	0.29286504	0.34145555	0.39810795	0.46415979	0.54117060	0.63095856	0.73564368	0.85769761	1.00000191	1.16591668	1.35935903	1.58489633	1.84785342	2.15443897	2.51189137	2.92865038	3.41455555	3.98107958	4.64159775	5.41170597	6.30958605	7.35643721	8.57697582	10.00002003	11.65916729	13.59359074	15.84896278	18.47853470	21.54438972	25.11891365	29.28650284	34.14555740	39.81079483	46.41598129	54.11705780	63.09585953	73.56436920	85.76976013	100.00019836	116.59166718	135.93591309	158.48962402	184.78533936	215.44389343	251.18913269	292.86502075	341.45556641	398.10794067	464.15979004	541.17059326	630.95855713	735.64367676	857.69757080	1000.00195313
Feb 22 2023 18:03:26	1.54990327358	88.6784057617	96.3552398682	0.000195427375729	57.0852661133	7.16510534286	87.7006759644	-	0	0	0	0	0	0	0	0	0	0	0	0	0	0	0.0657509118319	1.32106053829	4.14470005035	5.171189785	3.42554450035	1.37447118759	0.365140497684	0.0715904980898	0.0131631558761	0.0039931521751	0.00414949236438	0.014600077644	0.0843165069818	0.447945058346	1.72533297539	4.4315571785	7.31470298767	7.26917552948	3.80004572868	0.769080638885	0.0232633128762	4.00922264138e-12	0	0	0	0	0	0	0	0	58.1592254639	0	0	0	0	0	0	0	0	0	0	0	0	0	0	0
Feb 22 2023 18:03:27	6.47072267532	90.6011886597	97.0525970459	0.000365933257854	68.9591522217	11.0499887466	85.7767333984	-	0	0	0	0	0	0	0	0	0	0	0	0	0	0	0	0	0	8.21647167206	0	0	0	0	0	0	0	0	0	13.8644294739	4.76383543015	0.276091873646	0.00593441771343	5.37769483344e-05	1.97332752805e-07	2.37020209015e-10	3.61839938979e-14	0	0	0	0	0	0	0	0	0	72.8731842041	0	0	0	0	0	0	0	0	0	0	0	0	0	0	0
Feb 22 2023 18:03:28	-1.00000001505e+30	-1.00000001505e+30	-1.00000001505e+30	-1.00000002538e+26	-1.00000001505e+30	-1.00000001505e+30	99.0270385742	-	0	0	0	0	0	0	0	0	0	0	0	0	0	0	0	0	0	0	0	0	0	0	0	0	0	0	0	0	0	0	0	0	0	0	0	0	0	0	0	0	0	0	0	0	0	0	0	0	0	0	0	0	0	0	0	0	0	0	0	0
Feb 22 2023 18:03:29	6.28691577911	90.6539001465	97.0721740723	0.000267897470621	69.3233184814	10.1933269501	88.2369537354	-	0	0	0	0	0	0	0	0	0	0	0	0	0	0	0	0	0	9.78248310089	0	0	0	0	0	0	0	0	0	11.2698297501	5.53429794312	0.0207646284252	2.32930306083e-05	9.55399848124e-09	1.3871782412e-12	5.8299113855e-17	2.8280840157e-22	0	0	0	0	0	0	0	0	0	73.3926010132	0	0	0	0	0	0	0	0	0	0	0	0	0	0	0
Feb 22 2023 18:03:30	6.56608581543	90.7998275757	97.1263504028	0.000432921486208	70.7033538818	11.6055831909	84.0688323975	-	0	0	0	0	0	0	0	0	0	0	0	0	0	0	0	0	0	7.98267650604	6.9807502064e-14	0	0	0	0	0	0	0	0	10.2794771194	6.64814090729	0.218230649829	0.00298080779612	1.99698970391e-05	6.45383266829e-08	8.70828201216e-11	2.63903702629e-14	0	0	0	0	0	0	0	0	0	74.8684768677	0	0	0	0	0	0	0	0	0	0	0	0	0	0	0
Feb 22 2023 18:03:31	6.6138381958	90.5115203857	97.0192642212	0.000580380379688	68.401184082	10.7567777634	77.5109710693	-	0	0	0	0	0	0	0	0	0	0	0	0	0	0	0	0	0	9.11343765259	0	0	0	0	0	0	0	0	0	4.58134841919	7.51912021637	4.58458089828	1.70427596569	0.41770619154	0.0671468228102	0.00657453294843	0.000289569608867	0	0	0	0	0	0	0	0	0	72.0055236816	0	0	0	0	0	0	0	0	0	0	0	0	0	0	0
Feb 22 2023 18:03:32	6.51899147034	90.6210632324	97.0599746704	0.000595937133767	69.1636047363	10.7993030548	77.1588821411	-	0	0	0	0	0	0	0	0	0	0	0	0	0	0	0	0	0	8.89444732666	0	0	0	0	0	0	0	0	0	8.14571857452	8.34687232971	1.41658806801	0.12196149677	0.00608113361523	0.000173915483174	2.53481903201e-06	1.12941078712e-08	0	0	0	0	0	0	0	0	0	73.0681533813	0	0	0	0	0	0	0	0	0	0	0	0	0	0	0
Feb 22 2023 18:03:33	1.57189428806	89.736114502	96.7301635742	0.000499690882862	63.2480773926	7.87874555588	73.3798370361	-	0	0	0	0	0	0	0	0	0	0	0	0	0	0	0.000273884012131	0.19388268888	3.03127813339	7.16993904114	4.50281429291	0.90814101696	0.0587316341698	0.000984604004771	2.32922002397e-06	1.53054319219e-10	5.18507310233e-19	3.08924076646e-31	2.06696530551e-13	1.25941085116e-07	0.00032622955041	0.0552054829895	1.46254909039	7.93873500824	8.3285074234	1.08988142014	0.00402624486014	6.96810144307e-12	0	0	0	0	0	0	0	0	65.2547225952	0	0	0	0	0	0	0	0	0	0	0	0	0	0	0
Feb 22 2023 18:03:34	1.5121409893	89.9396438599	96.8061981201	0.000419108197093	64.2910614014	7.35511922836	75.0252456665	-	0	0	0	0	0	0	0	0	0	0	0	0	0	0	2.78652425595e-16	1.50796477101e-05	0.511402130127	14.2687129974	2.65460991859	0.00661430740729	2.14339721083e-07	3.87355620669e-14	3.47669973036e-24	2.00105420706e-40	0	0	0	1.311800863e-27	3.62269723497e-15	4.05597148756e-07	0.0432953871787	10.9894733429	4.6190404892	0.000427800259786	5.82039155574e-15	0	0	0	0	0	0	0	0	0	66.9064102173	0	0	0	0	0	0	0	0	0	0	0	0	0	0	0
Feb 22 2023 18:03:35	6.20613479614	90.2816543579	96.9337310791	0.000599672144745	66.6385345459	10.8206233978	77.3692092896	-	0	0	0	0	0	0	0	0	0	0	0	0	0	0	0	0	0	8.48435497284	0	0	0	0	0	0	0	0	1.87425684929	5.4934463501	6.21941232681	4.53250837326	2.35199356079	0.888222157955	0.239705383778	0.0429986640811	0.00387541507371	0	0	0	0	0	0	0	0	0	69.8692245483	0	0	0	0	0	0	0	0	0	0	0	0	0	0	0
Feb 22 2023 18:03:36	7.94185638428	90.6734619141	97.0794372559	0.000824159418698	70.062171936	13.1849966049	75.1273117065	-	0	0	0	0	0	0	0	0	0	0	0	0	0	0	0	0	0	6.78099155426	0	0	0	0	0	0	0	0	0	0	7.72381353378	7.30562210083	3.44765925407	0.971025884151	0.166497915983	0.0164448115975	0.000754870066885	0	0	0	0	0	0	0	0	0	73.5871963501	0	0	0	0	0	0	0	0	0	0	0	0	0	0	0
Feb 22 2023 18:03:37	7.62626409531	90.3120346069	96.9450454712	0.000752114923671	67.2258758545	11.4404888153	73.4669113159	-	0	0	0	0	0	0	0	0	0	0	0	0	0	0	0	0	0	8.45670795441	8.38542993722e-13	0	0	0	0	0	0	0	0	0.724531829357	5.04730033875	6.59234666824	5.12074708939	2.68415403366	0.967480778694	0.230729982257	0.0310638211668	0.000380352634238	0	0	0	0	0	0	0	0	70.1445617676	0	0	0	0	0	0	0	0	0	0	0	0	0	0	0
Feb 22 2023 18:03:38	6.95821619034	89.8503189087	96.7728424072	0.000591847696342	64.0032501221	10.6598873138	77.0985565186	-	0	0	0	0	0	0	0	0	0	0	0	0	0	0	0	0	0	9.02472305298	0	0	0	0	0	0	0	0	0	2.00274038315	4.66278982162	5.95047855377	5.43212461472	3.76908183098	1.99778020382	0.779750227928	0.196394652128	0.0122961485758	0	0	0	0	0	0	0	0	66.1718444824	0	0	0	0	0	0	0	0	0	0	0	0	0	0	0
Feb 22 2023 18:03:39	1.58969163895	90.2481613159	96.921257019	0.000374827824999	66.6969985962	10.3461828232	83.998374939	-	0	0	0	0	0	0	0	0	0	0	0	0	0	0	0	0	0	10.133231163	0	0	0	0	0	0	0	0	0	0	3.52401447296	6.26647567749	5.74221563339	3.26986861229	1.19417500496	0.269726574421	0.0319728590548	0.000241536443355	0	0	0	0	0	0	0	0	69.5680770874	0	0	0	0	0	0	0	0	0	0	0	0	0	0	0
Feb 22 2023 18:03:40	7.37009239197	90.0746917725	96.8565979004	0.000534190621693	65.7089691162	10.5168199539	78.3356399536	-	0	0	0	0	0	0	0	0	0	0	0	0	0	0	0	0	0	9.95211410522	0	0	0	0	0	0	0	0	0	0	2.1505947113	4.71337604523	5.86496734619	4.92813062668	2.89119982719	1.15480017662	0.27869656682	0.0190107356757	0	0	0	0	0	0	0	0	68.0471038818	0	0	0	0	0	0	0	0	0	0	0	0	0	0	0
Feb 22 2023 18:03:41	1.59572839737	90.0340881348	96.8414535522	0.000626794411801	65.4133834839	10.4453601837	74.9499282837	-	0	0	0	0	0	0	0	0	0	0	0	0	0	0	0	0	0	10.007352829	1.17077910409e-13	0	0	0	0	0	0	0	0	0.0847351253033	2.08145880699	4.72033977509	6.06028699875	5.10615348816	2.90365004539	1.08493030071	0.236491367221	0.0142993461341	0	0	0	0	0	0	0	0	67.700302124	0	0	0	0	0	0	0	0	0	0	0	0	0	0	0
Feb 22 2023 18:03:42	1.63391435146	89.0975799561	96.4908599854	0.000682705664076	59.3954200745	7.24827718735	64.5388717651	-	0	0	0	0	0	0	0	0	0	0	0	0	0	0	0.314430832863	1.59899628162	3.21286439896	4.07503461838	3.74591493607	2.61984992027	1.39909744263	0.546245574951	0.137831032276	0.0168321076781	0.000519010587595	4.71247149108e-05	0.00345202861354	0.0631618499756	0.404753267765	1.41838550568	3.25967860222	5.22450447083	5.7961473465	4.10300683975	1.4385176897	0.07718282938	0	0	0	0	0	0	0	6.51263516111e-15	60.543548584	0	0	0	0	0	0	0	0	0	0	0	0	0	0	0
Feb 22 2023 18:03:43	1.57202398777	89.3965454102	96.6030426025	0.000445698766271	60.9570617676	7.31840848923	74.5903930664	-	0	0	0	0	0	0	0	0	0	0	0	0	0	0	0.00251933722757	0.37994736433	3.26213765144	6.73062133789	5.11194515228	1.66758000851	0.239115089178	0.0136209959164	0.00023474288173	7.95900746198e-07	8.55972404068e-10	2.97039226549e-10	2.56234812923e-07	0.00014743374777	0.0149230854586	0.371436297894	2.9667994976	8.1882390976	7.05864191055	1.3106110096	0.0156386438757	4.01548488904e-10	0	0	0	0	0	0	0	0	62.6658363342	0	0	0	0	0	0	0	0	0	0	0	0	0	0	0
Feb 22 2023 18:03:44	1.54249191284	90.2193832397	96.9105377197	0.000459238624899	66.0540084839	9.33558273315	78.8558120728	-	0	0	0	0	0	0	0	0	0	0	0	0	0	0	0	0	0	11.2594985962	0	0	0	0	0	0	0	0	0	3.79407072067	6.67143964767	5.31166410446	2.61059355736	0.841319441795	0.176410615444	0.022412089631	0.00130245229229	0	0	0	0	0	0	0	0	0	69.3112945557	0	0	0	0	0	0	0	0	0	0	0	0	0	0	0
Feb 22 2023 18:03:45	1.58651006222	90.0209197998	96.8365402222	0.000601735839155	64.9440231323	9.93276596069	74.9189376831	-	0	0	0	0	0	0	0	0	0	0	0	0	0	0	0	0	0	10.2010555267	1.30055742651e-13	0	0	0	0	0	0	0	0.549607098103	2.76735377312	4.6162981987	5.12970590591	4.29417181015	2.79812049866	1.41031169891	0.523800194263	0.120617032051	0.000428912200732	0	0	0	0	0	0	0	0	67.5885314941	0	0	0	0	0	0	0	0	0	0	0	0	0	0	0
Feb 22 2023 18:03:46	7.27916002274	90.3311767578	96.9521713257	0.000380191806471	67.2925109863	10.8983659744	84.7338104248	-	0	0	0	0	0	0	0	0	0	0	0	0	0	0	0	0	0	9.21952533722	0	0	0	0	0	0	0	0	0	0.934896588326	4.55298089981	6.36320400238	5.06994009018	2.54936408997	0.816706299782	0.158683642745	0.0155500648543	0	0	0	0	0	0	0	0	0	70.3191452026	0	0	0	0	0	0	0	0	0	0	0	0	0	0	0
Feb 22 2023 18:03:47	7.60493469238	89.8347167969	96.7670135498	0.000517593114637	64.3579101563	11.1579332352	80.3432998657	-	0	0	0	0	0	0	0	0	0	0	0	0	0	0	0	0	0	8.86564731598	7.32659443639e-14	0	0	0	0	0	0	0	0	0.765317678452	2.41690158844	4.11349964142	5.13960456848	5.05433130264	3.95853376389	2.40748167038	1.03480732441	0.19882877171	0	0	0	0	0	0	0	0	66.0450439453	0	0	0	0	0	0	0	0	0	0	0	0	0	0	0
Feb 22 2023 18:03:48	1.61315822601	89.1887283325	96.5250854492	0.000338249374181	60.0274124146	7.59115839005	80.9557342529	-	0	0	0	0	0	0	0	0	0	0	0	0	0	0	0.0478184707463	0.960751831532	3.38300395012	5.05235433578	4.15740203857	2.07154369354	0.633641660213	0.111608698964	0.00945912953466	0.000272798992228	2.21506184062e-06	3.07181323933e-07	3.3908218029e-05	0.00300457514822	0.0722385346889	0.664658308029	2.92884159088	6.68973255157	7.70366096497	3.82196521759	0.509893596172	0.00216413801536	0	0	0	0	0	0	0	0	61.1759490967	0	0	0	0	0	0	0	0	0	0	0	0	0	0	0
Feb 22 2023 18:03:49	1.64102685452	87.9813461304	96.2381591797	0.000655518728308	56.0373344421	7.1103925705	65.40234375	-	0	0	0	0	0	0	0	0	0	0	0	0	0	0	0.286106556654	1.5491104126	3.18300843239	4.06877660751	3.75697565079	2.65852165222	1.47064983845	0.630119204521	0.202405691147	0.048740785569	0.0119439428672	0.00859149359167	0.028601758182	0.144069090486	0.581205248833	1.69633924961	3.63735079765	5.76381731033	6.58302211761	5.03346824646	2.13894629478	0.273788481951	0	0	0	0	0	0	0	0	56.2444381714	0	0	0	0	0	0	0	0	0	0	0	0	0	0	0
Feb 22 2023 18:03:50	1.54991328716	89.3880615234	96.599861145	0.000491954095196	61.4600791931	9.5356426239	77.9760513306	-	0	0	0	0	0	0	0	0	0	0	0	0	0	0	0	0	0	11.0636768341	8.69846119504e-14	0	0	0	0	0	0	0	0.103931233287	0.997153878212	2.342243433	3.76067447662	4.77360057831	4.99699878693	4.33307123184	3.03382062912	1.57467460632	0.416491925716	0	0	0	0	0	0	0	0	62.6036643982	0	0	0	0	0	0	0	0	0	0	0	0	0	0	0
Feb 22 2023 18:03:51	1.61271452904	89.1117401123	96.4961776733	0.000554117606953	59.5562210083	7.42883872986	70.3272094727	-	0	0	0	0	0	0	0	0	0	0	0	0	0	0	0.0842487514019	1.13503456116	3.39789438248	4.85015201569	4.13849401474	2.29041433334	0.831871032715	0.187514156103	0.0224059615284	0.001037864713	1.45108842844e-05	1.96298969968e-06	0.000131094595417	0.00708880927414	0.116993717849	0.822907984257	3.03574728966	6.32539701462	7.29213857651	4.07343482971	0.738872587681	0.0072323824279	0	0	0	0	0	0	0	0	60.6409721375	0	0	0	0	0	0	0	0	0	0	0	0	0	0	0
Feb 22 2023 18:03:52	7.43472909927	90.6655197144	97.0764923096	0.00098191993311	69.6388397217	11.1168708801	65.9641113281	-	0	0	0	0	0	0	0	0	0	0	0	0	0	0	0	0	0	8.83194541931	0	0	0	0	0	0	0	0	0	0	15.6137313843	1.91401052475	0.126836448908	0.00528138084337	0.000137335184263	2.01964667212e-06	1.13520135514e-08	0	0	0	0	0	0	0	0	0	73.5080566406	0	0	0	0	0	0	0	0	0	0	0	0	0	0	0
Feb 22 2023 18:03:53	7.64447116852	90.5478973389	97.0327911377	0.0011252197437	68.9465179443	11.4247207642	62.741394043	-	0	0	0	0	0	0	0	0	0	0	0	0	0	0	0	0	0	8.71409225464	1.60362445979e-12	0	0	0	0	0	0	0	0	0.26010799408	5.92896318436	6.66327095032	4.06889295578	1.5634663105	0.384418010712	0.057440187782	0.00423688534647	0	0	0	0	0	0	0	0	0	72.3551101685	0	0	0	0	0	0	0	0	0	0	0	0	0	0	0
Feb 22 2023 18:03:54	6.71567153931	90.4408416748	96.992980957	0.00103394920006	67.924369812	10.7010354996	63.2643814087	-	0	0	0	0	0	0	0	0	0	0	0	0	0	0	0	0	0	9.28885650635	0	0	0	0	0	0	0	0	0	2.96667718887	6.69027423859	5.65941333771	2.87607622147	0.950645685196	0.204164624214	0.0267475619912	0.00168058741838	0	0	0	0	0	0	0	0	0	71.3354644775	0	0	0	0	0	0	0	0	0	0	0	0	0	0	0
Feb 22 2023 18:03:55	1.57324099541	88.9864807129	96.4491119385	0.000709369895048	58.6139602661	6.89468240738	61.3425750732	-	0	0	0	0	0	0	0	0	0	0	0	0	0	0	0.00458964379504	0.441991388798	3.23411631584	6.6629858017	5.72629117966	2.38571453094	0.500879824162	0.0500516854227	0.00200348510407	2.50817320193e-05	1.29096932255e-07	1.05259090333e-08	6.17135754055e-07	0.000145812591654	0.0111287599429	0.25761911273	2.1737177372	7.15966796875	8.6012544632	2.87931013107	0.119168460369	8.50344258652e-06	0	0	0	0	0	0	0	0	59.7893295288	0	0	0	0	0	0	0	0	0	0	0	0	0	0	0
Feb 22 2023 18:03:56	1.56504976749	89.2694625854	96.5553894043	0.000796222593635	60.1295661926	6.98179244995	57.8332176208	-	0	0	0	0	0	0	0	0	0	0	0	0	0	0	0.000255016988376	0.164157450199	2.77318549156	7.74873876572	6.20086193085	1.74277484417	0.17908257246	0.00601654825732	4.79876507598e-05	5.20903817858e-08	7.34427536148e-12	1.052512366e-13	2.59935767355e-10	1.58414650286e-06	0.0009628139087	0.0855778902769	1.65693223476	7.95253801346	8.47504806519	1.26149976254	0.00565109169111	1.62773689926e-12	0	0	0	0	0	0	0	0	61.7466697693	0	0	0	0	0	0	0	0	0	0	0	0	0	0	0
Feb 22 2023 18:03:57	1.62567126751	88.1221389771	96.2618637085	0.000629977323115	55.8364944458	6.45453834534	64.2565155029	-	0	0	0	0	0	0	0	0	0	0	0	0	0	0	0.886632502079	2.06121921539	3.00084877014	3.47003388405	3.42369794846	2.96360731125	2.26890826225	1.52372729778	0.874882638454	0.41774687171	0.181216150522	0.129008412361	0.246679335833	0.606926739216	1.2777569294	2.22080683708	3.25831818581	4.07056713104	4.27533054352	3.60555720329	2.13683438301	0.477544605732	0	0	0	0	0	0	0	0	56.6221466064	0	0	0	0	0	0	0	0	0	0	0	0	0	0	0
Feb 22 2023 18:03:58	1.55300486088	89.2163314819	96.535446167	0.000536082836334	59.7922935486	6.99454689026	69.0671386719	-	0	0	0	0	0	0	0	0	0	0	0	0	0	0	0.00261812284589	0.400201737881	3.45478987694	7.11165046692	5.34887838364	1.71644818783	0.240943133831	0.0134404934943	0.00023190776119	8.97621191598e-07	1.96633220817e-09	1.61563207257e-09	8.36027879814e-07	0.000302906002617	0.0234513282776	0.490069448948	3.4440100193	8.56691932678	6.70143985748	1.10445427895	0.0102065661922	2.54894933285e-12	0	0	0	0	0	0	0	0	61.3699417114	0	0	0	0	0	0	0	0	0	0	0	0	0	0	0
Feb 22 2023 18:03:59	1.49030411243	89.9096069336	96.7949905396	0.000371275556972	64.1278076172	7.51280546188	77.743057251	-	0	0	0	0	0	0	0	0	0	0	0	0	0	0	1.34741997436e-27	2.24815810412e-09	0.0858171582222	16.0252189636	0.5162281394	9.17707802728e-06	8.04532831957e-14	7.04191478188e-26	0	0	0	0	0	0	5.88153046562e-25	1.06545657713e-11	0.0019475275185	14.5413007736	2.17180538177	1.84323383223e-07	2.22750268621e-26	0	0	0	0	0	0	0	0	0	66.6576766968	0	0	0	0	0	0	0	0	0	0	0	0	0	0	0
Feb 22 2023 18:04:00	1.5459446907	89.2961959839	96.5654144287	0.000167172998772	60.3680534363	7.09197473526	89.1609954834	-	0	0	0	0	0	0	0	0	0	0	0	0	0	0	0.00155490846373	0.353930771351	3.50465703011	7.34694004059	5.17630720139	1.43285512924	0.155764609575	0.00560568319634	4.09832209698e-05	1.66683911118e-08	3.29811399782e-15	1.49789839539e-23	6.37163516393e-11	3.40190695169e-06	0.00214918609709	0.143801301718	2.07560634613	8.08957099915	8.20196914673	1.5531989336	0.0181307997555	1.06981579151e-08	0	0	0	0	0	0	0	0	61.9379119873	0	0	0	0	0	0	0	0	0	0	0	0	0	0	0
Feb 22 2023 18:04:01	6.79622364044	90.2802352905	96.9332046509	0.000354289950337	66.724822998	10.921330452	85.9540863037	-	0	0	0	0	0	0	0	0	0	0	0	0	0	0	0	0	0	8.65105628967	2.51532362918e-14	0	0	0	0	0	0	0	0	3.92723727226	7.05194330215	5.98655700684	3.1540825367	1.09058272839	0.245874866843	0.0339457653463	0.00228585232981	0	0	0	0	0	0	0	0	0	69.8564376831	0	0	0	0	0	0	0	0	0	0	0	0	0	0	0
Feb 22 2023 18:04:02	6.9236330986	90.2959823608	96.9390640259	0.000441712647444	66.870262146	10.8829774857	82.6749649048	-	0	0	0	0	0	0	0	0	0	0	0	0	0	0	0	0	0	8.82943630219	0	0	0	0	0	0	0	0	0	2.77221989632	6.99636268616	6.38448953629	3.47292304039	1.22382676601	0.279919296503	0.0392567329109	0.00273634586483	0	0	0	0	0	0	0	0	0	69.9988327026	0	0	0	0	0	0	0	0	0	0	0	0	0	0	0
Feb 22 2023 18:04:03	7.08862018585	90.357170105	96.9618453979	0.000464515207568	67.4004516602	10.8073034286	81.5655517578	-	0	0	0	0	0	0	0	0	0	0	0	0	0	0	0	0	0	9.23641109467	0	0	0	0	0	0	0	0	0	1.43503570557	5.66243028641	6.47361564636	4.26958084106	1.7949616909	0.484414160252	0.079523473978	0.00647636689246	0	0	0	0	0	0	0	0	0	70.5575561523	0	0	0	0	0	0	0	0	0	0	0	0	0	0	0
Feb 22 2023 18:04:04	1.59564602375	88.6989212036	96.3586730957	0.000594581186306	57.4317207336	6.8302116394	66.6594238281	-	0	0	0	0	0	0	0	0	0	0	0	0	0	0	0.148911908269	1.33032333851	3.44523143768	4.85733127594	4.50469017029	2.95413851738	1.39534628391	0.46131336689	0.097896464169	0.0116803506389	0.00084622844588	0.000208975659916	0.00152649497613	0.0235290005803	0.20449770987	0.987692654133	2.9384226799	5.62172079086	6.77476167679	4.63622903824	1.33753716946	0.0488464646041	0	0	0	0	0	0	0	0	58.2173156738	0	0	0	0	0	0	0	0	0	0	0	0	0	0	0
Feb 22 2023 18:04:05	1.54747498035	89.5826568604	96.6727523804	0.000845654751174	62.4028511047	9.46084213257	64.989982605	-	0	0	0	0	0	0	0	0	0	0	0	0	0	0	0	0	0	11.1271562576	0	0	0	0	0	0	0	0	0.323120415211	1.42537462711	2.88902163506	4.18308544159	4.80576276779	4.52174186707	3.47954249382	2.11779761314	0.91406583786	0.15333995223	0	0	0	0	0	0	0	0	64.0599899292	0	0	0	0	0	0	0	0	0	0	0	0	0	0	0
Feb 22 2023 18:04:06	7.63296556473	90.8237380981	97.1352157593	0.000782480638009	71.1162643433	12.2365751266	74.1903152466	-	0	0	0	0	0	0	0	0	0	0	0	0	0	0	0	0	0	7.80030202866	0	0	0	0	0	0	0	0	0	0	11.7123975754	4.88714361191	0.469734787941	0.0145257804543	0.000146199396113	3.96953936388e-07	1.22373916556e-10	0	0	0	0	0	0	0	0	0	75.1157455444	0	0	0	0	0	0	0	0	0	0	0	0	0	0	0
Feb 22 2023 18:04:07	1.58333301544	90.173828125	96.8935546875	0.000657570024487	66.2082595825	10.2377128601	73.3838043213	-	0	0	0	0	0	0	0	0	0	0	0	0	0	0	0	0	0	10.2698307037	0	0	0	0	0	0	0	0	0	0.603618443012	3.14581680298	5.28567695618	5.44496679306	3.80780744553	1.83533072472	0.587610602379	0.107884861529	0.00303029082716	0	0	0	0	0	0	0	0	68.9084243774	0	0	0	0	0	0	0	0	0	0	0	0	0	0	0
Feb 22 2023 18:04:08	1.57479727268	89.9273529053	96.801612854	0.000533287180588	64.3745956421	9.79648303986	77.0784301758	-	0	0	0	0	0	0	0	0	0	0	0	0	0	0	0	0	0	10.4600067139	9.00238705196e-13	0	0	0	0	0	0	0	0.598499715328	2.38255310059	4.06672000885	4.84575366974	4.47993373871	3.30824112892	1.93887090683	0.861373841763	0.247134596109	0.00651375763118	0	0	0	0	0	0	0	0	66.804397583	0	0	0	0	0	0	0	0	0	0	0	0	0	0	0
Feb 22 2023 18:04:09	1.57391476631	90.0814437866	96.8591156006	0.000652860559057	65.4613265991	9.95651245117	72.9538879395	-	0	0	0	0	0	0	0	0	0	0	0	0	0	0	0	0	0	10.4801330566	0	0	0	0	0	0	0	0	0	1.63443851471	3.88643789291	5.20450162888	4.87225437164	3.3603951931	1.70886325836	0.613100886345	0.132158428431	0.00257148803212	0	0	0	0	0	0	0	0	68.105140686	0	0	0	0	0	0	0	0	0	0	0	0	0	0	0
Feb 22 2023 18:04:10	7.46727132797	90.4778594971	97.0067520142	0.000954933231696	68.362121582	10.7242536545	65.210357666	-	0	0	0	0	0	0	0	0	0	0	0	0	0	0	0	0	0	9.69993877411	3.56896857987e-13	0	0	0	0	0	0	0	0	0	4.54234695435	6.86872005463	4.77431774139	1.91073656082	0.45418971777	0.0610546953976	0.00378228910267	0	0	0	0	0	0	0	0	0	71.6849136353	0	0	0	0	0	0	0	0	0	0	0	0	0	0	0
Feb 22 2023 18:04:11	1.62690508366	87.7609481812	96.2009735107	0.000432742439443	55.4626121521	6.92552423477	75.0024185181	-	0	0	0	0	0	0	0	0	0	0	0	0	0	0	0.32818081975	1.63775610924	3.246778965	4.0957608223	3.79299712181	2.73169159889	1.56339979172	0.708910286427	0.250410437584	0.0712924078107	0.0227581225336	0.019131924957	0.0539313070476	0.216427370906	0.738480985165	1.91973912716	3.79862523079	5.70433139801	6.3164024353	4.7865486145	2.06281852722	0.271636456251	0	0	0	0	0	0	0	0	55.6619873047	0	0	0	0	0	0	0	0	0	0	0	0	0	0	0
Feb 22 2023 18:04:12	1.59254348278	87.5733184814	96.1692581177	0.000370537862182	55.1492195129	6.79525613785	77.57371521	-	0	0	0	0	0	0	0	0	0	0	0	0	0	0	0.13628052175	1.31773662567	3.4884929657	4.90255308151	4.46553325653	2.84951663017	1.30365467072	0.418589174747	0.0879956558347	0.0111476471648	0.00103847344872	0.000336117198458	0.00181465933565	0.0229275152087	0.193304985762	0.960959136486	2.99495649338	6.04067659378	7.73461151123	5.7620344162	1.98217225075	0.149229511619	0	0	0	0	0	0	0	0	55.1744384766	0	0	0	0	0	0	0	0	0	0	0	0	0	0	0
Feb 22 2023 18:04:13	7.62350988388	90.4217376709	96.9858779907	0.000576126796659	68.0119400024	11.1891241074	78.3249282837	-	0	0	0	0	0	0	0	0	0	0	0	0	0	0	0	0	0	8.96768951416	0	0	0	0	0	0	0	0	0	0.339419305325	4.63868427277	6.55943441391	5.03997135162	2.41608405113	0.734843552113	0.135083094239	0.0123732080683	0	0	0	0	0	0	0	0	0	71.1564178467	0	0	0	0	0	0	0	0	0	0	0	0	0	0	0
Feb 22 2023 18:04:14	6.94932413101	89.8452835083	96.7709655762	0.000602535496	64.1907348633	10.619348526	76.4168167114	-	0	0	0	0	0	0	0	0	0	0	0	0	0	0	0	0	0	9.43012142181	1.6016735464e-12	0	0	0	0	0	0	0	0	1.2099531889	3.08677601814	4.69065666199	5.27447748184	4.63360452652	3.19693613052	1.67698633671	0.596424162388	0.0731906592846	0	0	0	0	0	0	0	0	66.1308670044	0	0	0	0	0	0	0	0	0	0	0	0	0	0	0
Feb 22 2023 18:04:15	1.52870357037	89.772064209	96.743598938	0.000441615033196	63.4201622009	9.11474132538	78.9631729126	-	0	0	0	0	0	0	0	0	0	0	0	0	0	0	0	0	0	11.9255685806	0	0	0	0	0	0	0	0	0.0525607131422	1.37059009075	3.06464147568	4.38556671143	4.75938749313	4.0966925621	2.79887700081	1.46009159088	0.506689488888	0.0385443381965	0	0	0	0	0	0	0	0	65.5407867432	0	0	0	0	0	0	0	0	0	0	0	0	0	0	0
Feb 22 2023 18:04:16	1.50583720207	89.9775619507	96.8203582764	0.000507117365487	64.6248016357	7.78559064865	71.7702713013	-	0	0	0	0	0	0	0	0	0	0	0	0	0	0	0	0	5.10230944066e-25	15.8090782166	6.5086019907e-11	0	0	0	0	0	0	0	0	0	0	0	3.50376455784e-34	16.9679050446	1.18127270118e-11	0	0	0	0	0	0	0	0	0	0	0	67.2230148315	0	0	0	0	0	0	0	0	0	0	0	0	0	0	0
Feb 22 2023 18:04:17	1.59505486488	89.6390609741	96.693862915	0.000383907434298	62.9801597595	10.1923828125	83.5523910522	-	0	0	0	0	0	0	0	0	0	0	0	0	0	0	0	0	0	10.0212182999	0	0	0	0	0	0	0	0	0.381738096476	1.29036426544	2.554936409	3.81121182442	4.62794494629	4.68498897552	3.93776416779	2.65573072433	1.28960072994	0.250292301178	0	0	0	0	0	0	0	0	64.4942092896	0	0	0	0	0	0	0	0	0	0	0	0	0	0	0
Feb 22 2023 18:04:18	7.84667158127	90.3541412354	96.960723877	0.000593578733969	67.6591644287	11.1935300827	77.6508026123	-	0	0	0	0	0	0	0	0	0	0	0	0	0	0	0	0	0	9.13045215607	2.47677617619e-14	0	0	0	0	0	0	0	0	0.0142111387104	2.98070383072	5.46979427338	5.64314174652	3.83801937103	1.76803529263	0.533300459385	0.090665474534	0.00197920762002	0	0	0	0	0	0	0	0	70.5297012329	0	0	0	0	0	0	0	0	0	0	0	0	0	0	0
Feb 22 2023 18:04:19	1.57104289532	87.6910476685	96.189163208	0.000541270244867	55.1582336426	6.57321739197	68.0598754883	-	0	0	0	0	0	0	0	0	0	0	0	0	0	0	0.168394431472	1.45595169067	3.65704226494	5.01286745071	4.53449392319	2.91543292999	1.36337602139	0.455936521292	0.103238210082	0.0152899781242	0.00206921133213	0.00113934616093	0.0058597647585	0.0529983602464	0.338689029217	1.3671028614	3.61305880547	6.33746528625	7.13720083237	4.63576030731	1.2971868515	0.0499591939151	0	0	0	0	0	0	0	0	55.4794845581	0	0	0	0	0	0	0	0	0	0	0	0	0	0	0
Feb 22 2023 18:04:20	1.75515031815	88.5191726685	96.3285598755	0.000368641718524	57.5693473816	7.72917032242	80.5791702271	-	0	0	0	0	0	0	0	0	0	0	0	0	0	0	0.463623285294	1.56017112732	2.64827036858	3.21781373024	3.10570216179	2.47326254845	1.63517951965	0.875666022301	0.353037893772	0.0908831879497	0.0106459092349	0.000994892208837	0.0103259691969	0.110688783228	0.519331395626	1.49745643139	3.10186004639	4.90166854858	5.96655893326	5.41802406311	3.31656885147	1.00072109699	0.00976545456797	0	0	0	0	0	0	0	57.7117805481	0	0	0	0	0	0	0	0	0	0	0	0	0	0	0
Feb 22 2023 18:04:21	1.86497890949	88.7481918335	96.3669204712	0.000307013688143	58.0621490479	8.15759372711	84.4618988037	-	0	0	0	0	0	0	0	0	0	0	0	0	0	0	0.615411281586	1.57944655418	2.363540411	2.71191716194	2.58697891235	2.1123290062	1.48281812668	0.878342449665	0.41737729311	0.146729156375	0.0417448394001	0.0353592634201	0.132122397423	0.46564283967	1.18845534325	2.33882474899	3.73753523827	4.94582891464	5.38585710526	4.65501880646	2.89238524437	0.929082453251	0	0	0	0	0	0	5.72010033137e-40	1.30067397824e-13	58.3572502136	0	0	0	0	0	0	0	0	0	0	0	0	0	0	0
Feb 22 2023 18:04:22	1.56293475628	89.2021102905	96.5301132202	0.00044082448585	60.7905807495	9.82442951202	80.5570373535	-	0	0	0	0	0	0	0	0	0	0	0	0	0	0	0	0	0	10.738155365	4.51763626508e-13	0	0	0	0	0	0	0	0.0501018129289	0.611847519875	1.60150122643	2.88522458076	4.16404771805	5.03662204742	5.14818429947	4.369764328	2.90083217621	1.22386491299	0	0	0	0	0	0	0	0	61.2698554993	0	0	0	0	0	0	0	0	0	0	0	0	0	0	0
Feb 22 2023 18:04:23	1.55545508862	89.192276001	96.5264205933	0.000331405753968	60.180267334	7.89838504791	81.4410552979	-	0	0	0	0	0	0	0	0	0	0	0	0	0	0	3.64068841918e-06	0.0507221668959	2.58874392509	8.35667133331	3.95932126045	0.372314095497	0.00723674101755	2.35417519434e-05	7.11079728433e-09	6.39986382032e-14	1.00232600984e-20	3.13250827893e-23	1.46256173151e-16	2.34824409917e-10	5.68673704038e-06	0.00635509705171	0.670945227146	8.66769218445	12.7620668411	1.35438799858	0.00268370262347	3.93105326069e-10	0	0	0	0	0	0	0	0	61.2008285522	0	0	0	0	0	0	0	0	0	0	0	0	0	0	0
Feb 22 2023 18:04:24	1.59357893467	89.6026611328	96.6802368164	0.000385722640203	62.9522285461	10.3119163513	83.5930709839	-	0	0	0	0	0	0	0	0	0	0	0	0	0	0	0	0	0	10.0517597198	0	0	0	0	0	0	0	0	0.00537767075002	0.774263679981	2.00344729424	3.40022182465	4.52423667908	4.95344877243	4.49169540405	3.29144597054	1.79120445251	0.499562174082	0	0	0	0	0	0	0	0	64.2133331299	0	0	0	0	0	0	0	0	0	0	0	0	0	0	0
Feb 22 2023 18:04:25	1.59041059017	89.3510818481	96.5859985352	0.000457818154246	61.8167800903	10.3417339325	80.8445892334	-	0	0	0	0	0	0	0	0	0	0	0	0	0	0	0	0	0	10.1180486679	0	0	0	0	0	0	0	0	0.0499013885856	0.484666585922	1.32089304924	2.50336813927	3.80228042603	4.83497524261	5.19079685211	4.62931203842	3.24438762665	1.48732209206	0	0	0	0	0	0	0	0	62.3340492249	0	0	0	0	0	0	0	0	0	0	0	0	0	0	0
Feb 22 2023 18:04:26	1.51265716553	88.999130249	96.4538650513	0.000655009702314	59.6621208191	8.57768154144	68.5197906494	-	0	0	0	0	0	0	0	0	0	0	0	0	0	0	0	0	0	13.2938308716	5.88338370196e-15	0	0	0	0	0	0	0	0.0385920293629	0.333650916815	0.976879537106	1.98404812813	3.22691011429	4.40437936783	5.09906387329	4.93754196167	3.79759788513	1.96016097069	0.0730678662658	0	0	0	0	0	0	0	59.8742790222	0	0	0	0	0	0	0	0	0	0	0	0	0	0	0
Feb 22 2023 18:04:27	1.52889502048	89.5933837891	96.6767654419	0.000494169653393	62.8056373596	9.32522392273	77.1096420288	-	0	0	0	0	0	0	0	0	0	0	0	0	0	0	0	0	0	11.9110193253	0	0	0	0	0	0	0	0	0	0.344369500875	1.3572114706	2.73353600502	4.05882358551	4.80635738373	4.61251115799	3.5146727562	1.95997929573	0.559410989285	0	0	0	0	0	0	0	0	64.1421051025	0	0	0	0	0	0	0	0	0	0	0	0	0	0	0
Feb 22 2023 18:04:28	8.41554164886	90.5169219971	97.021270752	0.000419258722104	69.1382751465	11.5751562119	83.9723587036	-	0	0	0	0	0	0	0	0	0	0	0	0	0	0	0	0	0	9.14910697937	0	0	0	0	0	0	0	0	0	0	1.07525706291	3.2958946228	4.90999650955	4.72486352921	3.09035825729	1.3424052	0.338512837887	0.0164119228721	0	0	0	0	0	0	0	0	72.0571899414	0	0	0	0	0	0	0	0	0	0	0	0	0	0	0
Feb 22 2023 18:04:29	8.40955257416	90.4338989258	96.9903945923	0.000455077301012	68.4403152466	12.3980150223	84.1919555664	-	0	0	0	0	0	0	0	0	0	0	0	0	0	0	0	0	0	7.8259267807	1.51364143929e-14	0	0	0	0	0	0	0	0	0.080738119781	2.56724834442	5.12530469894	5.79929304123	4.31804561615	2.16951394081	0.710524499416	0.130324140191	0.00281677627936	0	0	0	0	0	0	0	0	71.2702636719	0	0	0	0	0	0	0	0	0	0	0	0	0	0	0
Feb 22 2023 18:04:30	6.77981758118	89.172203064	96.5188827515	0.000427619204856	61.0587882996	10.4987897873	82.2601547241	-	0	0	0	0	0	0	0	0	0	0	0	0	0	0	0	0	0	9.92323875427	0	0	0	0	0	0	0	0	0	0.298438698053	1.05007243156	2.19568228722	3.56448769569	4.80561494827	5.47476768494	5.22015857697	3.9862241745	2.12404417992	0.296943247318	0	0	0	0	0	0	0	61.0603256226	0	0	0	0	0	0	0	0	0	0	0	0	0	0	0
Feb 22 2023 18:04:31	1.56033051014	89.9727554321	96.8185653687	0.00040760068805	65.0515823364	9.98136329651	82.0115356445	-	0	0	0	0	0	0	0	0	0	0	0	0	0	0	0	0	0	10.8015041351	0	0	0	0	0	0	0	0	0	0.466187775135	2.01806640625	3.70834803581	4.755610466	4.65637493134	3.53367447853	2.01732158661	0.769198715687	0.0910062342882	0	0	0	0	0	0	0	0	67.1827087402	0	0	0	0	0	0	0	0	0	0	0	0	0	0	0
Feb 22 2023 18:04:32	7.61431455612	90.319519043	96.9478302002	0.000425320322393	67.4862060547	10.8187446594	82.7082366943	-	0	0	0	0	0	0	0	0	0	0	0	0	0	0	0	0	0	9.81184673309	3.96103722738e-13	0	0	0	0	0	0	0	0	0	1.739341259	4.20237874985	5.44939041138	4.63544654846	2.68413901329	1.02857613564	0.227068394423	0.00910715945065	0	0	0	0	0	0	0	0	70.2127075195	0	0	0	0	0	0	0	0	0	0	0	0	0	0	0
Feb 22 2023 18:04:33	7.35746526718	90.4371414185	96.9916000366	0.000375859963242	68.1703262329	11.1152954102	85.108253479	-	0	0	0	0	0	0	0	0	0	0	0	0	0	0	0	0	0	9.16599082947	0	0	0	0	0	0	0	0	0	0.817236304283	3.54436039925	5.627430439	5.18028593063	3.00149512291	1.09800219536	0.23951920867	0.0249836016446	0	0	0	0	0	0	0	0	0	71.3006973267	0	0	0	0	0	0	0	0	0	0	0	0	0	0	0
Feb 22 2023 18:04:34	8.07811164856	90.3377761841	96.9546279907	0.00045453189523	67.6547698975	11.3571386337	82.605430603	-	0	0	0	0	0	0	0	0	0	0	0	0	0	0	0	0	0	9.03711605072	6.44106756863e-14	0	0	0	0	0	0	0	0	0	2.08149719238	4.66015720367	5.71532917023	4.58419275284	2.48244524002	0.879219889641	0.175664395094	0.00484160427004	0	0	0	0	0	0	0	0	70.3795394897	0	0	0	0	0	0	0	0	0	0	0	0	0	0	0
Feb 22 2023 18:04:35	8.35112667084	90.403755188	96.9791793823	0.000505814037751	68.1874847412	11.7915763855	81.5708084106	-	0	0	0	0	0	0	0	0	0	0	0	0	0	0	0	0	0	8.56306552887	0	0	0	0	0	0	0	0	0	0	1.96436345577	4.77947854996	5.823533535	4.54194164276	2.37016797066	0.80652654171	0.156360894442	0.0059500746429	0	0	0	0	0	0	0	0	70.9886169434	0	0	0	0	0	0	0	0	0	0	0	0	0	0	0
Feb 22 2023 18:04:36	1.57633173466	89.7495727539	96.7351913452	0.000464073411422	63.4752159119	9.92065429688	79.9166183472	-	0	0	0	0	0	0	0	0	0	0	0	0	0	0	0	0	0	10.4252262115	0	0	0	0	0	0	0	0	0.208619534969	1.45687139034	3.05310964584	4.36690950394	4.86889123917	4.39358282089	3.20847034454	1.83153259754	0.726916372776	0.098334774375	0	0	0	0	0	0	0	0	65.3615341187	0	0	0	0	0	0	0	0	0	0	0	0	0	0	0
Feb 22 2023 18:04:37	1.66406154633	88.7942733765	96.3768005371	0.000352504168404	57.9832305908	7.3727273941	80.210105896	-	0	0	0	0	0	0	0	0	0	0	0	0	0	0	0.378994703293	1.63331949711	3.04684209824	3.76338481903	3.48993349075	2.54084420204	1.45891749859	0.636961579323	0.190406486392	0.0305202882737	0.00151002651546	0.000107691164885	0.00473451195285	0.0745093151927	0.433432877064	1.43408870697	3.22082424164	5.23300075531	6.16875457764	5.00089645386	2.36771035194	0.364457249641	0	0	0	0	0	0	0	0	58.5258483887	0	0	0	0	0	0	0	0	0	0	0	0	0	0	0
Feb 22 2023 18:04:38	7.01750469208	89.791633606	96.7509155273	0.000404143123887	63.8774604797	10.7032938004	83.6621017456	-	0	0	0	0	0	0	0	0	0	0	0	0	0	0	0	0	0	9.25825881958	0	0	0	0	0	0	0	0	0	1.34177720547	3.14930200577	4.64409446716	5.21200847626	4.67238998413	3.3555970192	1.86592507362	0.713405489922	0.0897228419781	0	0	0	0	0	0	0	0	65.697517395	0	0	0	0	0	0	0	0	0	0	0	0	0	0	0
Feb 22 2023 18:04:39	7.76348733902	90.1833724976	96.8971176147	0.000665988656692	66.5526351929	10.8623447418	74.4891662598	-	0	0	0	0	0	0	0	0	0	0	0	0	0	0	0	0	0	9.62211990356	0	0	0	0	0	0	0	0	0	0	1.81321799755	4.26223039627	5.60387277603	4.96834993362	3.079246521	1.30190193653	0.332999914885	0.0235641915351	0	0	0	0	0	0	0	0	68.9924926758	0	0	0	0	0	0	0	0	0	0	0	0	0	0	0
Feb 22 2023 18:04:40	7.14044046402	89.7565002441	96.7377853394	0.000473821855849	63.8235282898	10.72701931	81.0702514648	-	0	0	0	0	0	0	0	0	0	0	0	0	0	0	0	0	0	9.41722202301	1.06094772995e-13	0	0	0	0	0	0	0	0	0.83826649189	2.34655714035	3.93590641022	4.97733259201	5.02385091782	4.07794713974	2.58792924881	1.16063165665	0.217695444822	0	0	0	0	0	0	0	0	65.4166641235	0	0	0	0	0	0	0	0	0	0	0	0	0	0	0
Feb 22 2023 18:04:41	8.18147373199	90.3993835449	96.9775543213	0.000824830494821	68.0834655762	11.8165969849	71.9035949707	-	0	0	0	0	0	0	0	0	0	0	0	0	0	0	0	0	0	8.40975570679	0	0	0	0	0	0	0	0	0	0	2.79276418686	5.4912314415	5.82178688049	4.01359939575	1.8607571125	0.562782526016	0.0964388847351	0.00290377531201	0	0	0	0	0	0	0	0	70.9479827881	0	0	0	0	0	0	0	0	0	0	0	0	0	0	0
Feb 22 2023 18:04:42	6.75164031982	89.8951873779	96.789604187	0.000407582789194	64.5268478394	10.5162878036	83.1362915039	-	0	0	0	0	0	0	0	0	0	0	0	0	0	0	0	0	0	9.67789649963	0	0	0	0	0	0	0	0	0	1.17183768749	2.88107681274	4.38891649246	5.02543592453	4.54363155365	3.25382947922	1.78252398968	0.660931885242	0.0750439465046	0	0	0	0	0	0	0	0	66.5388793945	0	0	0	0	0	0	0	0	0	0	0	0	0	0	0
Feb 22 2023 18:04:43	7.70091295242	89.8529663086	96.7738342285	0.000897726917174	64.45652771	11.5842027664	69.6853713989	-	0	0	0	0	0	0	0	0	0	0	0	0	0	0	0	0	0	8.2110414505	3.26631950653e-13	0	0	0	0	0	0	0	0	1.10534024239	2.89970088005	4.52839231491	5.30078172684	4.92674016953	3.6660888195	2.12727808952	0.876753985882	0.16454783082	0	0	0	0	0	0	0	0	66.1933364868	0	0	0	0	0	0	0	0	0	0	0	0	0	0	0
Feb 22 2023 18:04:44	6.69932937622	89.8591995239	96.7761611938	0.000488644000143	64.2315292358	10.7111797333	80.6588745117	-	0	0	0	0	0	0	0	0	0	0	0	0	0	0	0	0	0	9.16074371338	1.01328848944e-14	0	0	0	0	0	0	0	0.334184795618	1.8004117012	3.4755833149	4.67269515991	4.93088150024	4.22284936905	2.92775917053	1.58237445354	0.586727440357	0.061647221446	0	0	0	0	0	0	0	0	66.244140625	0	0	0	0	0	0	0	0	0	0	0	0	0	0	0
Feb 22 2023 18:04:45	7.34284687042	90.3398666382	96.955406189	0.000435110850958	67.4319229126	11.015124321	82.8723526001	-	0	0	0	0	0	0	0	0	0	0	0	0	0	0	0	0	0	9.1739320755	0	0	0	0	0	0	0	0	0	0.839367508888	3.66020321846	5.85304927826	5.43053293228	3.17618465424	1.17678570747	0.262270271778	0.0290176924318	0	0	0	0	0	0	0	0	0	70.3986587524	0	0	0	0	0	0	0	0	0	0	0	0	0	0	0
Feb 22 2023 18:04:46	1.59585642815	90.1496124268	96.8845291138	0.000404393766075	66.2490081787	10.5426473618	83.1208267212	-	0	0	0	0	0	0	0	0	0	0	0	0	0	0	0	0	0	10.0047225952	0	0	0	0	0	0	0	0	0	0.219668373466	2.18609285355	4.29571628571	5.2858171463	4.6308465004	2.95484137535	1.33166706562	0.371312707663	0.0232056938112	0	0	0	0	0	0	0	0	68.6961135864	0	0	0	0	0	0	0	0	0	0	0	0	0	0	0
Feb 22 2023 18:04:47	1.70585501194	87.4059753418	96.1409225464	0.000498381676152	54.7501296997	7.20694971085	73.0950088501	-	0	0	0	0	0	0	0	0	0	0	0	0	0	0	0.65143018961	1.82592201233	2.8113052845	3.21835017204	2.9994058609	2.35685062408	1.57884299755	0.896741330624	0.426727861166	0.178844675422	0.0946966409683	0.121108070016	0.299674600363	0.767719626427	1.65617990494	2.94820928574	4.38015127182	5.42889690399	5.50173950195	4.32318067551	2.29614210129	0.491969376802	0	0	0	0	0	0	0	0	54.7459106445	0	0	0	0	0	0	0	0	0	0	0	0	0	0	0
Feb 22 2023 18:04:48	1.6761585474	89.0762481689	96.4828491211	0.000556043349206	59.1728630066	7.28294038773	70.4578552246	-	0	0	0	0	0	0	0	0	0	0	0	0	0	0	0.563501358032	1.78852415085	2.93328809738	3.46912932396	3.26622009277	2.53841400146	1.63924622536	0.861990749836	0.349651932716	0.10192810744	0.0256422758102	0.0223291721195	0.0907072648406	0.36579850316	1.04608094692	2.21552395821	3.65388441086	4.76229667664	4.80901288986	3.50297617912	1.48415827751	0.112374894321	0	0	0	0	0	0	1.96181785005e-42	5.29875758071e-14	60.3973197937	0	0	0	0	0	0	0	0	0	0	0	0	0	0	0
Feb 22 2023 18:04:49	1.59044063091	89.740272522	96.7317199707	0.000406908307923	63.4990386963	10.1226968765	82.5309295654	-	0	0	0	0	0	0	0	0	0	0	0	0	0	0	0	0	0	10.1174144745	0	0	0	0	0	0	0	0	0.392103254795	1.46118211746	2.83564472198	4.05872821808	4.68082666397	4.4615945816	3.4962553978	2.16603040695	0.931663513184	0.110835254192	0	0	0	0	0	0	0	0	65.2877197266	0	0	0	0	0	0	0	0	0	0	0	0	0	0	0
Feb 22 2023 18:04:50	6.28592157364	89.7514801025	96.7359085083	0.000431266642408	63.635684967	10.2779178619	81.83253479	-	0	0	0	0	0	0	0	0	0	0	0	0	0	0	0	0	0	9.98844528198	0	0	0	0	0	0	0	0	0	1.00751817226	2.68175673485	4.24091482162	5.05031251907	4.79521656036	3.65418314934	2.16760754585	0.897290289402	0.140026509762	0	0	0	0	0	0	0	0	65.3767318726	0	0	0	0	0	0	0	0	0	0	0	0	0	0	0
Feb 22 2023 18:04:51	1.54387640953	89.7880477905	96.7495727539	0.000427562510595	63.794303894	9.62696647644	80.5839691162	-	0	0	0	0	0	0	0	0	0	0	0	0	0	0	0	0	0	11.2223711014	0	0	0	0	0	0	0	0	0	0.566964924335	2.19523096085	3.87127661705	4.86847782135	4.75683927536	3.66543531418	2.16743063927	0.883010745049	0.13421471417	0	0	0	0	0	0	0	0	65.6687469482	0	0	0	0	0	0	0	0	0	0	0	0	0	0	0
Feb 22 2023 18:04:52	6.61002063751	89.5428924561	96.6578674316	0.000488882185891	62.5535125732	10.3598794937	79.8464889526	-	0	0	0	0	0	0	0	0	0	0	0	0	0	0	0	0	0	9.8674621582	6.46327609488e-13	0	0	0	0	0	0	0	0	0.806500375271	2.18709969521	3.71443152428	4.854845047	5.15507364273	4.48570156097	3.12603187561	1.60967087746	0.436021238565	0	0	0	0	0	0	0	0	63.7571640015	0	0	0	0	0	0	0	0	0	0	0	0	0	0	0
Feb 22 2023 18:04:53	6.96034383774	90.2373123169	96.9172134399	0.000636926386505	66.6453781128	10.6153240204	75.0894699097	-	0	0	0	0	0	0	0	0	0	0	0	0	0	0	0	0	0	9.63106155396	0	0	0	0	0	0	0	0	0	0.960785150528	3.83531975746	5.69802761078	5.2523188591	3.28457999229	1.40788531303	0.396416753531	0.0620551817119	0.000496381078847	0	0	0	0	0	0	0	0	69.4710540771	0	0	0	0	0	0	0	0	0	0	0	0	0	0	0
Feb 22 2023 18:04:54	7.20436429977	90.350730896	96.9594497681	0.000762063078582	67.4163208008	11.4638814926	73.3448867798	-	0	0	0	0	0	0	0	0	0	0	0	0	0	0	0	0	0	8.25965499878	9.8812017596e-13	0	0	0	0	0	0	0	0	2.22914958	5.70912647247	6.40669965744	4.34983205795	1.90703308582	0.539141535759	0.0929875299335	0.00803164485842	0	0	0	0	0	0	0	0	0	70.4983444214	0	0	0	0	0	0	0	0	0	0	0	0	0	0	0
Feb 22 2023 18:04:55	7.61162424088	90.1293640137	96.8769836426	0.000567285576835	66.1120071411	11.3255882263	78.9788513184	-	0	0	0	0	0	0	0	0	0	0	0	0	0	0	0	0	0	8.68130970001	1.65960398636e-13	0	0	0	0	0	0	0	0	0.822209119797	3.22485637665	5.12689447403	5.47281455994	4.29086589813	2.50513601303	1.05432510376	0.281889587641	0.0200975760818	0	0	0	0	0	0	0	0	68.5195999146	0	0	0	0	0	0	0	0	0	0	0	0	0	0	0
Feb 22 2023 18:04:56	1.57835996151	89.021987915	96.4624557495	0.000436310190707	59.1404266357	7.62970733643	75.899055481	-	0	0	0	0	0	0	0	0	0	0	0	0	0	0	0.00552045041695	0.538895785809	3.52697587013	6.10059547424	4.19145584106	1.32942187786	0.200742781162	0.0134054236114	0.000324285472743	2.2387412173e-06	9.81357306529e-09	4.91490759202e-09	9.87616658676e-07	0.000248532916885	0.0172028485686	0.363451063633	2.81336116791	8.47685241699	9.31876468658	2.93912363052	0.135203838348	5.47089075553e-05	0	0	0	0	0	0	0	0	60.0283966064	0	0	0	0	0	0	0	0	0	0	0	0	0	0	0
Feb 22 2023 18:04:57	6.80757284164	90.2186050415	96.9102401733	0.000531854690053	66.5690383911	10.5658693314	78.5712814331	-	0	0	0	0	0	0	0	0	0	0	0	0	0	0	0	0	0	9.78288555145	4.41448933615e-13	0	0	0	0	0	0	0	0	0.872675895691	3.30312299728	5.16315174103	5.2202205658	3.71033358574	1.87129449844	0.642481684685	0.12767252326	0.00184646015987	0	0	0	0	0	0	0	0	69.3043136597	0	0	0	0	0	0	0	0	0	0	0	0	0	0	0
Feb 22 2023 18:04:58	7.14244270325	90.3976287842	96.9769058228	0.000440702337073	67.8461151123	10.6002321243	81.828994751	-	0	0	0	0	0	0	0	0	0	0	0	0	0	0	0	0	0	9.95749568939	0	0	0	0	0	0	0	0	0	0.155796274543	3.08711767197	5.61977386475	5.46039056778	3.2632484436	1.22166109085	0.272998064756	0.0298768077046	0	0	0	0	0	0	0	0	0	70.931640625	0	0	0	0	0	0	0	0	0	0	0	0	0	0	0
Feb 22 2023 18:04:59	1.56161797047	89.8904190063	96.7878189087	0.000449781742645	64.3496780396	9.83094501495	80.1759033203	-	0	0	0	0	0	0	0	0	0	0	0	0	0	0	0	0	0	10.7700796127	0	0	0	0	0	0	0	0	0	0.972271323204	2.85558247566	4.46616172791	5.03988599777	4.38634109497	2.96617364883	1.50395917892	0.500329256058	0.0395358353853	0	0	0	0	0	0	0	0	66.4996795654	0	0	0	0	0	0	0	0	0	0	0	0	0	0	0
Feb 22 2023 18:05:00	1.54485332966	89.3225479126	96.575302124	0.000581255066209	61.0900230408	9.43540477753	74.2894439697	-	0	0	0	0	0	0	0	0	0	0	0	0	0	0	0	0	0	11.1963376999	0	0	0	0	0	0	0	0	0.270784080029	1.08012068272	2.29012584686	3.60179281235	4.60674142838	4.93392467499	4.4244184494	3.23030042648	1.7576495409	0.480297476053	0	0	0	0	0	0	0	0	62.1275062561	0	0	0	0	0	0	0	0	0	0	0	0	0	0	0
Feb 22 2023 18:05:01	1.8558088541	89.1292419434	96.5027542114	0.000553532561753	59.8492050171	8.11475563049	73.6491394043	-	0	0	0	0	0	0	0	0	0	0	0	0	0	0	0.620820641518	1.562707901	2.34793496132	2.7340862751	2.66635513306	2.24017763138	1.62913143635	1.00781726837	0.505198657513	0.1885099262	0.0530980192125	0.0354045629501	0.124591343105	0.439007222652	1.1081943512	2.14759159088	3.38178825378	4.42023181915	4.76510572433	4.07518577576	2.47575592995	0.709509551525	0	0	0	0	0	0	1.74335541947e-39	7.02357958035e-14	60.7617988586	0	0	0	0	0	0	0	0	0	0	0	0	0	0	0
Feb 22 2023 18:05:02	1.34261524677	89.4014129639	96.6048660278	0.000426620797953	62.2673835754	9.05156612396	78.1029281616	-	0	0	0	0	0	0	0	0	0	0	0	0	0	0	0	6.27087425498e-14	10.6674718857	0	0	0	0	0	0	0	0	0	0	0.167970985174	0.810762524605	1.85697734356	3.16412305832	4.39806175232	5.11217403412	4.93787670135	3.8023982048	2.0483353138	0.332270354033	0	0	0	0	0	0	0	62.7015762329	0	0	0	0	0	0	0	0	0	0	0	0	0	0	0
Feb 22 2023 18:05:03	1.72944545746	87.4131317139	96.1421279907	0.000557564839255	55.4337043762	7.6158914566	71.7670059204	-	0	0	0	0	0	0	0	0	0	0	0	0	0	0	0.330493330956	1.44487786293	2.75138020515	3.4948952198	3.36454200745	2.57580208778	1.58495509624	0.765542924404	0.269778341055	0.0595719665289	0.00650246208534	0.00067248364212	0.00350889121182	0.0472968518734	0.30083990097	1.10566532612	2.76061987877	5.02582502365	6.7836894989	6.62084960938	4.30341005325	1.50618493557	0.12899030745	0	0	0	0	0	0	0	54.7641029358	0	0	0	0	0	0	0	0	0	0	0	0	0	0	0
Feb 22 2023 18:05:04	1.52247369289	89.0428619385	96.4703063965	0.000669113476761	59.9367027283	8.97437858582	69.3416519165	-	0	0	0	0	0	0	0	0	0	0	0	0	0	0	0	0	0	12.4202775955	0	0	0	0	0	0	0	0	0.034792739898	0.379316926003	1.09802079201	2.18743824959	3.48355722427	4.64624500275	5.241086483	4.92329835892	3.64517354965	1.77094900608	0	0	0	0	0	0	0	0	60.1698455811	0	0	0	0	0	0	0	0	0	0	0	0	0	0	0
Feb 22 2023 18:05:05	1.57460677624	89.802230835	96.7548751831	0.000571507262066	64.2597808838	10.269162178	76.356086731	-	0	0	0	0	0	0	0	0	0	0	0	0	0	0	0	0	0	10.464343071	5.57948652558e-13	0	0	0	0	0	0	0	0	0.121918037534	1.25462186337	2.82189822197	4.28836774826	5.01778173447	4.6526389122	3.36598372459	1.75801479816	0.4717849195	0	0	0	0	0	0	0	0	65.7826461792	0	0	0	0	0	0	0	0	0	0	0	0	0	0	0
Feb 22 2023 18:05:06	6.66636943817	89.3958511353	96.6027832031	0.000520602159668	62.1513023376	10.5171279907	78.8373718262	-	0	0	0	0	0	0	0	0	0	0	0	0	0	0	0	0	0	9.95895862579	6.16975491963e-13	0	0	0	0	0	0	0	0	0.270455360413	1.1157143116	2.3607711792	3.75984716415	4.89351224899	5.31268072128	4.76011133194	3.34359931946	1.54589056969	0.0176742840558	0	0	0	0	0	0	0	62.6607818604	0	0	0	0	0	0	0	0	0	0	0	0	0	0	0
Feb 22 2023 18:05:07	1.56017553806	90.0667037964	96.8536224365	0.000471158593427	65.5870666504	9.97156238556	79.4960861206	-	0	0	0	0	0	0	0	0	0	0	0	0	0	0	0	0	0	10.8052978516	0	0	0	0	0	0	0	0	0	0.533616542816	2.33451843262	4.11015844345	4.92174243927	4.3944029808	2.96694493294	1.46401381493	0.460397839546	0.0302412118763	0	0	0	0	0	0	0	0	67.9786605835	0	0	0	0	0	0	0	0	0	0	0	0	0	0	0
Feb 22 2023 18:05:08	1.53323400021	89.8765258789	96.7826309204	0.00051058648387	64.322303772	9.47658061981	76.8446807861	-	0	0	0	0	0	0	0	0	0	0	0	0	0	0	0	0	0	11.5910053253	2.67027882011e-13	0	0	0	0	0	0	0	0	0.506153821945	2.03730511665	3.70858693123	4.74325275421	4.63982629776	3.51995825768	2.00967431068	0.766962707043	0.0915248468518	0	0	0	0	0	0	0	0	66.3857498169	0	0	0	0	0	0	0	0	0	0	0	0	0	0	0
Feb 22 2023 18:05:09	7.19329071045	89.5317001343	96.6536712646	0.00063876749482	62.6306686401	10.8979063034	75.8367767334	-	0	0	0	0	0	0	0	0	0	0	0	0	0	0	0	0	0	9.08355236053	0	0	0	0	0	0	0	0	0.16143900156	0.954067826271	2.17429280281	3.54014921188	4.63683700562	5.06587266922	4.63316202164	3.46677017212	1.97148084641	0.639967083931	0	0	0	0	0	0	0	0	63.6724128723	0	0	0	0	0	0	0	0	0	0	0	0	0	0	0
Feb 22 2023 18:05:10	6.17255353928	89.4802398682	96.6343994141	0.000522923190147	61.9504394531	10.214348793	78.5000686646	-	0	0	0	0	0	0	0	0	0	0	0	0	0	0	0	0	0	9.72217082977	0	0	0	0	0	0	0	0	0.379902482033	1.55886757374	3.05672049522	4.38913917542	5.08346319199	4.88330936432	3.87879133224	2.460709095	1.11385011673	0.187504246831	0	0	0	0	0	0	0	0	63.285572052	0	0	0	0	0	0	0	0	0	0	0	0	0	0	0
Feb 22 2023 18:05:11	1.54682052135	88.293800354	96.2907333374	0.000482067000121	56.5983886719	7.10844993591	72.0583114624	-	0	0	0	0	0	0	0	0	0	0	0	0	0	0	0.019771611318	0.861828505993	3.99100136757	6.05955553055	4.20497322083	1.50181400776	0.280743986368	0.0254495069385	0.000926956825424	1.1414202163e-05	1.58676400019e-07	3.8802193103e-07	4.87761171826e-05	0.00381181482226	0.097855091095	0.972935199738	4.35258293152	9.12892150879	8.44021034241	2.78738451004	0.181239292026	0.000168590981048	0	0	0	0	0	0	0	0	57.0887641907	0	0	0	0	0	0	0	0	0	0	0	0	0	0	0
Feb 22 2023 18:05:12	6.99060201645	90.0316238403	96.8405303955	0.000564048823435	65.2894821167	11.1229133606	78.9115066528	-	0	0	0	0	0	0	0	0	0	0	0	0	0	0	0	0	0	8.5675945282	0	0	0	0	0	0	0	0	0.146144524217	2.31314063072	4.32679605484	5.2757267952	4.89351654053	3.58704519272	2.06885838509	0.895671844482	0.245192974806	0.00095915881684	0	0	0	0	0	0	0	0	67.6793518066	0	0	0	0	0	0	0	0	0	0	0	0	0	0	0
Feb 22 2023 18:05:13	7.31898260117	90.2029953003	96.9044265747	0.000432989356341	66.4755401611	11.4773855209	83.8642196655	-	0	0	0	0	0	0	0	0	0	0	0	0	0	0	0	0	0	8.27385807037	0	0	0	0	0	0	0	0	0	1.82864773273	4.51231050491	5.81289958954	5.11363792419	3.25144910812	1.4913033247	0.467799782753	0.0822806358337	0	0	0	0	0	0	0	0	0	69.1658172607	0	0	0	0	0	0	0	0	0	0	0	0	0	0	0
Feb 22 2023 18:05:14	7.52508354187	90.4125595093	96.982460022	0.000504611467477	67.9465942383	11.5312223434	81.4295654297	-	0	0	0	0	0	0	0	0	0	0	0	0	0	0	0	0	0	8.40775585175	1.04306634944e-12	0	0	0	0	0	0	0	0	1.06414926052	5.05836343765	6.53844022751	4.81963634491	2.2453558445	0.666137456894	0.119108878076	0.0103583680466	0	0	0	0	0	0	0	0	0	71.0706939697	0	0	0	0	0	0	0	0	0	0	0	0	0	0	0
Feb 22 2023 18:05:15	7.08710622787	89.9287338257	96.8021316528	0.000418857089244	64.6948242188	11.4449987411	84.4300460815	-	0	0	0	0	0	0	0	0	0	0	0	0	0	0	0	0	0	8.07074832916	0	0	0	0	0	0	0	0	0.385082244873	2.27785372734	4.09385681152	5.10939455032	5.01060914993	3.9851732254	2.55670523643	1.26556932926	0.413573056459	0.0155532471836	0	0	0	0	0	0	0	0	66.8158798218	0	0	0	0	0	0	0	0	0	0	0	0	0	0	0
Feb 22 2023 18:05:16	7.28821992874	90.0135574341	96.8337860107	0.000669150264002	65.2655792236	11.3244094849	75.8935089111	-	0	0	0	0	0	0	0	0	0	0	0	0	0	0	0	0	0	8.41670417786	1.91627811709e-12	0	0	0	0	0	0	0	0	1.7483959198	3.87837934494	5.24408578873	5.24428749084	4.06685495377	2.44647145271	1.09612965584	0.316338509321	0.0161878038198	0	0	0	0	0	0	0	0	67.5261611938	0	0	0	0	0	0	0	0	0	0	0	0	0	0	0
Feb 22 2023 18:05:17	1.71799170971	88.0387039185	96.2478179932	0.000470436789328	56.247215271	7.35547065735	74.8210601807	-	0	0	0	0	0	0	0	0	0	0	0	0	0	0	0.626708805561	1.76920688152	2.75465679169	3.20128941536	3.0389509201	2.43731188774	1.66422522068	0.953203439713	0.43943592906	0.15520606935	0.0489528514445	0.0393019467592	0.120946496725	0.418727517128	1.10902249813	2.27221179008	3.74750614166	5.05357217789	5.51954555511	4.68442583084	2.76488184929	0.78293299675	0	0	0	0	0	0	2.79839303326e-40	9.13554713648e-14	56.3977775574	0	0	0	0	0	0	0	0	0	0	0	0	0	0	0
Feb 22 2023 18:05:18	1.92727398872	86.72315979	96.0248184204	0.000638372031972	53.7971420288	7.70780467987	69.5775909424	-	0	0	0	0	0	0	0	0	0	0	0	0	0	0	0.82852190733	1.59920680523	2.14519643784	2.40915465355	2.39620399475	2.15834856033	1.77425289154	1.32758724689	0.895273029804	0.54768872261	0.346166431904	0.332583427429	0.543092548847	1.01601696014	1.7550470829	2.69839763641	3.70807528496	4.56382131577	4.99384498596	4.75267410278	3.7329583168	2.09028840065	0.329389452934	0	0	0	0	0	0	0	53.0562095642	0	0	0	0	0	0	0	0	0	0	0	0	0	0	0
Feb 22 2023 18:05:19	1.58791971207	88.9465484619	96.43409729	0.000616392702796	58.6904716492	7.48798656464	67.4761276245	-	0	0	0	0	0	0	0	0	0	0	0	0	0	0	0.00889011565596	0.592600107193	3.41549515724	5.91863298416	4.47827148438	1.70587623119	0.340031594038	0.0339002460241	0.00148284656461	2.56401217484e-05	3.71911198727e-07	1.59081778861e-07	7.42669089959e-06	0.000723620818462	0.0292699951679	0.447405815125	2.86891007423	7.99030590057	9.05560684204	3.36366605759	0.226077839732	0.000254811195191	0	0	0	0	0	0	0	0	59.5225639343	0	0	0	0	0	0	0	0	0	0	0	0	0	0	0
Feb 22 2023 18:05:20	1.54831027985	88.2370529175	96.2811965942	0.000708230480086	56.4048538208	6.77053022385	60.5491294861	-	0	0	0	0	0	0	0	0	0	0	0	0	0	0	0.0087116016075	0.614626824856	3.71630573273	6.70095443726	5.23511075974	2.04310584068	0.413176983595	0.0410781502724	0.00172715296503	2.62852372543e-05	2.72075823204e-07	8.18993584062e-08	4.51361893283e-06	0.000534361111932	0.0240379795432	0.390917956829	2.63885045052	7.77255964279	9.41497325897	3.77558588982	0.273642778397	0.000304069457343	0	0	0	0	0	0	0	0	56.9337654114	0	0	0	0	0	0	0	0	0	0	0	0	0	0	0
Feb 22 2023 18:05:21	1.66466867924	88.9929351807	96.4515380859	0.000438349146862	58.6581344604	7.16453695297	75.5359191895	-	0	0	0	0	0	0	0	0	0	0	0	0	0	0	0.574294507504	1.82019972801	2.97936487198	3.516092062	3.30505251884	2.56911563873	1.66694450378	0.890289127827	0.377293944359	0.124698318541	0.0426495075226	0.0428093001246	0.133462920785	0.447054475546	1.1619374752	2.33248138428	3.72256588936	4.75176954269	4.73609304428	3.42284965515	1.44278883934	0.107558645308	0	0	0	0	0	0	0	0	59.8326339722	0	0	0	0	0	0	0	0	0	0	0	0	0	0	0
Feb 22 2023 18:05:22	7.97227573395	90.3779296875	96.9695739746	0.000596960016992	67.8678283691	11.8611679077	78.9473495483	-	0	0	0	0	0	0	0	0	0	0	0	0	0	0	0	0	0	8.2123041153	0	0	0	0	0	0	0	0	0	0.319383710623	3.5836558342	5.87491703033	5.61645889282	3.57939743996	1.55260455608	0.441334635019	0.0700555592775	0.000888188718818	0	0	0	0	0	0	0	0	70.7490005493	0	0	0	0	0	0	0	0	0	0	0	0	0	0	0
Feb 22 2023 18:05:23	1.52666532993	89.3712997437	96.5935745239	0.000427534570917	61.1819229126	8.96998882294	79.2932891846	-	0	0	0	0	0	0	0	0	0	0	0	0	0	0	0	0	0	12.0828037262	3.59678649711e-13	0	0	0	0	0	0	0	0.191738218069	1.09291315079	2.42186498642	3.78678441048	4.70728302002	4.81991481781	4.06783151627	2.74303913116	1.33293485641	0.271733760834	0	0	0	0	0	0	0	0	62.4811592102	0	0	0	0	0	0	0	0	0	0	0	0	0	0	0
Feb 22 2023 18:05:24	6.84278297424	90.4386901855	96.9921798706	0.00070907024201	67.9376602173	11.1089696884	74.1459960938	-	0	0	0	0	0	0	0	0	0	0	0	0	0	0	0	0	0	8.63391590118	0	0	0	0	0	0	0	0	0	3.58322906494	6.90098333359	5.62803649902	2.804864645	0.913659095764	0.193562701344	0.0249497331679	0.00151458720211	0	0	0	0	0	0	0	0	0	71.315284729	0	0	0	0	0	0	0	0	0	0	0	0	0	0	0
Feb 22 2023 18:05:25	1.66776013374	87.7636642456	96.2014312744	0.000712500652298	55.5724029541	7.13158798218	63.3988189697	-	0	0	0	0	0	0	0	0	0	0	0	0	0	0	0.371692478657	1.60629749298	3.01404547691	3.76397371292	3.56035017967	2.68610191345	1.64632964134	0.815251946449	0.318616569042	0.0988223031163	0.0312311463058	0.0230982843786	0.0599955692887	0.232544258237	0.76866286993	1.94196069241	3.76440429688	5.60877799988	6.28189277649	4.9664773941	2.36607408524	0.404287457466	0	0	0	0	0	0	0	0	55.6691093445	0	0	0	0	0	0	0	0	0	0	0	0	0	0	0
Feb 22 2023 18:05:26	1.54426205158	87.2970352173	96.1224441528	0.000505219271872	54.4539337158	6.7159819603	69.625213623	-	0	0	0	0	0	0	0	0	0	0	0	0	0	0	5.09197889187e-05	0.108143813908	2.82593417168	8.58010292053	5.98513555527	1.26315307617	0.0894239544868	0.0020899171941	1.47441924128e-05	3.5527037312e-08	1.24414992198e-10	3.50551566941e-11	3.66837249466e-09	2.51673714047e-06	0.000821222609375	0.0711630880833	1.62021028996	9.55764293671	12.7321720123	2.65951800346	0.03437994048	1.04784555788e-06	0	0	0	0	0	0	7.42688186092e-42	2.54267144313e-14	54.4700393677	0	0	0	0	0	0	0	0	0	0	0	0	0	0	0
Feb 22 2023 18:05:27	1.67939925194	87.3469314575	96.1309051514	0.000536096340511	54.8809318542	7.12295484543	71.0469818115	-	0	0	0	0	0	0	0	0	0	0	0	0	0	0	0.433199614286	1.64489173889	2.93403148651	3.62174224854	3.47855210304	2.72294139862	1.76372337341	0.936864793301	0.394951075315	0.128096103668	0.0366529710591	0.0205108486116	0.0484909527004	0.194596737623	0.659221827984	1.69171321392	3.35313940048	5.20417261124	6.25893163681	5.58451271057	3.3144094944	0.960676074028	0.0178959555924	0	0	0	0	0	0	0	54.5960845947	0	0	0	0	0	0	0	0	0	0	0	0	0	0	0
Feb 22 2023 18:05:28	1.57061827183	88.1675872803	96.2695159912	0.000561281922273	56.1763305664	6.70209169388	67.4550170898	-	0	0	0	0	0	0	0	0	0	0	0	0	0	0	0.105777777731	1.27822780609	3.68273043633	5.25084877014	4.61965465546	2.7367401123	1.12432253361	0.316076010466	0.0580712817609	0.00704907160252	0.000918441568501	0.000612227362581	0.00363096408546	0.0374144129455	0.275491446257	1.25594425201	3.61570978165	6.58762550354	7.23495388031	4.17531204224	0.873736739159	0.0141135770828	0	0	0	0	0	0	0	0	56.7450408936	0	0	0	0	0	0	0	0	0	0	0	0	0	0	0
Feb 22 2023 18:05:29	1.55208325386	87.4174880981	96.142868042	0.000484592426801	54.4417304993	6.62731742859	70.7657165527	-	0	0	0	0	0	0	0	0	0	0	0	0	0	0	0.104989923537	1.36618077755	3.91766214371	5.3349442482	4.35973787308	2.35755825043	0.883059322834	0.234307214618	0.0461136959493	0.00855397991836	0.00314548751339	0.00520436698571	0.0263229440898	0.161508202553	0.768001079559	2.50443506241	5.47311258316	7.76390600204	6.62922620773	2.87319540977	0.401512920856	0.00212029088289	0	0	0	0	0	0	0	0	54.7752037048	0	0	0	0	0	0	0	0	0	0	0	0	0	0	0
Feb 22 2023 18:05:30	1.58181917667	90.1129455566	96.8708648682	0.000513849197887	65.8513183594	10.229675293	78.4923248291	-	0	0	0	0	0	0	0	0	0	0	0	0	0	0	0	0	0	10.3029785156	0	0	0	0	0	0	0	0	0	0.601392388344	2.81923961639	4.80598306656	5.31101131439	4.18973112106	2.39384055138	0.956242978573	0.231994599104	0.0105205941945	0	0	0	0	0	0	1.12103877146e-42	4.53659665714e-14	68.3770675659	0	0	0	0	0	0	0	0	0	0	0	0	0	0	0
Feb 22 2023 18:05:31	6.8559179306	90.5711593628	97.0414352417	0.000579189858399	68.9861221313	11.8779687881	79.8571853638	-	0	0	0	0	0	0	0	0	0	0	0	0	0	0	0	0	0	7.64590406418	0	0	0	0	0	0	0	0	0	5.39524459839	7.22365236282	4.65390014648	1.89047026634	0.50998467207	0.090273745358	0.00971897132695	0.000471038219985	0	0	0	0	0	0	0	0	0	72.5803756714	0	0	0	0	0	0	0	0	0	0	0	0	0	0	0
Feb 22 2023 18:05:32	7.89013338089	90.7528610229	97.1089172363	0.000716184906196	70.6644668579	12.2207050323	75.8763580322	-	0	0	0	0	0	0	0	0	0	0	0	0	0	0	0	0	0	8.03421211243	2.8272290108e-13	0	0	0	0	0	0	0	0	0	5.66581583023	7.04353618622	3.6247484684	1.04940235615	0.17764928937	0.0166555084288	0.000680968747474	0	0	0	0	0	0	0	0	0	74.3873062134	0	0	0	0	0	0	0	0	0	0	0	0	0	0	0
Feb 22 2023 18:05:33	7.97892045975	90.7388534546	97.1037216187	0.000661091587972	70.5698852539	12.1195755005	77.2640457153	-	0	0	0	0	0	0	0	0	0	0	0	0	0	0	0	0	0	8.1986989975	0	0	0	0	0	0	0	0	0	0	4.52243852615	7.25906467438	4.18474769592	1.32272160053	0.241904243827	0.0244078859687	0.00108607066795	0	0	0	0	0	0	0	0	0	74.2449264526	0	0	0	0	0	0	0	0	0	0	0	0	0	0	0
Feb 22 2023 18:05:34	7.95664072037	90.5409011841	97.0301895142	0.000669437285978	69.0102767944	11.9255371094	76.7896270752	-	0	0	0	0	0	0	0	0	0	0	0	0	0	0	0	0	0	8.20504760742	1.6689681321e-12	0	0	0	0	0	0	0	0	0	4.57463216782	6.82948541641	5.09637403488	2.27609658241	0.623356461525	0.0997304916382	0.00766545254737	0	0	0	0	0	0	0	0	0	72.287612915	0	0	0	0	0	0	0	0	0	0	0	0	0	0	0
Feb 22 2023 18:05:35	1.60434782505	89.7443695068	96.7332458496	0.000559269625228	63.3091201782	8.07052898407	71.5636291504	-	0	0	0	0	0	0	0	0	0	0	0	0	0	0	0.00851040799171	0.578319907188	3.34136939049	5.66159820557	4.02927970886	1.35495734215	0.213551059365	0.013583811	0.000229159079026	3.36831476488e-07	1.10299909397e-12	7.89908435428e-14	1.43674824926e-07	0.000232941063587	0.0231627933681	0.478158533573	3.18189263344	7.77246379852	6.57093763351	1.42282938957	0.0287234894931	1.39986262582e-08	0	0	0	0	0	0	0	0	65.3201980591	0	0	0	0	0	0	0	0	0	0	0	0	0	0	0
Feb 22 2023 18:05:36	7.27664518356	90.4498748779	96.9963378906	0.000453683518572	68.1988525391	11.5240345001	83.1321029663	-	0	0	0	0	0	0	0	0	0	0	0	0	0	0	0	0	0	8.39035511017	9.88455086011e-13	0	0	0	0	0	0	0	0	1.83937644958	5.14881849289	6.12318992615	4.37171697617	2.00425505638	0.588708758354	0.104277826846	0.00887635722756	0	0	0	0	0	0	0	0	0	71.420425415	0	0	0	0	0	0	0	0	0	0	0	0	0	0	0
Feb 22 2023 18:05:37	1.56199598312	89.5075683594	96.6446380615	0.000531717611011	62.244430542	9.7838973999	76.9636154175	-	0	0	0	0	0	0	0	0	0	0	0	0	0	0	0	0	0	10.7608909607	0	0	0	0	0	0	0	0	0.206664115191	0.9690554142	2.14608621597	3.45187592506	4.47350168228	4.82497644424	4.33560609818	3.15871238708	1.71089565754	0.471275359392	0	0	0	0	0	0	0	0	63.4904556274	0	0	0	0	0	0	0	0	0	0	0	0	0	0	0
Feb 22 2023 18:05:38	6.63408327103	90.1710662842	96.8925323486	0.000425471022027	66.3002471924	10.5355062485	82.3828430176	-	0	0	0	0	0	0	0	0	0	0	0	0	0	0	0	0	0	9.86408615112	2.20558510691e-12	0	0	0	0	0	0	0	0	0.8985709548	2.9779458046	4.64329719543	4.99467468262	3.99886751175	2.40325188637	1.0428712368	0.281364411116	0.0109204147011	0	0	0	0	0	0	0	0	68.8841552734	0	0	0	0	0	0	0	0	0	0	0	0	0	0	0
Feb 22 2023 18:05:39	6.07945823669	89.7387313843	96.7311401367	0.000578755978495	63.4243545532	10.2372217178	76.4596633911	-	0	0	0	0	0	0	0	0	0	0	0	0	0	0	0	0	0	9.81448459625	0	0	0	0	0	0	0	0	0.352107048035	1.69848263264	3.30026888847	4.53761148453	4.93356513977	4.3764257431	3.15719461441	1.78315961361	0.694010257721	0.0772483795881	0	0	0	0	0	0	0	0	65.2754440308	0	0	0	0	0	0	0	0	0	0	0	0	0	0	0
Feb 22 2023 18:05:40	1.58136129379	89.75756073	96.7381820679	0.000625988875981	63.6944236755	10.1115007401	74.2784042358	-	0	0	0	0	0	0	0	0	0	0	0	0	0	0	0	0	0	10.3130559921	0	0	0	0	0	0	0	0	0.072477504611	1.03002297878	2.44473004341	3.85511565208	4.71987199783	4.68392944336	3.77816081047	2.40134119987	1.08166992664	0.194539040327	0	0	0	0	0	0	0	0	65.4250946045	0	0	0	0	0	0	0	0	0	0	0	0	0	0	0
Feb 22 2023 18:05:41	1.66910517216	89.0022735596	96.4550476074	0.00043653906323	58.8440170288	7.31112146378	75.9858703613	-	0	0	0	0	0	0	0	0	0	0	0	0	0	0	0.487974792719	1.73888599873	2.99222946167	3.59039950371	3.3499546051	2.52893328667	1.55510485172	0.760593950748	0.277459979057	0.0686803534627	0.013436563313	0.0105823706836	0.054266706109	0.268802732229	0.884902656078	2.06929659843	3.66233849525	5.00833845139	5.19967889786	3.81965112686	1.61461806297	0.148432031274	0	0	0	0	0	0	0	0	59.8954391479	0	0	0	0	0	0	0	0	0	0	0	0	0	0	0
Feb 22 2023 18:05:42	1.81847167015	89.0236206055	96.4630737305	0.000588411814533	59.0143013	7.52971172333	70.5594482422	-	0	0	0	0	0	0	0	0	0	0	0	0	0	0	0.962983906269	1.76976597309	2.33134174347	2.60506916046	2.59573602676	2.34860706329	1.93477678299	1.43325078487	0.921412169933	0.477862417698	0.183290421963	0.104815766215	0.283874094486	0.730497002602	1.40994787216	2.23263669014	3.0551981926	3.68181467056	3.89565610886	3.52116346359	2.50172328949	0.979114055634	0	0	0	0	0	0	0	0	60.0394592285	0	0	0	0	0	0	0	0	0	0	0	0	0	0	0
Feb 22 2023 18:05:43	1.54871284962	87.8057556152	96.2085342407	0.00057030521566	55.4494400024	6.64915275574	66.4433288574	-	0	0	0	0	0	0	0	0	0	0	0	0	0	0	0.0263535566628	0.873247265816	3.83288860321	6.22041654587	5.0817565918	2.35482954979	0.640836417675	0.0991049706936	0.00790665112436	0.000308835180476	1.13197938845e-05	5.73420902583e-06	0.000108374013507	0.00397260999307	0.0765688940883	0.692901134491	3.17258548737	7.53888273239	8.81169223785	4.25420951843	0.52913826704	0.00273407646455	0	0	0	0	0	0	0	0	55.7795410156	0	0	0	0	0	0	0	0	0	0	0	0	0	0	0
Feb 22 2023 18:05:44	1.54678273201	89.9285049438	96.8020401001	0.000468169921078	64.5047912598	9.60151195526	78.9474639893	-	0	0	0	0	0	0	0	0	0	0	0	0	0	0	0	0	0	11.1453313828	0	0	0	0	0	0	0	0	0	1.16144073009	3.05966281891	4.5758523941	4.9453420639	4.09027957916	2.59940099716	1.22083556652	0.367282301188	0.0206063669175	0	0	0	0	0	0	0	0	66.8139724731	0	0	0	0	0	0	0	0	0	0	0	0	0	0	0
Feb 22 2023 18:05:45	1.8246935606	89.5505905151	96.6607437134	0.000607229943853	62.1185302734	7.98894786835	70.9712600708	-	0	0	0	0	0	0	0	0	0	0	0	0	0	0	0.754519343376	1.67563414574	2.38515663147	2.72549962997	2.67115807533	2.29752349854	1.7365475893	1.12885797024	0.593321800232	0.215999603271	0.0345510840416	0.00431882496923	0.0836480781436	0.402459353209	1.04790055752	1.98137784004	3.0127146244	3.80925059319	3.99304366112	3.32832670212	1.92545592785	0.37716922164	0	0	0	0	0	0	0	0	63.8155632019	0	0	0	0	0	0	0	0	0	0	0	0	0	0	0
Feb 22 2023 18:05:46	6.44797325134	90.2089996338	96.9066696167	0.000235843181144	65.9979476929	10.2236738205	89.7583312988	-	0	0	0	0	0	0	0	0	0	0	0	0	0	0	0	0	0	9.3056268692	0	0	0	0	0	0	0	0	0	7.18159008026	7.67094326019	4.44932365417	1.67252755165	0.422683596611	0.0706544667482	0.00723657337949	0.000338738173014	0	0	0	0	0	0	0	0	0	69.219078064	0	0	0	0	0	0	0	0	0	0	0	0	0	0	0
Feb 22 2023 18:05:47	6.40758991241	90.3725128174	96.9675521851	0.000369906047126	67.221862793	10.2348623276	84.2956619263	-	0	0	0	0	0	0	0	0	0	0	0	0	0	0	0	0	0	9.59109687805	6.91055588726e-16	0	0	0	0	0	0	0	0	5.88436222076	8.11023521423	4.12083768845	1.28705346584	0.267455250025	0.0367952510715	0.00311735155992	0.000121749631944	0	0	0	0	0	0	0	0	0	70.6989212036	0	0	0	0	0	0	0	0	0	0	0	0	0	0	0
Feb 22 2023 18:05:48	6.7771525383	90.2739944458	96.9308776855	0.000621633313131	66.7193145752	10.6874275208	76.0158996582	-	0	0	0	0	0	0	0	0	0	0	0	0	0	0	0	0	0	9.15835762024	0	0	0	0	0	0	0	0	0	2.7909617424	6.07279109955	6.20419549942	3.89384555817	1.58848631382	0.418880403042	0.0671285837889	0.00521871168166	0	0	0	0	0	0	0	0	0	69.8001327515	0	0	0	0	0	0	0	0	0	0	0	0	0	0	0
Feb 22 2023 18:05:49	7.01249790192	90.489440918	97.0110549927	0.000934597861487	68.3661804199	11.4470062256	68.3306732178	-	0	0	0	0	0	0	0	0	0	0	0	0	0	0	0	0	0	8.25723743439	0	0	0	0	0	0	0	0	0	3.26845788956	7.18171691895	5.71837472916	2.73328828812	0.850979447365	0.17241550982	0.0213271621615	0.00125979876611	0	0	0	0	0	0	0	0	0	71.7949447632	0	0	0	0	0	0	0	0	0	0	0	0	0	0	0
Feb 22 2023 18:05:50	1.54374039173	89.7087554932	96.7199325562	0.000452313164715	63.0148010254	8.00169181824	75.5586547852	-	0	0	0	0	0	0	0	0	0	0	0	0	0	0	0.000775864464231	0.344823718071	3.876755476	6.84417915344	3.20527625084	0.469209611416	0.0208939556032	0.000221568217967	2.95888639812e-07	1.32578531487e-11	8.18068721797e-17	1.12837832882e-13	1.76514269867e-08	5.63940484426e-05	0.0131019027904	0.497286528349	4.43208265305	10.0166053772	4.92635965347	0.313284009695	0.000450573366834	3.2988543923e-18	0	0	0	0	0	0	0	0	65.0386428833	0	0	0	0	0	0	0	0	0	0	0	0	0	0	0
Feb 22 2023 18:05:51	6.58121681213	89.6522445679	96.6987915039	0.000681078177877	63.0191497803	10.5453643799	73.7390594482	-	0	0	0	0	0	0	0	0	0	0	0	0	0	0	0	0	0	9.34661769867	0	0	0	0	0	0	0	0	0.359040856361	1.56331956387	3.07694244385	4.3719959259	4.97482252121	4.67449569702	3.62150526047	2.23922252655	0.994381606579	0.181099593639	0	0	0	0	0	0	0	0	64.5965652466	0	0	0	0	0	0	0	0	0	0	0	0	0	0	0
Feb 22 2023 18:05:52	6.7619342804	90.1047897339	96.8678207397	0.000625119311735	65.6231918335	10.5208368301	75.4850692749	-	0	0	0	0	0	0	0	0	0	0	0	0	0	0	0	0	0	9.43918418884	1.10813810385e-12	0	0	0	0	0	0	0	0	2.01644992828	4.80855131149	5.90892267227	4.90924501419	2.92682385445	1.25385713577	0.368255227804	0.0621971152723	3.5870980355e-05	0	0	0	0	0	0	0	0	68.3064727783	0	0	0	0	0	0	0	0	0	0	0	0	0	0	0
Feb 22 2023 18:05:53	1.5674778223	89.7509155273	96.7356948853	0.000783159164712	63.3778915405	9.74088573456	68.0055007935	-	0	0	0	0	0	0	0	0	0	0	0	0	0	0	0	0	0	10.6296491623	0	0	0	0	0	0	0	0	0.289361208677	1.70174872875	3.37864041328	4.60585784912	4.88331794739	4.16932249069	2.85995602608	1.51621127129	0.544088125229	0.0496370717883	0	0	0	0	0	0	0	0	65.3722076416	0	0	0	0	0	0	0	0	0	0	0	0	0	0	0
Feb 22 2023 18:05:54	1.78249871731	88.3473510742	96.2997283936	0.000643998675514	57.2323417664	7.87472677231	69.1301116943	-	0	0	0	0	0	0	0	0	0	0	0	0	0	0	0.454489409924	1.52519059181	2.57796740532	3.11546015739	2.98846149445	2.36574530602	1.55820059776	0.837181031704	0.346128493547	0.0990516841412	0.0188201293349	0.00729426229373	0.0309721622616	0.178496465087	0.66495013237	1.71800291538	3.34392380714	5.08381557465	6.040807724	5.41780757904	3.32418465614	1.04527616501	0.022049183026	0	0	0	0	0	0	0	57.2357254028	0	0	0	0	0	0	0	0	0	0	0	0	0	0	0
Feb 22 2023 18:05:55	1.52873384953	89.715637207	96.7225036621	0.000660548103042	62.9351882935	8.98603820801	69.9930953979	-	0	0	0	0	0	0	0	0	0	0	0	0	0	0	0	0	0	11.9232654572	0	0	0	0	0	0	0	0	0.552551150322	1.98282337189	3.56696653366	4.57193660736	4.59116363525	3.71341991425	2.40472459793	1.19314324856	0.389483720064	0.0176501628011	0	0	0	0	0	0	0	0	65.0928726196	0	0	0	0	0	0	0	0	0	0	0	0	0	0	0
Feb 22 2023 18:05:56	7.44757652283	90.4433822632	96.993927002	0.000643203733489	68.1395568848	11.5071268082	76.9310073853	-	0	0	0	0	0	0	0	0	0	0	0	0	0	0	0	0	0	8.40554046631	0	0	0	0	0	0	0	0	0	1.24848389626	5.68936920166	6.57281589508	4.33522319794	1.81631088257	0.487325340509	0.0792674571276	0.00632163416594	0	0	0	0	0	0	0	0	0	71.3593444824	0	0	0	0	0	0	0	0	0	0	0	0	0	0	0
Feb 22 2023 18:05:57	1.58081018925	89.9719924927	96.8182754517	0.000617131823674	64.7498245239	9.96753311157	74.3466567993	-	0	0	0	0	0	0	0	0	0	0	0	0	0	0	0	0	0	10.3252086639	0	0	0	0	0	0	0	0	0.280300408602	2.03603625298	3.82068824768	4.80318689346	4.62847518921	3.53992319107	2.1375336647	0.97169560194	0.27985727787	0.000760704104323	0	0	0	0	0	0	0	0	67.1763305664	0	0	0	0	0	0	0	0	0	0	0	0	0	0	0
Feb 22 2023 18:05:58	1.53171265125	89.8465576172	96.7714385986	0.000410879787523	63.8738136292	7.81511974335	77.0126953125	-	0	0	0	0	0	0	0	0	0	0	0	0	0	0	6.49975850919e-09	0.00578658236191	1.78708767891	10.4253787994	3.67475414276	0.114805273712	0.000308928574668	4.32774918124e-08	7.50018672386e-14	2.77900456117e-23	0	0	1.41118295037e-26	5.310027947e-15	3.44718884548e-08	0.000890620693099	0.511143743992	10.6732215881	6.62495136261	0.0404355414212	4.54004442929e-08	0	0	0	0	0	0	0	0	0	66.1412353516	0	0	0	0	0	0	0	0	0	0	0	0	0	0	0
Feb 22 2023 18:05:59	1.56389343739	89.5043869019	96.643447876	0.000640232814476	61.8162651062	7.80390453339	66.9639129639	-	0	0	0	0	0	0	0	0	0	0	0	0	0	0	0.000850863871165	0.304702669382	3.41678929329	6.86700582504	4.11699342728	0.875118374825	0.0660849735141	0.00148249277845	6.04505476076e-06	1.47611467494e-09	4.83173766432e-15	8.58640210307e-16	5.29435717489e-10	5.72497719986e-06	0.00269743660465	0.171573653817	2.43724942207	9.02768611908	8.05548477173	1.18135535717	0.00840369518846	1.48492307339e-09	0	0	0	0	0	0	0	0	63.4665145874	0	0	0	0	0	0	0	0	0	0	0	0	0	0	0
Feb 22 2023 18:06:00	6.58796930313	90.1076278687	96.8688812256	0.000828458578326	65.6258010864	10.4673662186	68.7506027222	-	0	0	0	0	0	0	0	0	0	0	0	0	0	0	0	0	0	9.48599815369	0	0	0	0	0	0	0	0	0.0929899439216	2.43708825111	4.77058887482	5.60789680481	4.66509628296	2.85784077644	1.28125488758	0.398859977722	0.0714120939374	0	0	0	0	0	0	0	0	0	68.3309707642	0	0	0	0	0	0	0	0	0	0	0	0	0	0	0
Feb 22 2023 18:06:01	7.48529481888	90.392288208	96.9749145508	0.000753072148655	67.8086929321	11.4927158356	73.4992523193	-	0	0	0	0	0	0	0	0	0	0	0	0	0	0	0	0	0	8.46094894409	1.74125004779e-12	0	0	0	0	0	0	0	0	1.15631949902	4.68680334091	6.3631439209	5.00132417679	2.49102592468	0.791306614876	0.152343213558	0.014705741778	0	0	0	0	0	0	0	0	0	70.8820724487	0	0	0	0	0	0	0	0	0	0	0	0	0	0	0
Feb 22 2023 18:06:02	7.60874128342	90.8803329468	97.1562042236	0.000888145586941	71.5993118286	12.7120761871	72.4414291382	-	0	0	0	0	0	0	0	0	0	0	0	0	0	0	0	0	0	7.2450876236	0	0	0	0	0	0	0	0	0	0	15.2814950943	1.67318224907	0.090039037168	0.00286154961213	5.3385803767e-05	5.18850129083e-07	1.55071855357e-09	0	0	0	0	0	0	0	0	0	75.70728302	0	0	0	0	0	0	0	0	0	0	0	0	0	0	0
Feb 22 2023 18:06:03	7.56824731827	90.8759384155	97.1545791626	0.00063542224234	71.5312576294	12.5941810608	79.2372741699	-	0	0	0	0	0	0	0	0	0	0	0	0	0	0	0	0	0	7.30847263336	1.99775532759e-14	0	0	0	0	0	0	0	0	0	17.0305328369	1.87926432228e-12	4.27674651604e-29	0	0	0	0	0	0	0	0	0	0	0	0	0	75.6609954834	0	0	0	0	0	0	0	0	0	0	0	0	0	0	0
Feb 22 2023 18:06:04	7.67678880692	90.8601455688	97.1487197876	0.000772086612415	71.4708633423	12.6603326797	75.348815918	-	0	0	0	0	0	0	0	0	0	0	0	0	0	0	0	0	0	7.40168333054	0	0	0	0	0	0	0	0	0	0	11.4895191193	4.88647699356	0.683051645756	0.0427704975009	0.00122582656331	1.42352391777e-05	3.90367560499e-08	0	0	0	0	0	0	0	0	0	75.495262146	0	0	0	0	0	0	0	0	0	0	0	0	0	0	0
Feb 22 2023 18:06:05	7.1338634491	90.1856689453	96.8979721069	0.0008375493926	66.2092132568	11.3679733276	71.0777130127	-	0	0	0	0	0	0	0	0	0	0	0	0	0	0	0	0	0	8.15373039246	9.00292346099e-14	0	0	0	0	0	0	0	0	2.62888169289	5.80054426193	6.52521848679	4.69650554657	2.27534294128	0.738579452038	0.152076005936	0.0164134763181	0	0	0	0	0	0	0	0	0	69.0127105713	0	0	0	0	0	0	0	0	0	0	0	0	0	0	0
Feb 22 2023 18:06:06	6.38620615005	90.1282196045	96.8765563965	0.000547514879145	65.6706924438	10.4246034622	78.0750274658	-	0	0	0	0	0	0	0	0	0	0	0	0	0	0	0	0	0	9.3690366745	2.91391325132e-12	0	0	0	0	0	0	0	0.457946687937	3.30989956856	5.41847085953	5.54567909241	4.06032419205	2.19486737251	0.865769684315	0.234097450972	0.0342608690262	0	0	0	0	0	0	0	0	0	68.5096511841	0	0	0	0	0	0	0	0	0	0	0	0	0	0	0
Feb 22 2023 18:06:07	1.53740632534	90.0743255615	96.8564605713	0.000565225083847	65.299697876	9.44494056702	74.7637710571	-	0	0	0	0	0	0	0	0	0	0	0	0	0	0	0	0	0	11.3983039856	7.41961474763e-15	0	0	0	0	0	0	0	0	1.06265437603	3.8075299263	5.64320421219	5.17635774612	3.17344141006	1.30529689789	0.342144042253	0.0470722801983	0	0	0	0	0	0	0	0	0	68.0439910889	0	0	0	0	0	0	0	0	0	0	0	0	0	0	0
Feb 22 2023 18:06:08	1.57383775711	89.5518417358	96.6612167358	0.000642352562863	62.2176704407	9.7607049942	73.0292663574	-	0	0	0	0	0	0	0	0	0	0	0	0	0	0	0	0	0	10.4818935394	0	0	0	0	0	0	0	0	0.142279669642	1.61423575878	3.35126900673	4.69000148773	5.13942241669	4.59192085266	3.34829354286	1.92631483078	0.779007911682	0.110256128013	0	0	0	0	0	0	0	0	63.8251075745	0	0	0	0	0	0	0	0	0	0	0	0	0	0	0
Feb 22 2023 18:06:09	7.62178516388	91.0885848999	97.2333755493	0.00092659186339	73.4983520508	13.2934389114	72.3995361328	-	0	0	0	0	0	0	0	0	0	0	0	0	0	0	0	0	0	7.03355312347	0	0	0	0	0	0	0	0	0	0	15.0032014847	3.41179558563e-13	6.76963155877e-34	0	0	0	0	0	0	0	0	0	0	0	0	0	77.9632415771	0	0	0	0	0	0	0	0	0	0	0	0	0	0	0
Feb 22 2023 18:06:10	7.68121051788	90.7630767822	97.1127090454	0.000535739643965	70.5927734375	11.7232675552	80.5863647461	-	0	0	0	0	0	0	0	0	0	0	0	0	0	0	0	0	0	8.42813873291	0	0	0	0	0	0	0	0	0	0	8.13580703735	8.53322410583	0.408744871616	0.00263008032925	2.56636303675e-06	3.01564467842e-10	1.48193326913e-15	0	0	0	0	0	0	0	0	0	74.4914550781	0	0	0	0	0	0	0	0	0	0	0	0	0	0	0
Feb 22 2023 18:06:11	7.36501073837	90.5705871582	97.0412216187	0.000919970567338	68.8972625732	10.5791025162	65.9903793335	-	0	0	0	0	0	0	0	0	0	0	0	0	0	0	0	0	0	9.69298362732	0	0	0	0	0	0	0	0	0	0	10.2534370422	5.60032701492	1.5797380209	0.269113957882	0.0279068183154	0.00163371954113	3.96369032387e-05	0	0	0	0	0	0	0	0	0	72.5748214722	0	0	0	0	0	0	0	0	0	0	0	0	0	0	0
Feb 22 2023 18:06:12	1.51220524311	89.4793624878	96.6340713501	0.00112117407843	61.6202507019	8.42781543732	51.8941116333	-	0	0	0	0	0	0	0	0	0	0	0	0	0	0	0	0	0	13.3371648788	0	0	0	0	0	0	0	0	0.127405107021	1.02245914936	2.39032268524	3.76424407959	4.59475469589	4.52747297287	3.60612225533	2.243714571	0.968789339066	0.138553798199	0	0	0	0	0	0	0	0	63.2789955139	0	0	0	0	0	0	0	0	0	0	0	0	0	0	0
Feb 22 2023 18:06:13	1.50914371014	89.56690979	96.6668548584	0.00109069969039	61.749912262	8.13050460815	51.731754303	-	0	0	0	0	0	0	0	0	0	0	0	0	0	0	0	0	0	13.6386766434	1.2334537146e-13	0	0	0	0	0	0	0	0.69691324234	2.23684954643	3.83217859268	4.68301057816	4.4497590065	3.36714458466	2.0089161396	0.897136032581	0.249672815204	0	0	0	0	0	0	0	0	0	63.9397506714	0	0	0	0	0	0	0	0	0	0	0	0	0	0	0
Feb 22 2023 18:06:14	1.54093766212	89.7721862793	96.7436447144	0.000960265111644	63.4685668945	9.40810966492	61.0266456604	-	0	0	0	0	0	0	0	0	0	0	0	0	0	0	0	0	0	11.3015108109	0	0	0	0	0	0	0	0	0.28366881609	1.54317748547	3.14838290215	4.39523649216	4.74274921417	4.09891653061	2.83332085609	1.50917267799	0.545675158501	0.0564548894763	0	0	0	0	0	0	0	6.24591295635e-15	65.5417327881	0	0	0	0	0	0	0	0	0	0	0	0	0	0	0
Feb 22 2023 18:06:15	1.59220910072	90.0925216675	96.863243103	0.000743126496673	65.532409668	10.1749286652	70.5230026245	-	0	0	0	0	0	0	0	0	0	0	0	0	0	0	0	0	0	10.0802965164	6.3305361387e-13	0	0	0	0	0	0	0	0	1.3839455843	4.23323869705	5.83766555786	5.19511032104	3.21105909348	1.38785755634	0.402285903692	0.0668355748057	0.00119739864022	0	0	0	0	0	0	0	0	68.2005081177	0	0	0	0	0	0	0	0	0	0	0	0	0	0	0
Feb 22 2023 18:06:16	1.52585196495	89.8226623535	96.762512207	0.00110739213414	63.5536575317	8.91438961029	54.5982551575	-	0	0	0	0	0	0	0	0	0	0	0	0	0	0	0	0	0	12.1467809677	0	0	0	0	0	0	0	0	0.296181768179	2.01777911186	3.82521796227	4.7903137207	4.54051923752	3.37888526917	1.96569621563	0.853528439999	0.234255358577	0.00333660491742	0	0	0	0	0	0	0	0	65.9475021362	0	0	0	0	0	0	0	0	0	0	0	0	0	0	0
Feb 22 2023 18:06:17	1.54285728931	89.9989547729	96.828338623	0.00086924713105	64.6392211914	9.31416130066	63.7682304382	-	0	0	0	0	0	0	0	0	0	0	0	0	0	0	0	0	0	11.2496728897	1.93658010092e-13	0	0	0	0	0	0	0	0.411864131689	2.89152908325	4.93987798691	5.3038725853	4.09991312027	2.35873556137	0.999679028988	0.293996393681	0.0480004996061	0	0	0	0	0	0	0	0	0	67.4028549194	0	0	0	0	0	0	0	0	0	0	0	0	0	0	0
Feb 22 2023 18:06:18	1.5096155405	89.1814727783	96.5223693848	0.00055374216754	59.6567153931	6.65508413315	65.9307632446	-	0	0	0	0	0	0	0	0	0	0	0	0	0	0	6.26574230988e-23	3.21425730476e-08	0.0807368978858	15.5602025986	4.02676010132	0.00391306914389	1.60923665504e-08	1.2490793856e-16	1.79362000166e-28	0	0	0	0	5.16939003489e-40	5.02243441438e-23	1.07114282721e-11	0.000276314618532	3.33692216873	15.8614349365	0.00459754653275	1.88001591833e-13	0	0	0	0	0	0	0	0	0	61.1251525879	0	0	0	0	0	0	0	0	0	0	0	0	0	0	0
Feb 22 2023 18:06:19	1.54254877567	90.0065689087	96.8311843872	0.00107746396679	64.6426696777	9.29980278015	57.2135391235	-	0	0	0	0	0	0	0	0	0	0	0	0	0	0	0	0	0	11.2579669952	0	0	0	0	0	0	0	0	0	2.46477127075	5.80679559708	6.33704280853	4.22871494293	1.83055436611	0.512223899364	0.0874183401465	0.00739113520831	0	0	0	0	0	0	0	0	0	67.467124939	0	0	0	0	0	0	0	0	0	0	0	0	0	0	0
Feb 22 2023 18:06:20	1.52985072136	90.0083389282	96.8318405151	0.00101306417491	64.8890762329	9.24851036072	58.5518226624	-	0	0	0	0	0	0	0	0	0	0	0	0	0	0	0	0	0	11.8389482498	1.39043358533e-13	0	0	0	0	0	0	0	0	0.600080013275	3.1956949234	5.29339885712	5.38486385345	3.73423695564	1.79206836224	0.572543919086	0.1041489169	0.00194979808293	0	0	0	0	0	0	0	0	67.4820632935	0	0	0	0	0	0	0	0	0	0	0	0	0	0	0
Feb 22 2023 18:06:21	1.56701183319	88.915184021	96.4222946167	0.00103785516694	58.1091003418	6.73802375793	48.2113647461	-	0	0	0	0	0	0	0	0	0	0	0	0	0	0	0.0204253252596	0.741621613503	3.53609991074	6.18135738373	5.39365768433	2.64674472809	0.755705714226	0.121218696237	0.00985756888986	0.00037945972872	1.28027668325e-05	5.90944910073e-06	0.000116080627777	0.00445512728766	0.0866360142827	0.766059875488	3.32523298264	7.19959068298	7.1737742424	2.5669233799	0.155471459031	1.24429252537e-05	0	0	0	0	0	0	0	0	59.3146324158	0	0	0	0	0	0	0	0	0	0	0	0	0	0	0
Feb 22 2023 18:06:22	1.52613079548	89.9418487549	96.8070297241	0.000639182049781	64.2050094604	8.8992395401	70.4947662354	-	0	0	0	0	0	0	0	0	0	0	0	0	0	0	0	0	0	12.1247711182	1.35480209408e-13	0	0	0	0	0	0	0	0.147545680404	2.40719485283	4.72564458847	5.4583568573	4.35772848129	2.50207829475	1.02558231354	0.28348878026	0.0428366325796	0	0	0	0	0	0	0	0	0	66.9247741699	0	0	0	0	0	0	0	0	0	0	0	0	0	0	0
Feb 22 2023 18:06:23	1.50315618515	89.1622085571	96.5151290894	0.000625087122899	60.0202217102	8.08173561096	68.0661621094	-	0	0	0	0	0	0	0	0	0	0	0	0	0	0	0	0	0	14.2715539932	0	0	0	0	0	0	0	0	0	0.492355316877	1.50084233284	2.84151935577	4.11884641647	4.84092140198	4.66223716736	3.60008025169	2.05844545364	0.622555911541	0	0	0	0	0	0	0	0	60.9906425476	0	0	0	0	0	0	0	0	0	0	0	0	0	0	0
Feb 22 2023 18:06:24	1.54562461376	89.6196899414	96.6866073608	0.000899252598174	62.710319519	9.53064441681	63.348941803	-	0	0	0	0	0	0	0	0	0	0	0	0	0	0	0	0	0	11.1758861542	9.44417829531e-13	0	0	0	0	0	0	0	0	0.955939590931	2.53481030464	4.08397865295	4.95840740204	4.79767656326	3.72838258743	2.26402187347	0.97418820858	0.18226917088	0	0	0	0	0	0	0	0	64.3444442749	0	0	0	0	0	0	0	0	0	0	0	0	0	0	0
Feb 22 2023 18:06:25	1.62857699394	87.8721694946	96.2197494507	0.00048138332204	55.836479187	7.30769062042	73.5693283081	-	0	0	0	0	0	0	0	0	0	0	0	0	0	0	0.147861108184	1.34419500828	3.34418559074	4.41578531265	3.78252220154	2.27934908867	0.99759054184	0.317558795214	0.0729562863708	0.0132588101551	0.00329837901518	0.00340967206284	0.0152387376875	0.0981583595276	0.50075751543	1.76905071735	4.28800868988	7.05129861832	7.52580547333	4.6894569397	1.31613218784	0.0695371553302	0	0	0	0	0	0	0	0	55.9545860291	0	0	0	0	0	0	0	0	0	0	0	0	0	0	0
Feb 22 2023 18:06:26	1.62035667896	88.301940918	96.292098999	0.000800048350357	56.6069908142	6.94204902649	58.7201538086	-	0	0	0	0	0	0	0	0	0	0	0	0	0	0	0.259267270565	1.53404700756	3.29005002975	4.297955513	4.00101900101	2.82408738136	1.54279613495	0.645164549351	0.198494508862	0.0439138039947	0.00896172318608	0.00507986173034	0.0169607531279	0.0993818864226	0.461258500814	1.49311614037	3.43244481087	5.64727258682	6.46551942825	4.72600603104	1.75506019592	0.141075953841	0	0	0	0	0	0	0	0	57.1110649109	0	0	0	0	0	0	0	0	0	0	0	0	0	0	0
Feb 22 2023 18:06:27	1.69978284836	86.9371795654	96.0612945557	0.000747301382944	53.4733352661	6.6447725296	60.5467147827	-	0	0	0	0	0	0	0	0	0	0	0	0	0	0	1.04083585739	1.99757015705	2.65829849243	2.95575547218	2.90594506264	2.58490037918	2.09923577309	1.55660104752	1.05095481873	0.662828445435	0.454830110073	0.462353736162	0.710376977921	1.21060967445	1.93281698227	2.78260660172	3.60588622093	4.19121694565	4.30675935745	3.77410268784	2.56545877457	0.914159595966	0	0	0	0	0	0	0	0	53.5758972168	0	0	0	0	0	0	0	0	0	0	0	0	0	0	0
Feb 22 2023 18:06:28	1.7074713707	86.8861999512	96.0526123047	0.000737857480999	53.316204071	6.64984464645	61.0089073181	-	0	0	0	0	0	0	0	0	0	0	0	0	0	0	1.03558921814	1.98512268066	2.63702726364	2.92566609383	2.86978530884	2.54836893082	2.07011985779	1.54326069355	1.06082701683	0.701131045818	0.523745536804	0.562275528908	0.839026451111	1.35659039021	2.07519245148	2.89483237267	3.66301989555	4.17788791656	4.2239074707	3.64150094986	2.41835784912	0.79545879364	0	0	0	0	0	0	0	0	53.4513053894	0	0	0	0	0	0	0	0	0	0	0	0	0	0	0
Feb 22 2023 18:06:29	1.50874328613	89.2762680054	96.5579376221	0.000987702864222	60.8229522705	8.41125202179	55.8057060242	-	0	0	0	0	0	0	0	0	0	0	0	0	0	0	0	0	0	13.6791629791	6.43225446864e-12	0	0	0	0	0	0	0	0	0.100134596229	1.07322394848	2.52806138992	4.0430727005	5.01379108429	4.96914291382	3.88283348083	2.22532629967	0.690034151077	0	0	0	0	0	0	0	0	61.7952156067	0	0	0	0	0	0	0	0	0	0	0	0	0	0	0
Feb 22 2023 18:06:30	1.55829143524	26.4599399567	95.8474884033	0.000488650519401	52.4308738708	7.16757392883	71.9060058594	-	0	0	0	0	0	0	0	0	0	0	0	0	0	0	6.90129724403e-26	1.12365405869e-09	0.0179897136986	11.5538454056	6.61277008057	0.00929882191122	2.78380838381e-08	3.52823666332e-17	1.03960355983e-31	0	0	0	0	0	0	0.00031049491372	0.0347585231066	0.459759533405	2.52814674377	7.34712648392	11.5351896286	8.63341140747	2.02013254166	0.0150235658512	0	0	0	0	0	0	49.2322349548	0	0	0	0	0	0	0	0	0	0	0	0	0	0	0
Feb 22 2023 18:06:31	1.51703357697	89.0423202515	96.4701004028	0.000911575276405	60.5567626953	9.02015399933	60.4469604492	-	0	0	0	0	0	0	0	0	0	0	0	0	0	0	0	0	9.75948328464e-39	12.888961792	1.05819622813e-13	0	0	0	0	0	0	0	0	0	0	0.442142188549	1.60306692123	3.38172912598	5.25635242462	6.30444383621	5.71392631531	3.49018096924	0.753029584885	0	0	0	0	0	0	0	60.1661682129	0	0	0	0	0	0	0	0	0	0	0	0	0	0	0
Feb 22 2023 18:06:32	1.54459369183	87.904914856	96.2252731323	0.000442232034402	55.9719238281	6.8994717598	73.2982940674	-	0	0	0	0	0	0	0	0	0	0	0	0	0	0	3.63792469216e-06	0.0420751050115	2.32073736191	9.26830196381	6.0315823555	0.862855195999	0.0285629238933	0.000180769580766	1.24142246705e-07	2.63951555925e-12	1.33248172581e-19	7.3272890662e-28	2.62751239703e-20	1.98595198446e-12	2.42978529741e-07	0.00067689147545	0.148322969675	4.09614181519	15.2496070862	5.81396389008	0.0957374870777	4.20732976636e-06	2.81838112471e-32	0	0	0	0	0	0	0	56.0412483215	0	0	0	0	0	0	0	0	0	0	0	0	0	0	0
Feb 22 2023 18:06:33	1.57664906979	87.5395507813	96.1635437012	0.000598244543653	55.0659637451	6.63170433044	65.5703277588	-	0	0	0	0	0	0	0	0	0	0	0	0	0	0	0.0640541240573	1.04895746708	3.54714465141	5.53784990311	5.08366966248	3.01001405716	1.17626929283	0.291767388582	0.0406978204846	0.00256488635205	6.30493595963e-05	3.6369940517e-06	4.42650234618e-05	0.00236292835325	0.0504419803619	0.456400692463	2.13090848923	5.61470651627	8.35652828217	6.42215919495	1.96923410892	0.106662578881	8.07123079483e-09	0	0	0	0	0	0	0	55.0874938965	0	0	0	0	0	0	0	0	0	0	0	0	0	0	0
Feb 22 2023 18:06:34	1.78413903713	24.2293968201	95.7630310059	0.000690741639119	49.5768699646	6.91870832443	64.4827957153	-	0	0	0	0	0	0	0	0	0	0	0	0	0	0	0.938015222549	1.78416907787	2.40098881721	2.73053193092	2.76978111267	2.56050992012	2.17245006561	1.68385601044	1.17171514034	0.71403503418	0.387451648712	0.250628858805	0.344173967838	0.703715324402	1.34552633762	2.23816680908	3.29069042206	4.33321237564	5.11824131012	5.3643860817	4.84897851944	3.54515767097	1.7485833168	0.11344961822	0	0	0	0	0	0	47.4415855408	0	0	0	0	0	0	0	0	0	0	0	0	0	0	0
Feb 22 2023 18:06:35	1.90194988251	86.3597335815	95.9746017456	0.000455808389233	53.2217025757	7.51229667664	76.7070922852	-	0	0	0	0	0	0	0	0	0	0	0	0	0	0	0.878568470478	1.62083280087	2.15138959885	2.43315434456	2.46806430817	2.2915365696	1.96066129208	1.53974890709	1.09331548214	0.689828932285	0.403273910284	0.300588607788	0.432796120644	0.828859210014	1.48467874527	2.34948039055	3.31746268272	4.21370077133	4.80337953568	4.83799171448	4.13838863373	2.71157503128	0.857096612453	0	0	0	0	0	9.80908925027e-43	1.25069036074e-13	52.1936302185	0	0	0	0	0	0	0	0	0	0	0	0	0	0	0
Feb 22 2023 18:06:36	1.84392309189	88.8466949463	96.3965301514	0.000520681089256	58.1337280273	7.59649181366	73.7330703735	-	0	0	0	0	0	0	0	0	0	0	0	0	0	0	0.942323803902	1.73143112659	2.28002262115	2.54638409615	2.53548073769	2.29217481613	1.88685894012	1.39780056477	0.901705384254	0.476537823677	0.20250312984	0.146472096443	0.349625557661	0.821748375893	1.52733278275	2.37532401085	3.22021055222	3.86375522614	4.08715057373	3.71380662918	2.68700885773	1.14896821976	0	0	0	0	0	0	0	0	58.8653755188	0	0	0	0	0	0	0	0	0	0	0	0	0	0	0
Feb 22 2023 18:06:37	1.55681777	87.7313156128	96.1959686279	0.000754362088628	55.3173065186	6.65707731247	58.4156913757	-	0	0	0	0	0	0	0	0	0	0	0	0	0	0	0.0250270646065	0.836001694202	3.71933364868	6.15772533417	5.17392921448	2.49319505692	0.716927826405	0.120177343488	0.0108581809327	0.000514252111316	2.29040615523e-05	9.49073455558e-06	0.000117924675578	0.003640482435	0.067917086184	0.623857676983	2.94943761826	7.29875135422	8.95773124695	4.61374998093	0.641768813133	0.0048139016144	0	0	0	0	0	0	0	0	55.5844917297	0	0	0	0	0	0	0	0	0	0	0	0	0	0	0
Feb 22 2023 18:06:38	1.6484452486	88.7385787964	96.3653106689	0.000650611182209	57.4953956604	6.75862503052	64.5761947632	-	0	0	0	0	0	0	0	0	0	0	0	0	0	0	0.711565256119	1.89760065079	2.9504532814	3.52059340477	3.50023841858	2.99008703232	2.20794558525	1.38462269306	0.698755800724	0.251703500748	0.0498985797167	0.00539289694279	0.0251246932894	0.187925234437	0.671548306942	1.57913637161	2.82134652138	4.03751564026	4.65670919418	4.1805768013	2.60823774338	0.733120977879	0	0	0	0	0	0	0	0	58.3299026489	0	0	0	0	0	0	0	0	0	0	0	0	0	0	0
Feb 22 2023 18:06:39	8.79381370544	90.6352081299	97.0652313232	0.000630239839666	69.8184356689	11.4350175858	76.6627349854	-	0	0	0	0	0	0	0	0	0	0	0	0	0	0	0	0	0	9.22582244873	0	0	0	0	0	0	0	0	0	0	0	6.89581489563	6.7101521492	3.05320310593	0.785420179367	0.113946154714	0.00799051020294	4.26243714173e-05	0	0	0	0	0	0	0	0	73.207611084	0	0	0	0	0	0	0	0	0	0	0	0	0	0	0
Feb 22 2023 18:06:40	1.27792692184	87.3301086426	96.1280593872	0.000355438824045	56.1025924683	6.69209194183	74.8292236328	-	0	0	0	0	0	0	0	0	0	0	0	0	0	0	0	7.3683038837e-12	15.9260730743	2.44572997922e-13	0	0	0	0	0	0	0	0	0	0	0.00111302617006	0.174478381872	0.906010150909	2.57367253304	5.06016254425	7.25418996811	7.41935014725	4.83659076691	1.29481399059	0	0	0	0	0	0	0	54.5535430908	0	0	0	0	0	0	0	0	0	0	0	0	0	0	0
Feb 22 2023 18:06:41	1.58815538883	90.6582641602	97.0737991333	0.00101360876579	69.9545135498	10.752746582	63.0241317749	-	0	0	0	0	0	0	0	0	0	0	0	0	0	0	0	0	0	10.2730970383	1.06534323464e-12	0	0	0	0	0	0	0	0	0	0	4.77073097229	6.85190629959	3.65906667709	0.903182685375	0.101763449609	0.00428859842941	0	0	0	0	0	0	0	0	0	73.4359588623	0	0	0	0	0	0	0	0	0	0	0	0	0	0	0
Feb 22 2023 18:06:42	1.50662779808	88.6836547852	96.3561172485	0.000616337638348	58.248664856	8.24835681915	69.029838562	-	0	0	0	0	0	0	0	0	0	0	0	0	0	0	0	0	0	13.8973264694	5.16350505376e-14	0	0	0	0	0	0	0	0	0.19664400816	0.934494554996	2.09790658951	3.50768232346	4.78734493256	5.46039676666	5.15735387802	3.83797693253	1.89927709103	0.0495254360139	0	0	0	0	0	0	0	58.1740722656	0	0	0	0	0	0	0	0	0	0	0	0	0	0	0
Feb 22 2023 18:06:43	1.54995846748	89.6476593018	96.6970748901	0.00058319803793	62.5832252502	9.36593723297	74.1676940918	-	0	0	0	0	0	0	0	0	0	0	0	0	0	0	0	0	0	11.0625085831	7.40791891669e-15	0	0	0	0	0	0	0	0.580528259277	2.1702978611	3.81910610199	4.80992460251	4.78969573975	3.8803164959	2.54514241219	1.29766106606	0.448265939951	0.0356518998742	0	0	0	0	0	0	0	0	64.5609054565	0	0	0	0	0	0	0	0	0	0	0	0	0	0	0
Feb 22 2023 18:06:44	1.52621281147	89.8960113525	96.7899093628	0.000429378822446	64.2061843872	9.0965423584	79.3590698242	-	0	0	0	0	0	0	0	0	0	0	0	0	0	0	0	0	0	12.118311882	0	0	0	0	0	0	0	0	0	1.01844143867	2.82502007484	4.3906288147	4.86471128464	4.07403802872	2.59058260918	1.202729702	0.352444440126	0.0174647476524	0	0	0	0	0	0	0	0	66.5456314087	0	0	0	0	0	0	0	0	0	0	0	0	0	0	0
Feb 22 2023 18:06:45	1.66802859306	89.3814163208	96.597366333	0.000496307213325	61.1357917786	7.82402420044	74.3565826416	-	0	0	0	0	0	0	0	0	0	0	0	0	0	0	0.17116317153	1.31168627739	3.09906125069	4.10080194473	3.62156629562	2.26917123795	1.01350736618	0.306199222803	0.0539911389351	0.00398688297719	7.1527705586e-05	1.00346323961e-05	0.000871021358762	0.0270350668579	0.263536483049	1.23767471313	3.40538764	5.86437129974	6.22144651413	3.63673448563	0.82451069355	0.0121738286689	0	0	0	0	0	0	0	0	62.5550460815	0	0	0	0	0	0	0	0	0	0	0	0	0	0	0
Feb 22 2023 18:06:46	1.60978770256	87.3754119873	96.1357345581	0.000481158145703	54.3293037415	6.50922393799	71.3502502441	-	0	0	0	0	0	0	0	0	0	0	0	0	0	0	0.680318057537	2.01649928093	3.19704532623	3.72978568077	3.52790498734	2.81482124329	1.92534065247	1.13108563423	0.570167541504	0.25947496295	0.138700693846	0.142695307732	0.285545825958	0.678431332111	1.45335888863	2.62504529953	3.97085142136	4.98786973953	5.0657491684	3.90282392502	1.92874765396	0.299479007721	0	0	0	0	0	0	0	0	54.668258667	0	0	0	0	0	0	0	0	0	0	0	0	0	0	0
Feb 22 2023 18:06:47	1.78290426731	86.9577255249	96.0647888184	0.000500067835674	53.8929748535	7.1474905014	73.3245620728	-	0	0	0	0	0	0	0	0	0	0	0	0	0	0	0.867901861668	1.78499221802	2.45509719849	2.77346467972	2.73881435394	2.4242374897	1.94136333466	1.40447485447	0.910870432854	0.537315607071	0.333537369967	0.31822732091	0.516677200794	0.975420236588	1.7109285593	2.66175055504	3.67436218262	4.49806308746	4.82793426514	4.40862798691	3.18012285233	1.42955875397	0	0	0	0	0	0	0	0	53.6262588501	0	0	0	0	0	0	0	0	0	0	0	0	0	0	0
Feb 22 2023 18:06:48	1.6422315836	88.8249359131	96.388343811	0.000775380874984	57.7785491943	6.98668003082	60.0820426941	-	0	0	0	0	0	0	0	0	0	0	0	0	0	0	0.498687654734	1.78624892235	3.09616875648	3.75312304497	3.5528652668	2.7397313118	1.74065101147	0.898490011692	0.361885130405	0.109852209687	0.0310682114214	0.0237147193402	0.0754077062011	0.299047797918	0.908427476883	2.06152749062	3.61289334297	4.94004392624	5.15652799606	3.824852705	1.64422667027	0.160583227873	0	0	0	0	0	0	0	6.897222424e-15	58.7239761353	0	0	0	0	0	0	0	0	0	0	0	0	0	0	0
Feb 22 2023 18:06:49	1.50085008144	89.110748291	96.4958114624	0.000716627051588	59.5166320801	7.8804359436	63.6769065857	-	0	0	0	0	0	0	0	0	0	0	0	0	0	0	0	0	0	14.5319776535	2.68302741135e-12	0	0	0	0	0	0	0	0.194576412439	0.920018672943	2.08379936218	3.38654732704	4.39847707748	4.72483539581	4.20191764832	3.00242471695	1.56130290031	0.359976649284	0	0	0	0	0	0	0	0	60.634147644	0	0	0	0	0	0	0	0	0	0	0	0	0	0	0
Feb 22 2023 18:06:50	1.53127908707	89.9421844482	96.8071517944	0.000581105530728	64.6320037842	9.38229084015	73.8562316895	-	0	0	0	0	0	0	0	0	0	0	0	0	0	0	0	0	0	11.7329235077	0	0	0	0	0	0	0	0	0	0.348542273045	2.27428102493	4.29224634171	5.20915079117	4.55188322067	2.92108225822	1.33466458321	0.38137820363	0.0262947753072	0	0	0	0	0	0	0	0	66.9275512695	0	0	0	0	0	0	0	0	0	0	0	0	0	0	0
Feb 22 2023 18:06:51	1.48706269264	87.9498748779	96.2328491211	0.000863628927618	54.9682121277	5.64476728439	48.7648086548	-	0	0	0	0	0	0	0	0	0	0	0	0	0	0	0.568492412567	2.30347204208	4.17646789551	5.08859586716	4.71061038971	3.47847890854	2.08370137215	1.00663328171	0.384933143854	0.120707392693	0.0439097881317	0.0424803309143	0.115960881114	0.384953320026	1.05138015747	2.21523332596	3.62771964073	4.58935403824	4.31159305573	2.70402336121	0.819558084011	0.0111226374283	0	0	0	0	0	0	0	0	56.1606178284	0	0	0	0	0	0	0	0	0	0	0	0	0	0	0
Feb 22 2023 18:06:52	1.55940556526	89.120300293	96.4993972778	0.000499666319229	59.355014801	6.97238445282	70.8387680054	-	0	0	0	0	0	0	0	0	0	0	0	0	0	0	0.0011488503078	0.290929585695	3.1802675724	7.34514093399	5.73834657669	1.79701769352	0.230694115162	0.0107261072844	0.000127061299281	1.83529266451e-07	1.21159401956e-11	4.15992347719e-14	8.10579714461e-10	5.56907707505e-06	0.00220378674567	0.1290448457	1.8545819521	7.75385475159	8.92097473145	2.01511311531	0.0297986846417	3.25103890475e-08	0	0	0	0	0	0	0	0	60.7000236511	0	0	0	0	0	0	0	0	0	0	0	0	0	0	0
Feb 22 2023 18:06:53	1.51582527161	89.8746109009	96.7819213867	0.000630415452179	63.91929245	8.65019989014	69.8038787842	-	0	0	0	0	0	0	0	0	0	0	0	0	0	0	0	0	0	12.9981431961	3.95611040942e-14	0	0	0	0	0	0	0	0	0.888674616814	2.98659658432	4.69622182846	4.97897863388	3.83834886551	2.16936683655	0.863023877144	0.206171795726	0.00440361257643	0	0	0	0	0	0	0	0	66.3700714111	0	0	0	0	0	0	0	0	0	0	0	0	0	0	0
Feb 22 2023 18:06:54	1.58387446404	90.4317550659	96.9896011353	0.000727548322175	67.7743606567	10.0407505035	70.5521774292	-	0	0	0	0	0	0	0	0	0	0	0	0	0	0	0	0	0	10.427400589	0	0	0	0	0	0	0	0	0	0	8.94205379486	6.49076604843	2.3277528286	0.494073390961	0.0630711466074	0.00453486060724	0.000141079770401	0	0	0	0	0	0	0	0	0	71.2502059937	0	0	0	0	0	0	0	0	0	0	0	0	0	0	0
Feb 22 2023 18:06:55	7.37988042831	90.6687774658	97.0776977539	0.00113553297706	69.6100769043	10.7954473495	60.7667388916	-	0	0	0	0	0	0	0	0	0	0	0	0	0	0	0	0	0	9.25110244751	0	0	0	0	0	0	0	0	0	0	17.2083873749	0	0	0	0	0	0	0	0	0	0	0	0	0	0	0	73.540512085	0	0	0	0	0	0	0	0	0	0	0	0	0	0	0
Feb 22 2023 18:06:56	1.49594509602	87.8390426636	96.2141571045	0.00036850295146	54.8791770935	5.86627960205	73.7835922241	-	0	0	0	0	0	0	0	0	0	0	0	0	0	0	0.0130052864552	0.777904331684	4.41903352737	7.82492399216	6.17687892914	2.50189781189	0.545226156712	0.06280182302	0.00364180258475	0.000123090430861	7.86360214988e-06	1.10171204142e-05	0.000256032799371	0.00854815263301	0.152136430144	1.24493849277	4.79077291489	8.43910503387	5.96567296982	1.18520104885	0.0207499545068	1.56757593017e-12	0	0	0	0	0	0	0	0	55.8671646118	0	0	0	0	0	0	0	0	0	0	0	0	0	0	0
Feb 22 2023 18:06:57	-1.00000001505e+30	-1.00000001505e+30	-1.00000001505e+30	-1.00000002538e+26	-1.00000001505e+30	-1.00000001505e+30	99.9215087891	-	0	0	0	0	0	0	0	0	0	0	0	0	0	0	0	0	0	0	0	0	0	0	0	0	0	0	0	0	0	0	0	0	0	0	0	0	0	0	0	0	0	0	0	0	0	0	0	0	0	0	0	0	0	0	0	0	0	0	0	0
Feb 22 2023 18:06:58	-1.00000001505e+30	-1.00000001505e+30	-1.00000001505e+30	-1.00000002538e+26	-1.00000001505e+30	-1.00000001505e+30	99.9890823364	-	0	0	0	0	0	0	0	0	0	0	0	0	0	0	0	0	0	0	0	0	0	0	0	0	0	0	0	0	0	0	0	0	0	0	0	0	0	0	0	0	0	0	0	0	0	0	0	0	0	0	0	0	0	0	0	0	0	0	0	0
Feb 22 2023 18:06:59	-1.00000001505e+30	-1.00000001505e+30	-1.00000001505e+30	-1.00000002538e+26	-1.00000001505e+30	-1.00000001505e+30	99.957321167	-	0	0	0	0	0	0	0	0	0	0	0	0	0	0	0	0	0	0	0	0	0	0	0	0	0	0	0	0	0	0	0	0	0	0	0	0	0	0	0	0	0	0	0	0	0	0	0	0	0	0	0	0	0	0	0	0	0	0	0	0
Feb 22 2023 18:07:00	-1.00000001505e+30	-1.00000001505e+30	-1.00000001505e+30	-1.00000002538e+26	-1.00000001505e+30	-1.00000001505e+30	100.012039185	-	0	0	0	0	0	0	0	0	0	0	0	0	0	0	0	0	0	0	0	0	0	0	0	0	0	0	0	0	0	0	0	0	0	0	0	0	0	0	0	0	0	0	0	0	0	0	0	0	0	0	0	0	0	0	0	0	0	0	0	0
Feb 22 2023 18:07:01	-1.00000001505e+30	-1.00000001505e+30	-1.00000001505e+30	-1.00000002538e+26	-1.00000001505e+30	-1.00000001505e+30	99.9825057983	-	0	0	0	0	0	0	0	0	0	0	0	0	0	0	0	0	0	0	0	0	0	0	0	0	0	0	0	0	0	0	0	0	0	0	0	0	0	0	0	0	0	0	0	0	0	0	0	0	0	0	0	0	0	0	0	0	0	0	0	0
Feb 22 2023 18:07:02	-1.00000001505e+30	-1.00000001505e+30	-1.00000001505e+30	-1.00000002538e+26	-1.00000001505e+30	-1.00000001505e+30	99.9320144653	-	0	0	0	0	0	0	0	0	0	0	0	0	0	0	0	0	0	0	0	0	0	0	0	0	0	0	0	0	0	0	0	0	0	0	0	0	0	0	0	0	0	0	0	0	0	0	0	0	0	0	0	0	0	0	0	0	0	0	0	0
Feb 22 2023 18:07:03	-1.00000001505e+30	-1.00000001505e+30	-1.00000001505e+30	-1.00000002538e+26	-1.00000001505e+30	-1.00000001505e+30	99.9732131958	-	0	0	0	0	0	0	0	0	0	0	0	0	0	0	0	0	0	0	0	0	0	0	0	0	0	0	0	0	0	0	0	0	0	0	0	0	0	0	0	0	0	0	0	0	0	0	0	0	0	0	0	0	0	0	0	0	0	0	0	0
Feb 22 2023 18:07:04	-1.00000001505e+30	-1.00000001505e+30	-1.00000001505e+30	-1.00000002538e+26	-1.00000001505e+30	-1.00000001505e+30	99.8239059448	-	0	0	0	0	0	0	0	0	0	0	0	0	0	0	0	0	0	0	0	0	0	0	0	0	0	0	0	0	0	0	0	0	0	0	0	0	0	0	0	0	0	0	0	0	0	0	0	0	0	0	0	0	0	0	0	0	0	0	0	0
Feb 22 2023 18:07:05	-1.00000001505e+30	-1.00000001505e+30	-1.00000001505e+30	-1.00000002538e+26	-1.00000001505e+30	-1.00000001505e+30	99.8817672729	-	0	0	0	0	0	0	0	0	0	0	0	0	0	0	0	0	0	0	0	0	0	0	0	0	0	0	0	0	0	0	0	0	0	0	0	0	0	0	0	0	0	0	0	0	0	0	0	0	0	0	0	0	0	0	0	0	0	0	0	0
Feb 22 2023 18:07:06	-1.00000001505e+30	-1.00000001505e+30	-1.00000001505e+30	-1.00000002538e+26	-1.00000001505e+30	-1.00000001505e+30	99.9797515869	-	0	0	0	0	0	0	0	0	0	0	0	0	0	0	0	0	0	0	0	0	0	0	0	0	0	0	0	0	0	0	0	0	0	0	0	0	0	0	0	0	0	0	0	0	0	0	0	0	0	0	0	0	0	0	0	0	0	0	0	0
Feb 22 2023 18:07:07	-1.00000001505e+30	-1.00000001505e+30	-1.00000001505e+30	-1.00000002538e+26	-1.00000001505e+30	-1.00000001505e+30	99.9750213623	-	0	0	0	0	0	0	0	0	0	0	0	0	0	0	0	0	0	0	0	0	0	0	0	0	0	0	0	0	0	0	0	0	0	0	0	0	0	0	0	0	0	0	0	0	0	0	0	0	0	0	0	0	0	0	0	0	0	0	0	0
Feb 22 2023 18:07:08	-1.00000001505e+30	-1.00000001505e+30	-1.00000001505e+30	-1.00000002538e+26	-1.00000001505e+30	-1.00000001505e+30	99.9643478394	-	0	0	0	0	0	0	0	0	0	0	0	0	0	0	0	0	0	0	0	0	0	0	0	0	0	0	0	0	0	0	0	0	0	0	0	0	0	0	0	0	0	0	0	0	0	0	0	0	0	0	0	0	0	0	0	0	0	0	0	0
Feb 22 2023 18:07:09	-1.00000001505e+30	-1.00000001505e+30	-1.00000001505e+30	-1.00000002538e+26	-1.00000001505e+30	-1.00000001505e+30	99.9852676392	-	0	0	0	0	0	0	0	0	0	0	0	0	0	0	0	0	0	0	0	0	0	0	0	0	0	0	0	0	0	0	0	0	0	0	0	0	0	0	0	0	0	0	0	0	0	0	0	0	0	0	0	0	0	0	0	0	0	0	0	0
Feb 22 2023 18:07:10	-1.00000001505e+30	-1.00000001505e+30	-1.00000001505e+30	-1.00000002538e+26	-1.00000001505e+30	-1.00000001505e+30	99.9936065674	-	0	0	0	0	0	0	0	0	0	0	0	0	0	0	0	0	0	0	0	0	0	0	0	0	0	0	0	0	0	0	0	0	0	0	0	0	0	0	0	0	0	0	0	0	0	0	0	0	0	0	0	0	0	0	0	0	0	0	0	0
Feb 22 2023 18:07:11	-1.00000001505e+30	-1.00000001505e+30	-1.00000001505e+30	-1.00000002538e+26	-1.00000001505e+30	-1.00000001505e+30	99.9975967407	-	0	0	0	0	0	0	0	0	0	0	0	0	0	0	0	0	0	0	0	0	0	0	0	0	0	0	0	0	0	0	0	0	0	0	0	0	0	0	0	0	0	0	0	0	0	0	0	0	0	0	0	0	0	0	0	0	0	0	0	0
Feb 22 2023 18:07:12	-1.00000001505e+30	-1.00000001505e+30	-1.00000001505e+30	-1.00000002538e+26	-1.00000001505e+30	-1.00000001505e+30	99.9954071045	-	0	0	0	0	0	0	0	0	0	0	0	0	0	0	0	0	0	0	0	0	0	0	0	0	0	0	0	0	0	0	0	0	0	0	0	0	0	0	0	0	0	0	0	0	0	0	0	0	0	0	0	0	0	0	0	0	0	0	0	0
Feb 22 2023 18:07:13	-1.00000001505e+30	-1.00000001505e+30	-1.00000001505e+30	-1.00000002538e+26	-1.00000001505e+30	-1.00000001505e+30	100.004302979	-	0	0	0	0	0	0	0	0	0	0	0	0	0	0	0	0	0	0	0	0	0	0	0	0	0	0	0	0	0	0	0	0	0	0	0	0	0	0	0	0	0	0	0	0	0	0	0	0	0	0	0	0	0	0	0	0	0	0	0	0
Feb 22 2023 18:07:14	-1.00000001505e+30	-1.00000001505e+30	-1.00000001505e+30	-1.00000002538e+26	-1.00000001505e+30	-1.00000001505e+30	100.00920105	-	0	0	0	0	0	0	0	0	0	0	0	0	0	0	0	0	0	0	0	0	0	0	0	0	0	0	0	0	0	0	0	0	0	0	0	0	0	0	0	0	0	0	0	0	0	0	0	0	0	0	0	0	0	0	0	0	0	0	0	0
Feb 22 2023 18:07:15	-1.00000001505e+30	-1.00000001505e+30	-1.00000001505e+30	-1.00000002538e+26	-1.00000001505e+30	-1.00000001505e+30	99.9708557129	-	0	0	0	0	0	0	0	0	0	0	0	0	0	0	0	0	0	0	0	0	0	0	0	0	0	0	0	0	0	0	0	0	0	0	0	0	0	0	0	0	0	0	0	0	0	0	0	0	0	0	0	0	0	0	0	0	0	0	0	0
Feb 22 2023 18:07:16	-1.00000001505e+30	-1.00000001505e+30	-1.00000001505e+30	-1.00000002538e+26	-1.00000001505e+30	-1.00000001505e+30	99.9711380005	-	0	0	0	0	0	0	0	0	0	0	0	0	0	0	0	0	0	0	0	0	0	0	0	0	0	0	0	0	0	0	0	0	0	0	0	0	0	0	0	0	0	0	0	0	0	0	0	0	0	0	0	0	0	0	0	0	0	0	0	0
Feb 22 2023 18:07:17	-1.00000001505e+30	-1.00000001505e+30	-1.00000001505e+30	-1.00000002538e+26	-1.00000001505e+30	-1.00000001505e+30	100.009559631	-	0	0	0	0	0	0	0	0	0	0	0	0	0	0	0	0	0	0	0	0	0	0	0	0	0	0	0	0	0	0	0	0	0	0	0	0	0	0	0	0	0	0	0	0	0	0	0	0	0	0	0	0	0	0	0	0	0	0	0	0
Feb 22 2023 18:07:18	-1.00000001505e+30	-1.00000001505e+30	-1.00000001505e+30	-1.00000002538e+26	-1.00000001505e+30	-1.00000001505e+30	100.029823303	-	0	0	0	0	0	0	0	0	0	0	0	0	0	0	0	0	0	0	0	0	0	0	0	0	0	0	0	0	0	0	0	0	0	0	0	0	0	0	0	0	0	0	0	0	0	0	0	0	0	0	0	0	0	0	0	0	0	0	0	0
