Date-Time	Dx(10)	Dx(50)	Dx(90)	Cv(%)	D[4][3]	D[3][2]	Transmission	0.10000020	0.11659167	0.13593590	0.15848963	0.18478534	0.21544389	0.25118914	0.29286504	0.34145555	0.39810795	0.46415979	0.54117060	0.63095856	0.73564368	0.85769761	1.00000191	1.16591668	1.35935903	1.58489633	1.84785342	2.15443897	2.51189137	2.92865038	3.41455555	3.98107958	4.64159775	5.41170597	6.30958605	7.35643721	8.57697582	10.00002003	11.65916729	13.59359074	15.84896278	18.47853470	21.54438972	25.11891365	29.28650284	34.14555740	39.81079483	46.41598129	54.11705780	63.09585953	73.56436920	85.76976013	100.00019836	116.59166718	135.93591309	158.48962402	184.78533936	215.44389343	251.18913269	292.86502075	341.45556641	398.10794067	464.15979004	541.17059326	630.95855713	735.64367676	857.69757080	1000.00195313
Feb 22 2023 18:03:26	1.77074229717	88.8239593506	96.3879776001	0.000230701087276	57.7276115417	7.95914983749	87.7006759644	-	0	0	0	0	0	0	0	0	0	0	0	0	0	0	0.154551565647	1.2063177824	2.77113246918	3.5448615551	3.09646630287	2.04268336296	1.09490954876	0.515356421471	0.239120721817	0.133391931653	0.115446202457	0.171853870153	0.372662752867	0.910526156425	2.07001256943	3.92638778687	5.83053398132	6.3595662117	4.6278719902	1.85722649097	0.241299375892	0.000165479810676	0	0	0	0	0	0	0	0	58.7176551819	0	0	0	0	0	0	0	0	0	0	0	0	0	0	0
Feb 22 2023 18:03:27	7.3331413269	90.4513702393	96.9968948364	0.000329802482156	67.8358764648	10.2191171646	85.7767333984	-	0	0	0	0	0	0	0	0	0	0	0	0	0	0	0	0	0	9.87180423737	5.93903127632e-13	0	0	0	0	0	0	0	0	0	15.375992775	2.9931511879	0.303720980883	0.0199257209897	0.000854680431075	2.21769150812e-05	2.57520582636e-07	0	0	0	0	0	0	0	0	0	71.4345245361	0	0	0	0	0	0	0	0	0	0	0	0	0	0	0
Feb 22 2023 18:03:28	-1.00000001505e+30	-1.00000001505e+30	-1.00000001505e+30	-1.00000002538e+26	-1.00000001505e+30	-1.00000001505e+30	99.0270385742	-	0	0	0	0	0	0	0	0	0	0	0	0	0	0	0	0	0	0	0	0	0	0	0	0	0	0	0	0	0	0	0	0	0	0	0	0	0	0	0	0	0	0	0	0	0	0	0	0	0	0	0	0	0	0	0	0	0	0	0	0
Feb 22 2023 18:03:29	1.5735411644	90.5221328735	97.0232086182	0.000252217490925	68.2948226929	9.70840263367	88.2369537354	-	0	0	0	0	0	0	0	0	0	0	0	0	0	0	0	0	0	10.8215522766	0	0	0	0	0	0	0	0	0	0	17.0712432861	0	0	0	0	0	0	0	0	0	0	0	0	0	0	0	72.1072006226	0	0	0	0	0	0	0	0	0	0	0	0	0	0	0
Feb 22 2023 18:03:30	7.43318557739	90.6578140259	97.0736236572	0.000420683645643	69.6387786865	11.1760845184	84.0688323975	-	0	0	0	0	0	0	0	0	0	0	0	0	0	0	0	5.99360541354e-24	6.45135344257e-07	7.05153942108	2.28491902351	3.53411557796e-08	3.21406017697e-25	0	0	0	0	0	0	0	10.0617790222	5.68638753891	1.29501962662	0.17391499877	0.0143155995756	0.000675889197737	1.364912805e-05	0	0	0	0	0	0	0	0	0	73.4314346313	0	0	0	0	0	0	0	0	0	0	0	0	0	0	0
Feb 22 2023 18:03:31	1.73212563992	90.4309158325	96.9892883301	0.000577645434532	67.8919754028	10.5647039413	77.5109710693	-	0	0	0	0	0	0	0	0	0	0	0	0	0	0	0	2.42927051284e-31	5.10027797773e-09	7.7970161438	2.33891034126	5.1473575402e-10	1.56419375126e-30	0	0	0	0	0	0	0	6.29026651382	7.02046537399	3.75503969193	1.25055682659	0.268100589514	0.0351003073156	0.00223363703117	0	0	0	0	0	0	0	0	0	71.2423095703	0	0	0	0	0	0	0	0	0	0	0	0	0	0	0
Feb 22 2023 18:03:32	1.84341788292	90.5172805786	97.0214080811	0.000598048325628	68.4666366577	10.637468338	77.1588821411	-	0	0	0	0	0	0	0	0	0	0	0	0	0	0	0	1.32198004695e-23	8.37599259285e-07	7.20143032074	2.82909226418	1.14127843176e-07	1.50552415599e-23	0	0	0	0	0	0	0	9.39545726776	6.32001066208	1.83640050888	0.320038497448	0.0346691831946	0.00219470378943	6.21516956016e-05	0	0	0	0	0	0	0	0	0	72.0606460571	0	0	0	0	0	0	0	0	0	0	0	0	0	0	0
Feb 22 2023 18:03:33	1.54065966606	89.7140350342	96.7219009399	0.000604624801781	63.185585022	9.46739292145	73.3798370361	-	0	0	0	0	0	0	0	0	0	0	0	0	0	0	0	0	0	11.3090620041	1.17615509346e-12	0	0	0	0	0	0	0	0	0.318633168936	2.94190096855	4.87567949295	5.42781972885	4.64086484909	3.12722325325	1.62086653709	0.580358803272	0.0773808956146	0	0	0	0	0	0	0	0	65.0802078247	0	0	0	0	0	0	0	0	0	0	0	0	0	0	0
Feb 22 2023 18:03:34	1.5590313673	89.9178848267	96.7980804443	0.000579347892199	64.3900756836	9.72208309174	75.0252456665	-	0	0	0	0	0	0	0	0	0	0	0	0	0	0	0	0	0	10.8334236145	5.1276681062e-15	0	0	0	0	0	0	0	0	0.764607787132	3.82639503479	5.44155550003	5.23929977417	3.82815933228	2.16220808029	0.912951231003	0.250998079777	0.0143230734393	0	0	0	0	0	0	0	0	66.7260742188	0	0	0	0	0	0	0	0	0	0	0	0	0	0	0
Feb 22 2023 18:03:35	6.88411808014	90.2449569702	96.9200592041	0.000567365903407	66.5226974487	10.4890651703	77.3692092896	-	0	0	0	0	0	0	0	0	0	0	0	0	0	0	0	0	0	9.52875137329	9.60479872719e-12	0	0	0	0	0	0	0	0	1.6278449297	6.23076581955	6.44246578217	4.12606716156	1.82115960121	0.558630347252	0.112821161747	0.0121313696727	0	0	0	0	0	0	0	0	0	69.5393600464	0	0	0	0	0	0	0	0	0	0	0	0	0	0	0
Feb 22 2023 18:03:36	8.06468391418	90.3935241699	96.9753723145	0.000854257261381	67.8103256226	11.9621372223	75.1273117065	-	0	0	0	0	0	0	0	0	0	0	0	0	0	0	8.19208878511e-08	0.000691535300575	0.0999080389738	1.64903438091	5.06013393402	2.89352607727	0.182402208447	0.000123219200759	0	0	0	0	0	0	1.33604359627	8.59324550629	6.1108622551	2.44891786575	0.623628973961	0.0994113981724	0.00851269625127	6.88598884153e-05	0	0	0	0	0	0	0	0	70.8934936523	0	0	0	0	0	0	0	0	0	0	0	0	0	0	0
Feb 22 2023 18:03:37	1.91646957397	90.0623550415	96.8519973755	0.000860305735841	65.3908920288	11.0602340698	73.4669113159	-	0	0	0	0	0	0	0	0	0	0	0	0	0	0	1.25231895501e-24	3.81227037785e-12	2.66594379355e-05	0.200818315148	8.46675872803	2.45640063286	0.00166303501464	3.10752396038e-11	1.20563515975e-38	0	0	0	0	0	1.6900986433	6.7650847435	6.53222513199	3.87831807137	1.56814551353	0.427139043808	0.0692373067141	0.00268173287623	0	0	0	0	0	0	0	0	67.94140625	0	0	0	0	0	0	0	0	0	0	0	0	0	0	0
Feb 22 2023 18:03:38	1.90474402905	89.6394424438	96.6940002441	0.000693600042723	62.592880249	10.5300512314	77.0985565186	-	0	0	0	0	0	0	0	0	0	0	0	0	0	0	7.38112473446e-23	3.60410937206e-11	8.04328665254e-05	0.291386127472	8.53516101837	2.68588352203	0.004160489887	1.31282607008e-09	1.90902547949e-27	0	0	0	0	0	3.19931721687	6.43882894516	6.32707691193	4.43684244156	2.36364483833	0.942540049553	0.253201127052	0.0247126817703	0	0	0	0	0	0	0	0	64.4971694946	0	0	0	0	0	0	0	0	0	0	0	0	0	0	0
Feb 22 2023 18:03:39	1.79869401455	90.0095291138	96.8322906494	0.0004386054934	64.9533996582	10.3301610947	83.998374939	-	0	0	0	0	0	0	0	0	0	0	0	0	0	0	0	1.98902363123e-23	4.70682770537e-10	0.0120783196762	11.3720302582	0.762815713882	7.42209294913e-07	1.50238520524e-20	0	0	0	0	0	0	1.49545419216	6.23007440567	6.35055541992	3.98954820633	1.71075069904	0.495453774929	0.0855963304639	0.00349893770181	0	0	0	0	0	0	0	0	67.4921417236	0	0	0	0	0	0	0	0	0	0	0	0	0	0	0
Feb 22 2023 18:03:40	1.77774012089	89.8326339722	96.7662353516	0.00060274254065	64.0464630127	10.2826223373	78.3356399536	-	0	0	0	0	0	0	0	0	0	0	0	0	0	0	0	0	0	0	12.2799091339	1.10383089388e-12	0	0	0	0	0	0	0	0	0.567630648613	4.02054357529	5.65043020248	5.2447810173	3.61580395699	1.85473167896	0.646457195282	0.0915234461427	0	0	0	0	0	0	0	0	66.0281906128	0	0	0	0	0	0	0	0	0	0	0	0	0	0	0
Feb 22 2023 18:03:41	1.77888917923	89.8224411011	96.7624282837	0.000712308392394	63.9289550781	10.2745294571	74.9499282837	-	0	0	0	0	0	0	0	0	0	0	0	0	0	0	0	0	0	0	12.2025403976	0	0	0	0	0	0	0	0	0	0.834584057331	4.47425985336	5.8738193512	5.13448953629	3.33345723152	1.60685288906	0.524763643742	0.0695182755589	0	0	0	0	0	0	0	0	65.9457168579	0	0	0	0	0	0	0	0	0	0	0	0	0	0	0
Feb 22 2023 18:03:42	1.30059146881	89.2299346924	96.5405578613	0.000632716284599	60.3711585999	7.65296554565	64.5388717651	-	0	0	0	0	0	0	0	0	0	0	0	0	0	0	0	0	12.9085016251	0	0	0	0	0	0	0	0	0	0	0.281209260225	2.00825762749	3.78828048706	4.99430656433	5.21063423157	4.42207336426	3.00434374809	1.51257574558	0.403827577829	0	0	0	0	0	0	0	0	61.4659919739	0	0	0	0	0	0	0	0	0	0	0	0	0	0	0
Feb 22 2023 18:03:43	1.30910992622	89.4969100952	96.6406478882	0.00044481313671	61.6921920776	7.94814872742	74.5903930664	-	0	0	0	0	0	0	0	0	0	0	0	0	0	0	0	0	12.0599536896	0	0	0	0	0	0	0	0	0	0.318371981382	1.57046186924	3.14201831818	4.38975381851	4.83433389664	4.35367774963	3.20529294014	1.86059474945	0.75352460146	0.101615428925	0	0	0	0	0	0	0	0	63.4104003906	0	0	0	0	0	0	0	0	0	0	0	0	0	0	0
Feb 22 2023 18:03:44	1.53328871727	90.2075119019	96.9061126709	0.00045625018538	66.1152038574	9.35500717163	78.8558120728	-	0	0	0	0	0	0	0	0	0	0	0	0	0	0	0	0	0	11.5870904922	1.47352540326e-12	0	0	0	0	0	0	0	0	0	6.1735625267	6.62804031372	4.10250329971	1.71182477474	0.490478903055	0.0916166901588	0.0090433396399	0	0	0	0	0	0	0	0	0	69.2058410645	0	0	0	0	0	0	0	0	0	0	0	0	0	0	0
Feb 22 2023 18:03:45	1.54007041454	89.9591293335	96.8134765625	0.000565389404073	64.6334915161	9.51049041748	74.9189376831	-	0	0	0	0	0	0	0	0	0	0	0	0	0	0	0	0	0	11.3251075745	0	0	0	0	0	0	0	0	0	0	3.57986950874	5.70027256012	5.54000139236	3.86847782135	1.99770307541	0.739911317825	0.171471685171	0.00841796863824	0	0	0	0	0	0	0	0	67.0687713623	0	0	0	0	0	0	0	0	0	0	0	0	0	0	0
Feb 22 2023 18:03:46	1.54871201515	90.1201171875	96.8735351563	0.000333590287482	65.8571472168	9.81561470032	84.7338104248	-	0	0	0	0	0	0	0	0	0	0	0	0	0	0	0	0	0	11.0948486328	0	0	0	0	0	0	0	0	0	0	1.96605527401	5.10933256149	5.77414083481	4.31500005722	2.27727103233	0.831865310669	0.184031873941	0.0082148630172	0	0	0	0	0	0	0	6.11563886555e-15	68.439239502	0	0	0	0	0	0	0	0	0	0	0	0	0	0	0
Feb 22 2023 18:03:47	1.79140782356	89.6128845215	96.6840667725	0.000565509602893	62.8658981323	10.6711568832	80.3432998657	-	0	0	0	0	0	0	0	0	0	0	0	0	0	0	0	0	0	0	11.4215898514	6.65907379151e-13	0	0	0	0	0	0	0	0	1.19833219051	3.67797088623	5.24092149734	5.42586803436	4.39679908752	2.77943611145	1.27117967606	0.295875638723	0	0	0	0	0	0	0	8.19133968961e-15	64.2920227051	0	0	0	0	0	0	0	0	0	0	0	0	0	0	0
Feb 22 2023 18:03:48	1.52323210239	89.1833724976	96.5230789185	0.000384616025258	60.3297576904	8.90248298645	80.9557342529	-	0	0	0	0	0	0	0	0	0	0	0	0	0	0	0	0	1.89653820426e-10	12.3577528	1.18689979928e-40	0	0	0	0	0	0	0	0	0.425894290209	1.73264765739	3.28862857819	4.61027479172	5.2183380127	4.86237382889	3.66287708282	2.06739735603	0.635395407677	0	0	0	0	0	0	0	0	61.138420105	0	0	0	0	0	0	0	0	0	0	0	0	0	0	0
Feb 22 2023 18:03:49	1.50749850273	88.5447158813	96.3328475952	0.000704221660271	57.7505722046	8.18868160248	65.40234375	-	0	0	0	0	0	0	0	0	0	0	0	0	0	0	0	0	1.06172612369e-10	13.8066587448	0	0	0	0	0	0	0	0	0	0.486589968204	1.43517935276	2.72228002548	4.06126689911	5.05058526993	5.31012439728	4.65576219559	3.22327876091	1.46514117718	0	0	0	0	0	0	0	0	57.7831344604	0	0	0	0	0	0	0	0	0	0	0	0	0	0	0
Feb 22 2023 18:03:50	1.52311146259	89.3218383789	96.5750350952	0.000456470850622	61.1934623718	9.00980949402	77.9760513306	-	0	0	0	0	0	0	0	0	0	0	0	0	0	0	0	0	5.39785533866e-22	12.3676519394	2.16049378908e-12	0	0	0	0	0	0	0	0	0	1.19355666637	2.90866541862	4.49318885803	5.3257932663	5.05075502396	3.79447817802	2.10427713394	0.639239549637	0	0	0	0	0	0	0	0	62.1223907471	0	0	0	0	0	0	0	0	0	0	0	0	0	0	0
Feb 22 2023 18:03:51	1.52146112919	89.1734695435	96.5193634033	0.000633862044197	60.2048797607	8.81015777588	70.3272094727	-	0	0	0	0	0	0	0	0	0	0	0	0	0	0	0	0	5.2611241752e-11	12.5047836304	0	0	0	0	0	0	0	0	0	0.292825132608	1.8393304348	3.55952501297	4.87964010239	5.32675600052	4.75288200378	3.41231536865	1.82916522026	0.533560395241	0	0	0	0	0	0	0	0	61.0692138672	0	0	0	0	0	0	0	0	0	0	0	0	0	0	0
Feb 22 2023 18:03:52	1.84258186817	90.5333938599	97.0273971558	0.00103557598777	68.5572128296	10.8779773712	65.9641113281	-	0	0	0	0	0	0	0	0	0	0	0	0	0	0	0	2.69608663916e-19	5.28118562215e-06	3.69209241867	6.58461523056	4.54397522844e-05	5.30116827354e-17	2.94272677508e-41	0	0	0	0	0	0	10.0756139755	6.18546867371	1.12098491192	0.117888256907	0.00766924861819	0.000291859498248	5.0281928452e-06	0	0	0	0	0	0	0	0	0	72.2153167725	0	0	0	0	0	0	0	0	0	0	0	0	0	0	0
Feb 22 2023 18:03:53	1.77122175694	90.3816604614	96.9709625244	0.00108325271867	67.7059020996	10.6257171631	62.741394043	-	0	0	0	0	0	0	0	0	0	0	0	0	0	0	6.37712305404e-27	8.92523624452e-11	0.00369670637883	6.0156083107	4.76408100128	0.00244352873415	1.46379255939e-10	9.82967822344e-25	0	0	0	0	0	0	1.08375561237	6.4122004509	6.19210481644	3.34708690643	1.13285517693	0.236353620887	0.026049580425	0.000234231876675	0	0	0	0	0	0	0	0	70.783531189	0	0	0	0	0	0	0	0	0	0	0	0	0	0	0
Feb 22 2023 18:03:54	1.59078490734	90.3553848267	96.9611816406	0.000959355151281	67.3940963745	10.0690612793	63.2643814087	-	0	0	0	0	0	0	0	0	0	0	0	0	0	0	0	1.19711912772e-20	1.46744941958e-05	9.86143016815	0.989346086979	3.74552904248e-08	3.08509142763e-23	0	0	0	0	0	0	0	3.16837620735	6.68223667145	5.27801656723	2.52879977226	0.783712685108	0.15167966485	0.0152572607622	0	0	0	0	0	0	0	0	0	70.5411300659	0	0	0	0	0	0	0	0	0	0	0	0	0	0	0
Feb 22 2023 18:03:55	1.50628757477	89.2095108032	96.5328903198	0.000804269395303	60.0974884033	8.13882637024	61.3425750732	-	0	0	0	0	0	0	0	0	0	0	0	0	0	0	0	0	0	13.9330978394	0	0	0	0	0	0	0	0	0	0.710640013218	2.21261692047	3.75022220612	4.75899744034	4.86773061752	4.07184743881	2.72311472893	1.3330270052	0.316822826862	0	0	0	0	0	0	0	0	61.3218841553	0	0	0	0	0	0	0	0	0	0	0	0	0	0	0
Feb 22 2023 18:03:56	1.29604446888	89.5058059692	96.6439743042	0.00076507445192	61.669002533	7.43124961853	57.8332176208	-	0	0	0	0	0	0	0	0	0	0	0	0	0	0	0	2.05482918007e-12	13.4148597717	1.1850797055e-23	0	0	0	0	0	0	0	0	0	1.05882525444	2.73282361031	4.18006372452	4.80192613602	4.39916467667	3.23930859566	1.85757899284	0.738516926765	0.099726356566	0	0	0	0	0	0	0	1.64413033765e-15	63.4772071838	0	0	0	0	0	0	0	0	0	0	0	0	0	0	0
Feb 22 2023 18:03:57	1.72353875637	88.6992111206	96.3587188721	0.000681678531691	57.3321609497	6.88238811493	64.2565155029	-	0	0	0	0	0	0	0	0	0	0	0	0	0	0	0.966078341007	1.88781583309	2.5698826313	2.93592739105	2.9775197506	2.73989462852	2.3021531105	1.75446510315	1.18474900723	0.678782701492	0.317344874144	0.153236091137	0.206646934152	0.514234602451	1.09866034985	1.90961301327	2.81126761436	3.58104920387	3.94405174255	3.65324282646	2.60650753975	0.988741517067	0	0	0	0	0	0	0	0	58.218132019	0	0	0	0	0	0	0	0	0	0	0	0	0	0	0
Feb 22 2023 18:03:58	1.90353918076	89.3844451904	96.5985031128	0.000663457962219	61.0458755493	7.95859098434	69.0671386719	-	0	0	0	0	0	0	0	0	0	0	0	0	0	0	0.887574076653	1.63506937027	2.1620619297	2.42853689194	2.43629407883	2.22352361679	1.85257554054	1.39431512356	0.919416725636	0.501145422459	0.217389270663	0.135872021317	0.300297737122	0.725280821323	1.37950694561	2.17493271828	2.96677589417	3.55528140068	3.7159986496	3.26084375381	2.11948513985	0.430637449026	0	0	0	0	0	0	0	0	62.5771865845	0	0	0	0	0	0	0	0	0	0	0	0	0	0	0
Feb 22 2023 18:03:59	1.57198488712	89.91065979	96.7953796387	0.00051710876869	64.3493804932	9.8573179245	77.743057251	-	0	0	0	0	0	0	0	0	0	0	0	0	0	0	0	0	0	10.5244531631	0	0	0	0	0	0	0	0	0	1.49960768223	3.93528747559	5.19100522995	4.97178506851	3.7226319313	2.19722390175	0.984634995461	0.290547907352	0.0164661332965	0	0	0	0	0	0	0	0	66.6663589478	0	0	0	0	0	0	0	0	0	0	0	0	0	0	0
Feb 22 2023 18:04:00	1.78776073456	89.1501083374	96.5105895996	0.000272194010904	59.545917511	9.69005012512	89.1609954834	-	0	0	0	0	0	0	0	0	0	0	0	0	0	0	0	0	0	3.03147725022e-13	11.8310880661	0.197413310409	6.69447286379e-20	0	0	0	0	0	0	1.08562397957	4.9435544014	6.49608612061	5.99340963364	4.36112689972	2.55873036385	1.18211615086	0.389559298754	0.0548576489091	0	0	0	0	0	0	0	0	60.9064331055	0	0	0	0	0	0	0	0	0	0	0	0	0	0	0
Feb 22 2023 18:04:01	1.78957104683	90.1318359375	96.8779067993	0.000341673323419	65.7414779663	10.3451910019	85.9540863037	-	0	0	0	0	0	0	0	0	0	0	0	0	0	0	1.00230011736e-13	3.27099260176e-05	0.226634174585	6.6428771019	3.44843745232	0.0404264517128	5.29583940079e-06	4.65494721762e-13	8.528598582e-30	0	0	0	0	0	5.49212503433	7.07876586914	5.02633094788	2.44073748589	0.83891916275	0.196807950735	0.0266690477729	0.000170434141182	0	0	0	0	0	0	0	0	68.5410614014	0	0	0	0	0	0	0	0	0	0	0	0	0	0	0
Feb 22 2023 18:04:02	1.83323872089	90.1147232056	96.8715286255	0.000468490790809	65.639465332	10.6394777298	82.6749649048	-	0	0	0	0	0	0	0	0	0	0	0	0	0	0	1.77947222658e-15	1.30102137064e-06	0.0297222640365	3.305103302	6.98057842255	0.346172779799	0.000192352279555	6.09550465658e-11	2.24607944571e-28	0	0	0	0	0	4.51550865173	7.14924573898	5.39280557632	2.69522953033	0.939952969551	0.222131147981	0.0304767340422	0.000443321594503	0	0	0	0	0	0	0	0	68.3924407959	0	0	0	0	0	0	0	0	0	0	0	0	0	0	0
Feb 22 2023 18:04:03	1.559892416	90.1929016113	96.9006652832	0.000418128242018	66.3232269287	9.9682674408	81.5655517578	-	0	0	0	0	0	0	0	0	0	0	0	0	0	0	0	0	0	10.8122434616	1.90767562337e-12	0	0	0	0	0	0	0	0	0	2.59989619255	5.65891170502	5.66664791107	3.76190066338	1.75473761559	0.560678362846	0.105828650296	0.00259580509737	0	0	0	0	0	0	0	0	69.0765686035	0	0	0	0	0	0	0	0	0	0	0	0	0	0	0
Feb 22 2023 18:04:04	1.49889016151	88.9212722778	96.4245910645	0.000638804631308	58.7341804504	7.84527540207	66.6594238281	-	0	0	0	0	0	0	0	0	0	0	0	0	0	0	0	0	1.41953098581e-11	14.7612438202	0	0	0	0	0	0	0	0	0	0.453164190054	1.46629369259	2.81465506554	4.12213563919	4.92552280426	4.87720394135	3.93549132347	2.41833853722	0.871062815189	0	0	0	0	0	0	0	0	59.354888916	0	0	0	0	0	0	0	0	0	0	0	0	0	0	0
Feb 22 2023 18:04:05	1.52745699883	89.6087188721	96.682510376	0.00080625951523	62.6064300537	9.14860057831	64.989982605	-	0	0	0	0	0	0	0	0	0	0	0	0	0	0	0	0	0	12.0212173462	1.39310802477e-11	0	0	0	0	0	0	0	0	0	2.01894640923	4.16801357269	5.34864282608	5.13558959961	3.83296394348	2.18712210655	0.871731519699	0.155823007226	0	0	0	0	0	0	0	0	64.2599487305	0	0	0	0	0	0	0	0	0	0	0	0	0	0	0
Feb 22 2023 18:04:06	7.70735502243	90.6772689819	97.0808563232	0.000690682791173	69.8368759155	11.0581922531	74.1903152466	-	0	0	0	0	0	0	0	0	0	0	0	0	0	0	0	0	0	9.25206184387	0	0	0	0	0	0	0	0	0	0	5.35392618179	11.766119957	0.0026807335671	6.80082301585e-09	3.1800250583e-16	1.69790748106e-25	9.666072729e-38	0	0	0	0	0	0	0	0	0	73.625213623	0	0	0	0	0	0	0	0	0	0	0	0	0	0	0
Feb 22 2023 18:04:07	1.53109550476	90.0293045044	96.8396682739	0.000597359496169	65.2833709717	9.47999286652	73.3838043213	-	0	0	0	0	0	0	0	0	0	0	0	0	0	0	0	0	0	11.7464323044	1.96007403017e-12	0	0	0	0	0	0	0	0	0	1.36767327785	4.2076086998	5.44157266617	4.75177192688	3.01591587067	1.37315046787	0.400581896305	0.035671737045	0	0	0	0	0	0	0	0	67.6596298218	0	0	0	0	0	0	0	0	0	0	0	0	0	0	0
Feb 22 2023 18:04:08	1.55338132381	89.9053497314	96.7933959961	0.000521418347489	64.3685379028	9.68631458282	77.0784301758	-	0	0	0	0	0	0	0	0	0	0	0	0	0	0	0	0	7.98740124665e-41	10.9747972488	1.80161959705e-14	0	0	0	0	0	0	0	0	0.826565086842	3.28803777695	4.89738702774	5.09238147736	4.08333873749	2.56626653671	1.22457098961	0.390550643206	0.0335689298809	0	0	0	0	0	0	0	0	66.6225357056	0	0	0	0	0	0	0	0	0	0	0	0	0	0	0
Feb 22 2023 18:04:09	1.53811192513	90.0185699463	96.8356628418	0.000620054255705	65.137336731	9.59176826477	72.9538879395	-	0	0	0	0	0	0	0	0	0	0	0	0	0	0	0	0	0	11.3788146973	0	0	0	0	0	0	0	0	0	0	2.57238292694	4.90672206879	5.42586612701	4.28072834015	2.50361871719	1.05830383301	0.285022526979	0.0199216678739	0	0	0	0	0	0	0	0	67.5686187744	0	0	0	0	0	0	0	0	0	0	0	0	0	0	0
Feb 22 2023 18:04:10	1.74394452572	90.3004608154	96.9407348633	0.000956817006227	67.0522842407	10.207742691	65.210357666	-	0	0	0	0	0	0	0	0	0	0	0	0	0	0	4.52806818626e-30	4.0208739116e-12	0.00132358458359	5.81450414658	5.71425533295	0.0018930301303	4.14217306288e-11	8.35723618704e-26	0	0	0	0	0	0	0.54253411293	6.43768405914	6.4334936142	3.52693080902	1.20509243011	0.253909438848	0.0285258106887	0.000386287923902	0	0	0	0	0	0	0	0	70.0394668579	0	0	0	0	0	0	0	0	0	0	0	0	0	0	0
Feb 22 2023 18:04:11	1.62991833687	88.0793609619	96.2546691895	0.000440565228928	56.3452072144	7.06555223465	75.0024185181	-	0	0	0	0	0	0	0	0	0	0	0	0	0	0	0.119583025575	1.17571139336	3.19395542145	4.64489078522	4.41025447845	2.9492866993	1.41629338264	0.474072724581	0.100520826876	0.0112594021484	0.000561819819268	4.02273217333e-05	0.00023351580603	0.0069919382222	0.0977461785078	0.64640212059	2.40512275696	5.47588777542	7.6882147789	6.19481563568	2.29475164413	0.186488851905	0	0	0	0	0	0	0	0	56.5069122314	0	0	0	0	0	0	0	0	0	0	0	0	0	0	0
Feb 22 2023 18:04:12	1.49575591087	87.7126464844	96.1928100586	0.00038929306902	55.9313316345	7.62787294388	77.57371521	-	0	0	0	0	0	0	0	0	0	0	0	0	0	0	0	0	0	15.1439638138	0	0	0	0	0	0	0	0	0	0.404349327087	1.27771222591	2.52718639374	3.90954470634	5.04115581512	5.51067113876	5.05085277557	3.69389605522	1.82800924778	0.0769003331661	0	0	0	0	0	0	0	55.5357589722	0	0	0	0	0	0	0	0	0	0	0	0	0	0	0
Feb 22 2023 18:04:13	1.61280167103	90.2378540039	96.9174194336	0.000522432499565	66.7070999146	10.2247591019	78.3249282837	-	0	0	0	0	0	0	0	0	0	0	0	0	0	0	0	5.73712245716e-20	1.7469174054e-05	9.38450431824	1.35629224777	1.03832874743e-07	1.98218758351e-22	0	0	0	0	0	0	0	1.68868505955	5.39265394211	5.9331870079	4.10461425781	1.93686258793	0.611902534962	0.112290203571	0.00309684337117	0	0	0	0	0	0	0	0	69.4758987427	0	0	0	0	0	0	0	0	0	0	0	0	0	0	0
Feb 22 2023 18:04:14	1.79119229317	89.693107605	96.7140808105	0.000688094296493	63.129699707	10.5464849472	76.4168167114	-	0	0	0	0	0	0	0	0	0	0	0	0	0	0	0	0	0	0	11.4341430664	0	0	0	0	0	0	0	0	0	2.18910479546	4.86687278748	5.77628183365	5.01214361191	3.36560201645	1.72723674774	0.617662370205	0.0953279286623	0	0	0	0	0	0	0	0	64.9156341553	0	0	0	0	0	0	0	0	0	0	0	0	0	0	0
Feb 22 2023 18:04:15	1.30456352234	89.7358093262	96.7300491333	0.000353144452674	63.2451553345	7.93060493469	78.9631729126	-	0	0	0	0	0	0	0	0	0	0	0	0	0	0	0	0	12.4977502823	0	0	0	0	0	0	0	0	0	0	0.158665120602	2.29615807533	4.24217414856	5.12090396881	4.66171598434	3.29161214828	1.75989925861	0.637986838818	0.0808266401291	0	0	0	0	0	0	0	0	65.2523117065	0	0	0	0	0	0	0	0	0	0	0	0	0	0	0
Feb 22 2023 18:04:16	1.57284295559	90.014289856	96.8340606689	0.000684433151037	65.0232391357	9.91656208038	71.7702713013	-	0	0	0	0	0	0	0	0	0	0	0	0	0	0	0	0	0	10.504693985	0	0	0	0	0	0	0	0	0	1.46593809128	4.03478956223	5.22335338593	4.83007335663	3.45316839218	1.9257363081	0.805303275585	0.216839000583	0.00771102495492	0	0	0	0	0	0	0	0	67.5323944092	0	0	0	0	0	0	0	0	0	0	0	0	0	0	0
Feb 22 2023 18:04:17	1.56280910969	89.6113052368	96.6834793091	0.000366406835383	62.8089828491	9.83389568329	83.5523910522	-	0	0	0	0	0	0	0	0	0	0	0	0	0	0	0	0	0	10.7411909103	3.21901836783e-12	0	0	0	0	0	0	0	0	0.659270405769	2.28236079216	3.86704730988	4.86102485657	4.92255020142	4.07861042023	2.70137500763	1.3063416481	0.300364047289	0	0	0	0	0	0	0	0	64.2798690796	0	0	0	0	0	0	0	0	0	0	0	0	0	0	0
Feb 22 2023 18:04:18	1.55181264877	90.1543197632	96.8862838745	0.0005171050434	66.2631454468	9.99888038635	77.6508026123	-	0	0	0	0	0	0	0	0	0	0	0	0	0	0	0	0	0	11.0147972107	1.43654500188e-12	0	0	0	0	0	0	0	0	0	0.842847108841	3.95236420631	5.50548267365	4.94567680359	3.1545779705	1.41646456718	0.398970991373	0.0315235592425	0	0	0	0	0	0	0	0	68.7372894287	0	0	0	0	0	0	0	0	0	0	0	0	0	0	0
Feb 22 2023 18:04:19	1.59200191498	88.2493591309	96.2832641602	0.000563340436202	56.5808906555	6.83735942841	68.0598754883	-	0	0	0	0	0	0	0	0	0	0	0	0	0	0	0.112249016762	1.22867572308	3.46689176559	5.04272699356	4.64542007446	2.92111563683	1.26790571213	0.360704123974	0.0576169453561	0.00357141625136	3.20874605677e-05	5.49300605002e-09	8.50425840326e-06	0.00243210280314	0.0644317045808	0.553230881691	2.32991909981	5.57580757141	7.76228141785	5.79648733139	1.76382172108	0.0773469507694	0	0	0	0	0	0	0	0	56.9673233032	0	0	0	0	0	0	0	0	0	0	0	0	0	0	0
Feb 22 2023 18:04:20	1.50877737999	88.3890762329	96.3067398071	0.000364449457265	57.8016357422	8.36278533936	80.5791702271	-	0	0	0	0	0	0	0	0	0	0	0	0	0	0	0	0	6.37309129081e-12	13.6757059097	0	0	0	0	0	0	0	0	0	0	0.695638656616	1.86377203465	3.34417939186	4.77239656448	5.65498304367	5.5624423027	4.36348295212	2.38250756264	0.334198713303	0	0	0	0	0	0	0	57.3506965637	0	0	0	0	0	0	0	0	0	0	0	0	0	0	0
Feb 22 2023 18:04:21	1.54544508457	88.8061141968	96.3812561035	0.000330808397848	58.6946182251	9.44140052795	84.4618988037	-	0	0	0	0	0	0	0	0	0	0	0	0	0	0	0	0	8.13125269699e-14	11.1806383133	0	0	0	0	0	0	0	0	0	0.579502999783	1.63577163219	3.00580215454	4.38502264023	5.36410665512	5.56930065155	4.8361992836	3.32668614388	1.51478421688	0	0	0	0	0	0	0	0	58.6021842957	0	0	0	0	0	0	0	0	0	0	0	0	0	0	0
Feb 22 2023 18:04:22	1.52743196487	89.1413726807	96.50730896	0.000406734034186	60.483253479	9.21627616882	80.5570373535	-	0	0	0	0	0	0	0	0	0	0	0	0	0	0	0	0	0	12.0231533051	1.38729815396e-12	0	0	0	0	0	0	0	0	0	0.906883955002	2.31176829338	3.85690188408	5.05993890762	5.449467659	4.79958295822	3.28678679466	1.45970022678	0	0	0	0	0	0	0	0	60.8458175659	0	0	0	0	0	0	0	0	0	0	0	0	0	0	0
Feb 22 2023 18:04:23	1.53519535065	89.2138824463	96.5345306396	0.000396053685108	60.5919189453	9.34770965576	81.4410552979	-	0	0	0	0	0	0	0	0	0	0	0	0	0	0	0	0	0	11.4598712921	0	0	0	0	0	0	0	0	0	0.616917788982	1.92085134983	3.41439795494	4.64926338196	5.19681930542	4.8382267952	3.68442344666	2.14081430435	0.725750088692	0	0	0	0	0	0	0	0	61.3526649475	0	0	0	0	0	0	0	0	0	0	0	0	0	0	0
Feb 22 2023 18:04:24	1.54511475563	89.5239486694	96.6507720947	0.0003575613664	62.4980278015	9.70848178864	83.5930709839	-	0	0	0	0	0	0	0	0	0	0	0	0	0	0	0	0	0	11.1893959045	0	0	0	0	0	0	0	0	0	0	1.30619835854	2.97817277908	4.460272789	5.19749879837	4.89171886444	3.67576479912	2.05360889435	0.633501768112	0	0	0	0	0	0	0	0	63.6138687134	0	0	0	0	0	0	0	0	0	0	0	0	0	0	0
Feb 22 2023 18:04:25	1.53128635883	89.2523956299	96.5489807129	0.000411586661357	61.3290138245	9.49907398224	80.8445892334	-	0	0	0	0	0	0	0	0	0	0	0	0	0	0	0	0	0	11.7323894501	0	0	0	0	0	0	0	0	0	0	0.574142336845	1.70427858829	3.15050005913	4.54065036774	5.37032079697	5.21389245987	3.97217345238	2.01920843124	0.0972541198134	0	0	0	0	0	0	0	61.6251869202	0	0	0	0	0	0	0	0	0	0	0	0	0	0	0
Feb 22 2023 18:04:26	1.28890252113	89.0019607544	96.4549331665	0.000507775286678	59.6526870728	7.25062608719	68.5197906494	-	0	0	0	0	0	0	0	0	0	0	0	0	0	0	0	0	14.2999219894	0	0	0	0	0	0	0	0	0	0	0	0.437047600746	1.51540434361	2.93875455856	4.3444852829	5.22574186325	5.14202737808	3.97193384171	2.068546772	0.162779524922	0	0	0	0	0	0	0	59.8933563232	0	0	0	0	0	0	0	0	0	0	0	0	0	0	0
Feb 22 2023 18:04:27	1.52056801319	89.5419921875	96.6575317383	0.000475326291053	62.5559768677	9.04378700256	77.1096420288	-	0	0	0	0	0	0	0	0	0	0	0	0	0	0	0	0	0	12.5803384781	0	0	0	0	0	0	0	0	0	0	0.788706719875	2.2561340332	3.82108020782	4.87596416473	4.93372249603	3.93335604668	2.3094522953	0.75089776516	0	0	0	0	0	0	0	0	63.7503509521	0	0	0	0	0	0	0	0	0	0	0	0	0	0	0
Feb 22 2023 18:04:28	1.568582654	90.3343353271	96.9533462524	0.000374045834178	67.7927780151	10.5100221634	83.9723587036	-	0	0	0	0	0	0	0	0	0	0	0	0	0	0	0	0	0	10.6036396027	1.59918009824e-12	0	0	0	0	0	0	0	0	0	0.284844994545	2.42219352722	4.29994535446	4.86754226685	3.94030165672	2.27841711044	0.849170684814	0.105906076729	0	0	0	0	0	0	0	0	70.3480377197	0	0	0	0	0	0	0	0	0	0	0	0	0	0	0
Feb 22 2023 18:04:29	8.03445529938	90.2597351074	96.925567627	0.000523704220541	67.1174087524	12.3986577988	84.1919555664	-	0	0	0	0	0	0	0	0	0	0	0	0	0	0	0	0	0	0	9.23907661438	0	0	0	0	0	0	0	0	0	1.91880691051	4.89948987961	5.63893938065	4.4949669838	2.65403938293	1.14138829708	0.317007303238	0.0244201924652	0	0	0	0	0	0	0	0	69.6718597412	0	0	0	0	0	0	0	0	0	0	0	0	0	0	0
Feb 22 2023 18:04:30	1.52960646152	89.0031509399	96.4553756714	0.000374573719455	60.1927070618	9.41930007935	82.2601547241	-	0	0	0	0	0	0	0	0	0	0	0	0	0	0	0	0	0	11.8572797775	0	0	0	0	0	0	0	0	0	0	0.389408379793	1.40915000439	2.81573581696	4.32272386551	5.45726823807	5.7102227211	4.78206253052	2.82846450806	0.526332736015	0	0	0	0	0	0	0	59.9013519287	0	0	0	0	0	0	0	0	0	0	0	0	0	0	0
Feb 22 2023 18:04:31	1.53297328949	89.8787078857	96.7834472656	0.000386362458812	64.4494781494	9.55120658875	82.0115356445	-	0	0	0	0	0	0	0	0	0	0	0	0	0	0	0	0	0	11.6097278595	0	0	0	0	0	0	0	0	0	0	1.37710165977	3.41771769524	4.81575965881	4.96244859695	3.92771244049	2.35276770592	0.969001293182	0.164144039154	0	0	0	0	0	0	0	0	66.4036178589	0	0	0	0	0	0	0	0	0	0	0	0	0	0	0
Feb 22 2023 18:04:32	1.53970015049	90.1265258789	96.8759231567	0.000381174322683	66.1645584106	9.872590065	82.7082366943	-	0	0	0	0	0	0	0	0	0	0	0	0	0	0	0	0	1.65308733465e-21	11.3352184296	6.67383205991e-12	0	0	0	0	0	0	0	0	0	0.598456323147	3.00056695938	4.79378604889	5.03703546524	3.8268289566	2.08941316605	0.737750709057	0.08606313169	0	0	0	0	0	0	0	0	68.4948806763	0	0	0	0	0	0	0	0	0	0	0	0	0	0	0
Feb 22 2023 18:04:33	7.47829198837	90.3733825684	96.967880249	0.000359462399501	67.7555160522	10.7445316315	85.108253479	-	0	0	0	0	0	0	0	0	0	0	0	0	0	0	0	0	0	9.81032371521	0	0	0	0	0	0	0	0	0	0	2.84125375748	5.17356967926	5.26453971863	3.66685056686	1.80866253376	0.608908057213	0.117832809687	0.00110068626236	0	0	0	0	0	0	0	0	70.7069549561	0	0	0	0	0	0	0	0	0	0	0	0	0	0	0
Feb 22 2023 18:04:34	1.84103286266	90.1661758423	96.8907089233	0.00053484266391	66.3530426025	11.5162086487	82.605430603	-	0	0	0	0	0	0	0	0	0	0	0	0	0	0	0	0	0	0	10.3954954147	0	0	0	0	0	0	0	0	0	1.57291066647	4.73821973801	5.63248300552	4.55988550186	2.72010755539	1.1802854538	0.331846356392	0.0275300145149	0	0	0	0	0	0	0	0	68.8412399292	0	0	0	0	0	0	0	0	0	0	0	0	0	0	0
Feb 22 2023 18:04:35	1.82321739197	90.1622848511	96.8892593384	0.000561378488783	66.35887146	11.3837852478	81.5708084106	-	0	0	0	0	0	0	0	0	0	0	0	0	0	0	0	0	0	0	10.7052316666	1.37597279491e-12	0	0	0	0	0	0	0	0	0.60707616806	4.47072839737	5.81490087509	4.88105964661	2.9770731926	1.31747210026	0.381580710411	0.0377743206918	0	0	0	0	0	0	0	0	68.8070983887	0	0	0	0	0	0	0	0	0	0	0	0	0	0	0
Feb 22 2023 18:04:36	1.53563725948	89.6860275269	96.7114334106	0.000436246715253	63.1333274841	9.46686553955	79.9166183472	-	0	0	0	0	0	0	0	0	0	0	0	0	0	0	0	0	0	11.4475049973	0	0	0	0	0	0	0	0	0	0.121666699648	2.25722908974	4.20772886276	5.20271253586	4.94506883621	3.72327423096	2.17667460442	0.8980858922	0.159919559956	0	0	0	0	0	0	0	0	64.8601379395	0	0	0	0	0	0	0	0	0	0	0	0	0	0	0
Feb 22 2023 18:04:37	1.51262533665	88.7945022583	96.3768844604	0.000378542492399	58.4309310913	8.45735263824	80.210105896	-	0	0	0	0	0	0	0	0	0	0	0	0	0	0	0	0	9.74830702272e-11	13.2968664169	2.42136293112e-34	0	0	0	0	0	0	0	0	0.246699154377	1.23536276817	2.61575746536	4.07461881638	5.1615152359	5.45168352127	4.75107097626	3.23176908493	1.40737557411	0	0	0	0	0	0	0	0	58.5272865295	0	0	0	0	0	0	0	0	0	0	0	0	0	0	0
Feb 22 2023 18:04:38	1.58470571041	89.7065353394	96.7191009521	0.000378807395464	63.440536499	10.1989297867	83.6621017456	-	0	0	0	0	0	0	0	0	0	0	0	0	0	0	0	0	0	10.2399864197	8.33757325333e-13	0	0	0	0	0	0	0	0	0.15837725997	2.19648742676	4.12670135498	5.23294687271	5.15696430206	4.06239891052	2.50466752052	1.09632205963	0.204017624259	0	0	0	0	0	0	0	0	65.0211334229	0	0	0	0	0	0	0	0	0	0	0	0	0	0	0
Feb 22 2023 18:04:39	1.78782880306	89.9848327637	96.8230667114	0.000761396775488	65.1202316284	10.7403144836	74.4891662598	-	0	0	0	0	0	0	0	0	0	0	0	0	0	0	0	0	0	0	11.6339244843	0	0	0	0	0	0	0	0	0	0.562008738518	3.88687467575	5.50610399246	5.12623262405	3.52193117142	1.78704833984	0.610048294067	0.0818165391684	0	0	0	0	0	0	0	0	67.2840118408	0	0	0	0	0	0	0	0	0	0	0	0	0	0	0
Feb 22 2023 18:04:40	1.80597484112	89.627281189	96.689453125	0.000553799851332	62.9328689575	10.8549385071	81.0702514648	-	0	0	0	0	0	0	0	0	0	0	0	0	0	0	0	0	0	0	11.0262680054	0	0	0	0	0	0	0	0	0	1.7950078249	3.99642133713	5.29000759125	5.29073858261	4.19189691544	2.59844326973	1.15869188309	0.249439388514	0	0	0	0	0	0	0	0	64.4030838013	0	0	0	0	0	0	0	0	0	0	0	0	0	0	0
Feb 22 2023 18:04:41	1.55715274811	90.1633682251	96.8896636963	0.000683949328959	66.4238739014	10.1480417252	71.9035949707	-	0	0	0	0	0	0	0	0	0	0	0	0	0	0	0	0	0	10.8799676895	8.92873286158e-13	0	0	0	0	0	0	0	0	0	0.275443136692	3.37197113037	5.40459632874	5.31510066986	3.63889336586	1.73377561569	0.516512870789	0.0471554398537	0	0	0	0	0	0	0	0	68.8165817261	0	0	0	0	0	0	0	0	0	0	0	0	0	0	0
Feb 22 2023 18:04:42	1.56490468979	89.8075866699	96.7568740845	0.000380569865229	63.992023468	9.96392917633	83.1362915039	-	0	0	0	0	0	0	0	0	0	0	0	0	0	0	0	0	0	10.6907958984	0	0	0	0	0	0	0	0	0	0.0373550765216	2.22750067711	4.20544672012	5.20286083221	4.93415546417	3.7010383606	2.15088677406	0.876960873604	0.147192358971	0	0	0	0	0	0	0	0	65.8258056641	0	0	0	0	0	0	0	0	0	0	0	0	0	0	0
Feb 22 2023 18:04:43	1.82013297081	89.691734314	96.7135696411	0.000972819689196	63.3601341248	11.065410614	69.6853713989	-	0	0	0	0	0	0	0	0	0	0	0	0	0	0	0	0	0	0	10.761059761	0	0	0	0	0	0	0	0	0	1.36903655529	4.11670923233	5.53338289261	5.39913606644	4.13244724274	2.47360229492	1.07331728935	0.236421987414	0	0	0	0	0	0	0	0	64.9048843384	0	0	0	0	0	0	0	0	0	0	0	0	0	0	0
Feb 22 2023 18:04:44	1.58210682869	89.7862472534	96.7489013672	0.000454311171779	63.8641815186	10.1588697433	80.6588745117	-	0	0	0	0	0	0	0	0	0	0	0	0	0	0	0	0	0	10.296661377	0	0	0	0	0	0	0	0	0	0.250215351582	2.46699738503	4.37100076675	5.2612080574	4.91736364365	3.66218757629	2.1224834919	0.861881196499	0.135728359222	0	0	0	0	0	0	0	0	65.6542739868	0	0	0	0	0	0	0	0	0	0	0	0	0	0	0
Feb 22 2023 18:04:45	1.58555781841	90.2273406982	96.9134979248	0.0004042549117	66.6953430176	10.400809288	82.8723526001	-	0	0	0	0	0	0	0	0	0	0	0	0	0	0	0	0	0	10.2215566635	1.27997710087e-12	0	0	0	0	0	0	0	0	0	2.51752829552	5.00620365143	5.4351644516	4.10463905334	2.24922966957	0.869648516178	0.20576196909	0.00820980686694	0	0	0	0	0	0	0	0	69.3820571899	0	0	0	0	0	0	0	0	0	0	0	0	0	0	0
Feb 22 2023 18:04:46	1.54999601841	90.0175628662	96.8352890015	0.000375657167751	65.3985671997	9.9266242981	83.1208267212	-	0	0	0	0	0	0	0	0	0	0	0	0	0	0	0	0	0	11.0615377426	0	0	0	0	0	0	0	0	0	0	1.19445514679	3.51273274422	5.00244235992	5.00196313858	3.74255132675	2.06741309166	0.75882256031	0.0979683250189	0	0	0	0	0	0	0	0	67.5601119995	0	0	0	0	0	0	0	0	0	0	0	0	0	0	0
Feb 22 2023 18:04:47	1.80984628201	87.9866790771	96.2390518188	0.000545908056665	56.2804718018	7.81612825394	73.0950088501	-	0	0	0	0	0	0	0	0	0	0	0	0	0	0	0.565090477467	1.59841799736	2.49648809433	2.91365098953	2.78138065338	2.24730062485	1.5507569313	0.903607904911	0.430681318045	0.164393037558	0.0621606186032	0.057204131037	0.156609207392	0.489388555288	1.23066866398	2.45534563065	3.99206733704	5.34349918365	5.81408166885	4.9110121727	2.84688472748	0.730643928051	0	0	0	0	0	0	0	0	56.2586669922	0	0	0	0	0	0	0	0	0	0	0	0	0	0	0
Feb 22 2023 18:04:48	1.31564831734	89.2608642578	96.5521621704	0.000547055678908	60.5058708191	8.13040828705	70.4578552246	-	0	0	0	0	0	0	0	0	0	0	0	0	0	0	0	2.4584841541e-12	11.5985107422	7.09811492217e-15	0	0	0	0	0	0	0	0	0.402969121933	1.4785656929	2.86091566086	4.11051416397	4.82009983063	4.75467681885	3.94486927986	2.67315459251	1.34658491611	0.323745578527	0	0	0	0	0	0	0	0	61.6853942871	0	0	0	0	0	0	0	0	0	0	0	0	0	0	0
Feb 22 2023 18:04:49	6.53308677673	89.7811584473	96.7470016479	0.000416961149313	63.8207740784	10.3577318192	82.5309295654	-	0	0	0	0	0	0	0	0	0	0	0	0	0	0	0	0	0	9.85187244415	0	0	0	0	0	0	0	0	0	1.2508649826	2.87344288826	4.24141597748	4.86797857285	4.56292867661	3.50738430023	2.14189457893	0.931515574455	0.157176211476	0	0	0	0	0	0	0	0	65.6135253906	0	0	0	0	0	0	0	0	0	0	0	0	0	0	0
Feb 22 2023 18:04:50	1.56127655506	89.6845245361	96.7108688354	0.000409820728237	63.2693252563	9.88293457031	81.83253479	-	0	0	0	0	0	0	0	0	0	0	0	0	0	0	0	0	0	10.7783908844	8.62130766083e-12	0	0	0	0	0	0	0	0	0.0364825464785	2.05511164665	4.00462722778	5.15651130676	5.13267993927	4.07889127731	2.54156541824	1.13465189934	0.232755795121	0	0	0	0	0	0	0	0	64.8483352661	0	0	0	0	0	0	0	0	0	0	0	0	0	0	0
Feb 22 2023 18:04:51	1.52509570122	89.6859893799	96.7114181519	0.000402792880777	63.2295150757	9.18185710907	80.5839691162	-	0	0	0	0	0	0	0	0	0	0	0	0	0	0	0	0	8.40779078595e-43	12.2068958282	7.49779665438e-12	0	0	0	0	0	0	0	0	0	1.18616306782	3.17768311501	4.71901035309	5.14454936981	4.34656906128	2.81473946571	1.28039610386	0.264182806015	0	0	0	0	0	0	0	0	64.8598098755	0	0	0	0	0	0	0	0	0	0	0	0	0	0	0
Feb 22 2023 18:04:52	1.53317344189	89.4172592163	96.6108016968	0.000436076166807	61.8634262085	9.45981311798	79.8464889526	-	0	0	0	0	0	0	0	0	0	0	0	0	0	0	0	0	0	11.5953454971	0	0	0	0	0	0	0	0	0	0	1.06788384914	2.84862136841	4.46756649017	5.3266415596	5.09016370773	3.87598872185	2.20156550407	0.708087086678	0	0	0	0	0	0	0	0	62.8181343079	0	0	0	0	0	0	0	0	0	0	0	0	0	0	0
Feb 22 2023 18:04:53	1.55706894398	90.1170272827	96.8723831177	0.000586882757489	65.9100265503	9.97044754028	75.0894699097	-	0	0	0	0	0	0	0	0	0	0	0	0	0	0	0	0	0	10.8820552826	0	0	0	0	0	0	0	0	0	0	1.90466308594	4.66330957413	5.55126619339	4.51568126678	2.65787625313	1.10828614235	0.287561476231	0.016906214878	0	0	0	0	0	0	0	0	68.4123916626	0	0	0	0	0	0	0	0	0	0	0	0	0	0	0
Feb 22 2023 18:04:54	7.40875959396	90.2204589844	96.9109344482	0.000680543947965	66.5830154419	10.5383033752	73.3448867798	-	0	0	0	0	0	0	0	0	0	0	0	0	0	0	0	0	0	9.87618160248	0	0	0	0	0	0	0	0	0	0	3.20659613609	5.95828199387	5.64506244659	3.64959526062	1.68975865841	0.544954895973	0.105733811855	0.0029889352154	0	0	0	0	0	0	0	0	69.3208465576	0	0	0	0	0	0	0	0	0	0	0	0	0	0	0
Feb 22 2023 18:04:55	1.82413852215	89.9407196045	96.806602478	0.000640145735815	64.79322052	11.1513853073	78.9788513184	-	0	0	0	0	0	0	0	0	0	0	0	0	0	0	0	0	0	5.27636085116e-23	10.6886882782	1.44755626756e-13	0	0	0	0	0	0	0	0	1.87290835381	4.84325790405	5.77135276794	4.84904718399	3.07750344276	1.45836651325	0.46666008234	0.0568113997579	0	0	0	0	0	0	0	0	66.9154052734	0	0	0	0	0	0	0	0	0	0	0	0	0	0	0
Feb 22 2023 18:04:56	1.53928482533	89.1246643066	96.5010299683	0.000533635844477	60.0754699707	9.34470081329	75.899055481	-	0	0	0	0	0	0	0	0	0	0	0	0	0	0	0	0	0	11.3465833664	9.36087904239e-13	0	0	0	0	0	0	0	0	0.803135216236	2.10944676399	3.58160090446	4.77660703659	5.27582740784	4.87165784836	3.68371725082	2.12102413177	0.700272977352	0	0	0	0	0	0	0	0	60.7301292419	0	0	0	0	0	0	0	0	0	0	0	0	0	0	0
Feb 22 2023 18:04:57	1.56291592121	90.1201171875	96.8735351563	0.000499545887578	65.9674377441	10.0690059662	78.5712814331	-	0	0	0	0	0	0	0	0	0	0	0	0	0	0	0	0	0	10.7386102676	0	0	0	0	0	0	0	0	0	0	2.00445842743	4.47108364105	5.37669420242	4.53383827209	2.80978822708	1.25043356419	0.351713865995	0.0241588875651	0	0	0	0	0	0	0	0	68.4392242432	0	0	0	0	0	0	0	0	0	0	0	0	0	0	0
Feb 22 2023 18:04:58	1.56124961376	90.2884521484	96.9362640381	0.00041595500079	67.0904159546	10.1124124527	81.828994751	-	0	0	0	0	0	0	0	0	0	0	0	0	0	0	0	0	0	10.7790489197	0	0	0	0	0	0	0	0	0	0	1.98440551758	4.86040687561	5.4152431488	4.01043987274	2.09705686569	0.755807578564	0.162206992507	0.00473476294428	0	0	0	0	0	0	0	0	69.9306488037	0	0	0	0	0	0	0	0	0	0	0	0	0	0	0
Feb 22 2023 18:04:59	1.54067838192	89.8390045166	96.7686157227	0.000435694062617	64.0676498413	9.59878540039	80.1759033203	-	0	0	0	0	0	0	0	0	0	0	0	0	0	0	0	0	0	11.3085536957	0	0	0	0	0	0	0	0	0	0	2.23124241829	4.38844060898	5.35226631165	4.83969116211	3.35926365852	1.75050520897	0.613963663578	0.0762001350522	0	0	0	0	0	0	0	0	66.0798721313	0	0	0	0	0	0	0	0	0	0	0	0	0	0	0
Feb 22 2023 18:05:00	1.53320467472	89.3675308228	96.5921630859	0.000570271688048	61.3905448914	9.32652378082	74.2894439697	-	0	0	0	0	0	0	0	0	0	0	0	0	0	0	0	0	0	11.5931100845	0	0	0	0	0	0	0	0	0	0.389213889837	1.89711582661	3.54771661758	4.79210615158	5.18511343002	4.59715843201	3.28340864182	1.75197291374	0.509369671345	0	0	0	0	0	0	0	0	62.4537162781	0	0	0	0	0	0	0	0	0	0	0	0	0	0	0
Feb 22 2023 18:05:01	1.31261360645	89.2412261963	96.5447921753	0.000480459159007	60.8076896667	8.25637435913	73.6491394043	-	0	0	0	0	0	0	0	0	0	0	0	0	0	0	0	5.37323278319e-13	11.743888855	2.17476622648e-12	0	0	0	0	0	0	0	0	0	0.489408940077	1.58191657066	2.95403647423	4.23730993271	5.0027422905	4.93806314468	4.01155328751	2.51962518692	0.975555360317	0	0	0	0	0	0	0	0	61.5459022522	0	0	0	0	0	0	0	0	0	0	0	0	0	0	0
Feb 22 2023 18:05:02	1.51587080956	89.2086257935	96.5325546265	0.000444261153461	61.2695541382	8.96085548401	78.1029281616	-	0	0	0	0	0	0	0	0	0	0	0	0	0	0	0	0	0	12.9939870834	4.73318216218e-13	0	0	0	0	0	0	0	0	0	0.104127496481	0.868213474751	2.09571361542	3.59942984581	4.93670320511	5.51945352554	4.88557958603	3.04112386703	0.640004396439	0	0	0	0	0	0	0	61.315662384	0	0	0	0	0	0	0	0	0	0	0	0	0	0	0
Feb 22 2023 18:05:03	1.50136113167	87.46118927	96.1502761841	0.00053595850477	56.2599220276	8.06214237213	71.7670059204	-	0	0	0	0	0	0	0	0	0	0	0	0	0	0	0	0	0	14.4734220505	0	0	0	0	0	0	0	0	0	0	0.353681772947	1.20149624348	2.46596074104	3.97317790985	5.34332609177	6.05953168869	5.65839910507	4.01374292374	1.57060825825	0	0	0	0	0	0	0	54.8866500854	0	0	0	0	0	0	0	0	0	0	0	0	0	0	0
Feb 22 2023 18:05:04	1.51033270359	89.0399703979	96.4692153931	0.000627853209153	59.8688964844	8.51817321777	69.3416519165	-	0	0	0	0	0	0	0	0	0	0	0	0	0	0	0	0	7.32516304558e-12	13.5198936462	0	0	0	0	0	0	0	0	0	0	0.598243296146	1.85780787468	3.37887859344	4.71879053116	5.36703157425	4.98460435867	3.61610364914	1.74017608166	0.0682950690389	0	0	0	0	0	0	0	60.150177002	0	0	0	0	0	0	0	0	0	0	0	0	0	0	0
Feb 22 2023 18:05:05	1.52500414848	89.6472015381	96.6969070435	0.000508063996676	63.3021888733	9.3117685318	76.356086731	-	0	0	0	0	0	0	0	0	0	0	0	0	0	0	0	0	0	12.214222908	0	0	0	0	0	0	0	0	0	0	0.355950534344	1.92542874813	3.65563178062	4.88386249542	5.06340742111	4.09991645813	2.43732881546	0.806905210018	0	0	0	0	0	0	0	0	64.5573425293	0	0	0	0	0	0	0	0	0	0	0	0	0	0	0
Feb 22 2023 18:05:06	1.52943170071	89.2446365356	96.5460739136	0.00045667309314	61.3173522949	9.4447889328	78.8373718262	-	0	0	0	0	0	0	0	0	0	0	0	0	0	0	0	0	0	11.870434761	0	0	0	0	0	0	0	0	0	0	0.383884936571	1.55382347107	3.04982709885	4.497590065	5.39363145828	5.30468225479	4.1062245369	2.13841247559	0.131425902247	0	0	0	0	0	0	0	61.5700645447	0	0	0	0	0	0	0	0	0	0	0	0	0	0	0
Feb 22 2023 18:05:07	1.53447759151	89.9883117676	96.8243713379	0.000451218889793	65.1301269531	9.64104270935	79.4960861206	-	0	0	0	0	0	0	0	0	0	0	0	0	0	0	0	0	0	11.5025959015	0	0	0	0	0	0	0	0	0	0	1.41416549683	3.57731962204	4.93190956116	4.86435842514	3.60997867584	1.98009681702	0.718961894512	0.0873081758618	0	0	0	0	0	0	0	0	67.3133087158	0	0	0	0	0	0	0	0	0	0	0	0	0	0	0
Feb 22 2023 18:05:08	1.52560305595	89.8200836182	96.7615432739	0.00049367453903	64.0100631714	9.23079013824	76.8446807861	-	0	0	0	0	0	0	0	0	0	0	0	0	0	0	0	0	0	12.1664934158	0	0	0	0	0	0	0	0	0	0	1.31927335262	3.35723900795	4.80653142929	4.99416446686	3.95718169212	2.3563439846	0.957690536976	0.158448845148	0	0	0	0	0	0	0	0	65.9266357422	0	0	0	0	0	0	0	0	0	0	0	0	0	0	0
Feb 22 2023 18:05:09	1.57224464417	89.4840393066	96.6358261108	0.000580527703278	62.4600563049	10.1486473083	75.8367767334	-	0	0	0	0	0	0	0	0	0	0	0	0	0	0	0	0	0	10.5184631348	0	0	0	0	0	0	0	0	0	0	1.10116040707	2.66481518745	4.21851062775	5.21164751053	5.22855949402	4.22421121597	2.58220243454	0.936458528042	0	0	0	0	0	0	0	0	63.3139724731	0	0	0	0	0	0	0	0	0	0	0	0	0	0	0
Feb 22 2023 18:05:10	6.93519592285	89.5415420532	96.6573638916	0.000537486630492	62.382068634	10.4814519882	78.5000686646	-	0	0	0	0	0	0	0	0	0	0	0	0	0	0	0	0	0	9.43518543243	0	0	0	0	0	0	0	0	0	1.23317122459	3.09083414078	4.61377334595	5.30521631241	4.98940181732	3.86910390854	2.40640330315	1.08881604671	0.221132323146	0	0	0	0	0	0	0	0	63.746963501	0	0	0	0	0	0	0	0	0	0	0	0	0	0	0
Feb 22 2023 18:05:11	1.60848939419	88.809463501	96.3825149536	0.000523947528563	58.0717010498	7.59918689728	72.0583114624	-	0	0	0	0	0	0	0	0	0	0	0	0	0	0	0.0824383273721	1.19210636616	3.53138256073	4.77032232285	3.71705675125	1.81380403042	0.558178186417	0.101277463138	0.00905964244157	0.000291501462925	4.19270600105e-06	3.81474228561e-06	0.000308238173602	0.0124121736735	0.172510698438	1.09282326698	3.74331355095	7.35622882843	8.08020877838	4.34754228592	0.78459662199	0.0103125730529	0	0	0	0	0	0	0	0	58.6238212585	0	0	0	0	0	0	0	0	0	0	0	0	0	0	0
Feb 22 2023 18:05:12	7.41450357437	90.03881073	96.8432159424	0.000575815269258	65.4630279541	11.3655929565	78.9115066528	-	0	0	0	0	0	0	0	0	0	0	0	0	0	0	0	0	0	8.43057823181	4.25659464273e-12	0	0	0	0	0	0	0	0	1.40689027309	3.90575051308	5.26648235321	5.18380784988	4.02190876007	2.48085737228	1.17199122906	0.368152290583	0.0231066402048	0	0	0	0	0	0	0	0	67.7404785156	0	0	0	0	0	0	0	0	0	0	0	0	0	0	0
Feb 22 2023 18:05:13	7.59925365448	90.1975021362	96.902381897	0.000443241646281	66.5502471924	11.7346515656	83.8642196655	-	0	0	0	0	0	0	0	0	0	0	0	0	0	0	0	0	0	8.07629489899	0	0	0	0	0	0	0	0	0	1.2557836771	4.26811981201	5.55141544342	5.08135461807	3.59741187096	1.99299478531	0.830506742001	0.22259759903	0.00627564219758	0	0	0	0	0	0	0	0	69.1172409058	0	0	0	0	0	0	0	0	0	0	0	0	0	0	0
Feb 22 2023 18:05:14	7.80703687668	90.3317947388	96.9524002075	0.000483686046209	67.4589309692	11.1942634583	81.4295654297	-	0	0	0	0	0	0	0	0	0	0	0	0	0	0	0	0	0	9.03528213501	0	0	0	0	0	0	0	0	0	0	3.60958170891	5.96033096313	5.45084619522	3.45375990868	1.57314145565	0.497924685478	0.0931667536497	0.00117245595902	0	0	0	0	0	0	0	0	70.324798584	0	0	0	0	0	0	0	0	0	0	0	0	0	0	0
Feb 22 2023 18:05:15	7.61537694931	89.9392776489	96.8060684204	0.00043511466356	64.896156311	11.857665062	84.4300460815	-	0	0	0	0	0	0	0	0	0	0	0	0	0	0	0	0	0	7.74145698547	0	0	0	0	0	0	0	0	0	1.58475875854	3.77140045166	5.21907567978	5.41076660156	4.45537376404	2.92268037796	1.46611869335	0.486892133951	0.0381027422845	0	0	0	0	0	0	0	0	66.9033737183	0	0	0	0	0	0	0	0	0	0	0	0	0	0	0
Feb 22 2023 18:05:16	7.71197652817	89.9706802368	96.8177871704	0.000641018035822	65.0857009888	11.002076149	75.8935089111	-	0	0	0	0	0	0	0	0	0	0	0	0	0	0	0	0	0	9.08322048187	1.46206467072e-11	0	0	0	0	0	0	0	0	0.279514580965	3.01730895042	4.9994225502	5.52877569199	4.67462396622	3.09693145752	1.56394779682	0.534358143806	0.0565811246634	0	0	0	0	0	0	0	0	67.1653137207	0	0	0	0	0	0	0	0	0	0	0	0	0	0	0
Feb 22 2023 18:05:17	1.52342152596	88.3619003296	96.3021774292	0.000523538212292	57.4966468811	8.77902507782	74.8210601807	-	0	0	0	0	0	0	0	0	0	0	0	0	0	0	0	0	0	12.3422422409	0	0	0	0	0	0	0	0	0.0247875079513	0.630831778049	1.68593287468	3.04260182381	4.39849615097	5.35567808151	5.55321455002	4.83012628555	3.3362724781	1.52404260635	0	0	0	0	0	0	0	0	57.2757720947	0	0	0	0	0	0	0	0	0	0	0	0	0	0	0
Feb 22 2023 18:05:18	1.52001023293	87.2872924805	96.1207962036	0.000641409307718	55.5442123413	8.60979557037	69.5775909424	-	0	0	0	0	0	0	0	0	0	0	0	0	0	0	0	0	5.88429652226e-12	12.6280088425	0	0	0	0	0	0	0	0	0.0730238705873	0.55242151022	1.42814803123	2.6418838501	4.00497102737	5.20115756989	5.85099029541	5.63864469528	4.46395254135	2.5637216568	0.507581114769	0	0	0	0	0	0	0	54.4454917908	0	0	0	0	0	0	0	0	0	0	0	0	0	0	0
Feb 22 2023 18:05:19	1.53033077717	89.1496963501	96.5104370117	0.000740279327147	60.1895141602	9.14082431793	67.4761276245	-	0	0	0	0	0	0	0	0	0	0	0	0	0	0	0	0	4.00892616629e-13	11.8030843735	0	0	0	0	0	0	0	0	0	0.654537439346	1.94912755489	3.43423557281	4.66239833832	5.20495796204	4.84250736237	3.68539643288	2.13881754875	0.721356809139	0	0	0	0	0	0	0	0	60.9035797119	0	0	0	0	0	0	0	0	0	0	0	0	0	0	0
Feb 22 2023 18:05:20	1.51101374626	88.8575210571	96.400604248	0.000846511160489	58.4828453064	8.29480552673	60.5491294861	-	0	0	0	0	0	0	0	0	0	0	0	0	0	0	0	0	1.92890373812e-11	13.452829361	1.17679596536e-12	0	0	0	0	0	0	0	0.155080422759	0.790164887905	1.87025797367	3.18498873711	4.37811899185	5.04902362823	4.9132142067	3.94914865494	2.44099807739	0.88024109602	0	0	0	0	0	0	0	0	58.9359359741	0	0	0	0	0	0	0	0	0	0	0	0	0	0	0
Feb 22 2023 18:05:21	1.53119373322	89.1328277588	96.5040969849	0.000402520265197	59.5392112732	7.06918334961	75.5359191895	-	0	0	0	0	0	0	0	0	0	0	0	0	0	0	2.00022154395e-09	0.00345060764812	1.50749588013	11.2949390411	5.08886623383	0.219166398048	0.000987697974779	3.62268849585e-07	5.21974997947e-12	7.89616738275e-19	8.52875061009e-28	1.84422970746e-32	1.10313273606e-24	8.16221276765e-16	2.71150768505e-09	0.000104826722236	0.124452389777	6.6005525589	13.8361749649	0.537189900875	3.79796256311e-05	9.09866380677e-17	0	0	0	0	0	0	0	0	60.7865829468	0	0	0	0	0	0	0	0	0	0	0	0	0	0	0
Feb 22 2023 18:05:22	1.85951423645	90.1841430664	96.8973999023	0.000672407564707	66.4364929199	11.6633682251	78.9473495483	-	0	0	0	0	0	0	0	0	0	0	0	0	0	0	0	0	0	0	10.0954551697	0	0	0	0	0	0	0	0	0	1.89506471157	5.38302278519	5.91186189651	4.33725309372	2.29737520218	0.864866495132	0.204130724072	0.0117315445095	0	0	0	0	0	0	0	0	68.9992370605	0	0	0	0	0	0	0	0	0	0	0	0	0	0	0
Feb 22 2023 18:05:23	1.52342712879	89.3843536377	96.5984725952	0.00042263729847	61.2962303162	8.90799236298	79.2932891846	-	0	0	0	0	0	0	0	0	0	0	0	0	0	0	0	0	2.82597591161e-11	12.3417844772	0	0	0	0	0	0	0	0	0	0.507044970989	2.13453316689	3.80830574036	4.91568803787	5.04987239838	4.21056509018	2.79055476189	1.3477846384	0.317303240299	0	0	0	0	0	0	0	0	62.5765609741	0	0	0	0	0	0	0	0	0	0	0	0	0	0	0
Feb 22 2023 18:05:24	7.44492101669	90.3674697876	96.965675354	0.000662872975226	67.5405197144	10.6205444336	74.1459960938	-	0	0	0	0	0	0	0	0	0	0	0	0	0	0	0	0	0	9.74203395844	7.60953962602e-13	0	0	0	0	0	0	0	0	0	4.51315927505	6.79470014572	5.0383939743	2.36989212036	0.733063876629	0.142278715968	0.014104668051	0	0	0	0	0	0	0	0	0	70.6523742676	0	0	0	0	0	0	0	0	0	0	0	0	0	0	0
Feb 22 2023 18:05:25	1.51227033138	88.4700622559	96.3203277588	0.000776283268351	57.6362762451	8.37155151367	63.3988189697	-	0	0	0	0	0	0	0	0	0	0	0	0	0	0	0	0	2.8607677208e-13	13.3309020996	0	0	0	0	0	0	0	0	0	0.515645325184	1.50292873383	2.8247897625	4.18563318253	5.17709445953	5.41792678833	4.73039722443	3.26218342781	1.47750234604	0	0	0	0	0	0	0	0	57.5750045776	0	0	0	0	0	0	0	0	0	0	0	0	0	0	0
Feb 22 2023 18:05:26	1.64010941982	87.9100341797	96.2261352539	0.000559873180464	55.9274291992	7.09700536728	69.625213623	-	0	0	0	0	0	0	0	0	0	0	0	0	0	0	0.0818230807781	1.02027082443	3.09020543098	4.72005033493	4.53671264648	2.99689126015	1.40250504017	0.458740711212	0.0989629924297	0.0131462104619	0.0012606442906	0.000292049808195	0.000938930199482	0.0119064021856	0.123192302883	0.749589979649	2.72637677193	6.07417106628	8.107380867	5.87543296814	1.76670920849	0.0886161625385	0	0	0	0	0	0	5.6051938573e-43	1.10478634365e-14	56.0548248291	0	0	0	0	0	0	0	0	0	0	0	0	0	0	0
Feb 22 2023 18:05:27	1.50027728081	87.6145019531	96.1762237549	0.000542622292414	56.0399475098	7.88652896881	71.0469818115	-	0	0	0	0	0	0	0	0	0	0	0	0	0	0	0	0	2.35282748146e-11	14.5982160568	0	0	0	0	0	0	0	0	0	0.196476995945	0.947101891041	2.11233735085	3.52299070358	4.84040498734	5.62954854965	5.51704406738	4.38167476654	2.49304842949	0.480343997478	0	0	0	0	0	0	0	55.2808113098	0	0	0	0	0	0	0	0	0	0	0	0	0	0	0
Feb 22 2023 18:05:28	1.60672616959	88.6550369263	96.3513259888	0.000591441814322	57.4849739075	7.00108337402	67.4550170898	-	0	0	0	0	0	0	0	0	0	0	0	0	0	0	0.075104214251	1.05421864986	3.32859373093	5.08012008667	4.71064329147	2.89135837555	1.19672226906	0.319987475872	0.0484515316784	0.00316639314406	6.00748608122e-05	1.26299767089e-06	2.42086352955e-05	0.00219072215259	0.053794875741	0.495447307825	2.24992418289	5.64054203033	7.85673856735	5.48439455032	1.38089859486	0.0344426259398	0	0	0	0	0	0	0	0	58.0931739807	0	0	0	0	0	0	0	0	0	0	0	0	0	0	0
Feb 22 2023 18:05:29	1.58942115307	88.0607681274	96.2515335083	0.000513799255714	56.0225448608	6.97417736053	70.7657165527	-	0	0	0	0	0	0	0	0	0	0	0	0	0	0	0.0785128995776	1.15928530693	3.56406641006	5.10684394836	4.35850095749	2.45082473755	0.947938323021	0.254621624947	0.0476386472583	0.00697631994262	0.00144061690662	0.00132700393442	0.00636156462133	0.051924161613	0.345032244921	1.51526939869	4.24951601028	7.41660881042	7.53655147552	3.80697965622	0.630812227726	0.00599636277184	0	0	0	0	0	0	0	0	56.4569702148	0	0	0	0	0	0	0	0	0	0	0	0	0	0	0
Feb 22 2023 18:05:30	1.53385543823	89.9745101929	96.8192138672	0.000472821324365	64.9462661743	9.5586566925	78.4923248291	-	0	0	0	0	0	0	0	0	0	0	0	0	0	0	0	0	0	11.5466451645	1.38447777548e-11	0	0	0	0	0	0	0	0	0	1.64557719231	4.18858385086	5.34152555466	4.78233861923	3.1882121563	1.55750417709	0.499364972115	0.0528473518789	0	0	0	0	0	0	0	0	67.1974029541	0	0	0	0	0	0	0	0	0	0	0	0	0	0	0
Feb 22 2023 18:05:31	8.00142669678	90.5017471313	97.0156326294	0.000547371397261	68.6008224487	11.4975709915	79.8571853638	-	0	0	0	0	0	0	0	0	0	0	0	0	0	0	0	0	0	8.60635471344	0	0	0	0	0	0	0	0	0	0	3.89693713188	9.13772296906	5.25565910339	1.10074925423	0.0880819708109	0.00236819521524	1.24672369566e-05	0	0	0	0	0	0	0	0	0	71.9121170044	0	0	0	0	0	0	0	0	0	0	0	0	0	0	0
Feb 22 2023 18:05:32	1.63801240921	90.5103683472	97.0188369751	0.000618554942776	68.7661514282	10.7163028717	75.8763580322	-	0	0	0	0	0	0	0	0	0	0	0	0	0	0	0	2.30911486767e-21	5.77909850108e-06	8.89245033264	1.43386912346	3.55454901069e-08	2.11048000886e-24	0	0	0	0	0	0	0	0.580767571926	5.84545278549	6.13868522644	3.53912329674	1.26642560959	0.277095198631	0.0315045341849	0.000117072784633	0	0	0	0	0	0	0	0	71.9944992065	0	0	0	0	0	0	0	0	0	0	0	0	0	0	0
Feb 22 2023 18:05:33	1.85714483261	90.4743041992	97.0054244995	0.000735089473892	68.4464492798	11.6301670074	77.2640457153	-	0	0	0	0	0	0	0	0	0	0	0	0	0	0	0	3.39168486902e-22	9.50206580086e-10	0.0111238565296	9.81172370911	0.80246758461	5.36600964551e-07	1.04011455504e-22	0	0	0	0	0	0	0	6.94903755188	6.66386842728	3.13050484657	0.842086434364	0.128462612629	0.0094737559557	4.48627797596e-05	0	0	0	0	0	0	0	0	71.6512069702	0	0	0	0	0	0	0	0	0	0	0	0	0	0	0
Feb 22 2023 18:05:34	1.84471845627	90.3099136353	96.9442520142	0.000742016127333	67.2485427856	11.5621929169	76.7896270752	-	0	0	0	0	0	0	0	0	0	0	0	0	0	0	0	0	0	3.55948499941e-21	10.3340015411	2.49358346471e-12	0	0	0	0	0	0	0	0	1.52764904499	6.14349412918	6.18366098404	3.73800611496	1.49715900421	0.391342878342	0.0580342598259	0.0013510939898	0	0	0	0	0	0	0	0	70.1252975464	0	0	0	0	0	0	0	0	0	0	0	0	0	0	0
Feb 22 2023 18:05:35	1.59341812134	89.7326126099	96.7288513184	0.000711579283234	63.3800048828	10.1416988373	71.5636291504	-	0	0	0	0	0	0	0	0	0	0	0	0	0	0	0	0	0	10.0550985336	2.86348961036e-13	0	0	0	0	0	0	0	0	0.749522984028	3.4194252491	5.16755628586	5.50002384186	4.59119129181	3.06285715103	1.58747005463	0.569904088974	0.0699527710676	0	0	0	0	0	0	0	0	65.2269973755	0	0	0	0	0	0	0	0	0	0	0	0	0	0	0
Feb 22 2023 18:05:36	7.65939188004	90.3676986694	96.9657669067	0.000423508434324	67.6870117188	10.9640378952	83.1321029663	-	0	0	0	0	0	0	0	0	0	0	0	0	0	0	0	0	0	9.39026069641	0	0	0	0	0	0	0	0	0	0	3.69190764427	5.76013469696	5.19307947159	3.27084732056	1.48429954052	0.467786997557	0.0865674763918	0.000568122253753	0	0	0	0	0	0	0	0	70.654548645	0	0	0	0	0	0	0	0	0	0	0	0	0	0	0
Feb 22 2023 18:05:37	1.53303158283	89.4949951172	96.6399307251	0.000506482901983	62.2481956482	9.44316196442	76.9636154175	-	0	0	0	0	0	0	0	0	0	0	0	0	0	0	0	0	0	11.6055383682	0	0	0	0	0	0	0	0	0	0.172393336892	1.44489645958	3.0146791935	4.38580656052	5.05029916763	4.7364449501	3.56635785103	2.00509643555	0.62246543169	0	0	0	0	0	0	0	0	63.3960266113	0	0	0	0	0	0	0	0	0	0	0	0	0	0	0
Feb 22 2023 18:05:38	1.56667649746	90.0850067139	96.8604431152	0.000403740734328	65.7566986084	10.1121864319	82.3828430176	-	0	0	0	0	0	0	0	0	0	0	0	0	0	0	0	0	0	10.648607254	1.14892784956e-12	0	0	0	0	0	0	0	0	0	2.12143158913	4.35558986664	5.24761486053	4.57010602951	2.99156188965	1.43769967556	0.450105696917	0.0415169931948	0	0	0	0	0	0	0	0	68.1357650757	0	0	0	0	0	0	0	0	0	0	0	0	0	0	0
Feb 22 2023 18:05:39	1.57862710953	89.7374954224	96.7306747437	0.000561792752706	63.5123443604	10.0515584946	76.4596633911	-	0	0	0	0	0	0	0	0	0	0	0	0	0	0	0	0	0	10.3736896515	1.29396786255e-12	0	0	0	0	0	0	0	0	0.541957497597	2.64917397499	4.43605899811	5.23703193665	4.85013628006	3.59423542023	2.07724928856	0.842252671719	0.13254378736	0	0	0	0	0	0	0	0	65.2656707764	0	0	0	0	0	0	0	0	0	0	0	0	0	0	0
Feb 22 2023 18:05:40	1.54084587097	89.7227706909	96.7251739502	0.000589055474848	63.5313835144	9.65846443176	74.2784042358	-	0	0	0	0	0	0	0	0	0	0	0	0	0	0	0	0	0	11.3040037155	3.55120257202e-15	0	0	0	0	0	0	0	0	0	1.51341879368	3.42129254341	4.84397125244	5.16541624069	4.3109703064	2.77188253403	1.25733208656	0.262527674437	0	0	0	0	0	0	0	0	65.1491851807	0	0	0	0	0	0	0	0	0	0	0	0	0	0	0
Feb 22 2023 18:05:41	1.30863916874	89.1139984131	96.4970245361	0.000415148911998	59.7606773376	7.91266918182	75.9858703613	-	0	0	0	0	0	0	0	0	0	0	0	0	0	0	0	6.39704608729e-12	12.1037874222	7.86332804426e-14	0	0	0	0	0	0	0	0	0.25426620245	1.18237543106	2.49498963356	3.82034397125	4.74572658539	4.95681667328	4.36716508865	3.16528725624	1.73921453953	0.513501524925	0	0	0	0	0	0	0	0	60.6565361023	0	0	0	0	0	0	0	0	0	0	0	0	0	0	0
Feb 22 2023 18:05:42	1.51588320732	89.1237182617	96.5006790161	0.000609300390352	59.9294395447	8.58773136139	70.5594482422	-	0	0	0	0	0	0	0	0	0	0	0	0	0	0	0	0	0	12.9928617477	0	0	0	0	0	0	0	0	0	0.486160069704	1.73396539688	3.23510289192	4.52161026001	5.12427282333	4.79226589203	3.63451838493	2.08078455925	0.674875378609	0	0	0	0	0	0	0	0	60.7235832214	0	0	0	0	0	0	0	0	0	0	0	0	0	0	0
Feb 22 2023 18:05:43	1.61556100845	88.3740081787	96.3042068481	0.000616839155555	56.8900337219	6.99719905853	66.4433288574	-	0	0	0	0	0	0	0	0	0	0	0	0	0	0	0.124754175544	1.22197663784	3.29868531227	4.75211524963	4.45164108276	2.92055940628	1.36411106586	0.437530398369	0.0862526148558	0.00835486315191	0.000297371647321	1.40967176776e-05	0.000163112999871	0.0068885856308	0.10362790525	0.690260231495	2.53049588203	5.60050582886	7.52593898773	5.6485824585	1.82230436802	0.0958187356591	0	0	0	0	0	0	0	0	57.3091201782	0	0	0	0	0	0	0	0	0	0	0	0	0	0	0
Feb 22 2023 18:05:44	1.53292441368	89.8869247437	96.7865142822	0.000456510431832	64.3044204712	9.43117332458	78.9474639893	-	0	0	0	0	0	0	0	0	0	0	0	0	0	0	0	0	0	11.6132392883	0	0	0	0	0	0	0	0	0	0.0403433740139	2.49553370476	4.50989341736	5.21748161316	4.52247810364	3.02721166611	1.52702605724	0.517916440964	0.0579140745103	0	0	0	0	0	0	0	0	66.4709625244	0	0	0	0	0	0	0	0	0	0	0	0	0	0	0
Feb 22 2023 18:05:45	1.53423905373	89.5633850098	96.6655349731	0.000665111758281	62.5138092041	9.44804477692	70.9712600708	-	0	0	0	0	0	0	0	0	0	0	0	0	0	0	0	0	0	11.5194482803	0	0	0	0	0	0	0	0	0	0.0588117390871	1.79403460026	3.64883327484	4.93773841858	5.18246269226	4.35765266418	2.88670182228	1.38274216652	0.318699777126	0	0	0	0	0	0	0	0	63.9128761292	0	0	0	0	0	0	0	0	0	0	0	0	0	0	0
Feb 22 2023 18:05:46	6.36196756363	90.1396026611	96.8807983398	0.000240840119659	65.6270599365	10.2630329132	89.7583312988	-	0	0	0	0	0	0	0	0	0	0	0	0	0	0	0	1.85716810929e-31	5.05602715251e-09	7.7557349205	2.16190767288	6.15097028867e-10	1.02150963138e-29	0	0	0	0	0	0	2.67374539375	7.43029546738	6.45056962967	3.39568805695	1.1953189373	0.282572090626	0.0422428809106	0.00317301391624	0	0	0	0	0	0	0	0	0	68.608757019	0	0	0	0	0	0	0	0	0	0	0	0	0	0	0
Feb 22 2023 18:05:47	1.7979593277	90.2630996704	96.9268188477	0.000399028911488	66.4954986572	10.3480615616	84.2956619263	-	0	0	0	0	0	0	0	0	0	0	0	0	0	0	6.82022903802e-31	1.79649134111e-12	0.000869394105393	4.752368927	5.91952180862	0.00292126135901	1.47606302181e-10	3.23698048126e-24	0	0	0	0	0	0	8.99580764771	7.02620315552	2.77235364914	0.699344038963	0.115961894393	0.0119730876759	0.00061696395278	0	0	0	0	0	0	0	0	0	69.7020568848	0	0	0	0	0	0	0	0	0	0	0	0	0	0	0
Feb 22 2023 18:05:48	1.59122347832	90.2112121582	96.9074935913	0.000588278402574	66.4008789063	10.2994565964	76.0158996582	-	0	0	0	0	0	0	0	0	0	0	0	0	0	0	0	0	0	10.1009454727	0	0	0	0	0	0	0	0	0	0	4.51789474487	6.3925242424	5.21035289764	2.95149469376	1.19756007195	0.335353136063	0.0548277236521	0.000377031305106	0	0	0	0	0	0	0	0	69.2386703491	0	0	0	0	0	0	0	0	0	0	0	0	0	0	0
Feb 22 2023 18:05:49	7.5313873291	90.3966674805	96.9765472412	0.00088599830633	67.7861480713	10.9057722092	68.3306732178	-	0	0	0	0	0	0	0	0	0	0	0	0	0	0	2.12275797865e-35	1.3500700937e-13	0.00115188641939	8.08641624451	1.55022752285	1.14467648018e-05	2.57692171799e-16	6.12839655282e-37	0	0	0	0	0	0	4.10474634171	6.89569616318	5.14212274551	2.40173220634	0.737597763538	0.143066942692	0.0144960377365	0	0	0	0	0	0	0	0	0	70.9227294922	0	0	0	0	0	0	0	0	0	0	0	0	0	0	0
Feb 22 2023 18:05:50	7.05772256851	89.7831878662	96.747756958	0.00068063166691	63.7307319641	11.2245988846	75.5586547852	-	0	0	0	0	0	0	0	0	0	0	0	0	0	0	0	0	0	8.21181201935	0	0	0	0	0	0	0	0	0.273810714483	2.37228298187	4.2879486084	5.2967877388	5.16827106476	4.13595294952	2.70683073997	1.38977885246	0.486260414124	0.0404750928283	0	0	0	0	0	0	0	0	65.6297912598	0	0	0	0	0	0	0	0	0	0	0	0	0	0	0
Feb 22 2023 18:05:51	1.57134330273	89.624710083	96.6884918213	0.000631649338175	62.9195556641	9.98348045349	73.7390594482	-	0	0	0	0	0	0	0	0	0	0	0	0	0	0	0	0	0	10.5392818451	1.64037858817e-12	0	0	0	0	0	0	0	0	0.0960140228271	2.1810939312	4.13215684891	5.25425720215	5.20775556564	4.14986753464	2.61142516136	1.18852674961	0.256417781115	0	0	0	0	0	0	0	0	64.3832015991	0	0	0	0	0	0	0	0	0	0	0	0	0	0	0
Feb 22 2023 18:05:52	7.31673336029	90.0623474121	96.8519897461	0.000607126567047	65.4489212036	10.3352880478	75.4850692749	-	0	0	0	0	0	0	0	0	0	0	0	0	0	0	0	0	0	9.98824214935	4.0876546939e-13	0	0	0	0	0	0	0	0	0	3.82574653625	6.00281620026	5.68221378326	3.83716440201	1.90257763863	0.669810712337	0.144531518221	0.00559405935928	0	0	0	0	0	0	0	0	67.9412994385	0	0	0	0	0	0	0	0	0	0	0	0	0	0	0
Feb 22 2023 18:05:53	1.5473088026	89.7732391357	96.7440414429	0.000764556869399	63.5907821655	9.60435199738	68.0055007935	-	0	0	0	0	0	0	0	0	0	0	0	0	0	0	0	0	0	11.1315135956	0	0	0	0	0	0	0	0	0	0.22794085741	2.83834028244	4.81986856461	5.4214091301	4.64884662628	3.12229847908	1.60310971737	0.564378798008	0.0721303075552	0	0	0	0	0	0	0	0	65.550163269	0	0	0	0	0	0	0	0	0	0	0	0	0	0	0
Feb 22 2023 18:05:54	1.51874554157	88.5949630737	96.3412628174	0.0006596565363	58.3309516907	8.78444194794	69.1301116943	-	0	0	0	0	0	0	0	0	0	0	0	0	0	0	0	0	0	12.7375106812	0	0	0	0	0	0	0	0	0	0.119035877287	0.891547262669	2.07212543488	3.48462915421	4.78720235825	5.54824304581	5.40537452698	4.25306177139	2.37458610535	0.402703523636	0	0	0	0	0	0	0	57.9239768982	0	0	0	0	0	0	0	0	0	0	0	0	0	0	0
Feb 22 2023 18:05:55	1.30919110775	89.7605056763	96.7392807007	0.000546322611626	63.2961921692	8.06178665161	69.9930953979	-	0	0	0	0	0	0	0	0	0	0	0	0	0	0	0	0	12.0524215698	0	0	0	0	0	0	0	0	0	0	0.71616590023	3.22600340843	4.90908718109	5.15673780441	4.16087150574	2.62713861465	1.2595872879	0.405442655087	0.0380104854703	0	0	0	0	0	0	0	0	65.4485321045	0	0	0	0	0	0	0	0	0	0	0	0	0	0	0
Feb 22 2023 18:05:56	7.61627531052	90.3275375366	96.9508132935	0.000589614734054	67.377571106	10.7829999924	76.9310073853	-	0	0	0	0	0	0	0	0	0	0	0	0	0	0	0	0	0	9.62845420837	0	0	0	0	0	0	0	0	0	0	3.10253381729	5.99663686752	5.53978776932	3.42511224747	1.49474084377	0.447325348854	0.078398488462	0.00110692926683	0	0	0	0	0	0	0	1.25457082196e-14	70.2859039307	0	0	0	0	0	0	0	0	0	0	0	0	0	0	0
Feb 22 2023 18:05:57	6.46274900436	90.0272293091	96.8388900757	0.000641792837996	65.2519683838	10.3481740952	74.3466567993	-	0	0	0	0	0	0	0	0	0	0	0	0	0	0	0	0	0	9.91247463226	0	0	0	0	0	0	0	0	0	1.29571306705	3.57621574402	4.91898298264	4.9186463356	3.85318517685	2.38529849052	1.12441110611	0.350740849972	0.0223039872944	0	0	0	0	0	0	0	0	67.6420288086	0	0	0	0	0	0	0	0	0	0	0	0	0	0	0
Feb 22 2023 18:05:58	1.57318258286	89.8817367554	96.784576416	0.000537146115676	64.1791915894	9.86289691925	77.0126953125	-	0	0	0	0	0	0	0	0	0	0	0	0	0	0	0	0	0	10.4968967438	0	0	0	0	0	0	0	0	0	1.698559165	3.82099080086	4.99672985077	4.89262247086	3.80330610275	2.35762476921	1.12210869789	0.357285261154	0.0254480782896	0	0	0	0	0	0	0	0	66.4284286499	0	0	0	0	0	0	0	0	0	0	0	0	0	0	0
Feb 22 2023 18:05:59	1.58841180801	89.5971755981	96.6781845093	0.000845516857225	62.6245918274	10.0611772537	66.9639129639	-	0	0	0	0	0	0	0	0	0	0	0	0	0	0	0	0	0	10.1603899002	2.23420023801e-12	0	0	0	0	0	0	0	0	0.883246660233	3.00852441788	4.68516731262	5.35400247574	4.89635038376	3.6384999752	2.14061832428	0.90153503418	0.1604513973	0	0	0	0	0	0	0	0	64.1712112427	0	0	0	0	0	0	0	0	0	0	0	0	0	0	0
Feb 22 2023 18:06:00	1.59232890606	90.0998306274	96.8659744263	0.000804317067377	65.6934356689	10.2950429916	68.7506027222	-	0	0	0	0	0	0	0	0	0	0	0	0	0	0	0	0	0	10.0777931213	1.47138486291e-12	0	0	0	0	0	0	0	0	0.0905272886157	3.97848534584	5.86301708221	5.41105794907	3.64539957047	1.83926451206	0.672082960606	0.153534054756	0.00527506228536	0	0	0	0	0	0	0	0	68.2635574341	0	0	0	0	0	0	0	0	0	0	0	0	0	0	0
Feb 22 2023 18:06:01	7.49963903427	90.2529144287	96.9230270386	0.000682214507833	66.9073410034	10.6635990143	73.4992523193	-	0	0	0	0	0	0	0	0	0	0	0	0	0	0	0	0	0	9.84360313416	4.89119465416e-12	0	0	0	0	0	0	0	0	0	2.35200786591	5.25106811523	5.67320156097	4.14333438873	2.16115927696	0.785622179508	0.172884732485	0.00645631831139	0	0	0	0	0	0	0	0	69.6106643677	0	0	0	0	0	0	0	0	0	0	0	0	0	0	0
Feb 22 2023 18:06:02	7.50876522064	90.7214431763	97.0972518921	0.000820211484097	70.1802368164	11.6518907547	72.4414291382	-	0	0	0	0	0	0	0	0	0	0	0	0	0	0	0	6.42631583461e-25	2.82390885786e-07	6.73375654221	1.92438328266	5.28833288271e-09	1.97632310509e-28	0	0	0	0	0	0	0	12.0834102631	4.50996112823	0.624907970428	0.0520938001573	0.00273083942011	8.40126085677e-05	1.11604583708e-06	0	0	0	0	0	0	0	0	0	74.0686798096	0	0	0	0	0	0	0	0	0	0	0	0	0	0	0
Feb 22 2023 18:06:03	7.53380584717	90.7052001953	97.0912246704	0.000578953011427	69.977394104	11.4262657166	79.2372741699	-	0	0	0	0	0	0	0	0	0	0	0	0	0	0	0	5.30119457788e-18	4.05072241847e-05	7.1170797348	1.6255865097	4.20236858645e-07	1.00964966827e-21	0	0	0	0	0	0	0	15.7322044373	1.59002840519	0.0298179481179	0.000232537757256	8.08352410786e-07	1.09721787211e-09	3.25007219488e-13	0	0	0	0	0	0	0	0	0	73.9050064087	0	0	0	0	0	0	0	0	0	0	0	0	0	0	0
Feb 22 2023 18:06:04	7.64329385757	90.6878204346	97.0847702026	0.000757817411795	70.0063858032	11.8877735138	75.348815918	-	0	0	0	0	0	0	0	0	0	0	0	0	0	0	0	5.26178354818e-30	4.00874222706e-09	4.55734157562	4.4367184639	3.64210506199e-09	2.64765582816e-30	0	0	0	0	0	0	0	6.28629016876	7.67766094208	2.71602749825	0.530164122581	0.0610536038876	0.00393712567165	0.000110328415758	0	0	0	0	0	0	0	0	0	73.7306976318	0	0	0	0	0	0	0	0	0	0	0	0	0	0	0
Feb 22 2023 18:06:05	7.66068220139	90.1101913452	96.8698348999	0.000778180605266	65.8016357422	10.8015918732	71.0777130127	-	0	0	0	0	0	0	0	0	0	0	0	0	0	0	0	0	0	9.2631149292	2.56162604149e-13	0	0	0	0	0	0	0	0	0	4.36549091339	6.50155162811	5.70353460312	3.55440926552	1.62401270866	0.526659190655	0.104723647237	0.00331359729171	0	0	0	0	0	0	0	0	68.353187561	0	0	0	0	0	0	0	0	0	0	0	0	0	0	0
Feb 22 2023 18:06:06	6.94145965576	90.1809158325	96.8962020874	0.000568104849663	66.1822357178	10.8175554276	78.0750274658	-	0	0	0	0	0	0	0	0	0	0	0	0	0	0	0	0	0	9.05696868896	0	0	0	0	0	0	0	0	0	2.06903004646	5.08892583847	5.89870405197	4.66291809082	2.70373702049	1.15132391453	0.340608537197	0.0569615215063	0	0	0	0	0	0	0	0	0	68.9708328247	0	0	0	0	0	0	0	0	0	0	0	0	0	0	0
Feb 22 2023 18:06:07	1.54182517529	90.0806350708	96.8588104248	0.000573943019845	65.4534835815	9.60396194458	74.7637710571	-	0	0	0	0	0	0	0	0	0	0	0	0	0	0	0	0	0	11.2774782181	9.16092830934e-13	0	0	0	0	0	0	0	0	0	3.26982784271	5.71683549881	5.59716892242	3.70360207558	1.71084165573	0.530959010124	0.0932988524437	0.0018076216802	0	0	0	0	0	0	0	0	68.0981826782	0	0	0	0	0	0	0	0	0	0	0	0	0	0	0
Feb 22 2023 18:06:08	1.57648301125	89.5870361328	96.6743927002	0.000650893140119	62.5536308289	9.91745471954	73.0292663574	-	0	0	0	0	0	0	0	0	0	0	0	0	0	0	0	0	0	10.4218120575	1.61419521413e-12	0	0	0	0	0	0	0	0	0.73561412096	2.90078139305	4.63176584244	5.34991693497	4.92359161377	3.67620539665	2.17339301109	0.922752737999	0.170672982931	0	0	0	0	0	0	0	0	64.0934906006	0	0	0	0	0	0	0	0	0	0	0	0	0	0	0
Feb 22 2023 18:06:09	7.45978450775	90.8994979858	97.1633148193	0.000780703267083	71.6692276001	11.489323616	72.3995361328	-	0	0	0	0	0	0	0	0	0	0	0	0	0	0	0	0	0	8.79239463806	0	0	0	0	0	0	0	0	0	0	13.5136556625	1.78251290321	0.00180801283568	5.51660775727e-07	5.9147908793e-11	1.90559818528e-15	8.82310504013e-21	0	0	0	0	0	0	0	0	0	75.9096298218	0	0	0	0	0	0	0	0	0	0	0	0	0	0	0
Feb 22 2023 18:06:10	7.5622549057	90.6064376831	97.0545425415	0.000502676586621	69.373878479	10.9720115662	80.5863647461	-	0	0	0	0	0	0	0	0	0	0	0	0	0	0	0	1.04508142501e-27	5.77959617942e-08	8.03185844421	1.82138109207	9.21350606919e-10	3.06287804869e-30	0	0	0	0	0	0	0	2.76998400688	8.30422115326	4.53973913193	1.34527242184	0.237743064761	0.0241273492575	0.001129709417	0	0	0	0	0	0	0	0	0	72.9245452881	0	0	0	0	0	0	0	0	0	0	0	0	0	0	0
Feb 22 2023 18:06:11	1.58478188515	90.4980239868	97.014251709	0.000880746170878	68.4226379395	10.2632522583	65.9903793335	-	0	0	0	0	0	0	0	0	0	0	0	0	0	0	0	0	0	10.3942680359	0	0	0	0	0	0	0	0	0	0	4.67744874954	7.37542057037	4.06074428558	1.31458640099	0.266668796539	0.0323405340314	0.00185410992708	0	0	0	0	0	0	0	0	0	71.8766708374	0	0	0	0	0	0	0	0	0	0	0	0	0	0	0
Feb 22 2023 18:06:12	1.51756238937	89.6643447876	96.7033233643	0.0011685998179	62.875087738	8.79256725311	51.8941116333	-	0	0	0	0	0	0	0	0	0	0	0	0	0	0	0	0	0	12.8417816162	2.01993413315e-12	0	0	0	0	0	0	0	0	0	1.67202484608	3.83987760544	5.15129089355	5.03898239136	3.75563979149	2.09680056572	0.794076919556	0.118803620338	0	0	0	0	0	0	0	0	64.6907196045	0	0	0	0	0	0	0	0	0	0	0	0	0	0	0
Feb 22 2023 18:06:13	1.30354845524	89.7619857788	96.7398376465	0.000968943873886	63.1355476379	7.76306772232	51.731754303	-	0	0	0	0	0	0	0	0	0	0	0	0	0	0	0	7.26084123381e-13	12.6000995636	1.23061808176e-26	0	0	0	0	0	0	0	0	0	1.16750502586	3.83290505409	5.22720956802	4.97198390961	3.61272025108	2.03169250488	0.852886795998	0.231476873159	0.0111540695652	0	0	0	0	0	0	0	0	65.4603652954	0	0	0	0	0	0	0	0	0	0	0	0	0	0	0
Feb 22 2023 18:06:14	1.5264878273	89.7897720337	96.7502212524	0.000924118678086	63.6965484619	9.18196392059	61.0266456604	-	0	0	0	0	0	0	0	0	0	0	0	0	0	0	0	0	0	12.0967073441	5.07172212214e-13	0	0	0	0	0	0	0	0	0	1.85816216469	4.14228820801	5.29955768585	4.91708612442	3.46164107323	1.8164896965	0.640784800053	0.0846981108189	0	0	0	0	0	0	0	0	65.6825866699	0	0	0	0	0	0	0	0	0	0	0	0	0	0	0
Feb 22 2023 18:06:15	1.54416143894	90.0038833618	96.8301773071	0.000693687645253	65.0402297974	9.66764736176	70.5230026245	-	0	0	0	0	0	0	0	0	0	0	0	0	0	0	0	0	0	11.214761734	4.11038119773e-13	0	0	0	0	0	0	0	0	0	2.39704275131	5.21309232712	5.71802282333	4.35135126114	2.4264421463	0.971345067024	0.246816173196	0.0166821274906	0	0	0	0	0	0	0	0	67.444442749	0	0	0	0	0	0	0	0	0	0	0	0	0	0	0
Feb 22 2023 18:06:16	1.52351415157	89.8949813843	96.7895278931	0.00111030275002	64.164855957	9.00793647766	54.5982551575	-	0	0	0	0	0	0	0	0	0	0	0	0	0	0	0	0	0	12.3346729279	1.43258140268e-14	0	0	0	0	0	0	0	0	0	2.83026981354	5.20055103302	5.52606344223	4.15143203735	2.28732466698	0.899375319481	0.220976680517	0.0121345855296	0	0	0	0	0	0	0	0	66.5372009277	0	0	0	0	0	0	0	0	0	0	0	0	0	0	0
Feb 22 2023 18:06:17	1.54844927788	90.0818252563	96.8592605591	0.000889982504304	65.3476333618	9.57193183899	63.7682304382	-	0	0	0	0	0	0	0	0	0	0	0	0	0	0	0	0	0	11.1016941071	0	0	0	0	0	0	0	0	0	1.17765045166	4.69177103043	5.72941207886	4.64970493317	2.7924861908	1.25901401043	0.408832252026	0.0806707888842	0.000356466538506	0	0	0	0	0	0	0	0	68.1084060669	0	0	0	0	0	0	0	0	0	0	0	0	0	0	0
Feb 22 2023 18:06:18	1.2944111824	89.3356933594	96.5802307129	0.000575954909436	60.8153953552	7.36927509308	65.9307632446	-	0	0	0	0	0	0	0	0	0	0	0	0	0	0	0	5.48284128602e-13	13.6070537567	1.16515200593e-19	0	0	0	0	0	0	0	0	0	0.733229398727	2.17649102211	3.67857074738	4.67112827301	4.76987075806	3.96700549126	2.62407922745	1.26158487797	0.288498044014	0	0	0	0	0	0	0	0	62.2224884033	0	0	0	0	0	0	0	0	0	0	0	0	0	0	0
Feb 22 2023 18:06:19	1.53336584568	90.0406646729	96.8439025879	0.00107284763362	65.0597839355	9.3544921875	57.2135391235	-	0	0	0	0	0	0	0	0	0	0	0	0	0	0	0	0	0	11.5815649033	1.28907214764e-12	0	0	0	0	0	0	0	0	0	4.09744882584	6.54266452789	5.42060422897	3.03194117546	1.19622850418	0.322182565928	0.0503772236407	0.000758682203013	0	0	0	0	0	0	0	0	67.7562332153	0	0	0	0	0	0	0	0	0	0	0	0	0	0	0
Feb 22 2023 18:06:20	1.52167928219	89.9739456177	96.8190078735	0.000979832024314	64.7590789795	9.03381538391	58.5518226624	-	0	0	0	0	0	0	0	0	0	0	0	0	0	0	0	0	0	12.4864807129	0	0	0	0	0	0	0	0	0	0	1.53815186024	4.71198606491	5.69675779343	4.53328132629	2.56262207031	1.01393437386	0.248525738716	0.0155590837821	0	0	0	0	0	0	0	0	67.1927032471	0	0	0	0	0	0	0	0	0	0	0	0	0	0	0
Feb 22 2023 18:06:21	1.51070523262	89.2856750488	96.5614700317	0.00122801994439	60.453338623	8.28146076202	48.2113647461	-	0	0	0	0	0	0	0	0	0	0	0	0	0	0	0	0	0	13.483127594	0	0	0	0	0	0	0	0	0.07479082793	1.17148947716	2.69452214241	4.07735872269	4.80356502533	4.62333488464	3.6556456089	2.30646419525	1.0479388237	0.19924159348	0	0	0	0	0	0	0	0	61.8625221252	0	0	0	0	0	0	0	0	0	0	0	0	0	0	0
Feb 22 2023 18:06:22	1.30778121948	89.9624328613	96.8147125244	0.000530387333129	64.435043335	7.99913406372	70.4947662354	-	0	0	0	0	0	0	0	0	0	0	0	0	0	0	0	1.54693217871e-12	12.1845417023	0	0	0	0	0	0	0	0	0	0	0.831280529499	4.25362205505	5.69770717621	4.90786504745	3.06404161453	1.41162252426	0.461097896099	0.0904537588358	0.00143338367343	0	0	0	0	0	0	0	0	67.0963363647	0	0	0	0	0	0	0	0	0	0	0	0	0	0	0
Feb 22 2023 18:06:23	1.49863231182	89.1746292114	96.5197982788	0.000609921698924	60.111164093	7.9326133728	68.0661621094	-	0	0	0	0	0	0	0	0	0	0	0	0	0	0	0	0	1.39112998898e-10	14.7919626236	0	0	0	0	0	0	0	0	0	0	0.920351028442	2.56014513969	4.17419576645	5.09917783737	4.91898012161	3.72758841515	2.07916474342	0.651156306267	0	0	0	0	0	0	0	0	61.0772781372	0	0	0	0	0	0	0	0	0	0	0	0	0	0	0
Feb 22 2023 18:06:24	1.52327692509	89.5862045288	96.674079895	0.000842004956212	62.6257362366	9.07808589935	63.348941803	-	0	0	0	0	0	0	0	0	0	0	0	0	0	0	0	0	0	12.3540849686	2.37268253045e-07	0	0	0	0	0	0	0	0	0	1.03926825523	3.14778470993	4.81389284134	5.32579803467	4.55017471313	2.98324179649	1.38628816605	0.312365621328	0	0	0	0	0	0	0	0	64.087097168	0	0	0	0	0	0	0	0	0	0	0	0	0	0	0
Feb 22 2023 18:06:25	1.52653849125	88.2404708862	96.2817687988	0.000558431085665	57.1125907898	8.79671859741	73.5693283081	-	0	0	0	0	0	0	0	0	0	0	0	0	0	0	0	0	2.23901088642e-11	12.0927371979	0	0	0	0	0	0	0	0	0.203964620829	0.947786331177	2.11479115486	3.4832675457	4.71432781219	5.43513822556	5.36964273453	4.46608686447	2.95177817345	1.2773835659	0	0	0	0	0	0	0	0	56.9430961609	0	0	0	0	0	0	0	0	0	0	0	0	0	0	0
Feb 22 2023 18:06:26	1.50443589687	88.8194580078	96.3862762451	0.000867550086696	58.3213882446	8.07131481171	58.7201538086	-	0	0	0	0	0	0	0	0	0	0	0	0	0	0	0	0	3.23240496869e-11	14.1311798096	0	0	0	0	0	0	0	0	0	0.343690246344	1.45742309093	2.90599226952	4.296626091	5.16094350815	5.1485004425	4.20863866806	2.6474301815	1.01108765602	0	0	0	0	0	0	0	0	58.6884841919	0	0	0	0	0	0	0	0	0	0	0	0	0	0	0
Feb 22 2023 18:06:27	1.64511561394	87.8327941895	96.213104248	0.000749171886127	55.5249023438	6.79063844681	60.5467147827	-	0	0	0	0	0	0	0	0	0	0	0	0	0	0	0.492231816053	1.75590109825	3.0597858429	3.7662320137	3.66102838516	2.93771314621	1.97563004494	1.10618197918	0.501897871494	0.180483102798	0.058886192739	0.0349615588784	0.073334351182	0.257558941841	0.792182028294	1.88385343552	3.49034929276	5.07437849045	5.69024133682	4.63771724701	2.33253645897	0.386216968298	0	0	0	0	0	0	0	0	55.8506965637	0	0	0	0	0	0	0	0	0	0	0	0	0	0	0
Feb 22 2023 18:06:28	1.68062651157	87.7777557373	96.2038116455	0.000756599300075	55.369468689	6.89942598343	61.0089073181	-	0	0	0	0	0	0	0	0	0	0	0	0	0	0	0.503630876541	1.69472229481	2.88772940636	3.54275369644	3.484790802	2.87355256081	2.02436065674	1.22183966637	0.628111720085	0.280746251345	0.129419535398	0.0982368215919	0.166570007801	0.421845257282	1.04001092911	2.15826249123	3.66814947128	5.0459446907	5.47182941437	4.38862371445	2.20360064507	0.3592235744	0	0	0	0	0	0	0	0	55.7060470581	0	0	0	0	0	0	0	0	0	0	0	0	0	0	0
Feb 22 2023 18:06:29	1.74380016327	89.2295074463	96.540397644	0.00122346787248	60.4530258179	8.86580848694	55.8057060242	-	0	0	0	0	0	0	0	0	0	0	0	0	0	0	0	0	0	3.30395214797e-37	15.14427948	9.33821162757e-13	0	0	0	0	0	0	0	0	0	2.26418375969	4.35608530045	5.42588424683	5.10735416412	3.70321941376	1.95574557781	0.580293238163	0	0	0	0	0	0	0	0	61.4629554749	0	0	0	0	0	0	0	0	0	0	0	0	0	0	0
Feb 22 2023 18:06:30	1.72261023521	25.3747234344	95.7548751831	0.000529405951966	50.5061683655	6.85776233673	71.9060058594	-	0	0	0	0	0	0	0	0	0	0	0	0	0	0	1.05479482926e-08	0.000721454212908	0.214529007673	4.14596557617	11.3006467819	5.40378141403	0.395423859358	0.00218378799036	6.6945219146e-08	1.34563255626e-33	0	0	0	0	0	0	0.0708982795477	0.698379218578	2.77020478249	6.52105808258	9.70355606079	8.41987895966	3.0406088829	0.0366088040173	0	0	0	0	0	0	47.275554657	0	0	0	0	0	0	0	0	0	0	0	0	0	0	0
Feb 22 2023 18:06:31	1.72916460037	88.4478759766	96.3166046143	0.000984149286523	58.1794662476	8.3622674942	60.4469604492	-	0	0	0	0	0	0	0	0	0	0	0	0	0	0	0	0	0	1.03318430819e-37	16.8642425537	8.35938523264e-13	0	0	0	0	0	0	0	0	0	0.0216225348413	0.688046813011	2.31095933914	4.63484287262	6.58963775635	6.64061927795	4.10401725769	0.632611453533	0	0	0	0	0	0	0	57.5133972168	0	0	0	0	0	0	0	0	0	0	0	0	0	0	0
Feb 22 2023 18:06:32	1.29306805134	88.0207519531	96.2447967529	0.00038939085789	56.5530052185	6.7277264595	73.2982940674	-	0	0	0	0	0	0	0	0	0	0	0	0	0	0	0	6.30518554035e-11	14.2382144928	1.29733324051	3.57594544254e-11	3.06847866802e-30	0	0	0	0	0	0	0	0.21329934895	1.04923915863	2.28213071823	3.67376351357	4.8405213356	5.36583471298	4.97318077087	3.68348741531	1.87387919426	0.159401029348	0	0	0	0	0	0	0	56.3497200012	0	0	0	0	0	0	0	0	0	0	0	0	0	0	0
Feb 22 2023 18:06:33	1.48820924759	87.8803253174	96.2211227417	0.000617577868979	56.319770813	7.35519552231	65.5703277588	-	0	0	0	0	0	0	0	0	0	0	0	0	0	0	0	0	0	16.156167984	0	0	0	0	0	0	0	0	0	0.130997359753	0.823174417019	1.94464564323	3.33067631721	4.63136196136	5.3927154541	5.23267793655	4.04714632034	2.1452524662	0.189038336277	0	0	0	0	0	0	0	55.976146698	0	0	0	0	0	0	0	0	0	0	0	0	0	0	0
Feb 22 2023 18:06:34	1.47837173939	26.7339687347	95.8248138428	0.000592158874497	51.3384971619	6.82479763031	64.4827957153	-	0	0	0	0	0	0	0	0	0	0	0	0	0	0	0	0	0	17.7080783844	0	0	0	0	0	0	0	0	0	0.0256949476898	0.380401670933	1.11623358727	2.28039932251	3.77912378311	5.31480550766	6.39287519455	6.44979333878	5.13301801682	2.65395355225	0.0271863732487	0	0	0	0	0	0	48.7384376526	0	0	0	0	0	0	0	0	0	0	0	0	0	0	0
Feb 22 2023 18:06:35	1.49036288261	86.5849227905	96.0012207031	0.000392058806028	54.0889625549	7.3941450119	76.7070922852	-	0	0	0	0	0	0	0	0	0	0	0	0	0	0	0	0	3.56111529154e-11	15.8532333374	1.28793341856e-39	0	0	0	0	0	0	0	0	0.246501669288	0.865909636021	1.87973487377	3.19492816925	4.55649995804	5.57110548019	5.81541156769	5.01559209824	3.24660921097	1.02928268909	0	0	0	0	0	0	0	52.725189209	0	0	0	0	0	0	0	0	0	0	0	0	0	0	0
Feb 22 2023 18:06:36	1.5198943615	88.9623260498	96.4400253296	0.000541206623893	59.0921440125	8.67739963531	73.7330703735	-	0	0	0	0	0	0	0	0	0	0	0	0	0	0	0	0	0	12.6379652023	0	0	0	0	0	0	0	0	0	0.664932787418	1.95172131062	3.44645786285	4.69785308838	5.26819992065	4.92723608017	3.77702498436	2.22045135498	0.780447423458	0	0	0	0	0	0	0	0	59.6277122498	0	0	0	0	0	0	0	0	0	0	0	0	0	0	0
Feb 22 2023 18:06:37	1.50513696671	88.5229415894	96.3291931152	0.000873627432156	57.5003929138	8.01699447632	58.4156913757	-	0	0	0	0	0	0	0	0	0	0	0	0	0	0	0	0	0	14.0554981232	0	0	0	0	0	0	0	0	0.117176786065	0.744751751423	1.82638096809	3.15216255188	4.37427663803	5.09968757629	5.03804302216	4.14245843887	2.66181993484	1.06545102596	0	0	0	0	0	0	0	0	57.7222938538	0	0	0	0	0	0	0	0	0	0	0	0	0	0	0
Feb 22 2023 18:06:38	1.49006807804	88.8829879761	96.4101867676	0.000651941401884	58.5778541565	7.50318098068	64.5761947632	-	0	0	0	0	0	0	0	0	0	0	0	0	0	0	0	0	4.48814804765e-11	15.8940029144	2.24207754292e-42	0	0	0	0	0	0	0	0	0.0236853528768	0.84996753931	2.1602602005	3.64674854279	4.79888105392	5.11859130859	4.39613628387	2.86935806274	1.13972568512	0	0	0	0	0	0	0	0	59.1026420593	0	0	0	0	0	0	0	0	0	0	0	0	0	0	0
Feb 22 2023 18:06:39	2.04685878754	90.2125091553	96.9079742432	0.00081875838805	66.3159332275	10.9822893143	76.6627349854	-	0	0	0	0	0	0	0	0	0	0	0	0	0	0	3.75818242593e-21	2.11932901784e-11	1.10968330773e-05	0.042615622282	3.80183529854	8.58069038391	0.184548556805	5.77118726142e-07	0	0	0	0	0	0	0	7.13211917877	7.19117164612	2.90359377861	0.762643992901	0.13554289937	0.0145983668044	0.000406093749916	0	0	0	0	0	0	0	0	69.2502288818	0	0	0	0	0	0	0	0	0	0	0	0	0	0	0
Feb 22 2023 18:06:40	1.71612453461	86.4022216797	95.9786300659	0.000508438970428	54.0678710938	7.52508401871	74.8292236328	-	0	0	0	0	0	0	0	0	0	0	0	0	0	0	0	0	0	0	18.9568786621	0	0	0	0	0	0	0	0	0	0	0.144831225276	1.07424354553	2.68191933632	4.67159557343	6.33090734482	6.69906377792	5.12263202667	2.02473258972	0	0	0	0	0	0	0	52.2931938171	0	0	0	0	0	0	0	0	0	0	0	0	0	0	0
Feb 22 2023 18:06:41	2.05685758591	90.3476104736	96.9582901001	0.00146849243902	67.2089385986	11.0334863663	63.0241317749	-	0	0	0	0	0	0	0	0	0	0	0	0	0	0	3.40098693143e-25	8.87651768495e-14	5.06927904098e-07	0.0100004998967	2.60577511787	10.0342082977	0.19135004282	1.69752638612e-07	0	0	0	0	0	0	0	9.12533187866	5.94009304047	1.39886379242	0.204471379519	0.0192117858678	0.00101276033092	7.53536914999e-06	0	0	0	0	0	0	0	0	70.4696731567	0	0	0	0	0	0	0	0	0	0	0	0	0	0	0
Feb 22 2023 18:06:42	1.49650013447	88.583732605	96.3393859863	0.000580472813454	58.0697288513	7.85470628738	69.029838562	-	0	0	0	0	0	0	0	0	0	0	0	0	0	0	0	0	3.68260144601e-11	15.051232338	0	0	0	0	0	0	0	0	0	0	0.302781760693	1.45729064941	3.00399136543	4.55168867111	5.54758167267	5.50514125824	4.27963018417	2.23987317085	0.168330088258	0	0	0	0	0	0	0	57.8924598694	0	0	0	0	0	0	0	0	0	0	0	0	0	0	0
Feb 22 2023 18:06:43	1.53465008736	89.655166626	96.6998825073	0.000573549245019	62.7457237244	9.29835033417	74.1676940918	-	0	0	0	0	0	0	0	0	0	0	0	0	0	0	0	0	0	11.4904489517	0	0	0	0	0	0	0	0	0	0.818213105202	3.23856282234	4.9226641655	5.29730606079	4.45718240738	2.98443222046	1.54659175873	0.554589629173	0.070762783289	0	0	0	0	0	0	0	0	64.6192474365	0	0	0	0	0	0	0	0	0	0	0	0	0	0	0
Feb 22 2023 18:06:44	1.30204951763	89.8357391357	96.7673950195	0.000340843602316	63.8380012512	7.8525056839	79.3590698242	-	0	0	0	0	0	0	0	0	0	0	0	0	0	0	0	0	12.7544822693	0	0	0	0	0	0	0	0	0	0	0	2.07417058945	4.27017354965	5.22898340225	4.61150217056	3.03991103172	1.46387672424	0.458657413721	0.0448983348906	0	0	0	0	0	0	0	0	66.0533447266	0	0	0	0	0	0	0	0	0	0	0	0	0	0	0
Feb 22 2023 18:06:45	1.79698169231	89.3695983887	96.5929412842	0.000754130887799	61.1701011658	10.4214076996	74.3565826416	-	0	0	0	0	0	0	0	0	0	0	0	0	0	0	0	0	0	2.11948769596e-17	11.2027683258	1.62049991837e-15	0	0	0	0	0	0	0	0.516507685184	3.1934325695	5.07162046432	5.66400527954	5.03056526184	3.64470934868	2.11371803284	0.901642560959	0.19225949049	0	0	0	0	0	0	0	0	62.4687728882	0	0	0	0	0	0	0	0	0	0	0	0	0	0	0
Feb 22 2023 18:06:46	1.63839030266	87.8343734741	96.2133712769	0.000496623863	55.4751548767	6.68813848495	71.3502502441	-	0	0	0	0	0	0	0	0	0	0	0	0	0	0	0.629653096199	1.88795828819	3.04734301567	3.64061665535	3.54393792152	2.91907334328	2.0593085289	1.23477673531	0.611999869347	0.243452146649	0.086166664958	0.0522349663079	0.105858236551	0.336321145296	0.920937597752	1.98363029957	3.41675496101	4.75531053543	5.27757740021	4.43776035309	2.44897246361	0.505510091782	0	0	0	0	0	0	0	0	55.8548431396	0	0	0	0	0	0	0	0	0	0	0	0	0	0	0
Feb 22 2023 18:06:47	1.66910767555	87.4375228882	96.1462631226	0.000481599214254	55.0274124146	7.052754879	73.3245620728	-	0	0	0	0	0	0	0	0	0	0	0	0	0	0	0.392394095659	1.60303115845	2.9718170166	3.7523393631	3.64538693428	2.85529112816	1.8257625103	0.93729865551	0.366104692221	0.0991901606321	0.0182394105941	0.00544550735503	0.016249043867	0.106387674809	0.483557015657	1.46765935421	3.21059608459	5.26704359055	6.48263931274	5.72817516327	3.19414782524	0.744854211807	0.000144699806697	0	0	0	0	0	0	0	54.8262481689	0	0	0	0	0	0	0	0	0	0	0	0	0	0	0
Feb 22 2023 18:06:48	1.51872730255	89.084487915	96.4859390259	0.000897985533811	59.6017341614	8.61639976501	60.0820426941	-	0	0	0	0	0	0	0	0	0	0	0	0	0	0	0	0	0	12.7391119003	5.40833992716e-14	0	0	0	0	0	0	0	0	0.820291757584	2.232183218	3.75912642479	4.88185119629	5.18156242371	4.54232358932	3.21664333344	1.69797003269	0.47522816062	0	0	0	0	0	0	0	0	60.4537086487	0	0	0	0	0	0	0	0	0	0	0	0	0	0	0
Feb 22 2023 18:06:49	1.50270211697	89.2315444946	96.5411605835	0.000729445193429	60.2417030334	8.03120994568	63.6769065857	-	0	0	0	0	0	0	0	0	0	0	0	0	0	0	0	0	0	14.3220615387	0	0	0	0	0	0	0	0	0	0.281321823597	1.82817649841	3.54079413414	4.76120948792	5.0100607872	4.23688697815	2.8304028511	1.37606751919	0.3356808424	0	0	0	0	0	0	0	0	61.4773406982	0	0	0	0	0	0	0	0	0	0	0	0	0	0	0
Feb 22 2023 18:06:50	1.52140450478	89.8578262329	96.7756500244	0.000554988801014	64.1400680542	9.04419994354	73.8562316895	-	0	0	0	0	0	0	0	0	0	0	0	0	0	0	0	0	0	12.5095529556	0	0	0	0	0	0	0	0	0	0	1.2317596674	3.71176481247	5.17825508118	4.99436092377	3.56338810921	1.85877418518	0.639745295048	0.0794407948852	0	0	0	0	0	0	0	0	66.232963562	0	0	0	0	0	0	0	0	0	0	0	0	0	0	0
Feb 22 2023 18:06:51	1.61951899529	88.8731536865	96.4064865112	0.00104488432407	57.8571929932	6.65926265717	48.7648086548	-	0	0	0	0	0	0	0	0	0	0	0	0	0	0	0.588059961796	1.88740551472	3.15238380432	3.82641625404	3.73117375374	3.03700995445	2.08456349373	1.19022846222	0.541581749916	0.183676376939	0.0480340197682	0.0222102291882	0.058049544692	0.244960308075	0.778394043446	1.8041459322	3.20275640488	4.44500494003	4.74960803986	3.64588284492	1.61852431297	0.121772915125	0	0	0	0	0	0	0	4.90623036129e-31	59.0381546021	0	0	0	0	0	0	0	0	0	0	0	0	0	0	0
Feb 22 2023 18:06:52	1.29882180691	89.2756729126	96.5577163696	0.00048841588432	60.3952102661	7.48743772507	70.8387680054	-	0	0	0	0	0	0	0	0	0	0	0	0	0	0	0	9.33475302264e-13	13.1007537842	3.63017764846e-25	0	0	0	0	0	0	0	0	0.190238341689	1.32793211937	2.81939220428	4.12062358856	4.77448177338	4.57556200027	3.6409072876	2.33691287041	1.09553301334	0.226683780551	0	0	0	0	0	0	0	0	61.790977478	0	0	0	0	0	0	0	0	0	0	0	0	0	0	0
Feb 22 2023 18:06:53	1.29947912693	89.8727493286	96.7812194824	0.000519894063473	63.9703140259	7.71567678452	69.8038787842	-	0	0	0	0	0	0	0	0	0	0	0	0	0	0	0	0	13.0286512375	0	0	0	0	0	0	0	0	0	0	0	2.40020895004	4.73134279251	5.34668254852	4.27134418488	2.50890040398	1.05699634552	0.281671047211	0.0193971581757	0	0	0	0	0	0	0	0	66.3548049927	0	0	0	0	0	0	0	0	0	0	0	0	0	0	0
Feb 22 2023 18:06:54	1.5982080698	90.3506698608	96.9594268799	0.000720763171557	67.2741012573	9.88041114807	70.5521774292	-	0	0	0	0	0	0	0	0	0	0	0	0	0	0	0	1.05657120721e-24	7.33675506126e-07	9.59741210938	1.58681571484	1.00065742359e-08	9.49478285683e-26	0	0	0	0	0	0	0	3.76438689232	7.28083086014	4.80941295624	1.90053749084	0.48146545887	0.075367256999	0.00600734353065	0	0	0	0	0	0	0	0	0	70.4977645874	0	0	0	0	0	0	0	0	0	0	0	0	0	0	0
Feb 22 2023 18:06:55	1.59565377235	90.5804595947	97.0448913574	0.00107128079981	68.8574829102	10.2729234695	60.7667388916	-	0	0	0	0	0	0	0	0	0	0	0	0	0	0	0	5.17583567492e-23	6.5269332481e-06	9.92272281647	0.0923178568482	8.5321897117e-12	5.59682365335e-32	0	0	0	0	0	0	0	14.9291496277	2.28609204292	0.0966315418482	0.00221369112842	2.90911775664e-05	2.00199963274e-07	4.86067797123e-10	0	0	0	0	0	0	0	0	0	72.6708374023	0	0	0	0	0	0	0	0	0	0	0	0	0	0	0
Feb 22 2023 18:06:56	1.47162806988	88.3768005371	96.3046722412	0.000360071164323	56.1297798157	6.04003047943	73.7835922241	-	0	0	0	0	0	0	0	0	0	0	0	0	0	0	0	3.33534601923e-16	0.00101523578633	19.7925930023	1.26972937584	3.96337782149e-06	2.34346466759e-15	5.42528494951e-28	1.40129846432e-43	0	0	0	0	0	3.7240886407e-28	6.27057609938e-14	0.00040780758718	20.975151062	0.644273757935	4.15523067343e-11	3.77534200093e-37	0	0	0	0	0	0	0	0	0	57.3168258667	0	0	0	0	0	0	0	0	0	0	0	0	0	0	0
Feb 22 2023 18:06:57	-1.00000001505e+30	-1.00000001505e+30	-1.00000001505e+30	-1.00000002538e+26	-1.00000001505e+30	-1.00000001505e+30	99.9215087891	-	0	0	0	0	0	0	0	0	0	0	0	0	0	0	0	0	0	0	0	0	0	0	0	0	0	0	0	0	0	0	0	0	0	0	0	0	0	0	0	0	0	0	0	0	0	0	0	0	0	0	0	0	0	0	0	0	0	0	0	0
Feb 22 2023 18:06:58	-1.00000001505e+30	-1.00000001505e+30	-1.00000001505e+30	-1.00000002538e+26	-1.00000001505e+30	-1.00000001505e+30	99.9890823364	-	0	0	0	0	0	0	0	0	0	0	0	0	0	0	0	0	0	0	0	0	0	0	0	0	0	0	0	0	0	0	0	0	0	0	0	0	0	0	0	0	0	0	0	0	0	0	0	0	0	0	0	0	0	0	0	0	0	0	0	0
Feb 22 2023 18:06:59	-1.00000001505e+30	-1.00000001505e+30	-1.00000001505e+30	-1.00000002538e+26	-1.00000001505e+30	-1.00000001505e+30	99.957321167	-	0	0	0	0	0	0	0	0	0	0	0	0	0	0	0	0	0	0	0	0	0	0	0	0	0	0	0	0	0	0	0	0	0	0	0	0	0	0	0	0	0	0	0	0	0	0	0	0	0	0	0	0	0	0	0	0	0	0	0	0
Feb 22 2023 18:07:00	-1.00000001505e+30	-1.00000001505e+30	-1.00000001505e+30	-1.00000002538e+26	-1.00000001505e+30	-1.00000001505e+30	100.012039185	-	0	0	0	0	0	0	0	0	0	0	0	0	0	0	0	0	0	0	0	0	0	0	0	0	0	0	0	0	0	0	0	0	0	0	0	0	0	0	0	0	0	0	0	0	0	0	0	0	0	0	0	0	0	0	0	0	0	0	0	0
Feb 22 2023 18:07:01	-1.00000001505e+30	-1.00000001505e+30	-1.00000001505e+30	-1.00000002538e+26	-1.00000001505e+30	-1.00000001505e+30	99.9825057983	-	0	0	0	0	0	0	0	0	0	0	0	0	0	0	0	0	0	0	0	0	0	0	0	0	0	0	0	0	0	0	0	0	0	0	0	0	0	0	0	0	0	0	0	0	0	0	0	0	0	0	0	0	0	0	0	0	0	0	0	0
Feb 22 2023 18:07:02	-1.00000001505e+30	-1.00000001505e+30	-1.00000001505e+30	-1.00000002538e+26	-1.00000001505e+30	-1.00000001505e+30	99.9320144653	-	0	0	0	0	0	0	0	0	0	0	0	0	0	0	0	0	0	0	0	0	0	0	0	0	0	0	0	0	0	0	0	0	0	0	0	0	0	0	0	0	0	0	0	0	0	0	0	0	0	0	0	0	0	0	0	0	0	0	0	0
Feb 22 2023 18:07:03	-1.00000001505e+30	-1.00000001505e+30	-1.00000001505e+30	-1.00000002538e+26	-1.00000001505e+30	-1.00000001505e+30	99.9732131958	-	0	0	0	0	0	0	0	0	0	0	0	0	0	0	0	0	0	0	0	0	0	0	0	0	0	0	0	0	0	0	0	0	0	0	0	0	0	0	0	0	0	0	0	0	0	0	0	0	0	0	0	0	0	0	0	0	0	0	0	0
Feb 22 2023 18:07:04	-1.00000001505e+30	-1.00000001505e+30	-1.00000001505e+30	-1.00000002538e+26	-1.00000001505e+30	-1.00000001505e+30	99.8239059448	-	0	0	0	0	0	0	0	0	0	0	0	0	0	0	0	0	0	0	0	0	0	0	0	0	0	0	0	0	0	0	0	0	0	0	0	0	0	0	0	0	0	0	0	0	0	0	0	0	0	0	0	0	0	0	0	0	0	0	0	0
Feb 22 2023 18:07:05	-1.00000001505e+30	-1.00000001505e+30	-1.00000001505e+30	-1.00000002538e+26	-1.00000001505e+30	-1.00000001505e+30	99.8817672729	-	0	0	0	0	0	0	0	0	0	0	0	0	0	0	0	0	0	0	0	0	0	0	0	0	0	0	0	0	0	0	0	0	0	0	0	0	0	0	0	0	0	0	0	0	0	0	0	0	0	0	0	0	0	0	0	0	0	0	0	0
Feb 22 2023 18:07:06	-1.00000001505e+30	-1.00000001505e+30	-1.00000001505e+30	-1.00000002538e+26	-1.00000001505e+30	-1.00000001505e+30	99.9797515869	-	0	0	0	0	0	0	0	0	0	0	0	0	0	0	0	0	0	0	0	0	0	0	0	0	0	0	0	0	0	0	0	0	0	0	0	0	0	0	0	0	0	0	0	0	0	0	0	0	0	0	0	0	0	0	0	0	0	0	0	0
Feb 22 2023 18:07:07	-1.00000001505e+30	-1.00000001505e+30	-1.00000001505e+30	-1.00000002538e+26	-1.00000001505e+30	-1.00000001505e+30	99.9750213623	-	0	0	0	0	0	0	0	0	0	0	0	0	0	0	0	0	0	0	0	0	0	0	0	0	0	0	0	0	0	0	0	0	0	0	0	0	0	0	0	0	0	0	0	0	0	0	0	0	0	0	0	0	0	0	0	0	0	0	0	0
Feb 22 2023 18:07:08	-1.00000001505e+30	-1.00000001505e+30	-1.00000001505e+30	-1.00000002538e+26	-1.00000001505e+30	-1.00000001505e+30	99.9643478394	-	0	0	0	0	0	0	0	0	0	0	0	0	0	0	0	0	0	0	0	0	0	0	0	0	0	0	0	0	0	0	0	0	0	0	0	0	0	0	0	0	0	0	0	0	0	0	0	0	0	0	0	0	0	0	0	0	0	0	0	0
Feb 22 2023 18:07:09	-1.00000001505e+30	-1.00000001505e+30	-1.00000001505e+30	-1.00000002538e+26	-1.00000001505e+30	-1.00000001505e+30	99.9852676392	-	0	0	0	0	0	0	0	0	0	0	0	0	0	0	0	0	0	0	0	0	0	0	0	0	0	0	0	0	0	0	0	0	0	0	0	0	0	0	0	0	0	0	0	0	0	0	0	0	0	0	0	0	0	0	0	0	0	0	0	0
Feb 22 2023 18:07:10	-1.00000001505e+30	-1.00000001505e+30	-1.00000001505e+30	-1.00000002538e+26	-1.00000001505e+30	-1.00000001505e+30	99.9936065674	-	0	0	0	0	0	0	0	0	0	0	0	0	0	0	0	0	0	0	0	0	0	0	0	0	0	0	0	0	0	0	0	0	0	0	0	0	0	0	0	0	0	0	0	0	0	0	0	0	0	0	0	0	0	0	0	0	0	0	0	0
Feb 22 2023 18:07:11	-1.00000001505e+30	-1.00000001505e+30	-1.00000001505e+30	-1.00000002538e+26	-1.00000001505e+30	-1.00000001505e+30	99.9975967407	-	0	0	0	0	0	0	0	0	0	0	0	0	0	0	0	0	0	0	0	0	0	0	0	0	0	0	0	0	0	0	0	0	0	0	0	0	0	0	0	0	0	0	0	0	0	0	0	0	0	0	0	0	0	0	0	0	0	0	0	0
Feb 22 2023 18:07:12	-1.00000001505e+30	-1.00000001505e+30	-1.00000001505e+30	-1.00000002538e+26	-1.00000001505e+30	-1.00000001505e+30	99.9954071045	-	0	0	0	0	0	0	0	0	0	0	0	0	0	0	0	0	0	0	0	0	0	0	0	0	0	0	0	0	0	0	0	0	0	0	0	0	0	0	0	0	0	0	0	0	0	0	0	0	0	0	0	0	0	0	0	0	0	0	0	0
Feb 22 2023 18:07:13	-1.00000001505e+30	-1.00000001505e+30	-1.00000001505e+30	-1.00000002538e+26	-1.00000001505e+30	-1.00000001505e+30	100.004302979	-	0	0	0	0	0	0	0	0	0	0	0	0	0	0	0	0	0	0	0	0	0	0	0	0	0	0	0	0	0	0	0	0	0	0	0	0	0	0	0	0	0	0	0	0	0	0	0	0	0	0	0	0	0	0	0	0	0	0	0	0
Feb 22 2023 18:07:14	-1.00000001505e+30	-1.00000001505e+30	-1.00000001505e+30	-1.00000002538e+26	-1.00000001505e+30	-1.00000001505e+30	100.00920105	-	0	0	0	0	0	0	0	0	0	0	0	0	0	0	0	0	0	0	0	0	0	0	0	0	0	0	0	0	0	0	0	0	0	0	0	0	0	0	0	0	0	0	0	0	0	0	0	0	0	0	0	0	0	0	0	0	0	0	0	0
Feb 22 2023 18:07:15	-1.00000001505e+30	-1.00000001505e+30	-1.00000001505e+30	-1.00000002538e+26	-1.00000001505e+30	-1.00000001505e+30	99.9708557129	-	0	0	0	0	0	0	0	0	0	0	0	0	0	0	0	0	0	0	0	0	0	0	0	0	0	0	0	0	0	0	0	0	0	0	0	0	0	0	0	0	0	0	0	0	0	0	0	0	0	0	0	0	0	0	0	0	0	0	0	0
Feb 22 2023 18:07:16	-1.00000001505e+30	-1.00000001505e+30	-1.00000001505e+30	-1.00000002538e+26	-1.00000001505e+30	-1.00000001505e+30	99.9711380005	-	0	0	0	0	0	0	0	0	0	0	0	0	0	0	0	0	0	0	0	0	0	0	0	0	0	0	0	0	0	0	0	0	0	0	0	0	0	0	0	0	0	0	0	0	0	0	0	0	0	0	0	0	0	0	0	0	0	0	0	0
Feb 22 2023 18:07:17	-1.00000001505e+30	-1.00000001505e+30	-1.00000001505e+30	-1.00000002538e+26	-1.00000001505e+30	-1.00000001505e+30	100.009559631	-	0	0	0	0	0	0	0	0	0	0	0	0	0	0	0	0	0	0	0	0	0	0	0	0	0	0	0	0	0	0	0	0	0	0	0	0	0	0	0	0	0	0	0	0	0	0	0	0	0	0	0	0	0	0	0	0	0	0	0	0
Feb 22 2023 18:07:18	-1.00000001505e+30	-1.00000001505e+30	-1.00000001505e+30	-1.00000002538e+26	-1.00000001505e+30	-1.00000001505e+30	100.029823303	-	0	0	0	0	0	0	0	0	0	0	0	0	0	0	0	0	0	0	0	0	0	0	0	0	0	0	0	0	0	0	0	0	0	0	0	0	0	0	0	0	0	0	0	0	0	0	0	0	0	0	0	0	0	0	0	0	0	0	0	0
