Date-Time	Dx(10)	Dx(50)	Dx(90)	Cv(%)	D[4][3]	D[3][2]	Transmission	0.10000020	0.11659167	0.13593590	0.15848963	0.18478534	0.21544389	0.25118914	0.29286504	0.34145555	0.39810795	0.46415979	0.54117060	0.63095856	0.73564368	0.85769761	1.00000191	1.16591668	1.35935903	1.58489633	1.84785342	2.15443897	2.51189137	2.92865038	3.41455555	3.98107958	4.64159775	5.41170597	6.30958605	7.35643721	8.57697582	10.00002003	11.65916729	13.59359074	15.84896278	18.47853470	21.54438972	25.11891365	29.28650284	34.14555740	39.81079483	46.41598129	54.11705780	63.09585953	73.56436920	85.76976013	100.00019836	116.59166718	135.93591309	158.48962402	184.78533936	215.44389343	251.18913269	292.86502075	341.45556641	398.10794067	464.15979004	541.17059326	630.95855713	735.64367676	857.69757080	1000.00195313
Feb 22 2023 18:03:26	-1.00000001505e+30	-1.00000001505e+30	-1.00000001505e+30	-1.00000002538e+26	-1.00000001505e+30	-1.00000001505e+30	87.7006759644	-	0	0	0	0	0	0	0	0	0	0	0	0	0	0	0	0	0	0	0	0	0	0	0	0	0	0	0	0	0	0	0	0	0	0	0	0	0	0	0	0	0	0	0	0	0	0	0	0	0	0	0	0	0	0	0	0	0	0	0	0
Feb 22 2023 18:03:27	-1.00000001505e+30	-1.00000001505e+30	-1.00000001505e+30	-1.00000002538e+26	-1.00000001505e+30	-1.00000001505e+30	85.7767333984	-	0	0	0	0	0	0	0	0	0	0	0	0	0	0	0	0	0	0	0	0	0	0	0	0	0	0	0	0	0	0	0	0	0	0	0	0	0	0	0	0	0	0	0	0	0	0	0	0	0	0	0	0	0	0	0	0	0	0	0	0
Feb 22 2023 18:03:28	-1.00000001505e+30	-1.00000001505e+30	-1.00000001505e+30	-1.00000002538e+26	-1.00000001505e+30	-1.00000001505e+30	99.0270385742	-	0	0	0	0	0	0	0	0	0	0	0	0	0	0	0	0	0	0	0	0	0	0	0	0	0	0	0	0	0	0	0	0	0	0	0	0	0	0	0	0	0	0	0	0	0	0	0	0	0	0	0	0	0	0	0	0	0	0	0	0
Feb 22 2023 18:03:29	-1.00000001505e+30	-1.00000001505e+30	-1.00000001505e+30	-1.00000002538e+26	-1.00000001505e+30	-1.00000001505e+30	88.2369537354	-	0	0	0	0	0	0	0	0	0	0	0	0	0	0	0	0	0	0	0	0	0	0	0	0	0	0	0	0	0	0	0	0	0	0	0	0	0	0	0	0	0	0	0	0	0	0	0	0	0	0	0	0	0	0	0	0	0	0	0	0
Feb 22 2023 18:03:30	-1.00000001505e+30	-1.00000001505e+30	-1.00000001505e+30	-1.00000002538e+26	-1.00000001505e+30	-1.00000001505e+30	84.0688323975	-	0	0	0	0	0	0	0	0	0	0	0	0	0	0	0	0	0	0	0	0	0	0	0	0	0	0	0	0	0	0	0	0	0	0	0	0	0	0	0	0	0	0	0	0	0	0	0	0	0	0	0	0	0	0	0	0	0	0	0	0
Feb 22 2023 18:03:31	6.37914037704	90.537361145	97.0288696289	0.0004910340067	68.5868530273	9.77384567261	77.5109710693	-	0	0	0	0	0	0	0	0	0	0	0	0	0	0	0	0	8.9446849823	0	0	0	0	0	0	0	0	0	0.764030337334	5.43261861801	6.02395534515	4.01275396347	1.83537638187	0.588460803032	0.127783253789	0.0164124574512	0.000442568998551	0	0	0	0	0	0	0	0	0	72.2534866333	0	0	0	0	0	0	0	0	0	0	0	0	0	0	0
Feb 22 2023 18:03:32	6.50267934799	90.6379089355	97.0662384033	0.000500627793372	69.3254623413	9.79527854919	77.1588821411	-	0	0	0	0	0	0	0	0	0	0	0	0	0	0	0	0	8.91285133362	0	0	0	0	0	0	0	0	0	0	8.14790534973	6.18130874634	2.62744641304	0.737765491009	0.140010342002	0.0172338169068	0.00117082730867	7.45537045077e-06	0	0	0	0	0	0	0	0	0	73.2342987061	0	0	0	0	0	0	0	0	0	0	0	0	0	0	0
Feb 22 2023 18:03:33	5.63550853729	89.7752075195	96.7447738647	0.000549540505745	63.5135421753	9.07467079163	73.3798370361	-	0	0	0	0	0	0	0	0	0	0	0	0	0	0	0	0	9.8975610733	0	0	0	0	0	0	0	0	0	0.774920463562	2.18171977997	3.59791994095	4.54682779312	4.69667816162	4.01475763321	2.78773784637	1.47293233871	0.463048130274	0	0	0	0	0	0	0	0	0	65.5658950806	0	0	0	0	0	0	0	0	0	0	0	0	0	0	0
Feb 22 2023 18:03:34	5.90538263321	89.9561080933	96.8123474121	0.000525802548509	64.4962692261	9.25663757324	75.0252456665	-	0	0	0	0	0	0	0	0	0	0	0	0	0	0	0	0	9.41125011444	6.67951479717e-14	0	0	0	0	0	0	0	0	1.41810154915	3.31709313393	4.65960454941	4.93549537659	4.17302131653	2.83805251122	1.51315259933	0.580716729164	0.109956614673	0	0	0	0	0	0	0	0	0	67.0435562134	0	0	0	0	0	0	0	0	0	0	0	0	0	0	0
Feb 22 2023 18:03:35	6.08459186554	90.3037490845	96.9419555664	0.000519842549693	66.7615814209	10.0002641678	77.3692092896	-	0	0	0	0	0	0	0	0	0	0	0	0	0	0	0	0	8.09152030945	0	0	0	0	0	0	0	0	0	2.89129471779	5.82697677612	6.03453540802	4.16219472885	2.03048753738	0.70298987627	0.166218265891	0.0236208904535	0.000880493375007	0	0	0	0	0	0	0	0	0	70.0692825317	0	0	0	0	0	0	0	0	0	0	0	0	0	0	0
Feb 22 2023 18:03:36	7.1782579422	90.7359848022	97.1026535034	0.0007165618008	70.4726333618	12.1853256226	75.1273117065	-	0	0	0	0	0	0	0	0	0	0	0	0	0	0	0	0	6.38168811798	0	0	0	0	0	0	0	0	0	0	4.59884500504	6.81696462631	4.92929553986	2.24180698395	0.670953273773	0.129458636045	0.014553187415	0.000573958794121	0	0	0	0	0	0	0	0	0	74.2158584595	0	0	0	0	0	0	0	0	0	0	0	0	0	0	0
Feb 22 2023 18:03:37	7.21134328842	90.3494110107	96.9589614868	0.000637868361082	67.4915390015	10.4278211594	73.4669113159	-	0	0	0	0	0	0	0	0	0	0	0	0	0	0	0	0	8.29337120056	3.16518729629e-14	0	0	0	0	0	0	0	0	0	2.11511898041	4.58815431595	5.58267211914	4.65301036835	2.76763415337	1.15841519833	0.31552708149	0.0398956537247	0	0	0	0	0	0	0	0	0	70.4861984253	0	0	0	0	0	0	0	0	0	0	0	0	0	0	0
Feb 22 2023 18:03:38	6.73503160477	89.9124679565	96.7960586548	0.00050966400886	64.4292526245	9.84128189087	77.0985565186	-	0	0	0	0	0	0	0	0	0	0	0	0	0	0	0	3.78350585368e-42	8.69546508789	1.00623177325e-12	0	0	0	0	0	0	0	0	0.501601994038	2.50713634491	4.33353662491	5.23491621017	4.93066835403	3.70954155922	2.19787716866	0.962859749794	0.245081052184	0	0	0	0	0	0	0	0	0	66.681312561	0	0	0	0	0	0	0	0	0	0	0	0	0	0	0
Feb 22 2023 18:03:39	-1.00000001505e+30	-1.00000001505e+30	-1.00000001505e+30	-1.00000002538e+26	-1.00000001505e+30	-1.00000001505e+30	83.998374939	-	0	0	0	0	0	0	0	0	0	0	0	0	0	0	0	0	0	0	0	0	0	0	0	0	0	0	0	0	0	0	0	0	0	0	0	0	0	0	0	0	0	0	0	0	0	0	0	0	0	0	0	0	0	0	0	0	0	0	0	0
Feb 22 2023 18:03:40	6.51841640472	90.1332244873	96.8784255981	0.000444052508101	66.0950088501	9.42768383026	78.3356399536	-	0	0	0	0	0	0	0	0	0	0	0	0	0	0	0	0	9.91482639313	0	0	0	0	0	0	0	0	0	0	0.909937083721	2.56298184395	4.0771317482	4.75431632996	4.28883552551	2.9819662571	1.51034271717	0.446522295475	0	0	0	0	0	0	0	0	0	68.5531387329	0	0	0	0	0	0	0	0	0	0	0	0	0	0	0
Feb 22 2023 18:03:41	6.44698762894	90.100227356	96.8661193848	0.000522663176525	65.8556747437	9.38967895508	74.9499282837	-	0	0	0	0	0	0	0	0	0	0	0	0	0	0	0	0	9.93519687653	0	0	0	0	0	0	0	0	0	0	0.973586857319	2.62459158897	4.12984132767	4.79309463501	4.31294536591	2.99508190155	1.51752257347	0.451147079468	0	0	0	0	0	0	0	0	0	68.2669906616	0	0	0	0	0	0	0	0	0	0	0	0	0	0	0
Feb 22 2023 18:03:42	1.30511295795	89.1324996948	96.5039749146	0.000648034387268	59.8351783752	7.77741575241	64.5388717651	-	0	0	0	0	0	0	0	0	0	0	0	0	0	0	0	0	12.4430866241	8.82253530113e-16	0	0	0	0	0	0	0	0	0.33709743619	1.18158340454	2.30359745026	3.50209474564	4.4781537056	4.90786600113	4.56508159637	3.44897961617	1.83548855782	0.212648928165	0	0	0	0	0	0	0	0	60.7843208313	0	0	0	0	0	0	0	0	0	0	0	0	0	0	0
Feb 22 2023 18:03:43	-1.00000001505e+30	-1.00000001505e+30	-1.00000001505e+30	-1.00000002538e+26	-1.00000001505e+30	-1.00000001505e+30	74.5903930664	-	0	0	0	0	0	0	0	0	0	0	0	0	0	0	0	0	0	0	0	0	0	0	0	0	0	0	0	0	0	0	0	0	0	0	0	0	0	0	0	0	0	0	0	0	0	0	0	0	0	0	0	0	0	0	0	0	0	0	0	0
Feb 22 2023 18:03:44	-1.00000001505e+30	-1.00000001505e+30	-1.00000001505e+30	-1.00000002538e+26	-1.00000001505e+30	-1.00000001505e+30	78.8558120728	-	0	0	0	0	0	0	0	0	0	0	0	0	0	0	0	0	0	0	0	0	0	0	0	0	0	0	0	0	0	0	0	0	0	0	0	0	0	0	0	0	0	0	0	0	0	0	0	0	0	0	0	0	0	0	0	0	0	0	0	0
Feb 22 2023 18:03:45	5.50080490112	90.0126190186	96.833442688	0.000509456149302	64.8778915405	9.0247926712	74.9189376831	-	0	0	0	0	0	0	0	0	0	0	0	0	0	0	0	0	9.95562171936	2.13640520205e-12	0	0	0	0	0	0	0	0	0.948464512825	2.92484951019	4.45419073105	4.90330266953	4.21999073029	2.87874507904	1.52043116093	0.571356534958	0.104824014008	0	0	0	0	0	0	0	0	0	67.5182189941	0	0	0	0	0	0	0	0	0	0	0	0	0	0	0
Feb 22 2023 18:03:46	-1.00000001505e+30	-1.00000001505e+30	-1.00000001505e+30	-1.00000002538e+26	-1.00000001505e+30	-1.00000001505e+30	84.7338104248	-	0	0	0	0	0	0	0	0	0	0	0	0	0	0	0	0	0	0	0	0	0	0	0	0	0	0	0	0	0	0	0	0	0	0	0	0	0	0	0	0	0	0	0	0	0	0	0	0	0	0	0	0	0	0	0	0	0	0	0	0
Feb 22 2023 18:03:47	7.38655519485	89.9412307739	96.8067932129	0.000446747872047	65.0352706909	10.3256587982	80.3432998657	-	0	0	0	0	0	0	0	0	0	0	0	0	0	0	0	0	8.48639297485	0	0	0	0	0	0	0	0	0	0.196435347199	1.25684511662	2.60464167595	3.87527823448	4.64952087402	4.62885141373	3.79702115059	2.45337963104	1.06991040707	0.0620891824365	0	0	0	0	0	0	0	0	66.9196395874	0	0	0	0	0	0	0	0	0	0	0	0	0	0	0
Feb 22 2023 18:03:48	-1.00000001505e+30	-1.00000001505e+30	-1.00000001505e+30	-1.00000002538e+26	-1.00000001505e+30	-1.00000001505e+30	80.9557342529	-	0	0	0	0	0	0	0	0	0	0	0	0	0	0	0	0	0	0	0	0	0	0	0	0	0	0	0	0	0	0	0	0	0	0	0	0	0	0	0	0	0	0	0	0	0	0	0	0	0	0	0	0	0	0	0	0	0	0	0	0
Feb 22 2023 18:03:49	1.30273425579	88.2732849121	96.2872848511	0.000616589502897	57.1922874451	7.62957382202	65.40234375	-	0	0	0	0	0	0	0	0	0	0	0	0	0	0	0	0	12.6834630966	0	0	0	0	0	0	0	0	0.0415749400854	0.379702806473	0.976653754711	1.84284186363	2.91726994514	4.04211711884	4.95562267303	5.33078527451	4.87897443771	3.49717617035	1.4211615324	0	0	0	0	0	0	0	0	57.0326576233	0	0	0	0	0	0	0	0	0	0	0	0	0	0	0
Feb 22 2023 18:03:50	-1.00000001505e+30	-1.00000001505e+30	-1.00000001505e+30	-1.00000002538e+26	-1.00000001505e+30	-1.00000001505e+30	77.9760513306	-	0	0	0	0	0	0	0	0	0	0	0	0	0	0	0	0	0	0	0	0	0	0	0	0	0	0	0	0	0	0	0	0	0	0	0	0	0	0	0	0	0	0	0	0	0	0	0	0	0	0	0	0	0	0	0	0	0	0	0	0
Feb 22 2023 18:03:51	1.3272690773	89.1960678101	96.5278396606	0.000566566188354	60.2501296997	8.33561038971	70.3272094727	-	0	0	0	0	0	0	0	0	0	0	0	0	0	0	0	3.77649936136e-40	11.1757535934	6.53307052553e-13	0	0	0	0	0	0	0	0	0.526450276375	1.47502553463	2.65248155594	3.81882596016	4.66879701614	4.91571855545	4.40796232224	3.22417283058	1.67928373814	0.228149190545	0	0	0	0	0	0	0	0	61.2273826599	0	0	0	0	0	0	0	0	0	0	0	0	0	0	0
Feb 22 2023 18:03:52	6.5018696785	90.6787872314	97.0814208984	0.000806714815553	69.6517868042	9.83942604065	65.9641113281	-	0	0	0	0	0	0	0	0	0	0	0	0	0	0	0	0	8.87548446655	0	0	0	0	0	0	0	0	0	0	8.45448684692	6.24560928345	2.21600699425	0.490857094526	0.0705669373274	0.00632416037843	0.000298118713545	1.43925331031e-06	0	0	0	0	0	0	0	0	0	73.6403656006	0	0	0	0	0	0	0	0	0	0	0	0	0	0	0
Feb 22 2023 18:03:53	7.04010534286	90.5776596069	97.0438537598	0.000945801497437	69.1251296997	10.3142309189	62.741394043	-	0	0	0	0	0	0	0	0	0	0	0	0	0	0	0	0	8.5714225769	0	0	0	0	0	0	0	0	0	0	2.46455454826	5.28366851807	5.52227878571	3.56754922867	1.48979485035	0.394299119711	0.0597781315446	0.00308944913559	0	0	0	0	0	0	0	0	0	72.6435699463	0	0	0	0	0	0	0	0	0	0	0	0	0	0	0
Feb 22 2023 18:03:54	6.51337099075	90.4239273071	96.9866867065	0.000849519914482	67.7945556641	9.50723457336	63.2643814087	-	0	0	0	0	0	0	0	0	0	0	0	0	0	0	0	0	9.48553562164	0	0	0	0	0	0	0	0	0	0.103138670325	3.41264533997	5.51743984222	5.15365219116	3.2432641983	1.41378450394	0.41567966342	0.073774933815	0.00417579617351	0	0	0	0	0	0	0	0	0	71.1769104004	0	0	0	0	0	0	0	0	0	0	0	0	0	0	0
Feb 22 2023 18:03:55	1.29303538799	89.0738296509	96.4819412231	0.000663426995743	59.2892417908	7.20871591568	61.3425750732	-	0	0	0	0	0	0	0	0	0	0	0	0	0	0	0	0	13.7734527588	1.63350875795e-12	0	0	0	0	0	0	0	0	0.406718164682	1.20145273209	2.31592965126	3.53440499306	4.50822925568	4.86441516876	4.3780169487	3.12331414223	1.48875415325	0.0245174821466	0	0	0	0	0	0	0	0	60.3807907104	0	0	0	0	0	0	0	0	0	0	0	0	0	0	0
Feb 22 2023 18:03:56	1.29111289978	89.2819290161	96.5600585938	0.000732443411835	60.2489852905	7.11711502075	57.8332176208	-	0	0	0	0	0	0	0	0	0	0	0	0	0	0	0	0	14.0132322311	0	0	0	0	0	0	0	0	0	0.440800756216	1.41311788559	2.71918749809	3.98030018806	4.71131515503	4.56399345398	3.55061006546	2.07307219505	0.698695719242	0	0	0	0	0	0	0	0	0	61.8356781006	0	0	0	0	0	0	0	0	0	0	0	0	0	0	0
Feb 22 2023 18:03:57	1.27855324745	88.3010482788	96.2919540405	0.000531605270226	56.5743217468	6.45623779297	64.2565155029	-	0	0	0	0	0	0	0	0	0	0	0	0	0	0	0	0	15.8229780197	1.75802146278e-12	0	0	0	0	0	0	0	0.00755568128079	0.386150032282	1.0882409811	2.09622216225	3.26894807816	4.33750915527	4.95380306244	4.80864429474	3.79019379616	2.09710121155	0.234030425549	0	0	0	0	0	0	0	0	57.1086235046	0	0	0	0	0	0	0	0	0	0	0	0	0	0	0
Feb 22 2023 18:03:58	1.30183708668	89.2219390869	96.5375518799	0.000529221550096	59.9023857117	7.48918151855	69.0671386719	-	0	0	0	0	0	0	0	0	0	0	0	0	0	0	0	0	12.776676178	0	0	0	0	0	0	0	0	0.0438793860376	0.955641388893	2.18131256104	3.43619704247	4.3729929924	4.70184850693	4.29694461823	3.2637386322	1.91510343552	0.64619499445	0	0	0	0	0	0	0	0	0	61.4094657898	0	0	0	0	0	0	0	0	0	0	0	0	0	0	0
Feb 22 2023 18:03:59	5.78612375259	89.9081192017	96.7944335938	0.00045268330723	64.1882095337	9.12624645233	77.743057251	-	0	0	0	0	0	0	0	0	0	0	0	0	0	0	0	0	9.63674449921	0	0	0	0	0	0	0	0	0	1.3320980072	3.1317460537	4.48256111145	4.88441228867	4.28529310226	3.04930138588	1.71458983421	0.698503196239	0.139370635152	0	0	0	0	0	0	0	0	0	66.6453781128	0	0	0	0	0	0	0	0	0	0	0	0	0	0	0
Feb 22 2023 18:04:00	-1.00000001505e+30	-1.00000001505e+30	-1.00000001505e+30	-1.00000002538e+26	-1.00000001505e+30	-1.00000001505e+30	89.1609954834	-	0	0	0	0	0	0	0	0	0	0	0	0	0	0	0	0	0	0	0	0	0	0	0	0	0	0	0	0	0	0	0	0	0	0	0	0	0	0	0	0	0	0	0	0	0	0	0	0	0	0	0	0	0	0	0	0	0	0	0	0
Feb 22 2023 18:04:01	-1.00000001505e+30	-1.00000001505e+30	-1.00000001505e+30	-1.00000002538e+26	-1.00000001505e+30	-1.00000001505e+30	85.9540863037	-	0	0	0	0	0	0	0	0	0	0	0	0	0	0	0	0	0	0	0	0	0	0	0	0	0	0	0	0	0	0	0	0	0	0	0	0	0	0	0	0	0	0	0	0	0	0	0	0	0	0	0	0	0	0	0	0	0	0	0	0
Feb 22 2023 18:04:02	-1.00000001505e+30	-1.00000001505e+30	-1.00000001505e+30	-1.00000002538e+26	-1.00000001505e+30	-1.00000001505e+30	82.6749649048	-	0	0	0	0	0	0	0	0	0	0	0	0	0	0	0	0	0	0	0	0	0	0	0	0	0	0	0	0	0	0	0	0	0	0	0	0	0	0	0	0	0	0	0	0	0	0	0	0	0	0	0	0	0	0	0	0	0	0	0	0
Feb 22 2023 18:04:03	-1.00000001505e+30	-1.00000001505e+30	-1.00000001505e+30	-1.00000002538e+26	-1.00000001505e+30	-1.00000001505e+30	81.5655517578	-	0	0	0	0	0	0	0	0	0	0	0	0	0	0	0	0	0	0	0	0	0	0	0	0	0	0	0	0	0	0	0	0	0	0	0	0	0	0	0	0	0	0	0	0	0	0	0	0	0	0	0	0	0	0	0	0	0	0	0	0
Feb 22 2023 18:04:04	1.2886043787	88.8166122437	96.3852081299	0.000533526181243	58.1177902222	7.02322387695	66.6594238281	-	0	0	0	0	0	0	0	0	0	0	0	0	0	0	0	0	14.3395214081	3.35047246024e-12	0	0	0	0	0	0	0	0	0.262423336506	0.863310039043	1.79569923878	2.96402454376	4.12487077713	4.91610527039	4.97139978409	4.10241985321	2.45442819595	0.535720407963	0	0	0	0	0	0	0	0	58.6700782776	0	0	0	0	0	0	0	0	0	0	0	0	0	0	0
Feb 22 2023 18:04:05	1.32908332348	89.6302261353	96.6905517578	0.000702229735907	62.664024353	8.47665023804	64.989982605	-	0	0	0	0	0	0	0	0	0	0	0	0	0	0	0	0	11.1128368378	1.15730348753e-14	0	0	0	0	0	0	0	0	0.388125747442	1.50242495537	2.83211946487	4.00395488739	4.62872648239	4.46460103989	3.54890298843	2.20437598228	0.888088881969	0	0	0	0	0	0	0	0	0	64.4258422852	0	0	0	0	0	0	0	0	0	0	0	0	0	0	0
Feb 22 2023 18:04:06	6.49660778046	90.8579101563	97.1478881836	0.000637835124508	71.158996582	10.6542510986	74.1903152466	-	0	0	0	0	0	0	0	0	0	0	0	0	0	0	0	0	7.73814678192	0	0	0	0	0	0	0	0	0	0	14.8726682663	1.91723680496	0.000120800839795	5.21393518638e-11	2.25933630971e-19	6.19557519561e-30	1.40129846432e-43	0	0	0	0	0	0	0	0	0	0	75.471824646	0	0	0	0	0	0	0	0	0	0	0	0	0	0	0
Feb 22 2023 18:04:07	1.35822963715	90.2045211792	96.9049987793	0.000548780721147	66.4244766235	9.21578598022	73.3838043213	-	0	0	0	0	0	0	0	0	0	0	0	0	0	0	0	0	10.2008295059	0	0	0	0	0	0	0	0	0	0	0.857689797878	2.80243659019	4.89372348785	5.44941520691	4.02476024628	1.94574487209	0.571249723434	0.0748028457165	0	0	0	0	0	0	0	0	0	69.1793518066	0	0	0	0	0	0	0	0	0	0	0	0	0	0	0
Feb 22 2023 18:04:08	1.35687375069	89.9236068726	96.8002166748	0.000451471365523	64.3906326294	8.92129135132	77.0784301758	-	0	0	0	0	0	0	0	0	0	0	0	0	0	0	0	0	10.2395191193	0	0	0	0	0	0	0	0	0	0.746980965137	2.27506113052	3.72994756699	4.56584739685	4.4850935936	3.58198666573	2.27584552765	1.06390941143	0.262392610312	0	0	0	0	0	0	0	0	0	66.7734146118	0	0	0	0	0	0	0	0	0	0	0	0	0	0	0
Feb 22 2023 18:04:09	1.34925568104	90.0712738037	96.8553237915	0.000541464483831	65.3819503784	8.89546871185	72.9538879395	-	0	0	0	0	0	0	0	0	0	0	0	0	0	0	0	0	10.4632377625	0	0	0	0	0	0	0	0	0	0.397083669901	2.04642438889	3.66456389427	4.56723070145	4.41123104095	3.37552905083	2.00835943222	0.859619319439	0.188929438591	0	0	0	0	0	0	0	0	0	68.017791748	0	0	0	0	0	0	0	0	0	0	0	0	0	0	0
Feb 22 2023 18:04:10	6.65675258636	90.4925460815	97.0122146606	0.000787280267105	68.4219512939	9.52950286865	65.210357666	-	0	0	0	0	0	0	0	0	0	0	0	0	0	0	0	0	9.74144172668	2.45679561764e-13	0	0	0	0	0	0	0	0	0	1.50483429432	4.49641609192	5.59828948975	4.16623067856	1.9741717577	0.587975263596	0.100124649704	0.00604201387614	0	0	0	0	0	0	0	0	0	71.82447052	0	0	0	0	0	0	0	0	0	0	0	0	0	0	0
Feb 22 2023 18:04:11	-1.00000001505e+30	-1.00000001505e+30	-1.00000001505e+30	-1.00000002538e+26	-1.00000001505e+30	-1.00000001505e+30	75.0024185181	-	0	0	0	0	0	0	0	0	0	0	0	0	0	0	0	0	0	0	0	0	0	0	0	0	0	0	0	0	0	0	0	0	0	0	0	0	0	0	0	0	0	0	0	0	0	0	0	0	0	0	0	0	0	0	0	0	0	0	0	0
Feb 22 2023 18:04:12	-1.00000001505e+30	-1.00000001505e+30	-1.00000001505e+30	-1.00000002538e+26	-1.00000001505e+30	-1.00000001505e+30	77.57371521	-	0	0	0	0	0	0	0	0	0	0	0	0	0	0	0	0	0	0	0	0	0	0	0	0	0	0	0	0	0	0	0	0	0	0	0	0	0	0	0	0	0	0	0	0	0	0	0	0	0	0	0	0	0	0	0	0	0	0	0	0
Feb 22 2023 18:04:13	7.00512838364	90.4322357178	96.9897766113	0.000481423223391	68.044303894	10.0505504608	78.3249282837	-	0	0	0	0	0	0	0	0	0	0	0	0	0	0	0	0	8.88261985779	1.12987288796e-12	0	0	0	0	0	0	0	0	0	2.06413841248	4.55317592621	5.42157506943	4.30859231949	2.38228821754	0.900483250618	0.212371602654	0.0200979765505	0	0	0	0	0	0	0	0	0	71.2546615601	0	0	0	0	0	0	0	0	0	0	0	0	0	0	0
Feb 22 2023 18:04:14	6.67797756195	89.9195556641	96.7987060547	0.000512474158313	64.6203918457	9.68916225433	76.4168167114	-	0	0	0	0	0	0	0	0	0	0	0	0	0	0	0	0	9.15555763245	2.03044368428e-14	0	0	0	0	0	0	0	0	0.370434999466	1.76323795319	3.30557489395	4.46278953552	4.80598545074	4.22659111023	2.99880766869	1.62323820591	0.547916889191	0	0	0	0	0	0	0	0	0	66.7398605347	0	0	0	0	0	0	0	0	0	0	0	0	0	0	0
Feb 22 2023 18:04:15	-1.00000001505e+30	-1.00000001505e+30	-1.00000001505e+30	-1.00000002538e+26	-1.00000001505e+30	-1.00000001505e+30	78.9631729126	-	0	0	0	0	0	0	0	0	0	0	0	0	0	0	0	0	0	0	0	0	0	0	0	0	0	0	0	0	0	0	0	0	0	0	0	0	0	0	0	0	0	0	0	0	0	0	0	0	0	0	0	0	0	0	0	0	0	0	0	0
Feb 22 2023 18:04:16	5.83526420593	89.9948043823	96.826789856	0.000603504478931	64.7846832275	9.23822498322	71.7702713013	-	0	0	0	0	0	0	0	0	0	0	0	0	0	0	0	0	9.53085613251	3.4129779081e-13	0	0	0	0	0	0	0	0	1.38021171093	3.06874394417	4.36863470078	4.76238489151	4.17149162292	2.94871759415	1.63477683067	0.647921621799	0.118349552155	0	0	0	0	0	0	0	0	0	67.3679122925	0	0	0	0	0	0	0	0	0	0	0	0	0	0	0
Feb 22 2023 18:04:17	-1.00000001505e+30	-1.00000001505e+30	-1.00000001505e+30	-1.00000002538e+26	-1.00000001505e+30	-1.00000001505e+30	83.5523910522	-	0	0	0	0	0	0	0	0	0	0	0	0	0	0	0	0	0	0	0	0	0	0	0	0	0	0	0	0	0	0	0	0	0	0	0	0	0	0	0	0	0	0	0	0	0	0	0	0	0	0	0	0	0	0	0	0	0	0	0	0
Feb 22 2023 18:04:18	7.18638467789	90.383895874	96.9717941284	0.000494793639518	67.8421554565	10.0451202393	77.6508026123	-	0	0	0	0	0	0	0	0	0	0	0	0	0	0	0	0	9.07018661499	0	0	0	0	0	0	0	0	0	0	1.22281849384	3.21858143806	4.66489982605	4.73503446579	3.53358125687	1.91897690296	0.704619824886	0.127095431089	0	0	0	0	0	0	0	0	0	70.8041992188	0	0	0	0	0	0	0	0	0	0	0	0	0	0	0
Feb 22 2023 18:04:19	1.29410195351	87.9239730835	96.2284851074	0.000520405883435	56.0365600586	7.12134552002	68.0598754883	-	0	0	0	0	0	0	0	0	0	0	0	0	0	0	0	0	13.6440887451	0	0	0	0	0	0	0	0	0.0902699679136	0.599641799927	1.40896439552	2.45580196381	3.59018063545	4.58092260361	5.14768791199	5.03771257401	4.1347026825	2.55135893822	0.66688477993	0	0	0	0	0	0	0	0	56.0917854309	0	0	0	0	0	0	0	0	0	0	0	0	0	0	0
Feb 22 2023 18:04:20	-1.00000001505e+30	-1.00000001505e+30	-1.00000001505e+30	-1.00000002538e+26	-1.00000001505e+30	-1.00000001505e+30	80.5791702271	-	0	0	0	0	0	0	0	0	0	0	0	0	0	0	0	0	0	0	0	0	0	0	0	0	0	0	0	0	0	0	0	0	0	0	0	0	0	0	0	0	0	0	0	0	0	0	0	0	0	0	0	0	0	0	0	0	0	0	0	0
Feb 22 2023 18:04:21	-1.00000001505e+30	-1.00000001505e+30	-1.00000001505e+30	-1.00000002538e+26	-1.00000001505e+30	-1.00000001505e+30	84.4618988037	-	0	0	0	0	0	0	0	0	0	0	0	0	0	0	0	0	0	0	0	0	0	0	0	0	0	0	0	0	0	0	0	0	0	0	0	0	0	0	0	0	0	0	0	0	0	0	0	0	0	0	0	0	0	0	0	0	0	0	0	0
Feb 22 2023 18:04:22	-1.00000001505e+30	-1.00000001505e+30	-1.00000001505e+30	-1.00000002538e+26	-1.00000001505e+30	-1.00000001505e+30	80.5570373535	-	0	0	0	0	0	0	0	0	0	0	0	0	0	0	0	0	0	0	0	0	0	0	0	0	0	0	0	0	0	0	0	0	0	0	0	0	0	0	0	0	0	0	0	0	0	0	0	0	0	0	0	0	0	0	0	0	0	0	0	0
Feb 22 2023 18:04:23	-1.00000001505e+30	-1.00000001505e+30	-1.00000001505e+30	-1.00000002538e+26	-1.00000001505e+30	-1.00000001505e+30	81.4410552979	-	0	0	0	0	0	0	0	0	0	0	0	0	0	0	0	0	0	0	0	0	0	0	0	0	0	0	0	0	0	0	0	0	0	0	0	0	0	0	0	0	0	0	0	0	0	0	0	0	0	0	0	0	0	0	0	0	0	0	0	0
Feb 22 2023 18:04:24	-1.00000001505e+30	-1.00000001505e+30	-1.00000001505e+30	-1.00000002538e+26	-1.00000001505e+30	-1.00000001505e+30	83.5930709839	-	0	0	0	0	0	0	0	0	0	0	0	0	0	0	0	0	0	0	0	0	0	0	0	0	0	0	0	0	0	0	0	0	0	0	0	0	0	0	0	0	0	0	0	0	0	0	0	0	0	0	0	0	0	0	0	0	0	0	0	0
Feb 22 2023 18:04:25	-1.00000001505e+30	-1.00000001505e+30	-1.00000001505e+30	-1.00000002538e+26	-1.00000001505e+30	-1.00000001505e+30	80.8445892334	-	0	0	0	0	0	0	0	0	0	0	0	0	0	0	0	0	0	0	0	0	0	0	0	0	0	0	0	0	0	0	0	0	0	0	0	0	0	0	0	0	0	0	0	0	0	0	0	0	0	0	0	0	0	0	0	0	0	0	0	0
Feb 22 2023 18:04:26	1.30105507374	89.1343536377	96.5046691895	0.000554338330403	60.411239624	7.81730031967	68.5197906494	-	0	0	0	0	0	0	0	0	0	0	0	0	0	0	0	0	12.8591117859	0	0	0	0	0	0	0	0	0	0.0598857291043	0.391190767288	0.998723387718	1.90920829773	3.04817509651	4.19267177582	4.97313833237	4.97018051147	3.90663075447	1.89390802383	0	0	0	0	0	0	0	0	60.7971725464	0	0	0	0	0	0	0	0	0	0	0	0	0	0	0
Feb 22 2023 18:04:27	-1.00000001505e+30	-1.00000001505e+30	-1.00000001505e+30	-1.00000002538e+26	-1.00000001505e+30	-1.00000001505e+30	77.1096420288	-	0	0	0	0	0	0	0	0	0	0	0	0	0	0	0	0	0	0	0	0	0	0	0	0	0	0	0	0	0	0	0	0	0	0	0	0	0	0	0	0	0	0	0	0	0	0	0	0	0	0	0	0	0	0	0	0	0	0	0	0
Feb 22 2023 18:04:28	-1.00000001505e+30	-1.00000001505e+30	-1.00000001505e+30	-1.00000002538e+26	-1.00000001505e+30	-1.00000001505e+30	83.9723587036	-	0	0	0	0	0	0	0	0	0	0	0	0	0	0	0	0	0	0	0	0	0	0	0	0	0	0	0	0	0	0	0	0	0	0	0	0	0	0	0	0	0	0	0	0	0	0	0	0	0	0	0	0	0	0	0	0	0	0	0	0
Feb 22 2023 18:04:29	-1.00000001505e+30	-1.00000001505e+30	-1.00000001505e+30	-1.00000002538e+26	-1.00000001505e+30	-1.00000001505e+30	84.1919555664	-	0	0	0	0	0	0	0	0	0	0	0	0	0	0	0	0	0	0	0	0	0	0	0	0	0	0	0	0	0	0	0	0	0	0	0	0	0	0	0	0	0	0	0	0	0	0	0	0	0	0	0	0	0	0	0	0	0	0	0	0
Feb 22 2023 18:04:30	-1.00000001505e+30	-1.00000001505e+30	-1.00000001505e+30	-1.00000002538e+26	-1.00000001505e+30	-1.00000001505e+30	82.2601547241	-	0	0	0	0	0	0	0	0	0	0	0	0	0	0	0	0	0	0	0	0	0	0	0	0	0	0	0	0	0	0	0	0	0	0	0	0	0	0	0	0	0	0	0	0	0	0	0	0	0	0	0	0	0	0	0	0	0	0	0	0
Feb 22 2023 18:04:31	-1.00000001505e+30	-1.00000001505e+30	-1.00000001505e+30	-1.00000002538e+26	-1.00000001505e+30	-1.00000001505e+30	82.0115356445	-	0	0	0	0	0	0	0	0	0	0	0	0	0	0	0	0	0	0	0	0	0	0	0	0	0	0	0	0	0	0	0	0	0	0	0	0	0	0	0	0	0	0	0	0	0	0	0	0	0	0	0	0	0	0	0	0	0	0	0	0
Feb 22 2023 18:04:32	-1.00000001505e+30	-1.00000001505e+30	-1.00000001505e+30	-1.00000002538e+26	-1.00000001505e+30	-1.00000001505e+30	82.7082366943	-	0	0	0	0	0	0	0	0	0	0	0	0	0	0	0	0	0	0	0	0	0	0	0	0	0	0	0	0	0	0	0	0	0	0	0	0	0	0	0	0	0	0	0	0	0	0	0	0	0	0	0	0	0	0	0	0	0	0	0	0
Feb 22 2023 18:04:33	-1.00000001505e+30	-1.00000001505e+30	-1.00000001505e+30	-1.00000002538e+26	-1.00000001505e+30	-1.00000001505e+30	85.108253479	-	0	0	0	0	0	0	0	0	0	0	0	0	0	0	0	0	0	0	0	0	0	0	0	0	0	0	0	0	0	0	0	0	0	0	0	0	0	0	0	0	0	0	0	0	0	0	0	0	0	0	0	0	0	0	0	0	0	0	0	0
Feb 22 2023 18:04:34	-1.00000001505e+30	-1.00000001505e+30	-1.00000001505e+30	-1.00000002538e+26	-1.00000001505e+30	-1.00000001505e+30	82.605430603	-	0	0	0	0	0	0	0	0	0	0	0	0	0	0	0	0	0	0	0	0	0	0	0	0	0	0	0	0	0	0	0	0	0	0	0	0	0	0	0	0	0	0	0	0	0	0	0	0	0	0	0	0	0	0	0	0	0	0	0	0
Feb 22 2023 18:04:35	-1.00000001505e+30	-1.00000001505e+30	-1.00000001505e+30	-1.00000002538e+26	-1.00000001505e+30	-1.00000001505e+30	81.5708084106	-	0	0	0	0	0	0	0	0	0	0	0	0	0	0	0	0	0	0	0	0	0	0	0	0	0	0	0	0	0	0	0	0	0	0	0	0	0	0	0	0	0	0	0	0	0	0	0	0	0	0	0	0	0	0	0	0	0	0	0	0
Feb 22 2023 18:04:36	-1.00000001505e+30	-1.00000001505e+30	-1.00000001505e+30	-1.00000002538e+26	-1.00000001505e+30	-1.00000001505e+30	79.9166183472	-	0	0	0	0	0	0	0	0	0	0	0	0	0	0	0	0	0	0	0	0	0	0	0	0	0	0	0	0	0	0	0	0	0	0	0	0	0	0	0	0	0	0	0	0	0	0	0	0	0	0	0	0	0	0	0	0	0	0	0	0
Feb 22 2023 18:04:37	-1.00000001505e+30	-1.00000001505e+30	-1.00000001505e+30	-1.00000002538e+26	-1.00000001505e+30	-1.00000001505e+30	80.210105896	-	0	0	0	0	0	0	0	0	0	0	0	0	0	0	0	0	0	0	0	0	0	0	0	0	0	0	0	0	0	0	0	0	0	0	0	0	0	0	0	0	0	0	0	0	0	0	0	0	0	0	0	0	0	0	0	0	0	0	0	0
Feb 22 2023 18:04:38	-1.00000001505e+30	-1.00000001505e+30	-1.00000001505e+30	-1.00000002538e+26	-1.00000001505e+30	-1.00000001505e+30	83.6621017456	-	0	0	0	0	0	0	0	0	0	0	0	0	0	0	0	0	0	0	0	0	0	0	0	0	0	0	0	0	0	0	0	0	0	0	0	0	0	0	0	0	0	0	0	0	0	0	0	0	0	0	0	0	0	0	0	0	0	0	0	0
Feb 22 2023 18:04:39	6.95801544189	90.2358779907	96.9166793823	0.000549182470422	66.9108810425	9.67848491669	74.4891662598	-	0	0	0	0	0	0	0	0	0	0	0	0	0	0	0	0	9.69666576385	0	0	0	0	0	0	0	0	0	0	0.679087102413	2.14880228043	3.68120145798	4.57126522064	4.36273336411	3.19227790833	1.69212198257	0.517634034157	0	0	0	0	0	0	0	0	0	69.4582138062	0	0	0	0	0	0	0	0	0	0	0	0	0	0	0
Feb 22 2023 18:04:40	-1.00000001505e+30	-1.00000001505e+30	-1.00000001505e+30	-1.00000002538e+26	-1.00000001505e+30	-1.00000001505e+30	81.0702514648	-	0	0	0	0	0	0	0	0	0	0	0	0	0	0	0	0	0	0	0	0	0	0	0	0	0	0	0	0	0	0	0	0	0	0	0	0	0	0	0	0	0	0	0	0	0	0	0	0	0	0	0	0	0	0	0	0	0	0	0	0
Feb 22 2023 18:04:41	7.59746694565	90.4585418701	96.9995651245	0.000692622445058	68.4661865234	10.6691122055	71.9035949707	-	0	0	0	0	0	0	0	0	0	0	0	0	0	0	0	0	8.3022403717	0	0	0	0	0	0	0	0	0	0	1.17604184151	3.34507679939	4.87811994553	4.8456697464	3.46705174446	1.77415633202	0.606092691422	0.103418715298	0	0	0	0	0	0	0	0	0	71.5021286011	0	0	0	0	0	0	0	0	0	0	0	0	0	0	0
Feb 22 2023 18:04:42	-1.00000001505e+30	-1.00000001505e+30	-1.00000001505e+30	-1.00000002538e+26	-1.00000001505e+30	-1.00000001505e+30	83.1362915039	-	0	0	0	0	0	0	0	0	0	0	0	0	0	0	0	0	0	0	0	0	0	0	0	0	0	0	0	0	0	0	0	0	0	0	0	0	0	0	0	0	0	0	0	0	0	0	0	0	0	0	0	0	0	0	0	0	0	0	0	0
Feb 22 2023 18:04:43	7.59044313431	89.9817276001	96.8219146729	0.00079101260053	65.3175354004	10.911907196	69.6853713989	-	0	0	0	0	0	0	0	0	0	0	0	0	0	0	0	0	7.69965791702	5.1820451142e-13	0	0	0	0	0	0	0	0	0.303963363171	1.5090931654	2.94141697884	4.17629766464	4.79350948334	4.56346607208	3.57505488396	2.20357275009	0.918107032776	0.0578720457852	0	0	0	0	0	0	0	0	67.2579879761	0	0	0	0	0	0	0	0	0	0	0	0	0	0	0
Feb 22 2023 18:04:44	-1.00000001505e+30	-1.00000001505e+30	-1.00000001505e+30	-1.00000002538e+26	-1.00000001505e+30	-1.00000001505e+30	80.6588745117	-	0	0	0	0	0	0	0	0	0	0	0	0	0	0	0	0	0	0	0	0	0	0	0	0	0	0	0	0	0	0	0	0	0	0	0	0	0	0	0	0	0	0	0	0	0	0	0	0	0	0	0	0	0	0	0	0	0	0	0	0
Feb 22 2023 18:04:45	-1.00000001505e+30	-1.00000001505e+30	-1.00000001505e+30	-1.00000002538e+26	-1.00000001505e+30	-1.00000001505e+30	82.8723526001	-	0	0	0	0	0	0	0	0	0	0	0	0	0	0	0	0	0	0	0	0	0	0	0	0	0	0	0	0	0	0	0	0	0	0	0	0	0	0	0	0	0	0	0	0	0	0	0	0	0	0	0	0	0	0	0	0	0	0	0	0
Feb 22 2023 18:04:46	-1.00000001505e+30	-1.00000001505e+30	-1.00000001505e+30	-1.00000002538e+26	-1.00000001505e+30	-1.00000001505e+30	83.1208267212	-	0	0	0	0	0	0	0	0	0	0	0	0	0	0	0	0	0	0	0	0	0	0	0	0	0	0	0	0	0	0	0	0	0	0	0	0	0	0	0	0	0	0	0	0	0	0	0	0	0	0	0	0	0	0	0	0	0	0	0	0
Feb 22 2023 18:04:47	1.32087111473	87.6675720215	96.1851959229	0.000486313132569	55.7134513855	7.96069097519	73.0950088501	-	0	0	0	0	0	0	0	0	0	0	0	0	0	0	0	0	11.4041547775	0	0	0	0	0	0	0	0	0.234647348523	0.831669449806	1.71914625168	2.8197581768	3.97262454033	4.94597101212	5.46885824203	5.30490779877	4.35225868225	2.72713518143	0.800441861153	0	0	0	0	0	0	0	0	55.4184265137	0	0	0	0	0	0	0	0	0	0	0	0	0	0	0
Feb 22 2023 18:04:48	1.3127644062	89.1650390625	96.5161972046	0.000539960456081	59.9210281372	8.01806354523	70.4578552246	-	0	0	0	0	0	0	0	0	0	0	0	0	0	0	0	0	11.7306728363	0	0	0	0	0	0	0	0	0.0522335991263	0.670574486256	1.62968742847	2.79741764069	3.92548775673	4.70439815521	4.85343170166	4.24123620987	2.97756409645	1.40690970421	0	0	0	0	0	0	0	0	0	61.010383606	0	0	0	0	0	0	0	0	0	0	0	0	0	0	0
Feb 22 2023 18:04:49	-1.00000001505e+30	-1.00000001505e+30	-1.00000001505e+30	-1.00000002538e+26	-1.00000001505e+30	-1.00000001505e+30	82.5309295654	-	0	0	0	0	0	0	0	0	0	0	0	0	0	0	0	0	0	0	0	0	0	0	0	0	0	0	0	0	0	0	0	0	0	0	0	0	0	0	0	0	0	0	0	0	0	0	0	0	0	0	0	0	0	0	0	0	0	0	0	0
Feb 22 2023 18:04:50	-1.00000001505e+30	-1.00000001505e+30	-1.00000001505e+30	-1.00000002538e+26	-1.00000001505e+30	-1.00000001505e+30	81.83253479	-	0	0	0	0	0	0	0	0	0	0	0	0	0	0	0	0	0	0	0	0	0	0	0	0	0	0	0	0	0	0	0	0	0	0	0	0	0	0	0	0	0	0	0	0	0	0	0	0	0	0	0	0	0	0	0	0	0	0	0	0
Feb 22 2023 18:04:51	-1.00000001505e+30	-1.00000001505e+30	-1.00000001505e+30	-1.00000002538e+26	-1.00000001505e+30	-1.00000001505e+30	80.5839691162	-	0	0	0	0	0	0	0	0	0	0	0	0	0	0	0	0	0	0	0	0	0	0	0	0	0	0	0	0	0	0	0	0	0	0	0	0	0	0	0	0	0	0	0	0	0	0	0	0	0	0	0	0	0	0	0	0	0	0	0	0
Feb 22 2023 18:04:52	-1.00000001505e+30	-1.00000001505e+30	-1.00000001505e+30	-1.00000002538e+26	-1.00000001505e+30	-1.00000001505e+30	79.8464889526	-	0	0	0	0	0	0	0	0	0	0	0	0	0	0	0	0	0	0	0	0	0	0	0	0	0	0	0	0	0	0	0	0	0	0	0	0	0	0	0	0	0	0	0	0	0	0	0	0	0	0	0	0	0	0	0	0	0	0	0	0
Feb 22 2023 18:04:53	6.63940954208	90.251373291	96.922454834	0.000533116224688	66.7568969727	9.5703086853	75.0894699097	-	0	0	0	0	0	0	0	0	0	0	0	0	0	0	0	0	9.5463848114	0	0	0	0	0	0	0	0	0	0.0734458789229	1.79714131355	3.68665742874	4.78795146942	4.57871198654	3.32693934441	1.80654847622	0.676973938942	0.122427180409	0	0	0	0	0	0	0	0	0	69.5968170166	0	0	0	0	0	0	0	0	0	0	0	0	0	0	0
Feb 22 2023 18:04:54	6.91474962234	90.3665313721	96.9653320313	0.00064798083622	67.5234527588	10.4586400986	73.3448867798	-	0	0	0	0	0	0	0	0	0	0	0	0	0	0	0	0	8.08591842651	0	0	0	0	0	0	0	0	0	0.435641646385	3.01408600807	5.23973941803	5.55553197861	4.04782485962	2.07320904732	0.729255437851	0.160650208592	0.014362283051	0	0	0	0	0	0	0	0	0	70.6437911987	0	0	0	0	0	0	0	0	0	0	0	0	0	0	0
Feb 22 2023 18:04:55	7.28851890564	90.1983184814	96.9026870728	0.000484009506181	66.5934906006	10.38139534	78.9788513184	-	0	0	0	0	0	0	0	0	0	0	0	0	0	0	0	0	8.44284248352	5.82738000107e-14	0	0	0	0	0	0	0	0	0.103918291628	1.59692311287	3.30532336235	4.53692579269	4.77001094818	3.96638298035	2.57906866074	1.2329698801	0.341177403927	0	0	0	0	0	0	0	0	0	69.124458313	0	0	0	0	0	0	0	0	0	0	0	0	0	0	0
Feb 22 2023 18:04:56	1.35530996323	89.1352386475	96.5050048828	0.000473341497127	60.0690879822	8.78774166107	75.899055481	-	0	0	0	0	0	0	0	0	0	0	0	0	0	0	0	0	10.2845602036	9.9653826044e-14	0	0	0	0	0	0	0	0.0923878923059	0.64367634058	1.51054549217	2.60265278816	3.72796201706	4.6211643219	4.99987840652	4.66433286667	3.60254955292	2.04029226303	0.40669682622	0	0	0	0	0	0	0	0	60.8032989502	0	0	0	0	0	0	0	0	0	0	0	0	0	0	0
Feb 22 2023 18:04:57	-1.00000001505e+30	-1.00000001505e+30	-1.00000001505e+30	-1.00000002538e+26	-1.00000001505e+30	-1.00000001505e+30	78.5712814331	-	0	0	0	0	0	0	0	0	0	0	0	0	0	0	0	0	0	0	0	0	0	0	0	0	0	0	0	0	0	0	0	0	0	0	0	0	0	0	0	0	0	0	0	0	0	0	0	0	0	0	0	0	0	0	0	0	0	0	0	0
Feb 22 2023 18:04:58	-1.00000001505e+30	-1.00000001505e+30	-1.00000001505e+30	-1.00000002538e+26	-1.00000001505e+30	-1.00000001505e+30	81.828994751	-	0	0	0	0	0	0	0	0	0	0	0	0	0	0	0	0	0	0	0	0	0	0	0	0	0	0	0	0	0	0	0	0	0	0	0	0	0	0	0	0	0	0	0	0	0	0	0	0	0	0	0	0	0	0	0	0	0	0	0	0
Feb 22 2023 18:04:59	-1.00000001505e+30	-1.00000001505e+30	-1.00000001505e+30	-1.00000002538e+26	-1.00000001505e+30	-1.00000001505e+30	80.1759033203	-	0	0	0	0	0	0	0	0	0	0	0	0	0	0	0	0	0	0	0	0	0	0	0	0	0	0	0	0	0	0	0	0	0	0	0	0	0	0	0	0	0	0	0	0	0	0	0	0	0	0	0	0	0	0	0	0	0	0	0	0
Feb 22 2023 18:05:00	1.33533465862	89.4028930664	96.6054229736	0.000492999621201	61.5716285706	8.61462688446	74.2894439697	-	0	0	0	0	0	0	0	0	0	0	0	0	0	0	0	5.6051938573e-43	10.9019956589	7.82441928089e-13	0	0	0	0	0	0	0	0	0.319559276104	1.12094962597	2.21323609352	3.40350413322	4.39252614975	4.84776210785	4.53329086304	3.44338011742	1.854565382	0.256776690483	0	0	0	0	0	0	0	0	62.7124557495	0	0	0	0	0	0	0	0	0	0	0	0	0	0	0
Feb 22 2023 18:05:01	1.33583724499	89.2617492676	96.5524902344	0.000509630481247	60.9898681641	8.66491699219	73.6491394043	-	0	0	0	0	0	0	0	0	0	0	0	0	0	0	0	0	10.8854351044	0	0	0	0	0	0	0	0	0	0.30923256278	0.906909883022	1.79064500332	2.87620687485	3.96647596359	4.7620806694	4.93494987488	4.26310300827	2.77453422546	0.838737845421	0	0	0	0	0	0	0	0	61.6916885376	0	0	0	0	0	0	0	0	0	0	0	0	0	0	0
Feb 22 2023 18:05:02	1.3536645174	89.585395813	96.6737747192	0.00043919289601	63.3313674927	9.30174922943	78.1029281616	-	0	0	0	0	0	0	0	0	0	0	0	0	0	0	0	0	10.3324365616	9.80501704134e-13	0	0	0	0	0	0	0	0	0.0057570207864	0.320775896311	0.928929328918	1.8496016264	2.99329900742	4.11661148071	4.84174156189	4.77965641022	3.73609256744	1.92970132828	0.0844790786505	0	0	0	0	0	0	0	64.0809173584	0	0	0	0	0	0	0	0	0	0	0	0	0	0	0
Feb 22 2023 18:05:03	1.30564057827	87.8731842041	96.2199172974	0.00049819733249	57.0944747925	7.93283653259	71.7670059204	-	0	0	0	0	0	0	0	0	0	0	0	0	0	0	0	0	12.391043663	9.48989476411e-13	0	0	0	0	0	0	0	0	0.0620217882097	0.342537045479	0.897173702717	1.7861071825	2.98756313324	4.33128833771	5.46192359924	5.89905977249	5.23298454285	3.44684410095	1.20419108868	0	0	0	0	0	0	0	55.9572639465	0	0	0	0	0	0	0	0	0	0	0	0	0	0	0
Feb 22 2023 18:05:04	1.30816888809	89.1411590576	96.5072250366	0.000561180757359	60.4295349121	8.10375881195	69.3416519165	-	0	0	0	0	0	0	0	0	0	0	0	0	0	0	0	0	12.1479072571	0	0	0	0	0	0	0	0	0	0.0814732089639	0.515793681145	1.24447321892	2.25234079361	3.41372561455	4.46773958206	5.05009126663	4.80929279327	3.58402013779	1.58879852295	0	0	0	0	0	0	0	0	60.8443450928	0	0	0	0	0	0	0	0	0	0	0	0	0	0	0
Feb 22 2023 18:05:05	1.34834241867	89.8859710693	96.7861633301	0.000471739942441	64.7489624023	9.15513134003	76.356086731	-	0	0	0	0	0	0	0	0	0	0	0	0	0	0	0	0	10.4908008575	0	0	0	0	0	0	0	0	0	0	0.502758264542	1.46963405609	2.68612384796	3.84244990349	4.52862977982	4.40899944305	3.42249083519	1.87022745609	0.314749419689	0	0	0	0	0	0	0	0	66.4631347656	0	0	0	0	0	0	0	0	0	0	0	0	0	0	0
Feb 22 2023 18:05:06	7.28122997284	89.5336456299	96.6544036865	0.000445786427008	63.0148200989	9.69870090485	78.8373718262	-	0	0	0	0	0	0	0	0	0	0	0	0	0	0	0	0	9.6158952713	1.02918216484e-13	0	0	0	0	0	0	0	0	0.020973129198	0.407100200653	1.11338949203	2.14419174194	3.37111353874	4.50061130524	5.12111282349	4.85620832443	3.57729148865	1.58497369289	0	0	0	0	0	0	0	0	63.6871414185	0	0	0	0	0	0	0	0	0	0	0	0	0	0	0
Feb 22 2023 18:05:07	-1.00000001505e+30	-1.00000001505e+30	-1.00000001505e+30	-1.00000002538e+26	-1.00000001505e+30	-1.00000001505e+30	79.4960861206	-	0	0	0	0	0	0	0	0	0	0	0	0	0	0	0	0	0	0	0	0	0	0	0	0	0	0	0	0	0	0	0	0	0	0	0	0	0	0	0	0	0	0	0	0	0	0	0	0	0	0	0	0	0	0	0	0	0	0	0	0
Feb 22 2023 18:05:08	-1.00000001505e+30	-1.00000001505e+30	-1.00000001505e+30	-1.00000002538e+26	-1.00000001505e+30	-1.00000001505e+30	76.8446807861	-	0	0	0	0	0	0	0	0	0	0	0	0	0	0	0	0	0	0	0	0	0	0	0	0	0	0	0	0	0	0	0	0	0	0	0	0	0	0	0	0	0	0	0	0	0	0	0	0	0	0	0	0	0	0	0	0	0	0	0	0
Feb 22 2023 18:05:09	7.30487585068	89.639465332	96.6940155029	0.000548778043594	63.3176689148	10.0702428818	75.8367767334	-	0	0	0	0	0	0	0	0	0	0	0	0	0	0	0	0	8.78928565979	3.44820633025e-15	0	0	0	0	0	0	0	0	0.261381417513	1.01695048809	2.08045101166	3.27764296532	4.31743335724	4.85933589935	4.6452088356	3.6415104866	2.10270214081	0.510711848736	0	0	0	0	0	0	0	0	64.4973907471	0	0	0	0	0	0	0	0	0	0	0	0	0	0	0
Feb 22 2023 18:05:10	6.19267368317	89.5431060791	96.6579437256	0.000442755437689	62.2630577087	9.2891998291	78.5000686646	-	0	0	0	0	0	0	0	0	0	0	0	0	0	0	0	0	9.51679992676	0	0	0	0	0	0	0	0	0	0.606117725372	1.81972312927	3.19062137604	4.34785223007	4.92951059341	4.7201924324	3.76398444176	2.36918878555	0.977217197418	0	0	0	0	0	0	0	0	0	63.7587890625	0	0	0	0	0	0	0	0	0	0	0	0	0	0	0
Feb 22 2023 18:05:11	1.3223388195	88.4720077515	96.3206558228	0.000515026098583	57.4160995483	8.09936332703	72.0583114624	-	0	0	0	0	0	0	0	0	0	0	0	0	0	0	0	1.40129846432e-43	11.3508415222	2.86664984285e-12	0	0	0	0	0	0	0	0.0945482775569	0.642293989658	1.51614046097	2.64672017097	3.85706543922	4.87871599197	5.39865255356	5.15990018845	4.08490657806	2.35865831375	0.431154251099	0	0	0	0	0	0	0	0	57.5804100037	0	0	0	0	0	0	0	0	0	0	0	0	0	0	0
Feb 22 2023 18:05:12	6.73341178894	90.0335159302	96.8412322998	0.000479603040731	65.2720794678	10.13468647	78.9115066528	-	0	0	0	0	0	0	0	0	0	0	0	0	0	0	0	0	8.36315917969	0	0	0	0	0	0	0	0	0	0.772547543049	2.57503795624	4.17399311066	4.95056343079	4.66371488571	3.54339408875	2.12526869774	0.928843855858	0.208088830113	0	0	0	0	0	0	0	0	0	67.6953887939	0	0	0	0	0	0	0	0	0	0	0	0	0	0	0
Feb 22 2023 18:05:13	-1.00000001505e+30	-1.00000001505e+30	-1.00000001505e+30	-1.00000002538e+26	-1.00000001505e+30	-1.00000001505e+30	83.8642196655	-	0	0	0	0	0	0	0	0	0	0	0	0	0	0	0	0	0	0	0	0	0	0	0	0	0	0	0	0	0	0	0	0	0	0	0	0	0	0	0	0	0	0	0	0	0	0	0	0	0	0	0	0	0	0	0	0	0	0	0	0
Feb 22 2023 18:05:14	-1.00000001505e+30	-1.00000001505e+30	-1.00000001505e+30	-1.00000002538e+26	-1.00000001505e+30	-1.00000001505e+30	81.4295654297	-	0	0	0	0	0	0	0	0	0	0	0	0	0	0	0	0	0	0	0	0	0	0	0	0	0	0	0	0	0	0	0	0	0	0	0	0	0	0	0	0	0	0	0	0	0	0	0	0	0	0	0	0	0	0	0	0	0	0	0	0
Feb 22 2023 18:05:15	-1.00000001505e+30	-1.00000001505e+30	-1.00000001505e+30	-1.00000002538e+26	-1.00000001505e+30	-1.00000001505e+30	84.4300460815	-	0	0	0	0	0	0	0	0	0	0	0	0	0	0	0	0	0	0	0	0	0	0	0	0	0	0	0	0	0	0	0	0	0	0	0	0	0	0	0	0	0	0	0	0	0	0	0	0	0	0	0	0	0	0	0	0	0	0	0	0
Feb 22 2023 18:05:16	7.05367708206	90.0549926758	96.8492507935	0.00057415291667	65.5402984619	10.412935257	75.8935089111	-	0	0	0	0	0	0	0	0	0	0	0	0	0	0	0	0	8.14090442657	9.34094720518e-14	0	0	0	0	0	0	0	0	0.509139358997	2.09639263153	3.73965358734	4.79395484924	4.84688043594	3.94094991684	2.53330230713	1.20157063007	0.318787574768	0	0	0	0	0	0	0	0	0	67.8784637451	0	0	0	0	0	0	0	0	0	0	0	0	0	0	0
Feb 22 2023 18:05:17	1.31644117832	88.2411880493	96.2818908691	0.000452537758974	57.1937599182	8.0913848877	74.8210601807	-	0	0	0	0	0	0	0	0	0	0	0	0	0	0	0	0	11.5685281754	0	0	0	0	0	0	0	0	0.0247932747006	0.428547203541	1.12026298046	2.08829259872	3.23745131493	4.37402868271	5.21409797668	5.44367551804	4.8334069252	3.36876392365	1.35309886932	0	0	0	0	0	0	0	0	56.9450492859	0	0	0	0	0	0	0	0	0	0	0	0	0	0	0
Feb 22 2023 18:05:18	1.31946969032	87.2193756104	96.1092681885	0.000568600837141	55.3655014038	8.10301589966	69.5775909424	-	0	0	0	0	0	0	0	0	0	0	0	0	0	0	0	0	11.4555921555	0	0	0	0	0	0	0	0	0.0876194834709	0.427638173103	1.02115893364	1.88628065586	2.97834062576	4.16354370117	5.20348453522	5.78008270264	5.5809044838	4.43375349045	2.46990728378	0.236817494035	0	0	0	0	0	0	0	54.2748756409	0	0	0	0	0	0	0	0	0	0	0	0	0	0	0
Feb 22 2023 18:05:19	1.33551347256	89.0775222778	96.4833221436	0.000646917847916	59.7771682739	8.49359798431	67.4761276245	-	0	0	0	0	0	0	0	0	0	0	0	0	0	0	0	0	10.8960971832	5.88514913885e-13	0	0	0	0	0	0	0	0.0666817724705	0.531438410282	1.3010725975	2.32716917992	3.45900440216	4.44977140427	4.99793672562	4.84309005737	3.89168643951	2.30800390244	0.522018313408	0	0	0	0	0	0	0	2.62188223742e-14	60.4060287476	0	0	0	0	0	0	0	0	0	0	0	0	0	0	0
Feb 22 2023 18:05:20	1.29255020618	88.4275131226	96.3131866455	0.000676229246892	57.1856613159	7.1417183876	60.5491294861	-	0	0	0	0	0	0	0	0	0	0	0	0	0	0	0	0	13.8331651688	0	0	0	0	0	0	0	0	0.00683867698535	0.415600031614	1.11942005157	2.09343123436	3.22118020058	4.28706169128	4.99590778351	5.04550075531	4.24772596359	2.65216517448	0.625052332878	0	0	0	0	0	0	0	0	57.4569511414	0	0	0	0	0	0	0	0	0	0	0	0	0	0	0
Feb 22 2023 18:05:21	-1.00000001505e+30	-1.00000001505e+30	-1.00000001505e+30	-1.00000002538e+26	-1.00000001505e+30	-1.00000001505e+30	75.5359191895	-	0	0	0	0	0	0	0	0	0	0	0	0	0	0	0	0	0	0	0	0	0	0	0	0	0	0	0	0	0	0	0	0	0	0	0	0	0	0	0	0	0	0	0	0	0	0	0	0	0	0	0	0	0	0	0	0	0	0	0	0
Feb 22 2023 18:05:22	7.49393367767	90.404510498	96.9794616699	0.000501738511957	68.0353317261	10.7209062576	78.9473495483	-	0	0	0	0	0	0	0	0	0	0	0	0	0	0	0	0	8.12583446503	0	0	0	0	0	0	0	0	0	0	1.52248251438	3.68649625778	5.05610132217	4.84764146805	3.39157986641	1.70904195309	0.573938071728	0.0912303626537	0	0	0	0	0	0	0	0	0	70.9956512451	0	0	0	0	0	0	0	0	0	0	0	0	0	0	0
Feb 22 2023 18:05:23	-1.00000001505e+30	-1.00000001505e+30	-1.00000001505e+30	-1.00000002538e+26	-1.00000001505e+30	-1.00000001505e+30	79.2932891846	-	0	0	0	0	0	0	0	0	0	0	0	0	0	0	0	0	0	0	0	0	0	0	0	0	0	0	0	0	0	0	0	0	0	0	0	0	0	0	0	0	0	0	0	0	0	0	0	0	0	0	0	0	0	0	0	0	0	0	0	0
Feb 22 2023 18:05:24	6.55890750885	90.4535369873	96.9977035522	0.00059828319354	68.0260467529	10.0661497116	74.1459960938	-	0	0	0	0	0	0	0	0	0	0	0	0	0	0	0	0	8.51965141296	0	0	0	0	0	0	0	0	0	0.698081076145	4.36059236526	5.93575000763	4.88063526154	2.74245023727	1.07496583462	0.285208165646	0.0455787964165	0.0021730507724	0	0	0	0	0	0	0	0	0	71.4549102783	0	0	0	0	0	0	0	0	0	0	0	0	0	0	0
Feb 22 2023 18:05:25	1.30412852764	88.0935440063	96.2570571899	0.000666921027005	56.8377418518	7.67166471481	63.3988189697	-	0	0	0	0	0	0	0	0	0	0	0	0	0	0	0	0	12.5413970947	3.80125781112e-13	0	0	0	0	0	0	0	0.0686706379056	0.393310844898	0.979819417	1.84660851955	2.93734908104	4.09294605255	5.042345047	5.44481611252	5.00078630447	3.60520744324	1.50166428089	0	0	0	0	0	0	0	0	56.5450782776	0	0	0	0	0	0	0	0	0	0	0	0	0	0	0
Feb 22 2023 18:05:26	1.29647040367	87.6308746338	96.1789932251	0.000475363485748	55.5674591064	6.94851398468	69.625213623	-	0	0	0	0	0	0	0	0	0	0	0	0	0	0	9.48078683906e-16	0.00391916092485	13.6980161667	0.645942568779	6.40296502752e-06	2.37662198407e-14	8.65246753489e-27	0	0	0	0	0.121384978294	0.471835166216	1.08201932907	1.95559465885	3.02184796333	4.11621952057	4.97607898712	5.28300237656	4.76343393326	3.32682394981	1.21067488194	0	0	0	0	0	0	0	0	55.3232002258	0	0	0	0	0	0	0	0	0	0	0	0	0	0	0
Feb 22 2023 18:05:27	1.30052936077	87.7443008423	96.1981582642	0.000489279162139	56.2499465942	7.536652565	71.0469818115	-	0	0	0	0	0	0	0	0	0	0	0	0	0	0	0	0	12.9151525497	3.42724167188e-14	0	0	0	0	0	0	0	0.00686916243285	0.317451477051	0.867327094078	1.67296922207	2.69645929337	3.81784033775	4.81834363937	5.39683103561	5.24555158615	4.17980051041	2.30495381355	0.142011210322	0	0	0	0	0	0	0	55.6184425354	0	0	0	0	0	0	0	0	0	0	0	0	0	0	0
Feb 22 2023 18:05:28	1.29448914528	88.3399276733	96.2984848022	0.0005350188585	56.8776245117	7.16220331192	67.4550170898	-	0	0	0	0	0	0	0	0	0	0	0	0	0	0	0	0	13.5977478027	8.55220960646e-15	0	0	0	0	0	0	0	0.0902578607202	0.632433474064	1.45812737942	2.49297237396	3.58335709572	4.50399827957	4.99082565308	4.81272697449	3.87296724319	2.29470920563	0.454554706812	0	0	0	0	0	0	0	0	57.2153205872	0	0	0	0	0	0	0	0	0	0	0	0	0	0	0
Feb 22 2023 18:05:29	1.31190729141	87.6994628906	96.1905822754	0.000516063650139	55.4295425415	7.64614391327	70.7657165527	-	0	0	0	0	0	0	0	0	0	0	0	0	0	0	0	0	11.8061962128	0	0	0	0	0	0	0	0.101206302643	0.524590611458	1.26360952854	2.25814342499	3.37223672867	4.40117025375	5.10679721832	5.2640581131	4.73501777649	3.54298233986	1.90631580353	0.216270685196	0	0	0	0	0	0	0	0	55.5013999939	0	0	0	0	0	0	0	0	0	0	0	0	0	0	0
Feb 22 2023 18:05:30	-1.00000001505e+30	-1.00000001505e+30	-1.00000001505e+30	-1.00000002538e+26	-1.00000001505e+30	-1.00000001505e+30	78.4923248291	-	0	0	0	0	0	0	0	0	0	0	0	0	0	0	0	0	0	0	0	0	0	0	0	0	0	0	0	0	0	0	0	0	0	0	0	0	0	0	0	0	0	0	0	0	0	0	0	0	0	0	0	0	0	0	0	0	0	0	0	0
Feb 22 2023 18:05:31	6.45845794678	90.6050872803	97.0540466309	0.000499443849549	69.2125778198	10.9223747253	79.8571853638	-	0	0	0	0	0	0	0	0	0	0	0	0	0	0	0	0	7.34041023254	0	0	0	0	0	0	0	0	0	1.96384418011	5.74993848801	5.86768198013	3.78868460655	1.70480716228	0.54112547636	0.116752892733	0.0149627421051	0.00042159477016	0	0	0	0	0	0	0	0	0	72.9113693237	0	0	0	0	0	0	0	0	0	0	0	0	0	0	0
Feb 22 2023 18:05:32	7.2210726738	90.8089675903	97.129737854	0.000606354267802	71.0557479858	11.0890283585	75.8763580322	-	0	0	0	0	0	0	0	0	0	0	0	0	0	0	0	0	7.82421159744	0	0	0	0	0	0	0	0	0	0	2.67820000648	5.83175802231	5.01615047455	2.60525298119	0.873025596142	0.18549053371	0.0223424807191	0.000785037816968	0	0	0	0	0	0	0	0	0	74.9627838135	0	0	0	0	0	0	0	0	0	0	0	0	0	0	0
Feb 22 2023 18:05:33	7.46487140656	90.8047027588	97.1281509399	0.000560631626286	71.0689926147	11.034658432	77.2640457153	-	0	0	0	0	0	0	0	0	0	0	0	0	0	0	0	0	7.99634361267	0	0	0	0	0	0	0	0	0	0	1.60294401646	5.24778938293	5.40519571304	3.24827313423	1.24048864841	0.297933936119	0.0405859015882	0.00174484064337	0	0	0	0	0	0	0	0	0	74.9187011719	0	0	0	0	0	0	0	0	0	0	0	0	0	0	0
Feb 22 2023 18:05:34	7.4750623703	90.5802154541	97.0447998047	0.000570138799958	69.2842788696	10.8914451599	76.7896270752	-	0	0	0	0	0	0	0	0	0	0	0	0	0	0	0	9.66895940384e-42	7.96460437775	2.83082832484e-14	0	0	0	0	0	0	0	0	0	1.66621315479	4.50140047073	5.7128329277	4.43455648422	2.21454715729	0.700599074364	0.128095060587	0.00871091894805	0	0	0	0	0	0	0	0	0	72.6684417725	0	0	0	0	0	0	0	0	0	0	0	0	0	0	0
Feb 22 2023 18:05:35	6.45045900345	89.7956695557	96.7524261475	0.000658375560306	63.6843490601	9.82912349701	71.5636291504	-	0	0	0	0	0	0	0	0	0	0	0	0	0	0	0	0	8.57451057434	0	0	0	0	0	0	0	0	0	1.1261780262	2.70285725594	4.11611413956	4.88703632355	4.77502679825	3.87328910828	2.55550098419	1.281665802	0.377873152494	0	0	0	0	0	0	0	0	0	65.7299423218	0	0	0	0	0	0	0	0	0	0	0	0	0	0	0
Feb 22 2023 18:05:36	-1.00000001505e+30	-1.00000001505e+30	-1.00000001505e+30	-1.00000002538e+26	-1.00000001505e+30	-1.00000001505e+30	83.1321029663	-	0	0	0	0	0	0	0	0	0	0	0	0	0	0	0	0	0	0	0	0	0	0	0	0	0	0	0	0	0	0	0	0	0	0	0	0	0	0	0	0	0	0	0	0	0	0	0	0	0	0	0	0	0	0	0	0	0	0	0	0
Feb 22 2023 18:05:37	1.3436473608	89.5777435303	96.6709136963	0.000445503508672	62.6557617188	8.83803462982	76.9636154175	-	0	0	0	0	0	0	0	0	0	0	0	0	0	0	0	0	10.635137558	3.54055353828e-13	0	0	0	0	0	0	0	0	0.279970943928	1.0577224493	2.113478899	3.26277923584	4.21926450729	4.66390228271	4.36824131012	3.32398271561	1.79580426216	0.25729444623	0	0	0	0	0	0	0	0	64.0224227905	0	0	0	0	0	0	0	0	0	0	0	0	0	0	0
Feb 22 2023 18:05:38	-1.00000001505e+30	-1.00000001505e+30	-1.00000001505e+30	-1.00000002538e+26	-1.00000001505e+30	-1.00000001505e+30	82.3828430176	-	0	0	0	0	0	0	0	0	0	0	0	0	0	0	0	0	0	0	0	0	0	0	0	0	0	0	0	0	0	0	0	0	0	0	0	0	0	0	0	0	0	0	0	0	0	0	0	0	0	0	0	0	0	0	0	0	0	0	0	0
Feb 22 2023 18:05:39	6.04760026932	89.7730026245	96.7439498901	0.00048671188415	63.6113739014	9.26271057129	76.4596633911	-	0	0	0	0	0	0	0	0	0	0	0	0	0	0	0	0	9.68967342377	0	0	0	0	0	0	0	0	0	0.567721486092	1.86474132538	3.2770011425	4.3646068573	4.75387859344	4.30315208435	3.18562984467	1.8136909008	0.631626069546	0	0	0	0	0	0	0	0	0	65.5482788086	0	0	0	0	0	0	0	0	0	0	0	0	0	0	0
Feb 22 2023 18:05:40	1.35753512383	89.8226089478	96.7624893188	0.000523364404216	64.0775909424	9.11170864105	74.2784042358	-	0	0	0	0	0	0	0	0	0	0	0	0	0	0	0	0	10.2206068039	0	0	0	0	0	0	0	0	0	0.264437168837	1.19532620907	2.41422724724	3.61990857124	4.42771339417	4.51798915863	3.80341720581	2.50837683678	1.08093333244	0	0	0	0	0	0	0	0	0	65.9470596313	0	0	0	0	0	0	0	0	0	0	0	0	0	0	0
Feb 22 2023 18:05:41	-1.00000001505e+30	-1.00000001505e+30	-1.00000001505e+30	-1.00000002538e+26	-1.00000001505e+30	-1.00000001505e+30	75.9858703613	-	0	0	0	0	0	0	0	0	0	0	0	0	0	0	0	0	0	0	0	0	0	0	0	0	0	0	0	0	0	0	0	0	0	0	0	0	0	0	0	0	0	0	0	0	0	0	0	0	0	0	0	0	0	0	0	0	0	0	0	0
Feb 22 2023 18:05:42	1.30432736874	89.0867385864	96.4867858887	0.000514522602316	59.6841163635	7.76923274994	70.5594482422	-	0	0	0	0	0	0	0	0	0	0	0	0	0	0	0	0	12.5214099884	0	0	0	0	0	0	0	0	0	0.327500373125	1.04854679108	2.05134630203	3.19613552094	4.23597335815	4.85542917252	4.76793432236	3.85161161423	2.25549554825	0.419472813606	0	0	0	0	0	0	0	0	60.4691429138	0	0	0	0	0	0	0	0	0	0	0	0	0	0	0
Feb 22 2023 18:05:43	1.29079401493	87.9476852417	96.2324829102	0.00054158520652	56.1365127563	7.01382780075	66.4433288574	-	0	0	0	0	0	0	0	0	0	0	0	0	0	0	0	0	14.053853035	0	0	0	0	0	0	0	0	0.0321355052292	0.479364961386	1.21081256866	2.19250917435	3.30990934372	4.3599562645	5.06650781631	5.14052248001	4.38776063919	2.82752251625	0.784343600273	0	0	0	0	0	0	0	0	56.154800415	0	0	0	0	0	0	0	0	0	0	0	0	0	0	0
Feb 22 2023 18:05:44	-1.00000001505e+30	-1.00000001505e+30	-1.00000001505e+30	-1.00000002538e+26	-1.00000001505e+30	-1.00000001505e+30	78.9474639893	-	0	0	0	0	0	0	0	0	0	0	0	0	0	0	0	0	0	0	0	0	0	0	0	0	0	0	0	0	0	0	0	0	0	0	0	0	0	0	0	0	0	0	0	0	0	0	0	0	0	0	0	0	0	0	0	0	0	0	0	0
Feb 22 2023 18:05:45	1.35836732388	89.6334228516	96.6917495728	0.000599074410275	62.8381462097	8.99405860901	70.9712600708	-	0	0	0	0	0	0	0	0	0	0	0	0	0	0	0	0	10.1969203949	0	0	0	0	0	0	0	0	0	0.481481492519	1.49417698383	2.7184817791	3.85909414291	4.57441854477	4.59777736664	3.86745262146	2.58781194687	1.15963733196	0.0121611161157	0	0	0	0	0	0	0	0	64.4505844116	0	0	0	0	0	0	0	0	0	0	0	0	0	0	0
Feb 22 2023 18:05:46	-1.00000001505e+30	-1.00000001505e+30	-1.00000001505e+30	-1.00000002538e+26	-1.00000001505e+30	-1.00000001505e+30	89.7583312988	-	0	0	0	0	0	0	0	0	0	0	0	0	0	0	0	0	0	0	0	0	0	0	0	0	0	0	0	0	0	0	0	0	0	0	0	0	0	0	0	0	0	0	0	0	0	0	0	0	0	0	0	0	0	0	0	0	0	0	0	0
Feb 22 2023 18:05:47	-1.00000001505e+30	-1.00000001505e+30	-1.00000001505e+30	-1.00000002538e+26	-1.00000001505e+30	-1.00000001505e+30	84.2956619263	-	0	0	0	0	0	0	0	0	0	0	0	0	0	0	0	0	0	0	0	0	0	0	0	0	0	0	0	0	0	0	0	0	0	0	0	0	0	0	0	0	0	0	0	0	0	0	0	0	0	0	0	0	0	0	0	0	0	0	0	0
Feb 22 2023 18:05:48	6.49508619308	90.2784347534	96.9325332642	0.000525284558535	66.7390594482	9.69648361206	76.0158996582	-	0	0	0	0	0	0	0	0	0	0	0	0	0	0	0	0	8.99914169312	7.49163860288e-13	0	0	0	0	0	0	0	0	0.604024589062	3.31408762932	5.45896959305	5.50035667419	3.77765035629	1.80226671696	0.581152498722	0.114186041057	0.00797186698765	0	0	0	0	0	0	0	0	0	69.8402023315	0	0	0	0	0	0	0	0	0	0	0	0	0	0	0
Feb 22 2023 18:05:49	6.76269388199	90.5211410522	97.0228424072	0.000796223175712	68.596321106	10.4645090103	68.3306732178	-	0	0	0	0	0	0	0	0	0	0	0	0	0	0	0	0	8.06837940216	0	0	0	0	0	0	0	0	0	0.353179842234	4.53741312027	6.13290834427	4.87990808487	2.63958644867	0.995288908482	0.254406690598	0.039379760623	0.0019140340155	0	0	0	0	0	0	0	0	0	72.0976333618	0	0	0	0	0	0	0	0	0	0	0	0	0	0	0
Feb 22 2023 18:05:50	6.36160564423	89.7391738892	96.7313079834	0.0005877322983	63.2554283142	10.2394866943	75.5586547852	-	0	0	0	0	0	0	0	0	0	0	0	0	0	0	0	0	7.69002723694	2.60674923487e-12	0	0	0	0	0	0	0	0.290803968906	1.85812735558	3.48258161545	4.66286277771	5.05340576172	4.59932470322	3.52338218689	2.21611309052	1.06066632271	0.283721655607	0	0	0	0	0	0	0	0	0	65.2789840698	0	0	0	0	0	0	0	0	0	0	0	0	0	0	0
Feb 22 2023 18:05:51	6.60584831238	89.7360458374	96.7301330566	0.000580963678658	63.5377578735	9.67269611359	73.7390594482	-	0	0	0	0	0	0	0	0	0	0	0	0	0	0	0	0	9.11179447174	5.32443555391e-13	0	0	0	0	0	0	0	0	0.515872001648	1.67191529274	2.99790024757	4.13716459274	4.73386192322	4.5692358017	3.6746404171	2.34036326408	0.991346716881	0.00171084923204	0	0	0	0	0	0	0	0	65.254196167	0	0	0	0	0	0	0	0	0	0	0	0	0	0	0
Feb 22 2023 18:05:52	6.41496658325	90.0945968628	96.8640213013	0.000521904556081	65.5529785156	9.45747852325	75.4850692749	-	0	0	0	0	0	0	0	0	0	0	0	0	0	0	0	0	9.41428565979	0	0	0	0	0	0	0	0	0	0.411605507135	2.5066242218	4.37309932709	5.12614488602	4.53892755508	3.10842347145	1.61451470852	0.585725367069	0.10223570466	0	0	0	0	0	0	0	0	0	68.2184143066	0	0	0	0	0	0	0	0	0	0	0	0	0	0	0
Feb 22 2023 18:05:53	1.34574401379	89.772819519	96.7438812256	0.000651938724332	63.4612579346	8.72923183441	68.0055007935	-	0	0	0	0	0	0	0	0	0	0	0	0	0	0	0	0	10.5701332092	4.33427436736e-13	0	0	0	0	0	0	0	0	0.536846995354	1.96842586994	3.44796848297	4.47079706192	4.67894029617	4.02670192719	2.80460619926	1.48295867443	0.465823888779	0	0	0	0	0	0	0	0	0	65.5467987061	0	0	0	0	0	0	0	0	0	0	0	0	0	0	0
Feb 22 2023 18:05:54	1.32091200352	88.7841644287	96.3729934692	0.000591234012973	58.7099456787	8.3610124588	69.1301116943	-	0	0	0	0	0	0	0	0	0	0	0	0	0	0	0	0	11.4026651382	0	0	0	0	0	0	0	0	0	0.21542096138	0.702273607254	1.4618896246	2.47296047211	3.62201404572	4.68017292023	5.32138347626	5.2090716362	4.14278078079	2.24065089226	0.0679345875978	0	0	0	0	0	0	0	58.4607849121	0	0	0	0	0	0	0	0	0	0	0	0	0	0	0
Feb 22 2023 18:05:55	1.31290960312	89.7178115845	96.7233200073	0.000554751837626	62.9616851807	8.12588310242	69.9930953979	-	0	0	0	0	0	0	0	0	0	0	0	0	0	0	0	0	11.7179775238	0	0	0	0	0	0	0	0	0	0.497116744518	1.80481696129	3.37884473801	4.57084274292	4.81663036346	4.01259994507	2.5903031826	1.20341515541	0.297462582588	0	0	0	0	0	0	0	0	0	65.109992981	0	0	0	0	0	0	0	0	0	0	0	0	0	0	0
Feb 22 2023 18:05:56	7.10933017731	90.4758224487	97.0059890747	0.000546053168364	68.3636703491	10.4900255203	76.9310073853	-	0	0	0	0	0	0	0	0	0	0	0	0	0	0	0	2.31700095849e-36	8.22329711914	5.23617390766e-12	0	0	0	0	0	0	0	0	0	2.61384534836	5.2892947197	5.73514938354	3.98438024521	1.83648598194	0.549425065517	0.0965159982443	0.00599855510518	0	0	0	0	0	0	0	0	0	71.6656112671	0	0	0	0	0	0	0	0	0	0	0	0	0	0	0
Feb 22 2023 18:05:57	1.3565312624	89.9544448853	96.8117294312	0.000516275700647	64.6637191772	8.98479938507	74.3466567993	-	0	0	0	0	0	0	0	0	0	0	0	0	0	0	0	0	10.2493476868	0	0	0	0	0	0	0	0	0	0.531756639481	1.93734300137	3.4104115963	4.40904140472	4.55062294006	3.80996656418	2.53305315971	1.23310482502	0.305675417185	0	0	0	0	0	0	0	0	0	67.0296783447	0	0	0	0	0	0	0	0	0	0	0	0	0	0	0
Feb 22 2023 18:05:58	1.35558652878	89.843170166	96.7701721191	0.000449489569291	63.822807312	8.83350086212	77.0126953125	-	0	0	0	0	0	0	0	0	0	0	0	0	0	0	0	2.45866223357e-38	10.276558876	1.90228909014e-12	0	0	0	0	0	0	0	0	0.927314996719	2.44585561752	3.87639522552	4.67156791687	4.54166078568	3.59462714195	2.2618458271	1.04307568073	0.247397303581	0	0	0	0	0	0	0	0	0	66.1137008667	0	0	0	0	0	0	0	0	0	0	0	0	0	0	0
Feb 22 2023 18:05:59	6.2511343956	89.607421875	96.6820220947	0.000749727303628	62.5781517029	9.43333435059	66.9639129639	-	0	0	0	0	0	0	0	0	0	0	0	0	0	0	0	0	9.19807815552	0	0	0	0	0	0	0	0	0	0.89076590538	2.1946284771	3.56306314468	4.5832862854	4.91643810272	4.43911981583	3.31551885605	1.9325094223	0.716619074345	0	0	0	0	0	0	0	0	0	64.2499771118	0	0	0	0	0	0	0	0	0	0	0	0	0	0	0
Feb 22 2023 18:06:00	6.29690361023	90.1068725586	96.868598938	0.000701479788404	65.6205978394	9.51263999939	68.7506027222	-	0	0	0	0	0	0	0	0	0	0	0	0	0	0	0	0	9.28005027771	1.14719919762e-12	0	0	0	0	0	0	0	0	0.729785084724	2.72945976257	4.41190624237	5.00605106354	4.36184167862	2.96668052673	1.53872156143	0.557428658009	0.0935941264033	0	0	0	0	0	0	0	0	0	68.3244857788	0	0	0	0	0	0	0	0	0	0	0	0	0	0	0
Feb 22 2023 18:06:01	7.16357517242	90.4348297119	96.9907455444	0.000651156587992	68.109588623	10.6247348785	73.4992523193	-	0	0	0	0	0	0	0	0	0	0	0	0	0	0	0	0	8.06035900116	0	0	0	0	0	0	0	0	0	0.149338170886	2.37468695641	4.78217506409	5.58569002151	4.36457777023	2.34686088562	0.85036444664	0.189758434892	0.0171356610954	0	0	0	0	0	0	0	0	0	71.2790527344	0	0	0	0	0	0	0	0	0	0	0	0	0	0	0
Feb 22 2023 18:06:02	6.57538938522	90.9488525391	97.1816101074	0.000753194268327	72.0494995117	11.5041484833	72.4414291382	-	0	0	0	0	0	0	0	0	0	0	0	0	0	0	0	0	6.91862630844	3.42220202914e-13	0	0	0	0	0	0	0	0	0	13.4441595078	2.9404540062	0.249765306711	0.0111933173612	0.000272206321824	3.3245466966e-06	1.55744714903e-08	0	0	0	0	0	0	0	0	0	0	76.4355239868	0	0	0	0	0	0	0	0	0	0	0	0	0	0	0
Feb 22 2023 18:06:03	6.56812286377	90.9436035156	97.1796646118	0.000541957851965	71.9956436157	11.4673700333	79.2372741699	-	0	0	0	0	0	0	0	0	0	0	0	0	0	0	0	0	6.9379940033	7.82105838968e-14	0	0	0	0	0	0	0	0	0	13.7621641159	2.75453829765	0.161791607738	0.00414560362697	4.81490460515e-05	2.29647483252e-07	3.14984288652e-10	0	0	0	0	0	0	0	0	0	0	76.3793182373	0	0	0	0	0	0	0	0	0	0	0	0	0	0	0
Feb 22 2023 18:06:04	6.67155075073	90.9196548462	97.1707839966	0.000648519024253	71.8425598145	11.3701972961	75.348815918	-	0	0	0	0	0	0	0	0	0	0	0	0	0	0	0	0	7.20467948914	1.45798036323e-14	0	0	0	0	0	0	0	0	0	9.20898723602	5.50396585464	1.60767734051	0.307416826487	0.0401064231992	0.00344293331727	0.000166232479387	9.17728186778e-07	0	0	0	0	0	0	0	0	0	76.1235580444	0	0	0	0	0	0	0	0	0	0	0	0	0	0	0
Feb 22 2023 18:06:05	6.81394910812	90.2079925537	96.906288147	0.000720169220585	66.37474823	10.4628562927	71.0777130127	-	0	0	0	0	0	0	0	0	0	0	0	0	0	0	0	0	7.88309669495	0	0	0	0	0	0	0	0	0	0.766821682453	3.31998920441	5.22019290924	5.47611761093	4.24152326584	2.47279310226	1.06120300293	0.307534605265	0.0406227819622	0	0	0	0	0	0	0	0	0	69.210105896	0	0	0	0	0	0	0	0	0	0	0	0	0	0	0
Feb 22 2023 18:06:06	6.11725091934	90.1304168701	96.8773803711	0.000463917443994	65.6491928101	9.46600437164	78.0750274658	-	0	0	0	0	0	0	0	0	0	0	0	0	0	0	0	0	9.15404605865	1.00043949091e-13	0	0	0	0	0	0	0	0	1.25707352161	3.63095712662	5.16393613815	5.12218761444	3.81589531898	2.15700316429	0.8977227211	0.247296348214	0.0251486375928	0	0	0	0	0	0	0	0	0	68.5287322998	0	0	0	0	0	0	0	0	0	0	0	0	0	0	0
Feb 22 2023 18:06:07	1.31933033466	90.0524520874	96.8483047485	0.000465157121653	65.142288208	8.38861274719	74.7637710571	-	0	0	0	0	0	0	0	0	0	0	0	0	0	0	0	0	11.4607334137	2.50697401206e-12	0	0	0	0	0	0	0	0	0.0550765134394	1.31246888638	3.45500922203	5.18881416321	5.14834022522	3.47780179977	1.56759691238	0.430624693632	0.0467952117324	0	0	0	0	0	0	0	0	0	67.8567428589	0	0	0	0	0	0	0	0	0	0	0	0	0	0	0
Feb 22 2023 18:06:08	1.35358250141	89.6071929932	96.6819381714	0.000539849512279	62.5233078003	8.82780170441	73.0292663574	-	0	0	0	0	0	0	0	0	0	0	0	0	0	0	0	0	10.3348350525	0	0	0	0	0	0	0	0	0	0.460810154676	1.81195700169	3.28293967247	4.42810678482	4.87233495712	4.46677780151	3.3698618412	1.98035335541	0.743831574917	0	0	0	0	0	0	0	0	0	64.2481918335	0	0	0	0	0	0	0	0	0	0	0	0	0	0	0
Feb 22 2023 18:06:09	6.54278707504	91.1272888184	97.2477035522	0.000759302522056	73.6880340576	11.6969146729	72.3995361328	-	0	0	0	0	0	0	0	0	0	0	0	0	0	0	0	0	6.99848890305	0	0	0	0	0	0	0	0	0	0	14.6046743393	0	0	0	0	0	0	0	0	0	0	0	0	0	0	0	0	78.3968353271	0	0	0	0	0	0	0	0	0	0	0	0	0	0	0
Feb 22 2023 18:06:10	6.67558288574	90.8099822998	97.1301116943	0.000444082485046	70.8677444458	10.4275951385	80.5863647461	-	0	0	0	0	0	0	0	0	0	0	0	0	0	0	0	0	8.37150382996	0	0	0	0	0	0	0	0	0	0	5.95352554321	6.67523670197	3.00420022011	0.844217956066	0.157682210207	0.0190797727555	0.00130457605701	1.75237255462e-05	0	0	0	0	0	0	0	0	0	74.9732284546	0	0	0	0	0	0	0	0	0	0	0	0	0	0	0
Feb 22 2023 18:06:11	6.28803491592	90.5664138794	97.0396728516	0.000744974240661	68.7773208618	9.25139427185	65.9903793335	-	0	0	0	0	0	0	0	0	0	0	0	0	0	0	0	0	9.92708015442	1.09112740544e-12	0	0	0	0	0	0	0	0	0	4.56858825684	6.38304042816	4.242000103	1.76830267906	0.483832418919	0.0844600051641	0.00821508746594	0.000159546325449	0	0	0	0	0	0	0	0	0	72.534324646	0	0	0	0	0	0	0	0	0	0	0	0	0	0	0
Feb 22 2023 18:06:12	1.29582118988	89.4827575684	96.635345459	0.000917969387956	61.6376190186	7.4581413269	51.8941116333	-	0	0	0	0	0	0	0	0	0	0	0	0	0	0	0	0	13.4408025742	1.72085289086e-23	0	0	0	0	0	0	0	0	0.125062182546	0.877869307995	2.08541035652	3.47128772736	4.52774858475	4.75191307068	3.968064785	2.49175477028	0.955705225468	0	0	0	0	0	0	0	0	0	63.3043823242	0	0	0	0	0	0	0	0	0	0	0	0	0	0	0
Feb 22 2023 18:06:13	1.29349672794	89.4988479614	96.6413726807	0.000896678713616	61.379650116	7.2220492363	51.731754303	-	0	0	0	0	0	0	0	0	0	0	0	0	0	0	0	0	13.7171926498	0	0	0	0	0	0	0	0	0	0.388752192259	1.72215998173	3.39153957367	4.66954135895	4.90650510788	4.00265789032	2.4804391861	1.07382440567	0.222460255027	0	0	0	0	0	0	0	0	0	63.4249267578	0	0	0	0	0	0	0	0	0	0	0	0	0	0	0
Feb 22 2023 18:06:14	1.3263566494	89.8076553345	96.7569046021	0.000801805639639	63.709487915	8.47270107269	61.0266456604	-	0	0	0	0	0	0	0	0	0	0	0	0	0	0	0	0	11.207701683	0	0	0	0	0	0	0	0	0	0.372186511755	1.55523121357	2.94460010529	4.08247327805	4.54277944565	4.14168787003	3.04922485352	1.70461642742	0.573152899742	0	0	0	0	0	0	0	0	0	65.8263473511	0	0	0	0	0	0	0	0	0	0	0	0	0	0	0
Feb 22 2023 18:06:15	6.12808847427	90.1191253662	96.8731689453	0.000625906337518	65.710899353	9.21228694916	70.5230026245	-	0	0	0	0	0	0	0	0	0	0	0	0	0	0	0	0	9.89216709137	0	0	0	0	0	0	0	0	0	0.252424776554	2.28390955925	4.15927553177	4.98556995392	4.48982620239	3.12344431877	1.65091919899	0.614868223667	0.116977483034	0	0	0	0	0	0	0	0	0	68.4306182861	0	0	0	0	0	0	0	0	0	0	0	0	0	0	0
Feb 22 2023 18:06:16	1.30339181423	89.7347259521	96.729637146	0.00088904495351	63.0001449585	7.76038265228	54.5982551575	-	0	0	0	0	0	0	0	0	0	0	0	0	0	0	0	0	12.6160488129	0	0	0	0	0	0	0	0	0	0.207010686398	1.43022167683	3.14516830444	4.5884103775	4.96098041534	4.06861591339	2.48365092278	1.04269194603	0.21349580586	0	0	0	0	0	0	0	0	0	65.2437057495	0	0	0	0	0	0	0	0	0	0	0	0	0	0	0
Feb 22 2023 18:06:17	1.320712924	89.9541091919	96.8116073608	0.000713149434887	64.3170394897	8.25285339355	63.7682304382	-	0	0	0	0	0	0	0	0	0	0	0	0	0	0	0	0	11.4099378586	0	0	0	0	0	0	0	0	0	0.442236304283	2.34814119339	4.61398124695	5.6089515686	4.63430500031	2.64548039436	1.01481306553	0.235871464014	0.0193876307458	0	0	0	0	0	0	0	0	0	67.0268936157	0	0	0	0	0	0	0	0	0	0	0	0	0	0	0
Feb 22 2023 18:06:18	1.29084086418	89.223197937	96.5380249023	0.000559274107218	60.1208152771	7.16878175735	65.9307632446	-	0	0	0	0	0	0	0	0	0	0	0	0	0	0	0	0	14.0478668213	1.00592169143e-12	0	0	0	0	0	0	0	0	0.228792667389	0.93314230442	2.0335419178	3.3278427124	4.41877126694	4.85098981857	4.35025405884	3.02586293221	1.36453962326	0	0	0	0	0	0	0	0	0	61.4183959961	0	0	0	0	0	0	0	0	0	0	0	0	0	0	0
Feb 22 2023 18:06:19	1.31769418716	89.9554748535	96.8121109009	0.000878961174749	64.3203353882	8.2098493576	57.2135391235	-	0	0	0	0	0	0	0	0	0	0	0	0	0	0	0	0	11.5215044022	1.8153108682e-13	0	0	0	0	0	0	0	0	0.163298770785	2.30987071991	4.77539348602	5.75499820709	4.64595317841	2.58234119415	0.966655552387	0.221894770861	0.0198527369648	0	0	0	0	0	0	0	0	0	67.0382385254	0	0	0	0	0	0	0	0	0	0	0	0	0	0	0
Feb 22 2023 18:06:20	1.30909740925	89.9864273071	96.8236694336	0.000825551222079	64.7814254761	8.16084861755	58.5518226624	-	0	0	0	0	0	0	0	0	0	0	0	0	0	0	0	0	12.0611143112	3.98728662934e-12	0	0	0	0	0	0	0	0	0	0.725268602371	2.44036698341	4.40496206284	5.25759410858	4.34071111679	2.45095849037	0.877731502056	0.143854886293	0	0	0	0	0	0	0	0	0	67.2974395752	0	0	0	0	0	0	0	0	0	0	0	0	0	0	0
Feb 22 2023 18:06:21	1.28547000885	88.914894104	96.4221878052	0.000929075991735	58.2262382507	6.79165220261	48.2113647461	-	0	0	0	0	0	0	0	0	0	0	0	0	0	0	0	0	14.770190239	8.49479341036e-13	0	0	0	0	0	0	0	0	0.465660721064	1.37596929073	2.60653042793	3.86672067642	4.74681329727	4.87799310684	4.12856006622	2.71646928787	1.13237297535	0	0	0	0	0	0	0	0	0	59.3127174377	0	0	0	0	0	0	0	0	0	0	0	0	0	0	0
Feb 22 2023 18:06:22	1.30926012993	89.9096603394	96.7950057983	0.000530243094545	63.9621276855	7.94641685486	70.4947662354	-	0	0	0	0	0	0	0	0	0	0	0	0	0	0	0	0	12.0460395813	0	0	0	0	0	0	0	0	0	0.414640873671	2.28966927528	4.53461837769	5.53962039948	4.59818601608	2.63885998726	1.01950311661	0.239920035005	0.0208277963102	0	0	0	0	0	0	0	0	0	66.6581115723	0	0	0	0	0	0	0	0	0	0	0	0	0	0	0
Feb 22 2023 18:06:23	1.28973007202	89.2015533447	96.5298995972	0.000515769992489	60.2454071045	7.19708490372	68.0661621094	-	0	0	0	0	0	0	0	0	0	0	0	0	0	0	0	0	14.1911745071	0	0	0	0	0	0	0	0	0	0.0557124614716	0.538366496563	1.39854609966	2.57602381706	3.81896042824	4.70920801163	4.81490039825	3.93278193474	2.27066636086	0.427760601044	0	0	0	0	0	0	0	0	61.2658996582	0	0	0	0	0	0	0	0	0	0	0	0	0	0	0
Feb 22 2023 18:06:24	1.3393021822	89.7314376831	96.7284088135	0.00076958007412	63.4690513611	8.77872371674	63.348941803	-	0	0	0	0	0	0	0	0	0	0	0	0	0	0	0	0	10.772772789	0	0	0	0	0	0	0	0	0	0.178527012467	1.09179329872	2.32741451263	3.57969331741	4.44904565811	4.59643173218	3.91901397705	2.63334059715	1.18704497814	0.0472326204181	0	0	0	0	0	0	0	0	65.2176895142	0	0	0	0	0	0	0	0	0	0	0	0	0	0	0
Feb 22 2023 18:06:25	1.34788119793	88.1355361938	96.2641220093	0.000511686899699	56.9003219604	8.4953250885	73.5693283081	-	0	0	0	0	0	0	0	0	0	0	0	0	0	0	0	0	10.504784584	7.08069128504e-13	0	0	0	0	0	0	0	0.219004392624	0.73492193222	1.54237306118	2.5899245739	3.73798131943	4.76261758804	5.38367557526	5.34021425247	4.49999761581	2.95592975616	1.07024347782	0	0	0	0	0	0	0	0	56.6583328247	0	0	0	0	0	0	0	0	0	0	0	0	0	0	0
Feb 22 2023 18:06:26	1.29545652866	88.4346847534	96.3143920898	0.000733949593268	57.3051338196	7.28912687302	58.7201538086	-	0	0	0	0	0	0	0	0	0	0	0	0	0	0	0	0	13.4833917618	0	0	0	0	0	0	0	0	0.0200540907681	0.398357868195	1.06325817108	2.00230312347	3.1157643795	4.20228815079	4.97164154053	5.11116409302	4.40753412247	2.87903857231	0.868387639523	0	0	0	0	0	0	0	0	57.4768180847	0	0	0	0	0	0	0	0	0	0	0	0	0	0	0
Feb 22 2023 18:06:27	1.28837490082	87.1709899902	96.1010513306	0.000644372950774	54.3165359497	6.76654720306	60.5467147827	-	0	0	0	0	0	0	0	0	0	0	0	0	0	0	0	4.66068952779e-30	14.3701686859	3.05890946253e-13	0	0	0	0	0	0	0	0.222066536546	0.804745793343	1.67334151268	2.74457859993	3.85630583763	4.78049659729	5.25524806976	5.05457496643	4.08351755142	2.45828413963	0.542778730392	0	0	0	0	0	0	0	0	54.1539001465	0	0	0	0	0	0	0	0	0	0	0	0	0	0	0
Feb 22 2023 18:06:28	1.28757703304	87.0841293335	96.0862884521	0.000629010610282	54.0694580078	6.70265865326	61.0089073181	-	0	0	0	0	0	0	0	0	0	0	0	0	0	0	0	0	14.4777793884	0	0	0	0	0	0	0	0	0.292876511812	0.909931182861	1.80205249786	2.87588024139	3.96309828758	4.83641242981	5.24343633652	4.97486352921	3.95458078384	2.31307482719	0.418102055788	0	0	0	0	0	0	0	0	53.9379119873	0	0	0	0	0	0	0	0	0	0	0	0	0	0	0
Feb 22 2023 18:06:29	1.28972947598	89.2501754761	96.5481491089	0.00078584154835	60.6450386047	7.25335597992	55.8057060242	-	0	0	0	0	0	0	0	0	0	0	0	0	0	0	0	0	14.1912431717	2.34379193571e-13	0	0	0	0	0	0	0	0	0	0.279642164707	1.02083098888	2.16049695015	3.50496816635	4.63245487213	5.02045631409	4.32413196564	2.64812493324	0.608258247375	0	0	0	0	0	0	0	0	61.6093940735	0	0	0	0	0	0	0	0	0	0	0	0	0	0	0
Feb 22 2023 18:06:30	-1.00000001505e+30	-1.00000001505e+30	-1.00000001505e+30	-1.00000002538e+26	-1.00000001505e+30	-1.00000001505e+30	71.9060058594	-	0	0	0	0	0	0	0	0	0	0	0	0	0	0	0	0	0	0	0	0	0	0	0	0	0	0	0	0	0	0	0	0	0	0	0	0	0	0	0	0	0	0	0	0	0	0	0	0	0	0	0	0	0	0	0	0	0	0	0	0
Feb 22 2023 18:06:31	1.29363417625	89.1203613281	96.499420166	0.000711036205757	60.843120575	7.65857505798	60.4469604492	-	0	0	0	0	0	0	0	0	0	0	0	0	0	0	0	0	13.7005138397	0	0	0	0	0	0	0	0	0	0	0	0.00125442515127	0.0536059886217	0.476299732924	2.09671854973	5.42509794235	8.36671352386	6.9557094574	2.19718956947	0.0264826193452	0	0	0	0	0	0	0	60.7004165649	0	0	0	0	0	0	0	0	0	0	0	0	0	0	0
Feb 22 2023 18:06:32	-1.00000001505e+30	-1.00000001505e+30	-1.00000001505e+30	-1.00000002538e+26	-1.00000001505e+30	-1.00000001505e+30	73.2982940674	-	0	0	0	0	0	0	0	0	0	0	0	0	0	0	0	0	0	0	0	0	0	0	0	0	0	0	0	0	0	0	0	0	0	0	0	0	0	0	0	0	0	0	0	0	0	0	0	0	0	0	0	0	0	0	0	0	0	0	0	0
Feb 22 2023 18:06:33	1.27965497971	87.6417007446	96.1808242798	0.000516028841957	55.7392654419	6.58769607544	65.5703277588	-	0	0	0	0	0	0	0	0	0	0	0	0	0	0	0	0	15.6449394226	2.57357679547e-14	0	0	0	0	0	0	0	0	0.124414950609	0.531703531742	1.2365809679	2.24960541725	3.47052741051	4.64896583557	5.39627933502	5.29430246353	4.09472751617	1.95668697357	0	0	0	0	0	0	0	0	55.3512649536	0	0	0	0	0	0	0	0	0	0	0	0	0	0	0
Feb 22 2023 18:06:34	1.27736616135	46.7759170532	84.8887481689	0.000517943582963	42.1467475891	6.30972576141	64.4827957153	-	0	0	0	0	0	0	0	0	0	0	0	0	0	0	0	0	16.0195560455	1.34953777754e-12	0	0	0	0	0	0	0	0	0.217876419425	0.787045240402	1.598741889	2.58631372452	3.62877392769	4.54171085358	5.09019041061	5.04725074768	4.29281187057	2.9373986721	1.39762043953	0.305694758892	0.122251421213	1.24442887306	4.38135242462	9.1113653183	13.4192304611	14.2009706497	9.06941604614	0	0	0	0	0	0	0	0	0	0	0	0	0	0	0
Feb 22 2023 18:06:35	-1.00000001505e+30	-1.00000001505e+30	-1.00000001505e+30	-1.00000002538e+26	-1.00000001505e+30	-1.00000001505e+30	76.7070922852	-	0	0	0	0	0	0	0	0	0	0	0	0	0	0	0	0	0	0	0	0	0	0	0	0	0	0	0	0	0	0	0	0	0	0	0	0	0	0	0	0	0	0	0	0	0	0	0	0	0	0	0	0	0	0	0	0	0	0	0	0
Feb 22 2023 18:06:36	1.30904221535	88.9214553833	96.424659729	0.00046168625704	58.8802642822	7.92385721207	73.7330703735	-	0	0	0	0	0	0	0	0	0	0	0	0	0	0	0	0	12.0662326813	3.31794840084e-13	0	0	0	0	0	0	0	0	0.379885077477	1.11800444126	2.14482283592	3.31986069679	4.39334487915	5.04499435425	4.98289299011	4.0804977417	2.48347401619	0.629890143871	0	0	0	0	0	0	0	0	59.356098175	0	0	0	0	0	0	0	0	0	0	0	0	0	0	0
Feb 22 2023 18:06:37	1.29048466682	87.94115448	96.2313842773	0.000711273809429	56.1624565125	7.01174879074	58.4156913757	-	0	0	0	0	0	0	0	0	0	0	0	0	0	0	0	0	14.0934886932	0	0	0	0	0	0	0	0	0.0378045290709	0.451804131269	1.1492344141	2.10526251793	3.21361899376	4.27705812454	5.02016639709	5.14885616302	4.4586558342	2.95558142662	0.95103430748	0	0	0	0	0	0	0	0	56.1374320984	0	0	0	0	0	0	0	0	0	0	0	0	0	0	0
Feb 22 2023 18:06:38	1.27985286713	88.7976379395	96.3780670166	0.00053910195129	58.1248855591	6.67007541656	64.5761947632	-	0	0	0	0	0	0	0	0	0	0	0	0	0	0	0	0	15.6134109497	0	0	0	0	0	0	0	0	0	0.075956761837	0.442822128534	1.12782549858	2.14943027496	3.38501143456	4.52698755264	5.12365102768	4.74896430969	3.25669717789	1.00172364712	0	0	0	0	0	0	0	0	58.5475196838	0	0	0	0	0	0	0	0	0	0	0	0	0	0	0
Feb 22 2023 18:06:39	7.76806688309	90.7012023926	97.0897369385	0.000514223589562	70.2339477539	10.0677118301	76.6627349854	-	0	0	0	0	0	0	0	0	0	0	0	0	0	0	0	0	9.37269592285	1.02133708121e-13	0	0	0	0	0	0	0	0	0	0	2.89362192154	5.85914230347	4.990234375	2.32336854935	0.608696103096	0.0833343490958	0.00408864300698	0	0	0	0	0	0	0	0	0	73.8648147583	0	0	0	0	0	0	0	0	0	0	0	0	0	0	0
Feb 22 2023 18:06:40	-1.00000001505e+30	-1.00000001505e+30	-1.00000001505e+30	-1.00000002538e+26	-1.00000001505e+30	-1.00000001505e+30	74.8292236328	-	0	0	0	0	0	0	0	0	0	0	0	0	0	0	0	0	0	0	0	0	0	0	0	0	0	0	0	0	0	0	0	0	0	0	0	0	0	0	0	0	0	0	0	0	0	0	0	0	0	0	0	0	0	0	0	0	0	0	0	0
Feb 22 2023 18:06:41	1.3326716423	90.651763916	97.0713806152	0.000790829712059	69.8481216431	9.12714195251	63.0241317749	-	0	0	0	0	0	0	0	0	0	0	0	0	0	0	0	0	10.9907064438	1.16855606612e-14	0	0	0	0	0	0	0	0	0	0	0.96296620369	3.62735772133	5.21280527115	3.90779685974	1.58521473408	0.32137876749	0.0203826799989	0	0	0	0	0	0	0	0	0	73.3713912964	0	0	0	0	0	0	0	0	0	0	0	0	0	0	0
Feb 22 2023 18:06:42	1.29180860519	88.7903213501	96.3753128052	0.000505340751261	58.4867019653	7.30430650711	69.029838562	-	0	0	0	0	0	0	0	0	0	0	0	0	0	0	0	0	13.9254722595	5.10420785499e-12	0	0	0	0	0	0	0	0	0	0.313137531281	0.97111594677	1.98074650764	3.24964237213	4.51234340668	5.34188652039	5.27679491043	4.05291557312	1.8755402565	0	0	0	0	0	0	0	5.13394207924e-15	58.5004043579	0	0	0	0	0	0	0	0	0	0	0	0	0	0	0
Feb 22 2023 18:06:43	1.33262884617	89.6536254883	96.6993103027	0.000487325654831	62.6329650879	8.43657207489	74.1676940918	-	0	0	0	0	0	0	0	0	0	0	0	0	0	0	0	0	10.9921455383	0	0	0	0	0	0	0	0	0	0.660708427429	2.11029338837	3.57855081558	4.56619882584	4.72994375229	4.04001379013	2.79581689835	1.46715629101	0.451916396618	0	0	0	0	0	0	0	0	0	64.6072540283	0	0	0	0	0	0	0	0	0	0	0	0	0	0	0
Feb 22 2023 18:06:44	-1.00000001505e+30	-1.00000001505e+30	-1.00000001505e+30	-1.00000002538e+26	-1.00000001505e+30	-1.00000001505e+30	79.3590698242	-	0	0	0	0	0	0	0	0	0	0	0	0	0	0	0	0	0	0	0	0	0	0	0	0	0	0	0	0	0	0	0	0	0	0	0	0	0	0	0	0	0	0	0	0	0	0	0	0	0	0	0	0	0	0	0	0	0	0	0	0
Feb 22 2023 18:06:45	6.18955802917	89.4998855591	96.6417617798	0.000545061950106	62.0246353149	9.3231420517	74.3565826416	-	0	0	0	0	0	0	0	0	0	0	0	0	0	0	0	0	9.42830467224	0	0	0	0	0	0	0	0	0	0.710242509842	1.85022854805	3.17007160187	4.31202888489	4.91378879547	4.74716758728	3.83642578125	2.4706158638	1.08004522324	0.0483502820134	0	0	0	0	0	0	0	0	63.4327278137	0	0	0	0	0	0	0	0	0	0	0	0	0	0	0
Feb 22 2023 18:06:46	1.29735410213	87.5537261963	96.1659393311	0.000461814575829	55.0936660767	7.13379573822	71.3502502441	-	0	0	0	0	0	0	0	0	0	0	0	0	0	0	0	0	13.2648067474	0	0	0	0	0	0	0	0	0.305483192205	0.988800823689	1.94753682613	3.06000232697	4.13354063034	4.93065214157	5.21240997314	4.81174850464	3.71588253975	2.11432981491	0.390831142664	0	0	0	0	0	0	0	0	55.1239738464	0	0	0	0	0	0	0	0	0	0	0	0	0	0	0
Feb 22 2023 18:06:47	-1.00000001505e+30	-1.00000001505e+30	-1.00000001505e+30	-1.00000002538e+26	-1.00000001505e+30	-1.00000001505e+30	73.3245620728	-	0	0	0	0	0	0	0	0	0	0	0	0	0	0	0	0	0	0	0	0	0	0	0	0	0	0	0	0	0	0	0	0	0	0	0	0	0	0	0	0	0	0	0	0	0	0	0	0	0	0	0	0	0	0	0	0	0	0	0	0
Feb 22 2023 18:06:48	1.30369436741	88.9050064087	96.41847229	0.000740476883948	58.5214309692	7.60982036591	60.0820426941	-	0	0	0	0	0	0	0	0	0	0	0	0	0	0	0	0	12.5852804184	1.94397731419e-12	0	0	0	0	0	0	0	0.0245472714305	0.607999324799	1.51368439198	2.63621425629	3.76955485344	4.63779687881	4.9592218399	4.5484380722	3.42000508308	1.82904958725	0.220738604665	0	0	0	0	0	0	0	0	59.2474708557	0	0	0	0	0	0	0	0	0	0	0	0	0	0	0
Feb 22 2023 18:06:49	1.28698861599	89.1291427612	96.5027160645	0.000588716822676	59.6345596313	6.99552106857	63.6769065857	-	0	0	0	0	0	0	0	0	0	0	0	0	0	0	0	0	14.5582151413	0	0	0	0	0	0	0	0	0	0.145701020956	0.780378043652	1.79847574234	3.05376195908	4.21357250214	4.84287309647	4.59691762924	3.43905234337	1.72709548473	0.0828236490488	0	0	0	0	0	0	0	0	60.7611312866	0	0	0	0	0	0	0	0	0	0	0	0	0	0	0
Feb 22 2023 18:06:50	1.31189036369	89.9614028931	96.8143234253	0.000476826477097	64.7367401123	8.31532859802	73.8562316895	-	0	0	0	0	0	0	0	0	0	0	0	0	0	0	0	0	11.8076992035	1.1479906652e-12	0	0	0	0	0	0	0	0	0	0.694705665112	2.15596866608	3.87202167511	4.90068864822	4.56700468063	3.10770177841	1.44851112366	0.357955396175	0	0	0	0	0	0	0	0	0	67.0877380371	0	0	0	0	0	0	0	0	0	0	0	0	0	0	0
Feb 22 2023 18:06:51	1.28042888641	87.9601898193	96.234588623	0.000866188143846	55.5471572876	6.41703033447	48.7648086548	-	0	0	0	0	0	0	0	0	0	0	0	0	0	0	0	0	15.5223579407	0	0	0	0	0	0	0	0	0.09411547333	0.764407753944	1.82549417019	3.11145997047	4.31048107147	5.05205965042	5.04068994522	4.20102977753	2.75186944008	1.13797461987	0	0	0	0	0	0	0	0	0	56.1880569458	0	0	0	0	0	0	0	0	0	0	0	0	0	0	0
Feb 22 2023 18:06:52	1.29539120197	89.1749343872	96.5199127197	0.000476183922729	59.8022346497	7.31825971603	70.8387680054	-	0	0	0	0	0	0	0	0	0	0	0	0	0	0	0	0	13.4910535812	0	0	0	0	0	0	0	0	0	0.372175842524	1.23476397991	2.47417473793	3.79790592194	4.75175666809	4.91202878952	4.13141822815	2.67075610161	1.0845195055	0	0	0	0	0	0	0	0	0	61.0794487	0	0	0	0	0	0	0	0	0	0	0	0	0	0	0
Feb 22 2023 18:06:53	1.29956400394	89.8558349609	96.7749023438	0.000518635031767	63.8153610229	7.68449687958	69.8038787842	-	0	0	0	0	0	0	0	0	0	0	0	0	0	0	0	0	13.0193967819	0	0	0	0	0	0	0	0	0	0.0331564955413	0.82516258955	2.44293761253	4.27618122101	5.12665987015	4.34713077545	2.5663626194	0.975852549076	0.170407891273	0	0	0	0	0	0	0	0	0	66.2167510986	0	0	0	0	0	0	0	0	0	0	0	0	0	0	0
Feb 22 2023 18:06:54	1.34620010853	90.4284515381	96.9883728027	0.000595442019403	67.7109069824	8.87243747711	70.5521774292	-	0	0	0	0	0	0	0	0	0	0	0	0	0	0	0	0	10.5561094284	0	0	0	0	0	0	0	0	0	0	3.14467334747	5.95205688477	5.16539812088	2.7642352581	0.959768414497	0.211388647556	0.0262464862317	0.000883361557499	0	0	0	0	0	0	0	0	0	71.2192459106	0	0	0	0	0	0	0	0	0	0	0	0	0	0	0
Feb 22 2023 18:06:55	6.38002872467	90.6790161133	97.0815048218	0.000917006458621	69.5727462769	9.41644763947	60.7667388916	-	0	0	0	0	0	0	0	0	0	0	0	0	0	0	0	0	9.48429965973	0	0	0	0	0	0	0	0	0	0	8.30646133423	8.19054603577	0.37341812253	0.00262613059022	3.40541987498e-06	6.9876909814e-10	1.11030696559e-14	4.22474640754e-28	0	0	0	0	0	0	0	0	0	73.6426467896	0	0	0	0	0	0	0	0	0	0	0	0	0	0	0
Feb 22 2023 18:06:56	-1.00000001505e+30	-1.00000001505e+30	-1.00000001505e+30	-1.00000002538e+26	-1.00000001505e+30	-1.00000001505e+30	73.7835922241	-	0	0	0	0	0	0	0	0	0	0	0	0	0	0	0	0	0	0	0	0	0	0	0	0	0	0	0	0	0	0	0	0	0	0	0	0	0	0	0	0	0	0	0	0	0	0	0	0	0	0	0	0	0	0	0	0	0	0	0	0
Feb 22 2023 18:06:57	-1.00000001505e+30	-1.00000001505e+30	-1.00000001505e+30	-1.00000002538e+26	-1.00000001505e+30	-1.00000001505e+30	99.9215087891	-	0	0	0	0	0	0	0	0	0	0	0	0	0	0	0	0	0	0	0	0	0	0	0	0	0	0	0	0	0	0	0	0	0	0	0	0	0	0	0	0	0	0	0	0	0	0	0	0	0	0	0	0	0	0	0	0	0	0	0	0
Feb 22 2023 18:06:58	-1.00000001505e+30	-1.00000001505e+30	-1.00000001505e+30	-1.00000002538e+26	-1.00000001505e+30	-1.00000001505e+30	99.9890823364	-	0	0	0	0	0	0	0	0	0	0	0	0	0	0	0	0	0	0	0	0	0	0	0	0	0	0	0	0	0	0	0	0	0	0	0	0	0	0	0	0	0	0	0	0	0	0	0	0	0	0	0	0	0	0	0	0	0	0	0	0
Feb 22 2023 18:06:59	-1.00000001505e+30	-1.00000001505e+30	-1.00000001505e+30	-1.00000002538e+26	-1.00000001505e+30	-1.00000001505e+30	99.957321167	-	0	0	0	0	0	0	0	0	0	0	0	0	0	0	0	0	0	0	0	0	0	0	0	0	0	0	0	0	0	0	0	0	0	0	0	0	0	0	0	0	0	0	0	0	0	0	0	0	0	0	0	0	0	0	0	0	0	0	0	0
Feb 22 2023 18:07:00	-1.00000001505e+30	-1.00000001505e+30	-1.00000001505e+30	-1.00000002538e+26	-1.00000001505e+30	-1.00000001505e+30	100.012039185	-	0	0	0	0	0	0	0	0	0	0	0	0	0	0	0	0	0	0	0	0	0	0	0	0	0	0	0	0	0	0	0	0	0	0	0	0	0	0	0	0	0	0	0	0	0	0	0	0	0	0	0	0	0	0	0	0	0	0	0	0
Feb 22 2023 18:07:01	-1.00000001505e+30	-1.00000001505e+30	-1.00000001505e+30	-1.00000002538e+26	-1.00000001505e+30	-1.00000001505e+30	99.9825057983	-	0	0	0	0	0	0	0	0	0	0	0	0	0	0	0	0	0	0	0	0	0	0	0	0	0	0	0	0	0	0	0	0	0	0	0	0	0	0	0	0	0	0	0	0	0	0	0	0	0	0	0	0	0	0	0	0	0	0	0	0
Feb 22 2023 18:07:02	-1.00000001505e+30	-1.00000001505e+30	-1.00000001505e+30	-1.00000002538e+26	-1.00000001505e+30	-1.00000001505e+30	99.9320144653	-	0	0	0	0	0	0	0	0	0	0	0	0	0	0	0	0	0	0	0	0	0	0	0	0	0	0	0	0	0	0	0	0	0	0	0	0	0	0	0	0	0	0	0	0	0	0	0	0	0	0	0	0	0	0	0	0	0	0	0	0
Feb 22 2023 18:07:03	-1.00000001505e+30	-1.00000001505e+30	-1.00000001505e+30	-1.00000002538e+26	-1.00000001505e+30	-1.00000001505e+30	99.9732131958	-	0	0	0	0	0	0	0	0	0	0	0	0	0	0	0	0	0	0	0	0	0	0	0	0	0	0	0	0	0	0	0	0	0	0	0	0	0	0	0	0	0	0	0	0	0	0	0	0	0	0	0	0	0	0	0	0	0	0	0	0
Feb 22 2023 18:07:04	-1.00000001505e+30	-1.00000001505e+30	-1.00000001505e+30	-1.00000002538e+26	-1.00000001505e+30	-1.00000001505e+30	99.8239059448	-	0	0	0	0	0	0	0	0	0	0	0	0	0	0	0	0	0	0	0	0	0	0	0	0	0	0	0	0	0	0	0	0	0	0	0	0	0	0	0	0	0	0	0	0	0	0	0	0	0	0	0	0	0	0	0	0	0	0	0	0
Feb 22 2023 18:07:05	-1.00000001505e+30	-1.00000001505e+30	-1.00000001505e+30	-1.00000002538e+26	-1.00000001505e+30	-1.00000001505e+30	99.8817672729	-	0	0	0	0	0	0	0	0	0	0	0	0	0	0	0	0	0	0	0	0	0	0	0	0	0	0	0	0	0	0	0	0	0	0	0	0	0	0	0	0	0	0	0	0	0	0	0	0	0	0	0	0	0	0	0	0	0	0	0	0
Feb 22 2023 18:07:06	-1.00000001505e+30	-1.00000001505e+30	-1.00000001505e+30	-1.00000002538e+26	-1.00000001505e+30	-1.00000001505e+30	99.9797515869	-	0	0	0	0	0	0	0	0	0	0	0	0	0	0	0	0	0	0	0	0	0	0	0	0	0	0	0	0	0	0	0	0	0	0	0	0	0	0	0	0	0	0	0	0	0	0	0	0	0	0	0	0	0	0	0	0	0	0	0	0
Feb 22 2023 18:07:07	-1.00000001505e+30	-1.00000001505e+30	-1.00000001505e+30	-1.00000002538e+26	-1.00000001505e+30	-1.00000001505e+30	99.9750213623	-	0	0	0	0	0	0	0	0	0	0	0	0	0	0	0	0	0	0	0	0	0	0	0	0	0	0	0	0	0	0	0	0	0	0	0	0	0	0	0	0	0	0	0	0	0	0	0	0	0	0	0	0	0	0	0	0	0	0	0	0
Feb 22 2023 18:07:08	-1.00000001505e+30	-1.00000001505e+30	-1.00000001505e+30	-1.00000002538e+26	-1.00000001505e+30	-1.00000001505e+30	99.9643478394	-	0	0	0	0	0	0	0	0	0	0	0	0	0	0	0	0	0	0	0	0	0	0	0	0	0	0	0	0	0	0	0	0	0	0	0	0	0	0	0	0	0	0	0	0	0	0	0	0	0	0	0	0	0	0	0	0	0	0	0	0
Feb 22 2023 18:07:09	-1.00000001505e+30	-1.00000001505e+30	-1.00000001505e+30	-1.00000002538e+26	-1.00000001505e+30	-1.00000001505e+30	99.9852676392	-	0	0	0	0	0	0	0	0	0	0	0	0	0	0	0	0	0	0	0	0	0	0	0	0	0	0	0	0	0	0	0	0	0	0	0	0	0	0	0	0	0	0	0	0	0	0	0	0	0	0	0	0	0	0	0	0	0	0	0	0
Feb 22 2023 18:07:10	-1.00000001505e+30	-1.00000001505e+30	-1.00000001505e+30	-1.00000002538e+26	-1.00000001505e+30	-1.00000001505e+30	99.9936065674	-	0	0	0	0	0	0	0	0	0	0	0	0	0	0	0	0	0	0	0	0	0	0	0	0	0	0	0	0	0	0	0	0	0	0	0	0	0	0	0	0	0	0	0	0	0	0	0	0	0	0	0	0	0	0	0	0	0	0	0	0
Feb 22 2023 18:07:11	-1.00000001505e+30	-1.00000001505e+30	-1.00000001505e+30	-1.00000002538e+26	-1.00000001505e+30	-1.00000001505e+30	99.9975967407	-	0	0	0	0	0	0	0	0	0	0	0	0	0	0	0	0	0	0	0	0	0	0	0	0	0	0	0	0	0	0	0	0	0	0	0	0	0	0	0	0	0	0	0	0	0	0	0	0	0	0	0	0	0	0	0	0	0	0	0	0
Feb 22 2023 18:07:12	-1.00000001505e+30	-1.00000001505e+30	-1.00000001505e+30	-1.00000002538e+26	-1.00000001505e+30	-1.00000001505e+30	99.9954071045	-	0	0	0	0	0	0	0	0	0	0	0	0	0	0	0	0	0	0	0	0	0	0	0	0	0	0	0	0	0	0	0	0	0	0	0	0	0	0	0	0	0	0	0	0	0	0	0	0	0	0	0	0	0	0	0	0	0	0	0	0
Feb 22 2023 18:07:13	-1.00000001505e+30	-1.00000001505e+30	-1.00000001505e+30	-1.00000002538e+26	-1.00000001505e+30	-1.00000001505e+30	100.004302979	-	0	0	0	0	0	0	0	0	0	0	0	0	0	0	0	0	0	0	0	0	0	0	0	0	0	0	0	0	0	0	0	0	0	0	0	0	0	0	0	0	0	0	0	0	0	0	0	0	0	0	0	0	0	0	0	0	0	0	0	0
Feb 22 2023 18:07:14	-1.00000001505e+30	-1.00000001505e+30	-1.00000001505e+30	-1.00000002538e+26	-1.00000001505e+30	-1.00000001505e+30	100.00920105	-	0	0	0	0	0	0	0	0	0	0	0	0	0	0	0	0	0	0	0	0	0	0	0	0	0	0	0	0	0	0	0	0	0	0	0	0	0	0	0	0	0	0	0	0	0	0	0	0	0	0	0	0	0	0	0	0	0	0	0	0
Feb 22 2023 18:07:15	-1.00000001505e+30	-1.00000001505e+30	-1.00000001505e+30	-1.00000002538e+26	-1.00000001505e+30	-1.00000001505e+30	99.9708557129	-	0	0	0	0	0	0	0	0	0	0	0	0	0	0	0	0	0	0	0	0	0	0	0	0	0	0	0	0	0	0	0	0	0	0	0	0	0	0	0	0	0	0	0	0	0	0	0	0	0	0	0	0	0	0	0	0	0	0	0	0
Feb 22 2023 18:07:16	-1.00000001505e+30	-1.00000001505e+30	-1.00000001505e+30	-1.00000002538e+26	-1.00000001505e+30	-1.00000001505e+30	99.9711380005	-	0	0	0	0	0	0	0	0	0	0	0	0	0	0	0	0	0	0	0	0	0	0	0	0	0	0	0	0	0	0	0	0	0	0	0	0	0	0	0	0	0	0	0	0	0	0	0	0	0	0	0	0	0	0	0	0	0	0	0	0
Feb 22 2023 18:07:17	-1.00000001505e+30	-1.00000001505e+30	-1.00000001505e+30	-1.00000002538e+26	-1.00000001505e+30	-1.00000001505e+30	100.009559631	-	0	0	0	0	0	0	0	0	0	0	0	0	0	0	0	0	0	0	0	0	0	0	0	0	0	0	0	0	0	0	0	0	0	0	0	0	0	0	0	0	0	0	0	0	0	0	0	0	0	0	0	0	0	0	0	0	0	0	0	0
Feb 22 2023 18:07:18	-1.00000001505e+30	-1.00000001505e+30	-1.00000001505e+30	-1.00000002538e+26	-1.00000001505e+30	-1.00000001505e+30	100.029823303	-	0	0	0	0	0	0	0	0	0	0	0	0	0	0	0	0	0	0	0	0	0	0	0	0	0	0	0	0	0	0	0	0	0	0	0	0	0	0	0	0	0	0	0	0	0	0	0	0	0	0	0	0	0	0	0	0	0	0	0	0
