Date-Time	Dx(10)	Dx(50)	Dx(90)	Cv(%)	D[4][3]	D[3][2]	Transmission	0.10000020	0.11659167	0.13593590	0.15848963	0.18478534	0.21544389	0.25118914	0.29286504	0.34145555	0.39810795	0.46415979	0.54117060	0.63095856	0.73564368	0.85769761	1.00000191	1.16591668	1.35935903	1.58489633	1.84785342	2.15443897	2.51189137	2.92865038	3.41455555	3.98107958	4.64159775	5.41170597	6.30958605	7.35643721	8.57697582	10.00002003	11.65916729	13.59359074	15.84896278	18.47853470	21.54438972	25.11891365	29.28650284	34.14555740	39.81079483	46.41598129	54.11705780	63.09585953	73.56436920	85.76976013	100.00019836	116.59166718	135.93591309	158.48962402	184.78533936	215.44389343	251.18913269	292.86502075	341.45556641	398.10794067	464.15979004	541.17059326	630.95855713	735.64367676	857.69757080	1000.00195313
Feb 22 2023 18:03:26	-1.00000001505e+30	-1.00000001505e+30	-1.00000001505e+30	-1.00000002538e+26	-1.00000001505e+30	-1.00000001505e+30	87.7006759644	-	0	0	0	0	0	0	0	0	0	0	0	0	0	0	0	0	0	0	0	0	0	0	0	0	0	0	0	0	0	0	0	0	0	0	0	0	0	0	0	0	0	0	0	0	0	0	0	0	0	0	0	0	0	0	0	0	0	0	0	0
Feb 22 2023 18:03:27	-1.00000001505e+30	-1.00000001505e+30	-1.00000001505e+30	-1.00000002538e+26	-1.00000001505e+30	-1.00000001505e+30	85.7767333984	-	0	0	0	0	0	0	0	0	0	0	0	0	0	0	0	0	0	0	0	0	0	0	0	0	0	0	0	0	0	0	0	0	0	0	0	0	0	0	0	0	0	0	0	0	0	0	0	0	0	0	0	0	0	0	0	0	0	0	0	0
Feb 22 2023 18:03:28	-1.00000001505e+30	-1.00000001505e+30	-1.00000001505e+30	-1.00000002538e+26	-1.00000001505e+30	-1.00000001505e+30	99.0270385742	-	0	0	0	0	0	0	0	0	0	0	0	0	0	0	0	0	0	0	0	0	0	0	0	0	0	0	0	0	0	0	0	0	0	0	0	0	0	0	0	0	0	0	0	0	0	0	0	0	0	0	0	0	0	0	0	0	0	0	0	0
Feb 22 2023 18:03:29	-1.00000001505e+30	-1.00000001505e+30	-1.00000001505e+30	-1.00000002538e+26	-1.00000001505e+30	-1.00000001505e+30	88.2369537354	-	0	0	0	0	0	0	0	0	0	0	0	0	0	0	0	0	0	0	0	0	0	0	0	0	0	0	0	0	0	0	0	0	0	0	0	0	0	0	0	0	0	0	0	0	0	0	0	0	0	0	0	0	0	0	0	0	0	0	0	0
Feb 22 2023 18:03:30	-1.00000001505e+30	-1.00000001505e+30	-1.00000001505e+30	-1.00000002538e+26	-1.00000001505e+30	-1.00000001505e+30	84.0688323975	-	0	0	0	0	0	0	0	0	0	0	0	0	0	0	0	0	0	0	0	0	0	0	0	0	0	0	0	0	0	0	0	0	0	0	0	0	0	0	0	0	0	0	0	0	0	0	0	0	0	0	0	0	0	0	0	0	0	0	0	0
Feb 22 2023 18:03:31	-1.00000001505e+30	-1.00000001505e+30	-1.00000001505e+30	-1.00000002538e+26	-1.00000001505e+30	-1.00000001505e+30	77.5109710693	-	0	0	0	0	0	0	0	0	0	0	0	0	0	0	0	0	0	0	0	0	0	0	0	0	0	0	0	0	0	0	0	0	0	0	0	0	0	0	0	0	0	0	0	0	0	0	0	0	0	0	0	0	0	0	0	0	0	0	0	0
Feb 22 2023 18:03:32	-1.00000001505e+30	-1.00000001505e+30	-1.00000001505e+30	-1.00000002538e+26	-1.00000001505e+30	-1.00000001505e+30	77.1588821411	-	0	0	0	0	0	0	0	0	0	0	0	0	0	0	0	0	0	0	0	0	0	0	0	0	0	0	0	0	0	0	0	0	0	0	0	0	0	0	0	0	0	0	0	0	0	0	0	0	0	0	0	0	0	0	0	0	0	0	0	0
Feb 22 2023 18:03:33	-1.00000001505e+30	-1.00000001505e+30	-1.00000001505e+30	-1.00000002538e+26	-1.00000001505e+30	-1.00000001505e+30	73.3798370361	-	0	0	0	0	0	0	0	0	0	0	0	0	0	0	0	0	0	0	0	0	0	0	0	0	0	0	0	0	0	0	0	0	0	0	0	0	0	0	0	0	0	0	0	0	0	0	0	0	0	0	0	0	0	0	0	0	0	0	0	0
Feb 22 2023 18:03:34	-1.00000001505e+30	-1.00000001505e+30	-1.00000001505e+30	-1.00000002538e+26	-1.00000001505e+30	-1.00000001505e+30	75.0252456665	-	0	0	0	0	0	0	0	0	0	0	0	0	0	0	0	0	0	0	0	0	0	0	0	0	0	0	0	0	0	0	0	0	0	0	0	0	0	0	0	0	0	0	0	0	0	0	0	0	0	0	0	0	0	0	0	0	0	0	0	0
Feb 22 2023 18:03:35	-1.00000001505e+30	-1.00000001505e+30	-1.00000001505e+30	-1.00000002538e+26	-1.00000001505e+30	-1.00000001505e+30	77.3692092896	-	0	0	0	0	0	0	0	0	0	0	0	0	0	0	0	0	0	0	0	0	0	0	0	0	0	0	0	0	0	0	0	0	0	0	0	0	0	0	0	0	0	0	0	0	0	0	0	0	0	0	0	0	0	0	0	0	0	0	0	0
Feb 22 2023 18:03:36	-1.00000001505e+30	-1.00000001505e+30	-1.00000001505e+30	-1.00000002538e+26	-1.00000001505e+30	-1.00000001505e+30	75.1273117065	-	0	0	0	0	0	0	0	0	0	0	0	0	0	0	0	0	0	0	0	0	0	0	0	0	0	0	0	0	0	0	0	0	0	0	0	0	0	0	0	0	0	0	0	0	0	0	0	0	0	0	0	0	0	0	0	0	0	0	0	0
Feb 22 2023 18:03:37	-1.00000001505e+30	-1.00000001505e+30	-1.00000001505e+30	-1.00000002538e+26	-1.00000001505e+30	-1.00000001505e+30	73.4669113159	-	0	0	0	0	0	0	0	0	0	0	0	0	0	0	0	0	0	0	0	0	0	0	0	0	0	0	0	0	0	0	0	0	0	0	0	0	0	0	0	0	0	0	0	0	0	0	0	0	0	0	0	0	0	0	0	0	0	0	0	0
Feb 22 2023 18:03:38	-1.00000001505e+30	-1.00000001505e+30	-1.00000001505e+30	-1.00000002538e+26	-1.00000001505e+30	-1.00000001505e+30	77.0985565186	-	0	0	0	0	0	0	0	0	0	0	0	0	0	0	0	0	0	0	0	0	0	0	0	0	0	0	0	0	0	0	0	0	0	0	0	0	0	0	0	0	0	0	0	0	0	0	0	0	0	0	0	0	0	0	0	0	0	0	0	0
Feb 22 2023 18:03:39	-1.00000001505e+30	-1.00000001505e+30	-1.00000001505e+30	-1.00000002538e+26	-1.00000001505e+30	-1.00000001505e+30	83.998374939	-	0	0	0	0	0	0	0	0	0	0	0	0	0	0	0	0	0	0	0	0	0	0	0	0	0	0	0	0	0	0	0	0	0	0	0	0	0	0	0	0	0	0	0	0	0	0	0	0	0	0	0	0	0	0	0	0	0	0	0	0
Feb 22 2023 18:03:40	-1.00000001505e+30	-1.00000001505e+30	-1.00000001505e+30	-1.00000002538e+26	-1.00000001505e+30	-1.00000001505e+30	78.3356399536	-	0	0	0	0	0	0	0	0	0	0	0	0	0	0	0	0	0	0	0	0	0	0	0	0	0	0	0	0	0	0	0	0	0	0	0	0	0	0	0	0	0	0	0	0	0	0	0	0	0	0	0	0	0	0	0	0	0	0	0	0
Feb 22 2023 18:03:41	-1.00000001505e+30	-1.00000001505e+30	-1.00000001505e+30	-1.00000002538e+26	-1.00000001505e+30	-1.00000001505e+30	74.9499282837	-	0	0	0	0	0	0	0	0	0	0	0	0	0	0	0	0	0	0	0	0	0	0	0	0	0	0	0	0	0	0	0	0	0	0	0	0	0	0	0	0	0	0	0	0	0	0	0	0	0	0	0	0	0	0	0	0	0	0	0	0
Feb 22 2023 18:03:42	-1.00000001505e+30	-1.00000001505e+30	-1.00000001505e+30	-1.00000002538e+26	-1.00000001505e+30	-1.00000001505e+30	64.5388717651	-	0	0	0	0	0	0	0	0	0	0	0	0	0	0	0	0	0	0	0	0	0	0	0	0	0	0	0	0	0	0	0	0	0	0	0	0	0	0	0	0	0	0	0	0	0	0	0	0	0	0	0	0	0	0	0	0	0	0	0	0
Feb 22 2023 18:03:43	-1.00000001505e+30	-1.00000001505e+30	-1.00000001505e+30	-1.00000002538e+26	-1.00000001505e+30	-1.00000001505e+30	74.5903930664	-	0	0	0	0	0	0	0	0	0	0	0	0	0	0	0	0	0	0	0	0	0	0	0	0	0	0	0	0	0	0	0	0	0	0	0	0	0	0	0	0	0	0	0	0	0	0	0	0	0	0	0	0	0	0	0	0	0	0	0	0
Feb 22 2023 18:03:44	-1.00000001505e+30	-1.00000001505e+30	-1.00000001505e+30	-1.00000002538e+26	-1.00000001505e+30	-1.00000001505e+30	78.8558120728	-	0	0	0	0	0	0	0	0	0	0	0	0	0	0	0	0	0	0	0	0	0	0	0	0	0	0	0	0	0	0	0	0	0	0	0	0	0	0	0	0	0	0	0	0	0	0	0	0	0	0	0	0	0	0	0	0	0	0	0	0
Feb 22 2023 18:03:45	-1.00000001505e+30	-1.00000001505e+30	-1.00000001505e+30	-1.00000002538e+26	-1.00000001505e+30	-1.00000001505e+30	74.9189376831	-	0	0	0	0	0	0	0	0	0	0	0	0	0	0	0	0	0	0	0	0	0	0	0	0	0	0	0	0	0	0	0	0	0	0	0	0	0	0	0	0	0	0	0	0	0	0	0	0	0	0	0	0	0	0	0	0	0	0	0	0
Feb 22 2023 18:03:46	-1.00000001505e+30	-1.00000001505e+30	-1.00000001505e+30	-1.00000002538e+26	-1.00000001505e+30	-1.00000001505e+30	84.7338104248	-	0	0	0	0	0	0	0	0	0	0	0	0	0	0	0	0	0	0	0	0	0	0	0	0	0	0	0	0	0	0	0	0	0	0	0	0	0	0	0	0	0	0	0	0	0	0	0	0	0	0	0	0	0	0	0	0	0	0	0	0
Feb 22 2023 18:03:47	-1.00000001505e+30	-1.00000001505e+30	-1.00000001505e+30	-1.00000002538e+26	-1.00000001505e+30	-1.00000001505e+30	80.3432998657	-	0	0	0	0	0	0	0	0	0	0	0	0	0	0	0	0	0	0	0	0	0	0	0	0	0	0	0	0	0	0	0	0	0	0	0	0	0	0	0	0	0	0	0	0	0	0	0	0	0	0	0	0	0	0	0	0	0	0	0	0
Feb 22 2023 18:03:48	-1.00000001505e+30	-1.00000001505e+30	-1.00000001505e+30	-1.00000002538e+26	-1.00000001505e+30	-1.00000001505e+30	80.9557342529	-	0	0	0	0	0	0	0	0	0	0	0	0	0	0	0	0	0	0	0	0	0	0	0	0	0	0	0	0	0	0	0	0	0	0	0	0	0	0	0	0	0	0	0	0	0	0	0	0	0	0	0	0	0	0	0	0	0	0	0	0
Feb 22 2023 18:03:49	-1.00000001505e+30	-1.00000001505e+30	-1.00000001505e+30	-1.00000002538e+26	-1.00000001505e+30	-1.00000001505e+30	65.40234375	-	0	0	0	0	0	0	0	0	0	0	0	0	0	0	0	0	0	0	0	0	0	0	0	0	0	0	0	0	0	0	0	0	0	0	0	0	0	0	0	0	0	0	0	0	0	0	0	0	0	0	0	0	0	0	0	0	0	0	0	0
Feb 22 2023 18:03:50	-1.00000001505e+30	-1.00000001505e+30	-1.00000001505e+30	-1.00000002538e+26	-1.00000001505e+30	-1.00000001505e+30	77.9760513306	-	0	0	0	0	0	0	0	0	0	0	0	0	0	0	0	0	0	0	0	0	0	0	0	0	0	0	0	0	0	0	0	0	0	0	0	0	0	0	0	0	0	0	0	0	0	0	0	0	0	0	0	0	0	0	0	0	0	0	0	0
Feb 22 2023 18:03:51	-1.00000001505e+30	-1.00000001505e+30	-1.00000001505e+30	-1.00000002538e+26	-1.00000001505e+30	-1.00000001505e+30	70.3272094727	-	0	0	0	0	0	0	0	0	0	0	0	0	0	0	0	0	0	0	0	0	0	0	0	0	0	0	0	0	0	0	0	0	0	0	0	0	0	0	0	0	0	0	0	0	0	0	0	0	0	0	0	0	0	0	0	0	0	0	0	0
Feb 22 2023 18:03:52	-1.00000001505e+30	-1.00000001505e+30	-1.00000001505e+30	-1.00000002538e+26	-1.00000001505e+30	-1.00000001505e+30	65.9641113281	-	0	0	0	0	0	0	0	0	0	0	0	0	0	0	0	0	0	0	0	0	0	0	0	0	0	0	0	0	0	0	0	0	0	0	0	0	0	0	0	0	0	0	0	0	0	0	0	0	0	0	0	0	0	0	0	0	0	0	0	0
Feb 22 2023 18:03:53	-1.00000001505e+30	-1.00000001505e+30	-1.00000001505e+30	-1.00000002538e+26	-1.00000001505e+30	-1.00000001505e+30	62.741394043	-	0	0	0	0	0	0	0	0	0	0	0	0	0	0	0	0	0	0	0	0	0	0	0	0	0	0	0	0	0	0	0	0	0	0	0	0	0	0	0	0	0	0	0	0	0	0	0	0	0	0	0	0	0	0	0	0	0	0	0	0
Feb 22 2023 18:03:54	-1.00000001505e+30	-1.00000001505e+30	-1.00000001505e+30	-1.00000002538e+26	-1.00000001505e+30	-1.00000001505e+30	63.2643814087	-	0	0	0	0	0	0	0	0	0	0	0	0	0	0	0	0	0	0	0	0	0	0	0	0	0	0	0	0	0	0	0	0	0	0	0	0	0	0	0	0	0	0	0	0	0	0	0	0	0	0	0	0	0	0	0	0	0	0	0	0
Feb 22 2023 18:03:55	-1.00000001505e+30	-1.00000001505e+30	-1.00000001505e+30	-1.00000002538e+26	-1.00000001505e+30	-1.00000001505e+30	61.3425750732	-	0	0	0	0	0	0	0	0	0	0	0	0	0	0	0	0	0	0	0	0	0	0	0	0	0	0	0	0	0	0	0	0	0	0	0	0	0	0	0	0	0	0	0	0	0	0	0	0	0	0	0	0	0	0	0	0	0	0	0	0
Feb 22 2023 18:03:56	-1.00000001505e+30	-1.00000001505e+30	-1.00000001505e+30	-1.00000002538e+26	-1.00000001505e+30	-1.00000001505e+30	57.8332176208	-	0	0	0	0	0	0	0	0	0	0	0	0	0	0	0	0	0	0	0	0	0	0	0	0	0	0	0	0	0	0	0	0	0	0	0	0	0	0	0	0	0	0	0	0	0	0	0	0	0	0	0	0	0	0	0	0	0	0	0	0
Feb 22 2023 18:03:57	-1.00000001505e+30	-1.00000001505e+30	-1.00000001505e+30	-1.00000002538e+26	-1.00000001505e+30	-1.00000001505e+30	64.2565155029	-	0	0	0	0	0	0	0	0	0	0	0	0	0	0	0	0	0	0	0	0	0	0	0	0	0	0	0	0	0	0	0	0	0	0	0	0	0	0	0	0	0	0	0	0	0	0	0	0	0	0	0	0	0	0	0	0	0	0	0	0
Feb 22 2023 18:03:58	-1.00000001505e+30	-1.00000001505e+30	-1.00000001505e+30	-1.00000002538e+26	-1.00000001505e+30	-1.00000001505e+30	69.0671386719	-	0	0	0	0	0	0	0	0	0	0	0	0	0	0	0	0	0	0	0	0	0	0	0	0	0	0	0	0	0	0	0	0	0	0	0	0	0	0	0	0	0	0	0	0	0	0	0	0	0	0	0	0	0	0	0	0	0	0	0	0
Feb 22 2023 18:03:59	-1.00000001505e+30	-1.00000001505e+30	-1.00000001505e+30	-1.00000002538e+26	-1.00000001505e+30	-1.00000001505e+30	77.743057251	-	0	0	0	0	0	0	0	0	0	0	0	0	0	0	0	0	0	0	0	0	0	0	0	0	0	0	0	0	0	0	0	0	0	0	0	0	0	0	0	0	0	0	0	0	0	0	0	0	0	0	0	0	0	0	0	0	0	0	0	0
Feb 22 2023 18:04:00	-1.00000001505e+30	-1.00000001505e+30	-1.00000001505e+30	-1.00000002538e+26	-1.00000001505e+30	-1.00000001505e+30	89.1609954834	-	0	0	0	0	0	0	0	0	0	0	0	0	0	0	0	0	0	0	0	0	0	0	0	0	0	0	0	0	0	0	0	0	0	0	0	0	0	0	0	0	0	0	0	0	0	0	0	0	0	0	0	0	0	0	0	0	0	0	0	0
Feb 22 2023 18:04:01	-1.00000001505e+30	-1.00000001505e+30	-1.00000001505e+30	-1.00000002538e+26	-1.00000001505e+30	-1.00000001505e+30	85.9540863037	-	0	0	0	0	0	0	0	0	0	0	0	0	0	0	0	0	0	0	0	0	0	0	0	0	0	0	0	0	0	0	0	0	0	0	0	0	0	0	0	0	0	0	0	0	0	0	0	0	0	0	0	0	0	0	0	0	0	0	0	0
Feb 22 2023 18:04:02	-1.00000001505e+30	-1.00000001505e+30	-1.00000001505e+30	-1.00000002538e+26	-1.00000001505e+30	-1.00000001505e+30	82.6749649048	-	0	0	0	0	0	0	0	0	0	0	0	0	0	0	0	0	0	0	0	0	0	0	0	0	0	0	0	0	0	0	0	0	0	0	0	0	0	0	0	0	0	0	0	0	0	0	0	0	0	0	0	0	0	0	0	0	0	0	0	0
Feb 22 2023 18:04:03	-1.00000001505e+30	-1.00000001505e+30	-1.00000001505e+30	-1.00000002538e+26	-1.00000001505e+30	-1.00000001505e+30	81.5655517578	-	0	0	0	0	0	0	0	0	0	0	0	0	0	0	0	0	0	0	0	0	0	0	0	0	0	0	0	0	0	0	0	0	0	0	0	0	0	0	0	0	0	0	0	0	0	0	0	0	0	0	0	0	0	0	0	0	0	0	0	0
Feb 22 2023 18:04:04	-1.00000001505e+30	-1.00000001505e+30	-1.00000001505e+30	-1.00000002538e+26	-1.00000001505e+30	-1.00000001505e+30	66.6594238281	-	0	0	0	0	0	0	0	0	0	0	0	0	0	0	0	0	0	0	0	0	0	0	0	0	0	0	0	0	0	0	0	0	0	0	0	0	0	0	0	0	0	0	0	0	0	0	0	0	0	0	0	0	0	0	0	0	0	0	0	0
Feb 22 2023 18:04:05	-1.00000001505e+30	-1.00000001505e+30	-1.00000001505e+30	-1.00000002538e+26	-1.00000001505e+30	-1.00000001505e+30	64.989982605	-	0	0	0	0	0	0	0	0	0	0	0	0	0	0	0	0	0	0	0	0	0	0	0	0	0	0	0	0	0	0	0	0	0	0	0	0	0	0	0	0	0	0	0	0	0	0	0	0	0	0	0	0	0	0	0	0	0	0	0	0
Feb 22 2023 18:04:06	-1.00000001505e+30	-1.00000001505e+30	-1.00000001505e+30	-1.00000002538e+26	-1.00000001505e+30	-1.00000001505e+30	74.1903152466	-	0	0	0	0	0	0	0	0	0	0	0	0	0	0	0	0	0	0	0	0	0	0	0	0	0	0	0	0	0	0	0	0	0	0	0	0	0	0	0	0	0	0	0	0	0	0	0	0	0	0	0	0	0	0	0	0	0	0	0	0
Feb 22 2023 18:04:07	-1.00000001505e+30	-1.00000001505e+30	-1.00000001505e+30	-1.00000002538e+26	-1.00000001505e+30	-1.00000001505e+30	73.3838043213	-	0	0	0	0	0	0	0	0	0	0	0	0	0	0	0	0	0	0	0	0	0	0	0	0	0	0	0	0	0	0	0	0	0	0	0	0	0	0	0	0	0	0	0	0	0	0	0	0	0	0	0	0	0	0	0	0	0	0	0	0
Feb 22 2023 18:04:08	-1.00000001505e+30	-1.00000001505e+30	-1.00000001505e+30	-1.00000002538e+26	-1.00000001505e+30	-1.00000001505e+30	77.0784301758	-	0	0	0	0	0	0	0	0	0	0	0	0	0	0	0	0	0	0	0	0	0	0	0	0	0	0	0	0	0	0	0	0	0	0	0	0	0	0	0	0	0	0	0	0	0	0	0	0	0	0	0	0	0	0	0	0	0	0	0	0
Feb 22 2023 18:04:09	-1.00000001505e+30	-1.00000001505e+30	-1.00000001505e+30	-1.00000002538e+26	-1.00000001505e+30	-1.00000001505e+30	72.9538879395	-	0	0	0	0	0	0	0	0	0	0	0	0	0	0	0	0	0	0	0	0	0	0	0	0	0	0	0	0	0	0	0	0	0	0	0	0	0	0	0	0	0	0	0	0	0	0	0	0	0	0	0	0	0	0	0	0	0	0	0	0
Feb 22 2023 18:04:10	-1.00000001505e+30	-1.00000001505e+30	-1.00000001505e+30	-1.00000002538e+26	-1.00000001505e+30	-1.00000001505e+30	65.210357666	-	0	0	0	0	0	0	0	0	0	0	0	0	0	0	0	0	0	0	0	0	0	0	0	0	0	0	0	0	0	0	0	0	0	0	0	0	0	0	0	0	0	0	0	0	0	0	0	0	0	0	0	0	0	0	0	0	0	0	0	0
Feb 22 2023 18:04:11	-1.00000001505e+30	-1.00000001505e+30	-1.00000001505e+30	-1.00000002538e+26	-1.00000001505e+30	-1.00000001505e+30	75.0024185181	-	0	0	0	0	0	0	0	0	0	0	0	0	0	0	0	0	0	0	0	0	0	0	0	0	0	0	0	0	0	0	0	0	0	0	0	0	0	0	0	0	0	0	0	0	0	0	0	0	0	0	0	0	0	0	0	0	0	0	0	0
Feb 22 2023 18:04:12	-1.00000001505e+30	-1.00000001505e+30	-1.00000001505e+30	-1.00000002538e+26	-1.00000001505e+30	-1.00000001505e+30	77.57371521	-	0	0	0	0	0	0	0	0	0	0	0	0	0	0	0	0	0	0	0	0	0	0	0	0	0	0	0	0	0	0	0	0	0	0	0	0	0	0	0	0	0	0	0	0	0	0	0	0	0	0	0	0	0	0	0	0	0	0	0	0
Feb 22 2023 18:04:13	-1.00000001505e+30	-1.00000001505e+30	-1.00000001505e+30	-1.00000002538e+26	-1.00000001505e+30	-1.00000001505e+30	78.3249282837	-	0	0	0	0	0	0	0	0	0	0	0	0	0	0	0	0	0	0	0	0	0	0	0	0	0	0	0	0	0	0	0	0	0	0	0	0	0	0	0	0	0	0	0	0	0	0	0	0	0	0	0	0	0	0	0	0	0	0	0	0
Feb 22 2023 18:04:14	-1.00000001505e+30	-1.00000001505e+30	-1.00000001505e+30	-1.00000002538e+26	-1.00000001505e+30	-1.00000001505e+30	76.4168167114	-	0	0	0	0	0	0	0	0	0	0	0	0	0	0	0	0	0	0	0	0	0	0	0	0	0	0	0	0	0	0	0	0	0	0	0	0	0	0	0	0	0	0	0	0	0	0	0	0	0	0	0	0	0	0	0	0	0	0	0	0
Feb 22 2023 18:04:15	-1.00000001505e+30	-1.00000001505e+30	-1.00000001505e+30	-1.00000002538e+26	-1.00000001505e+30	-1.00000001505e+30	78.9631729126	-	0	0	0	0	0	0	0	0	0	0	0	0	0	0	0	0	0	0	0	0	0	0	0	0	0	0	0	0	0	0	0	0	0	0	0	0	0	0	0	0	0	0	0	0	0	0	0	0	0	0	0	0	0	0	0	0	0	0	0	0
Feb 22 2023 18:04:16	-1.00000001505e+30	-1.00000001505e+30	-1.00000001505e+30	-1.00000002538e+26	-1.00000001505e+30	-1.00000001505e+30	71.7702713013	-	0	0	0	0	0	0	0	0	0	0	0	0	0	0	0	0	0	0	0	0	0	0	0	0	0	0	0	0	0	0	0	0	0	0	0	0	0	0	0	0	0	0	0	0	0	0	0	0	0	0	0	0	0	0	0	0	0	0	0	0
Feb 22 2023 18:04:17	-1.00000001505e+30	-1.00000001505e+30	-1.00000001505e+30	-1.00000002538e+26	-1.00000001505e+30	-1.00000001505e+30	83.5523910522	-	0	0	0	0	0	0	0	0	0	0	0	0	0	0	0	0	0	0	0	0	0	0	0	0	0	0	0	0	0	0	0	0	0	0	0	0	0	0	0	0	0	0	0	0	0	0	0	0	0	0	0	0	0	0	0	0	0	0	0	0
Feb 22 2023 18:04:18	-1.00000001505e+30	-1.00000001505e+30	-1.00000001505e+30	-1.00000002538e+26	-1.00000001505e+30	-1.00000001505e+30	77.6508026123	-	0	0	0	0	0	0	0	0	0	0	0	0	0	0	0	0	0	0	0	0	0	0	0	0	0	0	0	0	0	0	0	0	0	0	0	0	0	0	0	0	0	0	0	0	0	0	0	0	0	0	0	0	0	0	0	0	0	0	0	0
Feb 22 2023 18:04:19	-1.00000001505e+30	-1.00000001505e+30	-1.00000001505e+30	-1.00000002538e+26	-1.00000001505e+30	-1.00000001505e+30	68.0598754883	-	0	0	0	0	0	0	0	0	0	0	0	0	0	0	0	0	0	0	0	0	0	0	0	0	0	0	0	0	0	0	0	0	0	0	0	0	0	0	0	0	0	0	0	0	0	0	0	0	0	0	0	0	0	0	0	0	0	0	0	0
Feb 22 2023 18:04:20	-1.00000001505e+30	-1.00000001505e+30	-1.00000001505e+30	-1.00000002538e+26	-1.00000001505e+30	-1.00000001505e+30	80.5791702271	-	0	0	0	0	0	0	0	0	0	0	0	0	0	0	0	0	0	0	0	0	0	0	0	0	0	0	0	0	0	0	0	0	0	0	0	0	0	0	0	0	0	0	0	0	0	0	0	0	0	0	0	0	0	0	0	0	0	0	0	0
Feb 22 2023 18:04:21	-1.00000001505e+30	-1.00000001505e+30	-1.00000001505e+30	-1.00000002538e+26	-1.00000001505e+30	-1.00000001505e+30	84.4618988037	-	0	0	0	0	0	0	0	0	0	0	0	0	0	0	0	0	0	0	0	0	0	0	0	0	0	0	0	0	0	0	0	0	0	0	0	0	0	0	0	0	0	0	0	0	0	0	0	0	0	0	0	0	0	0	0	0	0	0	0	0
Feb 22 2023 18:04:22	-1.00000001505e+30	-1.00000001505e+30	-1.00000001505e+30	-1.00000002538e+26	-1.00000001505e+30	-1.00000001505e+30	80.5570373535	-	0	0	0	0	0	0	0	0	0	0	0	0	0	0	0	0	0	0	0	0	0	0	0	0	0	0	0	0	0	0	0	0	0	0	0	0	0	0	0	0	0	0	0	0	0	0	0	0	0	0	0	0	0	0	0	0	0	0	0	0
Feb 22 2023 18:04:23	-1.00000001505e+30	-1.00000001505e+30	-1.00000001505e+30	-1.00000002538e+26	-1.00000001505e+30	-1.00000001505e+30	81.4410552979	-	0	0	0	0	0	0	0	0	0	0	0	0	0	0	0	0	0	0	0	0	0	0	0	0	0	0	0	0	0	0	0	0	0	0	0	0	0	0	0	0	0	0	0	0	0	0	0	0	0	0	0	0	0	0	0	0	0	0	0	0
Feb 22 2023 18:04:24	-1.00000001505e+30	-1.00000001505e+30	-1.00000001505e+30	-1.00000002538e+26	-1.00000001505e+30	-1.00000001505e+30	83.5930709839	-	0	0	0	0	0	0	0	0	0	0	0	0	0	0	0	0	0	0	0	0	0	0	0	0	0	0	0	0	0	0	0	0	0	0	0	0	0	0	0	0	0	0	0	0	0	0	0	0	0	0	0	0	0	0	0	0	0	0	0	0
Feb 22 2023 18:04:25	-1.00000001505e+30	-1.00000001505e+30	-1.00000001505e+30	-1.00000002538e+26	-1.00000001505e+30	-1.00000001505e+30	80.8445892334	-	0	0	0	0	0	0	0	0	0	0	0	0	0	0	0	0	0	0	0	0	0	0	0	0	0	0	0	0	0	0	0	0	0	0	0	0	0	0	0	0	0	0	0	0	0	0	0	0	0	0	0	0	0	0	0	0	0	0	0	0
Feb 22 2023 18:04:26	-1.00000001505e+30	-1.00000001505e+30	-1.00000001505e+30	-1.00000002538e+26	-1.00000001505e+30	-1.00000001505e+30	68.5197906494	-	0	0	0	0	0	0	0	0	0	0	0	0	0	0	0	0	0	0	0	0	0	0	0	0	0	0	0	0	0	0	0	0	0	0	0	0	0	0	0	0	0	0	0	0	0	0	0	0	0	0	0	0	0	0	0	0	0	0	0	0
Feb 22 2023 18:04:27	-1.00000001505e+30	-1.00000001505e+30	-1.00000001505e+30	-1.00000002538e+26	-1.00000001505e+30	-1.00000001505e+30	77.1096420288	-	0	0	0	0	0	0	0	0	0	0	0	0	0	0	0	0	0	0	0	0	0	0	0	0	0	0	0	0	0	0	0	0	0	0	0	0	0	0	0	0	0	0	0	0	0	0	0	0	0	0	0	0	0	0	0	0	0	0	0	0
Feb 22 2023 18:04:28	-1.00000001505e+30	-1.00000001505e+30	-1.00000001505e+30	-1.00000002538e+26	-1.00000001505e+30	-1.00000001505e+30	83.9723587036	-	0	0	0	0	0	0	0	0	0	0	0	0	0	0	0	0	0	0	0	0	0	0	0	0	0	0	0	0	0	0	0	0	0	0	0	0	0	0	0	0	0	0	0	0	0	0	0	0	0	0	0	0	0	0	0	0	0	0	0	0
Feb 22 2023 18:04:29	-1.00000001505e+30	-1.00000001505e+30	-1.00000001505e+30	-1.00000002538e+26	-1.00000001505e+30	-1.00000001505e+30	84.1919555664	-	0	0	0	0	0	0	0	0	0	0	0	0	0	0	0	0	0	0	0	0	0	0	0	0	0	0	0	0	0	0	0	0	0	0	0	0	0	0	0	0	0	0	0	0	0	0	0	0	0	0	0	0	0	0	0	0	0	0	0	0
Feb 22 2023 18:04:30	-1.00000001505e+30	-1.00000001505e+30	-1.00000001505e+30	-1.00000002538e+26	-1.00000001505e+30	-1.00000001505e+30	82.2601547241	-	0	0	0	0	0	0	0	0	0	0	0	0	0	0	0	0	0	0	0	0	0	0	0	0	0	0	0	0	0	0	0	0	0	0	0	0	0	0	0	0	0	0	0	0	0	0	0	0	0	0	0	0	0	0	0	0	0	0	0	0
Feb 22 2023 18:04:31	-1.00000001505e+30	-1.00000001505e+30	-1.00000001505e+30	-1.00000002538e+26	-1.00000001505e+30	-1.00000001505e+30	82.0115356445	-	0	0	0	0	0	0	0	0	0	0	0	0	0	0	0	0	0	0	0	0	0	0	0	0	0	0	0	0	0	0	0	0	0	0	0	0	0	0	0	0	0	0	0	0	0	0	0	0	0	0	0	0	0	0	0	0	0	0	0	0
Feb 22 2023 18:04:32	-1.00000001505e+30	-1.00000001505e+30	-1.00000001505e+30	-1.00000002538e+26	-1.00000001505e+30	-1.00000001505e+30	82.7082366943	-	0	0	0	0	0	0	0	0	0	0	0	0	0	0	0	0	0	0	0	0	0	0	0	0	0	0	0	0	0	0	0	0	0	0	0	0	0	0	0	0	0	0	0	0	0	0	0	0	0	0	0	0	0	0	0	0	0	0	0	0
Feb 22 2023 18:04:33	-1.00000001505e+30	-1.00000001505e+30	-1.00000001505e+30	-1.00000002538e+26	-1.00000001505e+30	-1.00000001505e+30	85.108253479	-	0	0	0	0	0	0	0	0	0	0	0	0	0	0	0	0	0	0	0	0	0	0	0	0	0	0	0	0	0	0	0	0	0	0	0	0	0	0	0	0	0	0	0	0	0	0	0	0	0	0	0	0	0	0	0	0	0	0	0	0
Feb 22 2023 18:04:34	-1.00000001505e+30	-1.00000001505e+30	-1.00000001505e+30	-1.00000002538e+26	-1.00000001505e+30	-1.00000001505e+30	82.605430603	-	0	0	0	0	0	0	0	0	0	0	0	0	0	0	0	0	0	0	0	0	0	0	0	0	0	0	0	0	0	0	0	0	0	0	0	0	0	0	0	0	0	0	0	0	0	0	0	0	0	0	0	0	0	0	0	0	0	0	0	0
Feb 22 2023 18:04:35	-1.00000001505e+30	-1.00000001505e+30	-1.00000001505e+30	-1.00000002538e+26	-1.00000001505e+30	-1.00000001505e+30	81.5708084106	-	0	0	0	0	0	0	0	0	0	0	0	0	0	0	0	0	0	0	0	0	0	0	0	0	0	0	0	0	0	0	0	0	0	0	0	0	0	0	0	0	0	0	0	0	0	0	0	0	0	0	0	0	0	0	0	0	0	0	0	0
Feb 22 2023 18:04:36	-1.00000001505e+30	-1.00000001505e+30	-1.00000001505e+30	-1.00000002538e+26	-1.00000001505e+30	-1.00000001505e+30	79.9166183472	-	0	0	0	0	0	0	0	0	0	0	0	0	0	0	0	0	0	0	0	0	0	0	0	0	0	0	0	0	0	0	0	0	0	0	0	0	0	0	0	0	0	0	0	0	0	0	0	0	0	0	0	0	0	0	0	0	0	0	0	0
Feb 22 2023 18:04:37	-1.00000001505e+30	-1.00000001505e+30	-1.00000001505e+30	-1.00000002538e+26	-1.00000001505e+30	-1.00000001505e+30	80.210105896	-	0	0	0	0	0	0	0	0	0	0	0	0	0	0	0	0	0	0	0	0	0	0	0	0	0	0	0	0	0	0	0	0	0	0	0	0	0	0	0	0	0	0	0	0	0	0	0	0	0	0	0	0	0	0	0	0	0	0	0	0
Feb 22 2023 18:04:38	-1.00000001505e+30	-1.00000001505e+30	-1.00000001505e+30	-1.00000002538e+26	-1.00000001505e+30	-1.00000001505e+30	83.6621017456	-	0	0	0	0	0	0	0	0	0	0	0	0	0	0	0	0	0	0	0	0	0	0	0	0	0	0	0	0	0	0	0	0	0	0	0	0	0	0	0	0	0	0	0	0	0	0	0	0	0	0	0	0	0	0	0	0	0	0	0	0
Feb 22 2023 18:04:39	-1.00000001505e+30	-1.00000001505e+30	-1.00000001505e+30	-1.00000002538e+26	-1.00000001505e+30	-1.00000001505e+30	74.4891662598	-	0	0	0	0	0	0	0	0	0	0	0	0	0	0	0	0	0	0	0	0	0	0	0	0	0	0	0	0	0	0	0	0	0	0	0	0	0	0	0	0	0	0	0	0	0	0	0	0	0	0	0	0	0	0	0	0	0	0	0	0
Feb 22 2023 18:04:40	-1.00000001505e+30	-1.00000001505e+30	-1.00000001505e+30	-1.00000002538e+26	-1.00000001505e+30	-1.00000001505e+30	81.0702514648	-	0	0	0	0	0	0	0	0	0	0	0	0	0	0	0	0	0	0	0	0	0	0	0	0	0	0	0	0	0	0	0	0	0	0	0	0	0	0	0	0	0	0	0	0	0	0	0	0	0	0	0	0	0	0	0	0	0	0	0	0
Feb 22 2023 18:04:41	-1.00000001505e+30	-1.00000001505e+30	-1.00000001505e+30	-1.00000002538e+26	-1.00000001505e+30	-1.00000001505e+30	71.9035949707	-	0	0	0	0	0	0	0	0	0	0	0	0	0	0	0	0	0	0	0	0	0	0	0	0	0	0	0	0	0	0	0	0	0	0	0	0	0	0	0	0	0	0	0	0	0	0	0	0	0	0	0	0	0	0	0	0	0	0	0	0
Feb 22 2023 18:04:42	-1.00000001505e+30	-1.00000001505e+30	-1.00000001505e+30	-1.00000002538e+26	-1.00000001505e+30	-1.00000001505e+30	83.1362915039	-	0	0	0	0	0	0	0	0	0	0	0	0	0	0	0	0	0	0	0	0	0	0	0	0	0	0	0	0	0	0	0	0	0	0	0	0	0	0	0	0	0	0	0	0	0	0	0	0	0	0	0	0	0	0	0	0	0	0	0	0
Feb 22 2023 18:04:43	-1.00000001505e+30	-1.00000001505e+30	-1.00000001505e+30	-1.00000002538e+26	-1.00000001505e+30	-1.00000001505e+30	69.6853713989	-	0	0	0	0	0	0	0	0	0	0	0	0	0	0	0	0	0	0	0	0	0	0	0	0	0	0	0	0	0	0	0	0	0	0	0	0	0	0	0	0	0	0	0	0	0	0	0	0	0	0	0	0	0	0	0	0	0	0	0	0
Feb 22 2023 18:04:44	-1.00000001505e+30	-1.00000001505e+30	-1.00000001505e+30	-1.00000002538e+26	-1.00000001505e+30	-1.00000001505e+30	80.6588745117	-	0	0	0	0	0	0	0	0	0	0	0	0	0	0	0	0	0	0	0	0	0	0	0	0	0	0	0	0	0	0	0	0	0	0	0	0	0	0	0	0	0	0	0	0	0	0	0	0	0	0	0	0	0	0	0	0	0	0	0	0
Feb 22 2023 18:04:45	-1.00000001505e+30	-1.00000001505e+30	-1.00000001505e+30	-1.00000002538e+26	-1.00000001505e+30	-1.00000001505e+30	82.8723526001	-	0	0	0	0	0	0	0	0	0	0	0	0	0	0	0	0	0	0	0	0	0	0	0	0	0	0	0	0	0	0	0	0	0	0	0	0	0	0	0	0	0	0	0	0	0	0	0	0	0	0	0	0	0	0	0	0	0	0	0	0
Feb 22 2023 18:04:46	-1.00000001505e+30	-1.00000001505e+30	-1.00000001505e+30	-1.00000002538e+26	-1.00000001505e+30	-1.00000001505e+30	83.1208267212	-	0	0	0	0	0	0	0	0	0	0	0	0	0	0	0	0	0	0	0	0	0	0	0	0	0	0	0	0	0	0	0	0	0	0	0	0	0	0	0	0	0	0	0	0	0	0	0	0	0	0	0	0	0	0	0	0	0	0	0	0
Feb 22 2023 18:04:47	-1.00000001505e+30	-1.00000001505e+30	-1.00000001505e+30	-1.00000002538e+26	-1.00000001505e+30	-1.00000001505e+30	73.0950088501	-	0	0	0	0	0	0	0	0	0	0	0	0	0	0	0	0	0	0	0	0	0	0	0	0	0	0	0	0	0	0	0	0	0	0	0	0	0	0	0	0	0	0	0	0	0	0	0	0	0	0	0	0	0	0	0	0	0	0	0	0
Feb 22 2023 18:04:48	-1.00000001505e+30	-1.00000001505e+30	-1.00000001505e+30	-1.00000002538e+26	-1.00000001505e+30	-1.00000001505e+30	70.4578552246	-	0	0	0	0	0	0	0	0	0	0	0	0	0	0	0	0	0	0	0	0	0	0	0	0	0	0	0	0	0	0	0	0	0	0	0	0	0	0	0	0	0	0	0	0	0	0	0	0	0	0	0	0	0	0	0	0	0	0	0	0
Feb 22 2023 18:04:49	-1.00000001505e+30	-1.00000001505e+30	-1.00000001505e+30	-1.00000002538e+26	-1.00000001505e+30	-1.00000001505e+30	82.5309295654	-	0	0	0	0	0	0	0	0	0	0	0	0	0	0	0	0	0	0	0	0	0	0	0	0	0	0	0	0	0	0	0	0	0	0	0	0	0	0	0	0	0	0	0	0	0	0	0	0	0	0	0	0	0	0	0	0	0	0	0	0
Feb 22 2023 18:04:50	-1.00000001505e+30	-1.00000001505e+30	-1.00000001505e+30	-1.00000002538e+26	-1.00000001505e+30	-1.00000001505e+30	81.83253479	-	0	0	0	0	0	0	0	0	0	0	0	0	0	0	0	0	0	0	0	0	0	0	0	0	0	0	0	0	0	0	0	0	0	0	0	0	0	0	0	0	0	0	0	0	0	0	0	0	0	0	0	0	0	0	0	0	0	0	0	0
Feb 22 2023 18:04:51	-1.00000001505e+30	-1.00000001505e+30	-1.00000001505e+30	-1.00000002538e+26	-1.00000001505e+30	-1.00000001505e+30	80.5839691162	-	0	0	0	0	0	0	0	0	0	0	0	0	0	0	0	0	0	0	0	0	0	0	0	0	0	0	0	0	0	0	0	0	0	0	0	0	0	0	0	0	0	0	0	0	0	0	0	0	0	0	0	0	0	0	0	0	0	0	0	0
Feb 22 2023 18:04:52	-1.00000001505e+30	-1.00000001505e+30	-1.00000001505e+30	-1.00000002538e+26	-1.00000001505e+30	-1.00000001505e+30	79.8464889526	-	0	0	0	0	0	0	0	0	0	0	0	0	0	0	0	0	0	0	0	0	0	0	0	0	0	0	0	0	0	0	0	0	0	0	0	0	0	0	0	0	0	0	0	0	0	0	0	0	0	0	0	0	0	0	0	0	0	0	0	0
Feb 22 2023 18:04:53	-1.00000001505e+30	-1.00000001505e+30	-1.00000001505e+30	-1.00000002538e+26	-1.00000001505e+30	-1.00000001505e+30	75.0894699097	-	0	0	0	0	0	0	0	0	0	0	0	0	0	0	0	0	0	0	0	0	0	0	0	0	0	0	0	0	0	0	0	0	0	0	0	0	0	0	0	0	0	0	0	0	0	0	0	0	0	0	0	0	0	0	0	0	0	0	0	0
Feb 22 2023 18:04:54	-1.00000001505e+30	-1.00000001505e+30	-1.00000001505e+30	-1.00000002538e+26	-1.00000001505e+30	-1.00000001505e+30	73.3448867798	-	0	0	0	0	0	0	0	0	0	0	0	0	0	0	0	0	0	0	0	0	0	0	0	0	0	0	0	0	0	0	0	0	0	0	0	0	0	0	0	0	0	0	0	0	0	0	0	0	0	0	0	0	0	0	0	0	0	0	0	0
Feb 22 2023 18:04:55	-1.00000001505e+30	-1.00000001505e+30	-1.00000001505e+30	-1.00000002538e+26	-1.00000001505e+30	-1.00000001505e+30	78.9788513184	-	0	0	0	0	0	0	0	0	0	0	0	0	0	0	0	0	0	0	0	0	0	0	0	0	0	0	0	0	0	0	0	0	0	0	0	0	0	0	0	0	0	0	0	0	0	0	0	0	0	0	0	0	0	0	0	0	0	0	0	0
Feb 22 2023 18:04:56	-1.00000001505e+30	-1.00000001505e+30	-1.00000001505e+30	-1.00000002538e+26	-1.00000001505e+30	-1.00000001505e+30	75.899055481	-	0	0	0	0	0	0	0	0	0	0	0	0	0	0	0	0	0	0	0	0	0	0	0	0	0	0	0	0	0	0	0	0	0	0	0	0	0	0	0	0	0	0	0	0	0	0	0	0	0	0	0	0	0	0	0	0	0	0	0	0
Feb 22 2023 18:04:57	-1.00000001505e+30	-1.00000001505e+30	-1.00000001505e+30	-1.00000002538e+26	-1.00000001505e+30	-1.00000001505e+30	78.5712814331	-	0	0	0	0	0	0	0	0	0	0	0	0	0	0	0	0	0	0	0	0	0	0	0	0	0	0	0	0	0	0	0	0	0	0	0	0	0	0	0	0	0	0	0	0	0	0	0	0	0	0	0	0	0	0	0	0	0	0	0	0
Feb 22 2023 18:04:58	-1.00000001505e+30	-1.00000001505e+30	-1.00000001505e+30	-1.00000002538e+26	-1.00000001505e+30	-1.00000001505e+30	81.828994751	-	0	0	0	0	0	0	0	0	0	0	0	0	0	0	0	0	0	0	0	0	0	0	0	0	0	0	0	0	0	0	0	0	0	0	0	0	0	0	0	0	0	0	0	0	0	0	0	0	0	0	0	0	0	0	0	0	0	0	0	0
Feb 22 2023 18:04:59	-1.00000001505e+30	-1.00000001505e+30	-1.00000001505e+30	-1.00000002538e+26	-1.00000001505e+30	-1.00000001505e+30	80.1759033203	-	0	0	0	0	0	0	0	0	0	0	0	0	0	0	0	0	0	0	0	0	0	0	0	0	0	0	0	0	0	0	0	0	0	0	0	0	0	0	0	0	0	0	0	0	0	0	0	0	0	0	0	0	0	0	0	0	0	0	0	0
Feb 22 2023 18:05:00	-1.00000001505e+30	-1.00000001505e+30	-1.00000001505e+30	-1.00000002538e+26	-1.00000001505e+30	-1.00000001505e+30	74.2894439697	-	0	0	0	0	0	0	0	0	0	0	0	0	0	0	0	0	0	0	0	0	0	0	0	0	0	0	0	0	0	0	0	0	0	0	0	0	0	0	0	0	0	0	0	0	0	0	0	0	0	0	0	0	0	0	0	0	0	0	0	0
Feb 22 2023 18:05:01	-1.00000001505e+30	-1.00000001505e+30	-1.00000001505e+30	-1.00000002538e+26	-1.00000001505e+30	-1.00000001505e+30	73.6491394043	-	0	0	0	0	0	0	0	0	0	0	0	0	0	0	0	0	0	0	0	0	0	0	0	0	0	0	0	0	0	0	0	0	0	0	0	0	0	0	0	0	0	0	0	0	0	0	0	0	0	0	0	0	0	0	0	0	0	0	0	0
Feb 22 2023 18:05:02	-1.00000001505e+30	-1.00000001505e+30	-1.00000001505e+30	-1.00000002538e+26	-1.00000001505e+30	-1.00000001505e+30	78.1029281616	-	0	0	0	0	0	0	0	0	0	0	0	0	0	0	0	0	0	0	0	0	0	0	0	0	0	0	0	0	0	0	0	0	0	0	0	0	0	0	0	0	0	0	0	0	0	0	0	0	0	0	0	0	0	0	0	0	0	0	0	0
Feb 22 2023 18:05:03	-1.00000001505e+30	-1.00000001505e+30	-1.00000001505e+30	-1.00000002538e+26	-1.00000001505e+30	-1.00000001505e+30	71.7670059204	-	0	0	0	0	0	0	0	0	0	0	0	0	0	0	0	0	0	0	0	0	0	0	0	0	0	0	0	0	0	0	0	0	0	0	0	0	0	0	0	0	0	0	0	0	0	0	0	0	0	0	0	0	0	0	0	0	0	0	0	0
Feb 22 2023 18:05:04	-1.00000001505e+30	-1.00000001505e+30	-1.00000001505e+30	-1.00000002538e+26	-1.00000001505e+30	-1.00000001505e+30	69.3416519165	-	0	0	0	0	0	0	0	0	0	0	0	0	0	0	0	0	0	0	0	0	0	0	0	0	0	0	0	0	0	0	0	0	0	0	0	0	0	0	0	0	0	0	0	0	0	0	0	0	0	0	0	0	0	0	0	0	0	0	0	0
Feb 22 2023 18:05:05	-1.00000001505e+30	-1.00000001505e+30	-1.00000001505e+30	-1.00000002538e+26	-1.00000001505e+30	-1.00000001505e+30	76.356086731	-	0	0	0	0	0	0	0	0	0	0	0	0	0	0	0	0	0	0	0	0	0	0	0	0	0	0	0	0	0	0	0	0	0	0	0	0	0	0	0	0	0	0	0	0	0	0	0	0	0	0	0	0	0	0	0	0	0	0	0	0
Feb 22 2023 18:05:06	-1.00000001505e+30	-1.00000001505e+30	-1.00000001505e+30	-1.00000002538e+26	-1.00000001505e+30	-1.00000001505e+30	78.8373718262	-	0	0	0	0	0	0	0	0	0	0	0	0	0	0	0	0	0	0	0	0	0	0	0	0	0	0	0	0	0	0	0	0	0	0	0	0	0	0	0	0	0	0	0	0	0	0	0	0	0	0	0	0	0	0	0	0	0	0	0	0
Feb 22 2023 18:05:07	-1.00000001505e+30	-1.00000001505e+30	-1.00000001505e+30	-1.00000002538e+26	-1.00000001505e+30	-1.00000001505e+30	79.4960861206	-	0	0	0	0	0	0	0	0	0	0	0	0	0	0	0	0	0	0	0	0	0	0	0	0	0	0	0	0	0	0	0	0	0	0	0	0	0	0	0	0	0	0	0	0	0	0	0	0	0	0	0	0	0	0	0	0	0	0	0	0
Feb 22 2023 18:05:08	-1.00000001505e+30	-1.00000001505e+30	-1.00000001505e+30	-1.00000002538e+26	-1.00000001505e+30	-1.00000001505e+30	76.8446807861	-	0	0	0	0	0	0	0	0	0	0	0	0	0	0	0	0	0	0	0	0	0	0	0	0	0	0	0	0	0	0	0	0	0	0	0	0	0	0	0	0	0	0	0	0	0	0	0	0	0	0	0	0	0	0	0	0	0	0	0	0
Feb 22 2023 18:05:09	-1.00000001505e+30	-1.00000001505e+30	-1.00000001505e+30	-1.00000002538e+26	-1.00000001505e+30	-1.00000001505e+30	75.8367767334	-	0	0	0	0	0	0	0	0	0	0	0	0	0	0	0	0	0	0	0	0	0	0	0	0	0	0	0	0	0	0	0	0	0	0	0	0	0	0	0	0	0	0	0	0	0	0	0	0	0	0	0	0	0	0	0	0	0	0	0	0
Feb 22 2023 18:05:10	-1.00000001505e+30	-1.00000001505e+30	-1.00000001505e+30	-1.00000002538e+26	-1.00000001505e+30	-1.00000001505e+30	78.5000686646	-	0	0	0	0	0	0	0	0	0	0	0	0	0	0	0	0	0	0	0	0	0	0	0	0	0	0	0	0	0	0	0	0	0	0	0	0	0	0	0	0	0	0	0	0	0	0	0	0	0	0	0	0	0	0	0	0	0	0	0	0
Feb 22 2023 18:05:11	-1.00000001505e+30	-1.00000001505e+30	-1.00000001505e+30	-1.00000002538e+26	-1.00000001505e+30	-1.00000001505e+30	72.0583114624	-	0	0	0	0	0	0	0	0	0	0	0	0	0	0	0	0	0	0	0	0	0	0	0	0	0	0	0	0	0	0	0	0	0	0	0	0	0	0	0	0	0	0	0	0	0	0	0	0	0	0	0	0	0	0	0	0	0	0	0	0
Feb 22 2023 18:05:12	-1.00000001505e+30	-1.00000001505e+30	-1.00000001505e+30	-1.00000002538e+26	-1.00000001505e+30	-1.00000001505e+30	78.9115066528	-	0	0	0	0	0	0	0	0	0	0	0	0	0	0	0	0	0	0	0	0	0	0	0	0	0	0	0	0	0	0	0	0	0	0	0	0	0	0	0	0	0	0	0	0	0	0	0	0	0	0	0	0	0	0	0	0	0	0	0	0
Feb 22 2023 18:05:13	-1.00000001505e+30	-1.00000001505e+30	-1.00000001505e+30	-1.00000002538e+26	-1.00000001505e+30	-1.00000001505e+30	83.8642196655	-	0	0	0	0	0	0	0	0	0	0	0	0	0	0	0	0	0	0	0	0	0	0	0	0	0	0	0	0	0	0	0	0	0	0	0	0	0	0	0	0	0	0	0	0	0	0	0	0	0	0	0	0	0	0	0	0	0	0	0	0
Feb 22 2023 18:05:14	-1.00000001505e+30	-1.00000001505e+30	-1.00000001505e+30	-1.00000002538e+26	-1.00000001505e+30	-1.00000001505e+30	81.4295654297	-	0	0	0	0	0	0	0	0	0	0	0	0	0	0	0	0	0	0	0	0	0	0	0	0	0	0	0	0	0	0	0	0	0	0	0	0	0	0	0	0	0	0	0	0	0	0	0	0	0	0	0	0	0	0	0	0	0	0	0	0
Feb 22 2023 18:05:15	-1.00000001505e+30	-1.00000001505e+30	-1.00000001505e+30	-1.00000002538e+26	-1.00000001505e+30	-1.00000001505e+30	84.4300460815	-	0	0	0	0	0	0	0	0	0	0	0	0	0	0	0	0	0	0	0	0	0	0	0	0	0	0	0	0	0	0	0	0	0	0	0	0	0	0	0	0	0	0	0	0	0	0	0	0	0	0	0	0	0	0	0	0	0	0	0	0
Feb 22 2023 18:05:16	-1.00000001505e+30	-1.00000001505e+30	-1.00000001505e+30	-1.00000002538e+26	-1.00000001505e+30	-1.00000001505e+30	75.8935089111	-	0	0	0	0	0	0	0	0	0	0	0	0	0	0	0	0	0	0	0	0	0	0	0	0	0	0	0	0	0	0	0	0	0	0	0	0	0	0	0	0	0	0	0	0	0	0	0	0	0	0	0	0	0	0	0	0	0	0	0	0
Feb 22 2023 18:05:17	-1.00000001505e+30	-1.00000001505e+30	-1.00000001505e+30	-1.00000002538e+26	-1.00000001505e+30	-1.00000001505e+30	74.8210601807	-	0	0	0	0	0	0	0	0	0	0	0	0	0	0	0	0	0	0	0	0	0	0	0	0	0	0	0	0	0	0	0	0	0	0	0	0	0	0	0	0	0	0	0	0	0	0	0	0	0	0	0	0	0	0	0	0	0	0	0	0
Feb 22 2023 18:05:18	-1.00000001505e+30	-1.00000001505e+30	-1.00000001505e+30	-1.00000002538e+26	-1.00000001505e+30	-1.00000001505e+30	69.5775909424	-	0	0	0	0	0	0	0	0	0	0	0	0	0	0	0	0	0	0	0	0	0	0	0	0	0	0	0	0	0	0	0	0	0	0	0	0	0	0	0	0	0	0	0	0	0	0	0	0	0	0	0	0	0	0	0	0	0	0	0	0
Feb 22 2023 18:05:19	-1.00000001505e+30	-1.00000001505e+30	-1.00000001505e+30	-1.00000002538e+26	-1.00000001505e+30	-1.00000001505e+30	67.4761276245	-	0	0	0	0	0	0	0	0	0	0	0	0	0	0	0	0	0	0	0	0	0	0	0	0	0	0	0	0	0	0	0	0	0	0	0	0	0	0	0	0	0	0	0	0	0	0	0	0	0	0	0	0	0	0	0	0	0	0	0	0
Feb 22 2023 18:05:20	-1.00000001505e+30	-1.00000001505e+30	-1.00000001505e+30	-1.00000002538e+26	-1.00000001505e+30	-1.00000001505e+30	60.5491294861	-	0	0	0	0	0	0	0	0	0	0	0	0	0	0	0	0	0	0	0	0	0	0	0	0	0	0	0	0	0	0	0	0	0	0	0	0	0	0	0	0	0	0	0	0	0	0	0	0	0	0	0	0	0	0	0	0	0	0	0	0
Feb 22 2023 18:05:21	-1.00000001505e+30	-1.00000001505e+30	-1.00000001505e+30	-1.00000002538e+26	-1.00000001505e+30	-1.00000001505e+30	75.5359191895	-	0	0	0	0	0	0	0	0	0	0	0	0	0	0	0	0	0	0	0	0	0	0	0	0	0	0	0	0	0	0	0	0	0	0	0	0	0	0	0	0	0	0	0	0	0	0	0	0	0	0	0	0	0	0	0	0	0	0	0	0
Feb 22 2023 18:05:22	-1.00000001505e+30	-1.00000001505e+30	-1.00000001505e+30	-1.00000002538e+26	-1.00000001505e+30	-1.00000001505e+30	78.9473495483	-	0	0	0	0	0	0	0	0	0	0	0	0	0	0	0	0	0	0	0	0	0	0	0	0	0	0	0	0	0	0	0	0	0	0	0	0	0	0	0	0	0	0	0	0	0	0	0	0	0	0	0	0	0	0	0	0	0	0	0	0
Feb 22 2023 18:05:23	-1.00000001505e+30	-1.00000001505e+30	-1.00000001505e+30	-1.00000002538e+26	-1.00000001505e+30	-1.00000001505e+30	79.2932891846	-	0	0	0	0	0	0	0	0	0	0	0	0	0	0	0	0	0	0	0	0	0	0	0	0	0	0	0	0	0	0	0	0	0	0	0	0	0	0	0	0	0	0	0	0	0	0	0	0	0	0	0	0	0	0	0	0	0	0	0	0
Feb 22 2023 18:05:24	-1.00000001505e+30	-1.00000001505e+30	-1.00000001505e+30	-1.00000002538e+26	-1.00000001505e+30	-1.00000001505e+30	74.1459960938	-	0	0	0	0	0	0	0	0	0	0	0	0	0	0	0	0	0	0	0	0	0	0	0	0	0	0	0	0	0	0	0	0	0	0	0	0	0	0	0	0	0	0	0	0	0	0	0	0	0	0	0	0	0	0	0	0	0	0	0	0
Feb 22 2023 18:05:25	1.51374197006	17.457113266	54.4356231689	0.000565158377867	23.1803207397	5.60898447037	63.3988189697	-	0	0	0	0	0	0	0	0	0	0	0	0	0	0	1.56978273392	2.74544692039	3.32914042473	3.31909370422	2.86546874046	2.18360710144	1.46621251106	0.85738581419	0.478378206491	0.404175102711	0.609074831009	1.03396487236	1.62524056435	2.30655193329	3.01382827759	3.70605802536	4.35727214813	4.9560842514	5.48721885681	5.91677761078	6.18962240219	6.24561262131	6.05072879791	5.6289563179	5.06770467758	4.4840669632	3.96394467354	3.50656056404	3.01062345505	2.31729745865	1.30411958694	0	0	0	0	0	0	0	0	0	0	0	0	0	0	0
Feb 22 2023 18:05:26	-1.00000001505e+30	-1.00000001505e+30	-1.00000001505e+30	-1.00000002538e+26	-1.00000001505e+30	-1.00000001505e+30	69.625213623	-	0	0	0	0	0	0	0	0	0	0	0	0	0	0	0	0	0	0	0	0	0	0	0	0	0	0	0	0	0	0	0	0	0	0	0	0	0	0	0	0	0	0	0	0	0	0	0	0	0	0	0	0	0	0	0	0	0	0	0	0
Feb 22 2023 18:05:27	-1.00000001505e+30	-1.00000001505e+30	-1.00000001505e+30	-1.00000002538e+26	-1.00000001505e+30	-1.00000001505e+30	71.0469818115	-	0	0	0	0	0	0	0	0	0	0	0	0	0	0	0	0	0	0	0	0	0	0	0	0	0	0	0	0	0	0	0	0	0	0	0	0	0	0	0	0	0	0	0	0	0	0	0	0	0	0	0	0	0	0	0	0	0	0	0	0
Feb 22 2023 18:05:28	-1.00000001505e+30	-1.00000001505e+30	-1.00000001505e+30	-1.00000002538e+26	-1.00000001505e+30	-1.00000001505e+30	67.4550170898	-	0	0	0	0	0	0	0	0	0	0	0	0	0	0	0	0	0	0	0	0	0	0	0	0	0	0	0	0	0	0	0	0	0	0	0	0	0	0	0	0	0	0	0	0	0	0	0	0	0	0	0	0	0	0	0	0	0	0	0	0
Feb 22 2023 18:05:29	-1.00000001505e+30	-1.00000001505e+30	-1.00000001505e+30	-1.00000002538e+26	-1.00000001505e+30	-1.00000001505e+30	70.7657165527	-	0	0	0	0	0	0	0	0	0	0	0	0	0	0	0	0	0	0	0	0	0	0	0	0	0	0	0	0	0	0	0	0	0	0	0	0	0	0	0	0	0	0	0	0	0	0	0	0	0	0	0	0	0	0	0	0	0	0	0	0
Feb 22 2023 18:05:30	-1.00000001505e+30	-1.00000001505e+30	-1.00000001505e+30	-1.00000002538e+26	-1.00000001505e+30	-1.00000001505e+30	78.4923248291	-	0	0	0	0	0	0	0	0	0	0	0	0	0	0	0	0	0	0	0	0	0	0	0	0	0	0	0	0	0	0	0	0	0	0	0	0	0	0	0	0	0	0	0	0	0	0	0	0	0	0	0	0	0	0	0	0	0	0	0	0
Feb 22 2023 18:05:31	-1.00000001505e+30	-1.00000001505e+30	-1.00000001505e+30	-1.00000002538e+26	-1.00000001505e+30	-1.00000001505e+30	79.8571853638	-	0	0	0	0	0	0	0	0	0	0	0	0	0	0	0	0	0	0	0	0	0	0	0	0	0	0	0	0	0	0	0	0	0	0	0	0	0	0	0	0	0	0	0	0	0	0	0	0	0	0	0	0	0	0	0	0	0	0	0	0
Feb 22 2023 18:05:32	-1.00000001505e+30	-1.00000001505e+30	-1.00000001505e+30	-1.00000002538e+26	-1.00000001505e+30	-1.00000001505e+30	75.8763580322	-	0	0	0	0	0	0	0	0	0	0	0	0	0	0	0	0	0	0	0	0	0	0	0	0	0	0	0	0	0	0	0	0	0	0	0	0	0	0	0	0	0	0	0	0	0	0	0	0	0	0	0	0	0	0	0	0	0	0	0	0
Feb 22 2023 18:05:33	-1.00000001505e+30	-1.00000001505e+30	-1.00000001505e+30	-1.00000002538e+26	-1.00000001505e+30	-1.00000001505e+30	77.2640457153	-	0	0	0	0	0	0	0	0	0	0	0	0	0	0	0	0	0	0	0	0	0	0	0	0	0	0	0	0	0	0	0	0	0	0	0	0	0	0	0	0	0	0	0	0	0	0	0	0	0	0	0	0	0	0	0	0	0	0	0	0
Feb 22 2023 18:05:34	-1.00000001505e+30	-1.00000001505e+30	-1.00000001505e+30	-1.00000002538e+26	-1.00000001505e+30	-1.00000001505e+30	76.7896270752	-	0	0	0	0	0	0	0	0	0	0	0	0	0	0	0	0	0	0	0	0	0	0	0	0	0	0	0	0	0	0	0	0	0	0	0	0	0	0	0	0	0	0	0	0	0	0	0	0	0	0	0	0	0	0	0	0	0	0	0	0
Feb 22 2023 18:05:35	-1.00000001505e+30	-1.00000001505e+30	-1.00000001505e+30	-1.00000002538e+26	-1.00000001505e+30	-1.00000001505e+30	71.5636291504	-	0	0	0	0	0	0	0	0	0	0	0	0	0	0	0	0	0	0	0	0	0	0	0	0	0	0	0	0	0	0	0	0	0	0	0	0	0	0	0	0	0	0	0	0	0	0	0	0	0	0	0	0	0	0	0	0	0	0	0	0
Feb 22 2023 18:05:36	-1.00000001505e+30	-1.00000001505e+30	-1.00000001505e+30	-1.00000002538e+26	-1.00000001505e+30	-1.00000001505e+30	83.1321029663	-	0	0	0	0	0	0	0	0	0	0	0	0	0	0	0	0	0	0	0	0	0	0	0	0	0	0	0	0	0	0	0	0	0	0	0	0	0	0	0	0	0	0	0	0	0	0	0	0	0	0	0	0	0	0	0	0	0	0	0	0
Feb 22 2023 18:05:37	-1.00000001505e+30	-1.00000001505e+30	-1.00000001505e+30	-1.00000002538e+26	-1.00000001505e+30	-1.00000001505e+30	76.9636154175	-	0	0	0	0	0	0	0	0	0	0	0	0	0	0	0	0	0	0	0	0	0	0	0	0	0	0	0	0	0	0	0	0	0	0	0	0	0	0	0	0	0	0	0	0	0	0	0	0	0	0	0	0	0	0	0	0	0	0	0	0
Feb 22 2023 18:05:38	-1.00000001505e+30	-1.00000001505e+30	-1.00000001505e+30	-1.00000002538e+26	-1.00000001505e+30	-1.00000001505e+30	82.3828430176	-	0	0	0	0	0	0	0	0	0	0	0	0	0	0	0	0	0	0	0	0	0	0	0	0	0	0	0	0	0	0	0	0	0	0	0	0	0	0	0	0	0	0	0	0	0	0	0	0	0	0	0	0	0	0	0	0	0	0	0	0
Feb 22 2023 18:05:39	-1.00000001505e+30	-1.00000001505e+30	-1.00000001505e+30	-1.00000002538e+26	-1.00000001505e+30	-1.00000001505e+30	76.4596633911	-	0	0	0	0	0	0	0	0	0	0	0	0	0	0	0	0	0	0	0	0	0	0	0	0	0	0	0	0	0	0	0	0	0	0	0	0	0	0	0	0	0	0	0	0	0	0	0	0	0	0	0	0	0	0	0	0	0	0	0	0
Feb 22 2023 18:05:40	-1.00000001505e+30	-1.00000001505e+30	-1.00000001505e+30	-1.00000002538e+26	-1.00000001505e+30	-1.00000001505e+30	74.2784042358	-	0	0	0	0	0	0	0	0	0	0	0	0	0	0	0	0	0	0	0	0	0	0	0	0	0	0	0	0	0	0	0	0	0	0	0	0	0	0	0	0	0	0	0	0	0	0	0	0	0	0	0	0	0	0	0	0	0	0	0	0
Feb 22 2023 18:05:41	-1.00000001505e+30	-1.00000001505e+30	-1.00000001505e+30	-1.00000002538e+26	-1.00000001505e+30	-1.00000001505e+30	75.9858703613	-	0	0	0	0	0	0	0	0	0	0	0	0	0	0	0	0	0	0	0	0	0	0	0	0	0	0	0	0	0	0	0	0	0	0	0	0	0	0	0	0	0	0	0	0	0	0	0	0	0	0	0	0	0	0	0	0	0	0	0	0
Feb 22 2023 18:05:42	-1.00000001505e+30	-1.00000001505e+30	-1.00000001505e+30	-1.00000002538e+26	-1.00000001505e+30	-1.00000001505e+30	70.5594482422	-	0	0	0	0	0	0	0	0	0	0	0	0	0	0	0	0	0	0	0	0	0	0	0	0	0	0	0	0	0	0	0	0	0	0	0	0	0	0	0	0	0	0	0	0	0	0	0	0	0	0	0	0	0	0	0	0	0	0	0	0
Feb 22 2023 18:05:43	-1.00000001505e+30	-1.00000001505e+30	-1.00000001505e+30	-1.00000002538e+26	-1.00000001505e+30	-1.00000001505e+30	66.4433288574	-	0	0	0	0	0	0	0	0	0	0	0	0	0	0	0	0	0	0	0	0	0	0	0	0	0	0	0	0	0	0	0	0	0	0	0	0	0	0	0	0	0	0	0	0	0	0	0	0	0	0	0	0	0	0	0	0	0	0	0	0
Feb 22 2023 18:05:44	-1.00000001505e+30	-1.00000001505e+30	-1.00000001505e+30	-1.00000002538e+26	-1.00000001505e+30	-1.00000001505e+30	78.9474639893	-	0	0	0	0	0	0	0	0	0	0	0	0	0	0	0	0	0	0	0	0	0	0	0	0	0	0	0	0	0	0	0	0	0	0	0	0	0	0	0	0	0	0	0	0	0	0	0	0	0	0	0	0	0	0	0	0	0	0	0	0
Feb 22 2023 18:05:45	-1.00000001505e+30	-1.00000001505e+30	-1.00000001505e+30	-1.00000002538e+26	-1.00000001505e+30	-1.00000001505e+30	70.9712600708	-	0	0	0	0	0	0	0	0	0	0	0	0	0	0	0	0	0	0	0	0	0	0	0	0	0	0	0	0	0	0	0	0	0	0	0	0	0	0	0	0	0	0	0	0	0	0	0	0	0	0	0	0	0	0	0	0	0	0	0	0
Feb 22 2023 18:05:46	-1.00000001505e+30	-1.00000001505e+30	-1.00000001505e+30	-1.00000002538e+26	-1.00000001505e+30	-1.00000001505e+30	89.7583312988	-	0	0	0	0	0	0	0	0	0	0	0	0	0	0	0	0	0	0	0	0	0	0	0	0	0	0	0	0	0	0	0	0	0	0	0	0	0	0	0	0	0	0	0	0	0	0	0	0	0	0	0	0	0	0	0	0	0	0	0	0
Feb 22 2023 18:05:47	-1.00000001505e+30	-1.00000001505e+30	-1.00000001505e+30	-1.00000002538e+26	-1.00000001505e+30	-1.00000001505e+30	84.2956619263	-	0	0	0	0	0	0	0	0	0	0	0	0	0	0	0	0	0	0	0	0	0	0	0	0	0	0	0	0	0	0	0	0	0	0	0	0	0	0	0	0	0	0	0	0	0	0	0	0	0	0	0	0	0	0	0	0	0	0	0	0
Feb 22 2023 18:05:48	-1.00000001505e+30	-1.00000001505e+30	-1.00000001505e+30	-1.00000002538e+26	-1.00000001505e+30	-1.00000001505e+30	76.0158996582	-	0	0	0	0	0	0	0	0	0	0	0	0	0	0	0	0	0	0	0	0	0	0	0	0	0	0	0	0	0	0	0	0	0	0	0	0	0	0	0	0	0	0	0	0	0	0	0	0	0	0	0	0	0	0	0	0	0	0	0	0
Feb 22 2023 18:05:49	-1.00000001505e+30	-1.00000001505e+30	-1.00000001505e+30	-1.00000002538e+26	-1.00000001505e+30	-1.00000001505e+30	68.3306732178	-	0	0	0	0	0	0	0	0	0	0	0	0	0	0	0	0	0	0	0	0	0	0	0	0	0	0	0	0	0	0	0	0	0	0	0	0	0	0	0	0	0	0	0	0	0	0	0	0	0	0	0	0	0	0	0	0	0	0	0	0
Feb 22 2023 18:05:50	-1.00000001505e+30	-1.00000001505e+30	-1.00000001505e+30	-1.00000002538e+26	-1.00000001505e+30	-1.00000001505e+30	75.5586547852	-	0	0	0	0	0	0	0	0	0	0	0	0	0	0	0	0	0	0	0	0	0	0	0	0	0	0	0	0	0	0	0	0	0	0	0	0	0	0	0	0	0	0	0	0	0	0	0	0	0	0	0	0	0	0	0	0	0	0	0	0
Feb 22 2023 18:05:51	-1.00000001505e+30	-1.00000001505e+30	-1.00000001505e+30	-1.00000002538e+26	-1.00000001505e+30	-1.00000001505e+30	73.7390594482	-	0	0	0	0	0	0	0	0	0	0	0	0	0	0	0	0	0	0	0	0	0	0	0	0	0	0	0	0	0	0	0	0	0	0	0	0	0	0	0	0	0	0	0	0	0	0	0	0	0	0	0	0	0	0	0	0	0	0	0	0
Feb 22 2023 18:05:52	-1.00000001505e+30	-1.00000001505e+30	-1.00000001505e+30	-1.00000002538e+26	-1.00000001505e+30	-1.00000001505e+30	75.4850692749	-	0	0	0	0	0	0	0	0	0	0	0	0	0	0	0	0	0	0	0	0	0	0	0	0	0	0	0	0	0	0	0	0	0	0	0	0	0	0	0	0	0	0	0	0	0	0	0	0	0	0	0	0	0	0	0	0	0	0	0	0
Feb 22 2023 18:05:53	-1.00000001505e+30	-1.00000001505e+30	-1.00000001505e+30	-1.00000002538e+26	-1.00000001505e+30	-1.00000001505e+30	68.0055007935	-	0	0	0	0	0	0	0	0	0	0	0	0	0	0	0	0	0	0	0	0	0	0	0	0	0	0	0	0	0	0	0	0	0	0	0	0	0	0	0	0	0	0	0	0	0	0	0	0	0	0	0	0	0	0	0	0	0	0	0	0
Feb 22 2023 18:05:54	-1.00000001505e+30	-1.00000001505e+30	-1.00000001505e+30	-1.00000002538e+26	-1.00000001505e+30	-1.00000001505e+30	69.1301116943	-	0	0	0	0	0	0	0	0	0	0	0	0	0	0	0	0	0	0	0	0	0	0	0	0	0	0	0	0	0	0	0	0	0	0	0	0	0	0	0	0	0	0	0	0	0	0	0	0	0	0	0	0	0	0	0	0	0	0	0	0
Feb 22 2023 18:05:55	-1.00000001505e+30	-1.00000001505e+30	-1.00000001505e+30	-1.00000002538e+26	-1.00000001505e+30	-1.00000001505e+30	69.9930953979	-	0	0	0	0	0	0	0	0	0	0	0	0	0	0	0	0	0	0	0	0	0	0	0	0	0	0	0	0	0	0	0	0	0	0	0	0	0	0	0	0	0	0	0	0	0	0	0	0	0	0	0	0	0	0	0	0	0	0	0	0
Feb 22 2023 18:05:56	-1.00000001505e+30	-1.00000001505e+30	-1.00000001505e+30	-1.00000002538e+26	-1.00000001505e+30	-1.00000001505e+30	76.9310073853	-	0	0	0	0	0	0	0	0	0	0	0	0	0	0	0	0	0	0	0	0	0	0	0	0	0	0	0	0	0	0	0	0	0	0	0	0	0	0	0	0	0	0	0	0	0	0	0	0	0	0	0	0	0	0	0	0	0	0	0	0
Feb 22 2023 18:05:57	-1.00000001505e+30	-1.00000001505e+30	-1.00000001505e+30	-1.00000002538e+26	-1.00000001505e+30	-1.00000001505e+30	74.3466567993	-	0	0	0	0	0	0	0	0	0	0	0	0	0	0	0	0	0	0	0	0	0	0	0	0	0	0	0	0	0	0	0	0	0	0	0	0	0	0	0	0	0	0	0	0	0	0	0	0	0	0	0	0	0	0	0	0	0	0	0	0
Feb 22 2023 18:05:58	-1.00000001505e+30	-1.00000001505e+30	-1.00000001505e+30	-1.00000002538e+26	-1.00000001505e+30	-1.00000001505e+30	77.0126953125	-	0	0	0	0	0	0	0	0	0	0	0	0	0	0	0	0	0	0	0	0	0	0	0	0	0	0	0	0	0	0	0	0	0	0	0	0	0	0	0	0	0	0	0	0	0	0	0	0	0	0	0	0	0	0	0	0	0	0	0	0
Feb 22 2023 18:05:59	-1.00000001505e+30	-1.00000001505e+30	-1.00000001505e+30	-1.00000002538e+26	-1.00000001505e+30	-1.00000001505e+30	66.9639129639	-	0	0	0	0	0	0	0	0	0	0	0	0	0	0	0	0	0	0	0	0	0	0	0	0	0	0	0	0	0	0	0	0	0	0	0	0	0	0	0	0	0	0	0	0	0	0	0	0	0	0	0	0	0	0	0	0	0	0	0	0
Feb 22 2023 18:06:00	-1.00000001505e+30	-1.00000001505e+30	-1.00000001505e+30	-1.00000002538e+26	-1.00000001505e+30	-1.00000001505e+30	68.7506027222	-	0	0	0	0	0	0	0	0	0	0	0	0	0	0	0	0	0	0	0	0	0	0	0	0	0	0	0	0	0	0	0	0	0	0	0	0	0	0	0	0	0	0	0	0	0	0	0	0	0	0	0	0	0	0	0	0	0	0	0	0
Feb 22 2023 18:06:01	-1.00000001505e+30	-1.00000001505e+30	-1.00000001505e+30	-1.00000002538e+26	-1.00000001505e+30	-1.00000001505e+30	73.4992523193	-	0	0	0	0	0	0	0	0	0	0	0	0	0	0	0	0	0	0	0	0	0	0	0	0	0	0	0	0	0	0	0	0	0	0	0	0	0	0	0	0	0	0	0	0	0	0	0	0	0	0	0	0	0	0	0	0	0	0	0	0
Feb 22 2023 18:06:02	-1.00000001505e+30	-1.00000001505e+30	-1.00000001505e+30	-1.00000002538e+26	-1.00000001505e+30	-1.00000001505e+30	72.4414291382	-	0	0	0	0	0	0	0	0	0	0	0	0	0	0	0	0	0	0	0	0	0	0	0	0	0	0	0	0	0	0	0	0	0	0	0	0	0	0	0	0	0	0	0	0	0	0	0	0	0	0	0	0	0	0	0	0	0	0	0	0
Feb 22 2023 18:06:03	-1.00000001505e+30	-1.00000001505e+30	-1.00000001505e+30	-1.00000002538e+26	-1.00000001505e+30	-1.00000001505e+30	79.2372741699	-	0	0	0	0	0	0	0	0	0	0	0	0	0	0	0	0	0	0	0	0	0	0	0	0	0	0	0	0	0	0	0	0	0	0	0	0	0	0	0	0	0	0	0	0	0	0	0	0	0	0	0	0	0	0	0	0	0	0	0	0
Feb 22 2023 18:06:04	-1.00000001505e+30	-1.00000001505e+30	-1.00000001505e+30	-1.00000002538e+26	-1.00000001505e+30	-1.00000001505e+30	75.348815918	-	0	0	0	0	0	0	0	0	0	0	0	0	0	0	0	0	0	0	0	0	0	0	0	0	0	0	0	0	0	0	0	0	0	0	0	0	0	0	0	0	0	0	0	0	0	0	0	0	0	0	0	0	0	0	0	0	0	0	0	0
Feb 22 2023 18:06:05	-1.00000001505e+30	-1.00000001505e+30	-1.00000001505e+30	-1.00000002538e+26	-1.00000001505e+30	-1.00000001505e+30	71.0777130127	-	0	0	0	0	0	0	0	0	0	0	0	0	0	0	0	0	0	0	0	0	0	0	0	0	0	0	0	0	0	0	0	0	0	0	0	0	0	0	0	0	0	0	0	0	0	0	0	0	0	0	0	0	0	0	0	0	0	0	0	0
Feb 22 2023 18:06:06	-1.00000001505e+30	-1.00000001505e+30	-1.00000001505e+30	-1.00000002538e+26	-1.00000001505e+30	-1.00000001505e+30	78.0750274658	-	0	0	0	0	0	0	0	0	0	0	0	0	0	0	0	0	0	0	0	0	0	0	0	0	0	0	0	0	0	0	0	0	0	0	0	0	0	0	0	0	0	0	0	0	0	0	0	0	0	0	0	0	0	0	0	0	0	0	0	0
Feb 22 2023 18:06:07	-1.00000001505e+30	-1.00000001505e+30	-1.00000001505e+30	-1.00000002538e+26	-1.00000001505e+30	-1.00000001505e+30	74.7637710571	-	0	0	0	0	0	0	0	0	0	0	0	0	0	0	0	0	0	0	0	0	0	0	0	0	0	0	0	0	0	0	0	0	0	0	0	0	0	0	0	0	0	0	0	0	0	0	0	0	0	0	0	0	0	0	0	0	0	0	0	0
Feb 22 2023 18:06:08	-1.00000001505e+30	-1.00000001505e+30	-1.00000001505e+30	-1.00000002538e+26	-1.00000001505e+30	-1.00000001505e+30	73.0292663574	-	0	0	0	0	0	0	0	0	0	0	0	0	0	0	0	0	0	0	0	0	0	0	0	0	0	0	0	0	0	0	0	0	0	0	0	0	0	0	0	0	0	0	0	0	0	0	0	0	0	0	0	0	0	0	0	0	0	0	0	0
Feb 22 2023 18:06:09	-1.00000001505e+30	-1.00000001505e+30	-1.00000001505e+30	-1.00000002538e+26	-1.00000001505e+30	-1.00000001505e+30	72.3995361328	-	0	0	0	0	0	0	0	0	0	0	0	0	0	0	0	0	0	0	0	0	0	0	0	0	0	0	0	0	0	0	0	0	0	0	0	0	0	0	0	0	0	0	0	0	0	0	0	0	0	0	0	0	0	0	0	0	0	0	0	0
Feb 22 2023 18:06:10	-1.00000001505e+30	-1.00000001505e+30	-1.00000001505e+30	-1.00000002538e+26	-1.00000001505e+30	-1.00000001505e+30	80.5863647461	-	0	0	0	0	0	0	0	0	0	0	0	0	0	0	0	0	0	0	0	0	0	0	0	0	0	0	0	0	0	0	0	0	0	0	0	0	0	0	0	0	0	0	0	0	0	0	0	0	0	0	0	0	0	0	0	0	0	0	0	0
Feb 22 2023 18:06:11	-1.00000001505e+30	-1.00000001505e+30	-1.00000001505e+30	-1.00000002538e+26	-1.00000001505e+30	-1.00000001505e+30	65.9903793335	-	0	0	0	0	0	0	0	0	0	0	0	0	0	0	0	0	0	0	0	0	0	0	0	0	0	0	0	0	0	0	0	0	0	0	0	0	0	0	0	0	0	0	0	0	0	0	0	0	0	0	0	0	0	0	0	0	0	0	0	0
Feb 22 2023 18:06:12	1.34559583664	17.4323444366	59.5655708313	0.000664580671582	24.1156806946	4.75853490829	51.8941116333	-	0	0	0	0	0	0	0	0	0	0	0	0	0	0	2.12839794159	3.70833992958	4.46757316589	4.40782737732	3.74001336098	2.76026082039	1.72743964195	0.831237733364	0.2316275388	0.0244326014072	0.167296901345	0.578660011292	1.1863681078	1.89108979702	2.60790801048	3.28255844116	3.88105177879	4.39413928986	4.81972122192	5.14944314957	5.36317777634	5.4371843338	5.36300611496	5.16706132889	4.91131401062	4.66384649277	4.44903278351	4.20470619202	3.77850461006	2.98168945313	1.69508993626	0	0	0	0	0	0	0	0	0	0	0	0	0	0	0
Feb 22 2023 18:06:13	-1.00000001505e+30	-1.00000001505e+30	-1.00000001505e+30	-1.00000002538e+26	-1.00000001505e+30	-1.00000001505e+30	51.731754303	-	0	0	0	0	0	0	0	0	0	0	0	0	0	0	0	0	0	0	0	0	0	0	0	0	0	0	0	0	0	0	0	0	0	0	0	0	0	0	0	0	0	0	0	0	0	0	0	0	0	0	0	0	0	0	0	0	0	0	0	0
Feb 22 2023 18:06:14	-1.00000001505e+30	-1.00000001505e+30	-1.00000001505e+30	-1.00000002538e+26	-1.00000001505e+30	-1.00000001505e+30	61.0266456604	-	0	0	0	0	0	0	0	0	0	0	0	0	0	0	0	0	0	0	0	0	0	0	0	0	0	0	0	0	0	0	0	0	0	0	0	0	0	0	0	0	0	0	0	0	0	0	0	0	0	0	0	0	0	0	0	0	0	0	0	0
Feb 22 2023 18:06:15	-1.00000001505e+30	-1.00000001505e+30	-1.00000001505e+30	-1.00000002538e+26	-1.00000001505e+30	-1.00000001505e+30	70.5230026245	-	0	0	0	0	0	0	0	0	0	0	0	0	0	0	0	0	0	0	0	0	0	0	0	0	0	0	0	0	0	0	0	0	0	0	0	0	0	0	0	0	0	0	0	0	0	0	0	0	0	0	0	0	0	0	0	0	0	0	0	0
Feb 22 2023 18:06:16	-1.00000001505e+30	-1.00000001505e+30	-1.00000001505e+30	-1.00000002538e+26	-1.00000001505e+30	-1.00000001505e+30	54.5982551575	-	0	0	0	0	0	0	0	0	0	0	0	0	0	0	0	0	0	0	0	0	0	0	0	0	0	0	0	0	0	0	0	0	0	0	0	0	0	0	0	0	0	0	0	0	0	0	0	0	0	0	0	0	0	0	0	0	0	0	0	0
Feb 22 2023 18:06:17	-1.00000001505e+30	-1.00000001505e+30	-1.00000001505e+30	-1.00000002538e+26	-1.00000001505e+30	-1.00000001505e+30	63.7682304382	-	0	0	0	0	0	0	0	0	0	0	0	0	0	0	0	0	0	0	0	0	0	0	0	0	0	0	0	0	0	0	0	0	0	0	0	0	0	0	0	0	0	0	0	0	0	0	0	0	0	0	0	0	0	0	0	0	0	0	0	0
Feb 22 2023 18:06:18	-1.00000001505e+30	-1.00000001505e+30	-1.00000001505e+30	-1.00000002538e+26	-1.00000001505e+30	-1.00000001505e+30	65.9307632446	-	0	0	0	0	0	0	0	0	0	0	0	0	0	0	0	0	0	0	0	0	0	0	0	0	0	0	0	0	0	0	0	0	0	0	0	0	0	0	0	0	0	0	0	0	0	0	0	0	0	0	0	0	0	0	0	0	0	0	0	0
Feb 22 2023 18:06:19	-1.00000001505e+30	-1.00000001505e+30	-1.00000001505e+30	-1.00000002538e+26	-1.00000001505e+30	-1.00000001505e+30	57.2135391235	-	0	0	0	0	0	0	0	0	0	0	0	0	0	0	0	0	0	0	0	0	0	0	0	0	0	0	0	0	0	0	0	0	0	0	0	0	0	0	0	0	0	0	0	0	0	0	0	0	0	0	0	0	0	0	0	0	0	0	0	0
Feb 22 2023 18:06:20	-1.00000001505e+30	-1.00000001505e+30	-1.00000001505e+30	-1.00000002538e+26	-1.00000001505e+30	-1.00000001505e+30	58.5518226624	-	0	0	0	0	0	0	0	0	0	0	0	0	0	0	0	0	0	0	0	0	0	0	0	0	0	0	0	0	0	0	0	0	0	0	0	0	0	0	0	0	0	0	0	0	0	0	0	0	0	0	0	0	0	0	0	0	0	0	0	0
Feb 22 2023 18:06:21	1.33556199074	14.4371652603	57.3053283691	0.000703269208316	21.9472236633	4.49134063721	48.2113647461	-	0	0	0	0	0	0	0	0	0	0	0	0	0	0	2.16321921349	3.78663873672	4.5947933197	4.5780339241	3.93546938896	2.95994830132	1.91910099983	1.01644575596	0.423002660275	0.246847257018	0.457487940788	0.969998419285	1.69995617867	2.52095174789	3.31858944893	4.00802469254	4.53564691544	4.88780593872	5.07729291916	5.12658596039	5.05436086655	4.87481069565	4.60911178589	4.3010597229	4.01795816422	3.82255029678	3.72460031509	3.6394033432	3.38661456108	2.75017547607	1.59351551533	0	0	0	0	0	0	0	0	0	0	0	0	0	0	0
Feb 22 2023 18:06:22	-1.00000001505e+30	-1.00000001505e+30	-1.00000001505e+30	-1.00000002538e+26	-1.00000001505e+30	-1.00000001505e+30	70.4947662354	-	0	0	0	0	0	0	0	0	0	0	0	0	0	0	0	0	0	0	0	0	0	0	0	0	0	0	0	0	0	0	0	0	0	0	0	0	0	0	0	0	0	0	0	0	0	0	0	0	0	0	0	0	0	0	0	0	0	0	0	0
Feb 22 2023 18:06:23	-1.00000001505e+30	-1.00000001505e+30	-1.00000001505e+30	-1.00000002538e+26	-1.00000001505e+30	-1.00000001505e+30	68.0661621094	-	0	0	0	0	0	0	0	0	0	0	0	0	0	0	0	0	0	0	0	0	0	0	0	0	0	0	0	0	0	0	0	0	0	0	0	0	0	0	0	0	0	0	0	0	0	0	0	0	0	0	0	0	0	0	0	0	0	0	0	0
Feb 22 2023 18:06:24	-1.00000001505e+30	-1.00000001505e+30	-1.00000001505e+30	-1.00000002538e+26	-1.00000001505e+30	-1.00000001505e+30	63.348941803	-	0	0	0	0	0	0	0	0	0	0	0	0	0	0	0	0	0	0	0	0	0	0	0	0	0	0	0	0	0	0	0	0	0	0	0	0	0	0	0	0	0	0	0	0	0	0	0	0	0	0	0	0	0	0	0	0	0	0	0	0
Feb 22 2023 18:06:25	-1.00000001505e+30	-1.00000001505e+30	-1.00000001505e+30	-1.00000002538e+26	-1.00000001505e+30	-1.00000001505e+30	73.5693283081	-	0	0	0	0	0	0	0	0	0	0	0	0	0	0	0	0	0	0	0	0	0	0	0	0	0	0	0	0	0	0	0	0	0	0	0	0	0	0	0	0	0	0	0	0	0	0	0	0	0	0	0	0	0	0	0	0	0	0	0	0
Feb 22 2023 18:06:26	1.43197000027	16.6093635559	53.2657279968	0.000597855076194	22.3292102814	5.14121961594	58.7201538086	-	0	0	0	0	0	0	0	0	0	0	0	0	0	0	1.78168475628	3.11882472038	3.78667712212	3.78061246872	3.26735520363	2.48828053474	1.66071844101	0.947662711143	0.48586410284	0.360060751438	0.541491746902	0.962774574757	1.56313121319	2.2562084198	2.97095513344	3.66355252266	4.30822277069	4.89658212662	5.41612911224	5.83315515518	6.08954668045	6.12082242966	5.89063167572	5.42615556717	4.82479047775	4.21772766113	3.70341730118	3.28510785103	2.85290074348	2.2287364006	1.27023136616	0	0	0	0	0	0	0	0	0	0	0	0	0	0	0
Feb 22 2023 18:06:27	-1.00000001505e+30	-1.00000001505e+30	-1.00000001505e+30	-1.00000002538e+26	-1.00000001505e+30	-1.00000001505e+30	60.5467147827	-	0	0	0	0	0	0	0	0	0	0	0	0	0	0	0	0	0	0	0	0	0	0	0	0	0	0	0	0	0	0	0	0	0	0	0	0	0	0	0	0	0	0	0	0	0	0	0	0	0	0	0	0	0	0	0	0	0	0	0	0
Feb 22 2023 18:06:28	-1.00000001505e+30	-1.00000001505e+30	-1.00000001505e+30	-1.00000002538e+26	-1.00000001505e+30	-1.00000001505e+30	61.0089073181	-	0	0	0	0	0	0	0	0	0	0	0	0	0	0	0	0	0	0	0	0	0	0	0	0	0	0	0	0	0	0	0	0	0	0	0	0	0	0	0	0	0	0	0	0	0	0	0	0	0	0	0	0	0	0	0	0	0	0	0	0
Feb 22 2023 18:06:29	-1.00000001505e+30	-1.00000001505e+30	-1.00000001505e+30	-1.00000002538e+26	-1.00000001505e+30	-1.00000001505e+30	55.8057060242	-	0	0	0	0	0	0	0	0	0	0	0	0	0	0	0	0	0	0	0	0	0	0	0	0	0	0	0	0	0	0	0	0	0	0	0	0	0	0	0	0	0	0	0	0	0	0	0	0	0	0	0	0	0	0	0	0	0	0	0	0
Feb 22 2023 18:06:30	-1.00000001505e+30	-1.00000001505e+30	-1.00000001505e+30	-1.00000002538e+26	-1.00000001505e+30	-1.00000001505e+30	71.9060058594	-	0	0	0	0	0	0	0	0	0	0	0	0	0	0	0	0	0	0	0	0	0	0	0	0	0	0	0	0	0	0	0	0	0	0	0	0	0	0	0	0	0	0	0	0	0	0	0	0	0	0	0	0	0	0	0	0	0	0	0	0
Feb 22 2023 18:06:31	-1.00000001505e+30	-1.00000001505e+30	-1.00000001505e+30	-1.00000002538e+26	-1.00000001505e+30	-1.00000001505e+30	60.4469604492	-	0	0	0	0	0	0	0	0	0	0	0	0	0	0	0	0	0	0	0	0	0	0	0	0	0	0	0	0	0	0	0	0	0	0	0	0	0	0	0	0	0	0	0	0	0	0	0	0	0	0	0	0	0	0	0	0	0	0	0	0
Feb 22 2023 18:06:32	-1.00000001505e+30	-1.00000001505e+30	-1.00000001505e+30	-1.00000002538e+26	-1.00000001505e+30	-1.00000001505e+30	73.2982940674	-	0	0	0	0	0	0	0	0	0	0	0	0	0	0	0	0	0	0	0	0	0	0	0	0	0	0	0	0	0	0	0	0	0	0	0	0	0	0	0	0	0	0	0	0	0	0	0	0	0	0	0	0	0	0	0	0	0	0	0	0
Feb 22 2023 18:06:33	-1.00000001505e+30	-1.00000001505e+30	-1.00000001505e+30	-1.00000002538e+26	-1.00000001505e+30	-1.00000001505e+30	65.5703277588	-	0	0	0	0	0	0	0	0	0	0	0	0	0	0	0	0	0	0	0	0	0	0	0	0	0	0	0	0	0	0	0	0	0	0	0	0	0	0	0	0	0	0	0	0	0	0	0	0	0	0	0	0	0	0	0	0	0	0	0	0
Feb 22 2023 18:06:34	-1.00000001505e+30	-1.00000001505e+30	-1.00000001505e+30	-1.00000002538e+26	-1.00000001505e+30	-1.00000001505e+30	64.4827957153	-	0	0	0	0	0	0	0	0	0	0	0	0	0	0	0	0	0	0	0	0	0	0	0	0	0	0	0	0	0	0	0	0	0	0	0	0	0	0	0	0	0	0	0	0	0	0	0	0	0	0	0	0	0	0	0	0	0	0	0	0
Feb 22 2023 18:06:35	-1.00000001505e+30	-1.00000001505e+30	-1.00000001505e+30	-1.00000002538e+26	-1.00000001505e+30	-1.00000001505e+30	76.7070922852	-	0	0	0	0	0	0	0	0	0	0	0	0	0	0	0	0	0	0	0	0	0	0	0	0	0	0	0	0	0	0	0	0	0	0	0	0	0	0	0	0	0	0	0	0	0	0	0	0	0	0	0	0	0	0	0	0	0	0	0	0
Feb 22 2023 18:06:36	-1.00000001505e+30	-1.00000001505e+30	-1.00000001505e+30	-1.00000002538e+26	-1.00000001505e+30	-1.00000001505e+30	73.7330703735	-	0	0	0	0	0	0	0	0	0	0	0	0	0	0	0	0	0	0	0	0	0	0	0	0	0	0	0	0	0	0	0	0	0	0	0	0	0	0	0	0	0	0	0	0	0	0	0	0	0	0	0	0	0	0	0	0	0	0	0	0
Feb 22 2023 18:06:37	1.41203713417	16.0871315002	52.0270309448	0.000587280024774	21.8133201599	5.01734161377	58.4156913757	-	0	0	0	0	0	0	0	0	0	0	0	0	0	0	1.84671807289	3.23293280602	3.92431235313	3.91379213333	3.37248063087	2.55096721649	1.67744660378	0.924768924713	0.437949091196	0.308142751455	0.508263468742	0.967130184174	1.61755752563	2.36130666733	3.1145195961	3.82110929489	4.44789218903	4.98679304123	5.43565750122	5.77934551239	5.98069238663	5.99002885818	5.77231740952	5.34091949463	4.77043390274	4.17136335373	3.6339905262	3.17146968842	2.69992136955	2.07242918015	1.16734850407	0	0	0	0	0	0	0	0	0	0	0	0	0	0	0
Feb 22 2023 18:06:38	-1.00000001505e+30	-1.00000001505e+30	-1.00000001505e+30	-1.00000002538e+26	-1.00000001505e+30	-1.00000001505e+30	64.5761947632	-	0	0	0	0	0	0	0	0	0	0	0	0	0	0	0	0	0	0	0	0	0	0	0	0	0	0	0	0	0	0	0	0	0	0	0	0	0	0	0	0	0	0	0	0	0	0	0	0	0	0	0	0	0	0	0	0	0	0	0	0
Feb 22 2023 18:06:39	-1.00000001505e+30	-1.00000001505e+30	-1.00000001505e+30	-1.00000002538e+26	-1.00000001505e+30	-1.00000001505e+30	76.6627349854	-	0	0	0	0	0	0	0	0	0	0	0	0	0	0	0	0	0	0	0	0	0	0	0	0	0	0	0	0	0	0	0	0	0	0	0	0	0	0	0	0	0	0	0	0	0	0	0	0	0	0	0	0	0	0	0	0	0	0	0	0
Feb 22 2023 18:06:40	-1.00000001505e+30	-1.00000001505e+30	-1.00000001505e+30	-1.00000002538e+26	-1.00000001505e+30	-1.00000001505e+30	74.8292236328	-	0	0	0	0	0	0	0	0	0	0	0	0	0	0	0	0	0	0	0	0	0	0	0	0	0	0	0	0	0	0	0	0	0	0	0	0	0	0	0	0	0	0	0	0	0	0	0	0	0	0	0	0	0	0	0	0	0	0	0	0
Feb 22 2023 18:06:41	-1.00000001505e+30	-1.00000001505e+30	-1.00000001505e+30	-1.00000002538e+26	-1.00000001505e+30	-1.00000001505e+30	63.0241317749	-	0	0	0	0	0	0	0	0	0	0	0	0	0	0	0	0	0	0	0	0	0	0	0	0	0	0	0	0	0	0	0	0	0	0	0	0	0	0	0	0	0	0	0	0	0	0	0	0	0	0	0	0	0	0	0	0	0	0	0	0
Feb 22 2023 18:06:42	-1.00000001505e+30	-1.00000001505e+30	-1.00000001505e+30	-1.00000002538e+26	-1.00000001505e+30	-1.00000001505e+30	69.029838562	-	0	0	0	0	0	0	0	0	0	0	0	0	0	0	0	0	0	0	0	0	0	0	0	0	0	0	0	0	0	0	0	0	0	0	0	0	0	0	0	0	0	0	0	0	0	0	0	0	0	0	0	0	0	0	0	0	0	0	0	0
Feb 22 2023 18:06:43	-1.00000001505e+30	-1.00000001505e+30	-1.00000001505e+30	-1.00000002538e+26	-1.00000001505e+30	-1.00000001505e+30	74.1676940918	-	0	0	0	0	0	0	0	0	0	0	0	0	0	0	0	0	0	0	0	0	0	0	0	0	0	0	0	0	0	0	0	0	0	0	0	0	0	0	0	0	0	0	0	0	0	0	0	0	0	0	0	0	0	0	0	0	0	0	0	0
Feb 22 2023 18:06:44	-1.00000001505e+30	-1.00000001505e+30	-1.00000001505e+30	-1.00000002538e+26	-1.00000001505e+30	-1.00000001505e+30	79.3590698242	-	0	0	0	0	0	0	0	0	0	0	0	0	0	0	0	0	0	0	0	0	0	0	0	0	0	0	0	0	0	0	0	0	0	0	0	0	0	0	0	0	0	0	0	0	0	0	0	0	0	0	0	0	0	0	0	0	0	0	0	0
Feb 22 2023 18:06:45	-1.00000001505e+30	-1.00000001505e+30	-1.00000001505e+30	-1.00000002538e+26	-1.00000001505e+30	-1.00000001505e+30	74.3565826416	-	0	0	0	0	0	0	0	0	0	0	0	0	0	0	0	0	0	0	0	0	0	0	0	0	0	0	0	0	0	0	0	0	0	0	0	0	0	0	0	0	0	0	0	0	0	0	0	0	0	0	0	0	0	0	0	0	0	0	0	0
Feb 22 2023 18:06:46	-1.00000001505e+30	-1.00000001505e+30	-1.00000001505e+30	-1.00000002538e+26	-1.00000001505e+30	-1.00000001505e+30	71.3502502441	-	0	0	0	0	0	0	0	0	0	0	0	0	0	0	0	0	0	0	0	0	0	0	0	0	0	0	0	0	0	0	0	0	0	0	0	0	0	0	0	0	0	0	0	0	0	0	0	0	0	0	0	0	0	0	0	0	0	0	0	0
Feb 22 2023 18:06:47	-1.00000001505e+30	-1.00000001505e+30	-1.00000001505e+30	-1.00000002538e+26	-1.00000001505e+30	-1.00000001505e+30	73.3245620728	-	0	0	0	0	0	0	0	0	0	0	0	0	0	0	0	0	0	0	0	0	0	0	0	0	0	0	0	0	0	0	0	0	0	0	0	0	0	0	0	0	0	0	0	0	0	0	0	0	0	0	0	0	0	0	0	0	0	0	0	0
Feb 22 2023 18:06:48	1.4182882309	15.9987421036	54.1625022888	0.000566573638935	22.2599048615	5.11029052734	60.0820426941	-	0	0	0	0	0	0	0	0	0	0	0	0	0	0	1.84035503864	3.2074379921	3.86454343796	3.81146192551	3.23137712479	2.38615465164	1.50988435745	0.776811182499	0.332111030817	0.263452202082	0.533474028111	1.06080985069	1.7696570158	2.55421280861	3.32463693619	4.02207612991	4.6128692627	5.0917134285	5.4621386528	5.71777009964	5.83332681656	5.77381086349	5.52001333237	5.09857320786	4.59000301361	4.09886407852	3.69555473328	3.36089658737	2.97123289108	2.34383583069	1.34096467495	0	0	0	0	0	0	0	0	0	0	0	0	0	0	0
Feb 22 2023 18:06:49	-1.00000001505e+30	-1.00000001505e+30	-1.00000001505e+30	-1.00000002538e+26	-1.00000001505e+30	-1.00000001505e+30	63.6769065857	-	0	0	0	0	0	0	0	0	0	0	0	0	0	0	0	0	0	0	0	0	0	0	0	0	0	0	0	0	0	0	0	0	0	0	0	0	0	0	0	0	0	0	0	0	0	0	0	0	0	0	0	0	0	0	0	0	0	0	0	0
Feb 22 2023 18:06:50	-1.00000001505e+30	-1.00000001505e+30	-1.00000001505e+30	-1.00000002538e+26	-1.00000001505e+30	-1.00000001505e+30	73.8562316895	-	0	0	0	0	0	0	0	0	0	0	0	0	0	0	0	0	0	0	0	0	0	0	0	0	0	0	0	0	0	0	0	0	0	0	0	0	0	0	0	0	0	0	0	0	0	0	0	0	0	0	0	0	0	0	0	0	0	0	0	0
Feb 22 2023 18:06:51	1.30106329918	12.1049404144	48.5599784851	0.000639022386167	18.6461372375	4.14966964722	48.7648086548	-	0	0	0	0	0	0	0	0	0	0	0	0	0	0	2.35834503174	4.12003278732	4.98293733597	4.9404592514	4.2170624733	3.13950061798	2.00459504128	1.03727149963	0.426565617323	0.290859341621	0.593430995941	1.23589754105	2.11800765991	3.0899503231	4.01203632355	4.77543544769	5.30783987045	5.58613824844	5.62585687637	5.4647064209	5.14566516876	4.71043205261	4.20400428772	3.68501615524	3.22645902634	2.89307546616	2.70190000534	2.58825802803	2.40408444405	1.96582448483	1.14833950996	0	0	0	0	0	0	0	0	0	0	0	0	0	0	0
Feb 22 2023 18:06:52	-1.00000001505e+30	-1.00000001505e+30	-1.00000001505e+30	-1.00000002538e+26	-1.00000001505e+30	-1.00000001505e+30	70.8387680054	-	0	0	0	0	0	0	0	0	0	0	0	0	0	0	0	0	0	0	0	0	0	0	0	0	0	0	0	0	0	0	0	0	0	0	0	0	0	0	0	0	0	0	0	0	0	0	0	0	0	0	0	0	0	0	0	0	0	0	0	0
Feb 22 2023 18:06:53	-1.00000001505e+30	-1.00000001505e+30	-1.00000001505e+30	-1.00000002538e+26	-1.00000001505e+30	-1.00000001505e+30	69.8038787842	-	0	0	0	0	0	0	0	0	0	0	0	0	0	0	0	0	0	0	0	0	0	0	0	0	0	0	0	0	0	0	0	0	0	0	0	0	0	0	0	0	0	0	0	0	0	0	0	0	0	0	0	0	0	0	0	0	0	0	0	0
Feb 22 2023 18:06:54	-1.00000001505e+30	-1.00000001505e+30	-1.00000001505e+30	-1.00000002538e+26	-1.00000001505e+30	-1.00000001505e+30	70.5521774292	-	0	0	0	0	0	0	0	0	0	0	0	0	0	0	0	0	0	0	0	0	0	0	0	0	0	0	0	0	0	0	0	0	0	0	0	0	0	0	0	0	0	0	0	0	0	0	0	0	0	0	0	0	0	0	0	0	0	0	0	0
Feb 22 2023 18:06:55	-1.00000001505e+30	-1.00000001505e+30	-1.00000001505e+30	-1.00000002538e+26	-1.00000001505e+30	-1.00000001505e+30	60.7667388916	-	0	0	0	0	0	0	0	0	0	0	0	0	0	0	0	0	0	0	0	0	0	0	0	0	0	0	0	0	0	0	0	0	0	0	0	0	0	0	0	0	0	0	0	0	0	0	0	0	0	0	0	0	0	0	0	0	0	0	0	0
Feb 22 2023 18:06:56	-1.00000001505e+30	-1.00000001505e+30	-1.00000001505e+30	-1.00000002538e+26	-1.00000001505e+30	-1.00000001505e+30	73.7835922241	-	0	0	0	0	0	0	0	0	0	0	0	0	0	0	0	0	0	0	0	0	0	0	0	0	0	0	0	0	0	0	0	0	0	0	0	0	0	0	0	0	0	0	0	0	0	0	0	0	0	0	0	0	0	0	0	0	0	0	0	0
Feb 22 2023 18:06:57	-1.00000001505e+30	-1.00000001505e+30	-1.00000001505e+30	-1.00000002538e+26	-1.00000001505e+30	-1.00000001505e+30	99.9215087891	-	0	0	0	0	0	0	0	0	0	0	0	0	0	0	0	0	0	0	0	0	0	0	0	0	0	0	0	0	0	0	0	0	0	0	0	0	0	0	0	0	0	0	0	0	0	0	0	0	0	0	0	0	0	0	0	0	0	0	0	0
Feb 22 2023 18:06:58	-1.00000001505e+30	-1.00000001505e+30	-1.00000001505e+30	-1.00000002538e+26	-1.00000001505e+30	-1.00000001505e+30	99.9890823364	-	0	0	0	0	0	0	0	0	0	0	0	0	0	0	0	0	0	0	0	0	0	0	0	0	0	0	0	0	0	0	0	0	0	0	0	0	0	0	0	0	0	0	0	0	0	0	0	0	0	0	0	0	0	0	0	0	0	0	0	0
Feb 22 2023 18:06:59	-1.00000001505e+30	-1.00000001505e+30	-1.00000001505e+30	-1.00000002538e+26	-1.00000001505e+30	-1.00000001505e+30	99.957321167	-	0	0	0	0	0	0	0	0	0	0	0	0	0	0	0	0	0	0	0	0	0	0	0	0	0	0	0	0	0	0	0	0	0	0	0	0	0	0	0	0	0	0	0	0	0	0	0	0	0	0	0	0	0	0	0	0	0	0	0	0
Feb 22 2023 18:07:00	-1.00000001505e+30	-1.00000001505e+30	-1.00000001505e+30	-1.00000002538e+26	-1.00000001505e+30	-1.00000001505e+30	100.012039185	-	0	0	0	0	0	0	0	0	0	0	0	0	0	0	0	0	0	0	0	0	0	0	0	0	0	0	0	0	0	0	0	0	0	0	0	0	0	0	0	0	0	0	0	0	0	0	0	0	0	0	0	0	0	0	0	0	0	0	0	0
Feb 22 2023 18:07:01	-1.00000001505e+30	-1.00000001505e+30	-1.00000001505e+30	-1.00000002538e+26	-1.00000001505e+30	-1.00000001505e+30	99.9825057983	-	0	0	0	0	0	0	0	0	0	0	0	0	0	0	0	0	0	0	0	0	0	0	0	0	0	0	0	0	0	0	0	0	0	0	0	0	0	0	0	0	0	0	0	0	0	0	0	0	0	0	0	0	0	0	0	0	0	0	0	0
Feb 22 2023 18:07:02	-1.00000001505e+30	-1.00000001505e+30	-1.00000001505e+30	-1.00000002538e+26	-1.00000001505e+30	-1.00000001505e+30	99.9320144653	-	0	0	0	0	0	0	0	0	0	0	0	0	0	0	0	0	0	0	0	0	0	0	0	0	0	0	0	0	0	0	0	0	0	0	0	0	0	0	0	0	0	0	0	0	0	0	0	0	0	0	0	0	0	0	0	0	0	0	0	0
Feb 22 2023 18:07:03	-1.00000001505e+30	-1.00000001505e+30	-1.00000001505e+30	-1.00000002538e+26	-1.00000001505e+30	-1.00000001505e+30	99.9732131958	-	0	0	0	0	0	0	0	0	0	0	0	0	0	0	0	0	0	0	0	0	0	0	0	0	0	0	0	0	0	0	0	0	0	0	0	0	0	0	0	0	0	0	0	0	0	0	0	0	0	0	0	0	0	0	0	0	0	0	0	0
Feb 22 2023 18:07:04	-1.00000001505e+30	-1.00000001505e+30	-1.00000001505e+30	-1.00000002538e+26	-1.00000001505e+30	-1.00000001505e+30	99.8239059448	-	0	0	0	0	0	0	0	0	0	0	0	0	0	0	0	0	0	0	0	0	0	0	0	0	0	0	0	0	0	0	0	0	0	0	0	0	0	0	0	0	0	0	0	0	0	0	0	0	0	0	0	0	0	0	0	0	0	0	0	0
Feb 22 2023 18:07:05	-1.00000001505e+30	-1.00000001505e+30	-1.00000001505e+30	-1.00000002538e+26	-1.00000001505e+30	-1.00000001505e+30	99.8817672729	-	0	0	0	0	0	0	0	0	0	0	0	0	0	0	0	0	0	0	0	0	0	0	0	0	0	0	0	0	0	0	0	0	0	0	0	0	0	0	0	0	0	0	0	0	0	0	0	0	0	0	0	0	0	0	0	0	0	0	0	0
Feb 22 2023 18:07:06	-1.00000001505e+30	-1.00000001505e+30	-1.00000001505e+30	-1.00000002538e+26	-1.00000001505e+30	-1.00000001505e+30	99.9797515869	-	0	0	0	0	0	0	0	0	0	0	0	0	0	0	0	0	0	0	0	0	0	0	0	0	0	0	0	0	0	0	0	0	0	0	0	0	0	0	0	0	0	0	0	0	0	0	0	0	0	0	0	0	0	0	0	0	0	0	0	0
Feb 22 2023 18:07:07	-1.00000001505e+30	-1.00000001505e+30	-1.00000001505e+30	-1.00000002538e+26	-1.00000001505e+30	-1.00000001505e+30	99.9750213623	-	0	0	0	0	0	0	0	0	0	0	0	0	0	0	0	0	0	0	0	0	0	0	0	0	0	0	0	0	0	0	0	0	0	0	0	0	0	0	0	0	0	0	0	0	0	0	0	0	0	0	0	0	0	0	0	0	0	0	0	0
Feb 22 2023 18:07:08	-1.00000001505e+30	-1.00000001505e+30	-1.00000001505e+30	-1.00000002538e+26	-1.00000001505e+30	-1.00000001505e+30	99.9643478394	-	0	0	0	0	0	0	0	0	0	0	0	0	0	0	0	0	0	0	0	0	0	0	0	0	0	0	0	0	0	0	0	0	0	0	0	0	0	0	0	0	0	0	0	0	0	0	0	0	0	0	0	0	0	0	0	0	0	0	0	0
Feb 22 2023 18:07:09	-1.00000001505e+30	-1.00000001505e+30	-1.00000001505e+30	-1.00000002538e+26	-1.00000001505e+30	-1.00000001505e+30	99.9852676392	-	0	0	0	0	0	0	0	0	0	0	0	0	0	0	0	0	0	0	0	0	0	0	0	0	0	0	0	0	0	0	0	0	0	0	0	0	0	0	0	0	0	0	0	0	0	0	0	0	0	0	0	0	0	0	0	0	0	0	0	0
Feb 22 2023 18:07:10	-1.00000001505e+30	-1.00000001505e+30	-1.00000001505e+30	-1.00000002538e+26	-1.00000001505e+30	-1.00000001505e+30	99.9936065674	-	0	0	0	0	0	0	0	0	0	0	0	0	0	0	0	0	0	0	0	0	0	0	0	0	0	0	0	0	0	0	0	0	0	0	0	0	0	0	0	0	0	0	0	0	0	0	0	0	0	0	0	0	0	0	0	0	0	0	0	0
Feb 22 2023 18:07:11	-1.00000001505e+30	-1.00000001505e+30	-1.00000001505e+30	-1.00000002538e+26	-1.00000001505e+30	-1.00000001505e+30	99.9975967407	-	0	0	0	0	0	0	0	0	0	0	0	0	0	0	0	0	0	0	0	0	0	0	0	0	0	0	0	0	0	0	0	0	0	0	0	0	0	0	0	0	0	0	0	0	0	0	0	0	0	0	0	0	0	0	0	0	0	0	0	0
Feb 22 2023 18:07:12	-1.00000001505e+30	-1.00000001505e+30	-1.00000001505e+30	-1.00000002538e+26	-1.00000001505e+30	-1.00000001505e+30	99.9954071045	-	0	0	0	0	0	0	0	0	0	0	0	0	0	0	0	0	0	0	0	0	0	0	0	0	0	0	0	0	0	0	0	0	0	0	0	0	0	0	0	0	0	0	0	0	0	0	0	0	0	0	0	0	0	0	0	0	0	0	0	0
Feb 22 2023 18:07:13	-1.00000001505e+30	-1.00000001505e+30	-1.00000001505e+30	-1.00000002538e+26	-1.00000001505e+30	-1.00000001505e+30	100.004302979	-	0	0	0	0	0	0	0	0	0	0	0	0	0	0	0	0	0	0	0	0	0	0	0	0	0	0	0	0	0	0	0	0	0	0	0	0	0	0	0	0	0	0	0	0	0	0	0	0	0	0	0	0	0	0	0	0	0	0	0	0
Feb 22 2023 18:07:14	-1.00000001505e+30	-1.00000001505e+30	-1.00000001505e+30	-1.00000002538e+26	-1.00000001505e+30	-1.00000001505e+30	100.00920105	-	0	0	0	0	0	0	0	0	0	0	0	0	0	0	0	0	0	0	0	0	0	0	0	0	0	0	0	0	0	0	0	0	0	0	0	0	0	0	0	0	0	0	0	0	0	0	0	0	0	0	0	0	0	0	0	0	0	0	0	0
Feb 22 2023 18:07:15	-1.00000001505e+30	-1.00000001505e+30	-1.00000001505e+30	-1.00000002538e+26	-1.00000001505e+30	-1.00000001505e+30	99.9708557129	-	0	0	0	0	0	0	0	0	0	0	0	0	0	0	0	0	0	0	0	0	0	0	0	0	0	0	0	0	0	0	0	0	0	0	0	0	0	0	0	0	0	0	0	0	0	0	0	0	0	0	0	0	0	0	0	0	0	0	0	0
Feb 22 2023 18:07:16	-1.00000001505e+30	-1.00000001505e+30	-1.00000001505e+30	-1.00000002538e+26	-1.00000001505e+30	-1.00000001505e+30	99.9711380005	-	0	0	0	0	0	0	0	0	0	0	0	0	0	0	0	0	0	0	0	0	0	0	0	0	0	0	0	0	0	0	0	0	0	0	0	0	0	0	0	0	0	0	0	0	0	0	0	0	0	0	0	0	0	0	0	0	0	0	0	0
Feb 22 2023 18:07:17	-1.00000001505e+30	-1.00000001505e+30	-1.00000001505e+30	-1.00000002538e+26	-1.00000001505e+30	-1.00000001505e+30	100.009559631	-	0	0	0	0	0	0	0	0	0	0	0	0	0	0	0	0	0	0	0	0	0	0	0	0	0	0	0	0	0	0	0	0	0	0	0	0	0	0	0	0	0	0	0	0	0	0	0	0	0	0	0	0	0	0	0	0	0	0	0	0
Feb 22 2023 18:07:18	-1.00000001505e+30	-1.00000001505e+30	-1.00000001505e+30	-1.00000002538e+26	-1.00000001505e+30	-1.00000001505e+30	100.029823303	-	0	0	0	0	0	0	0	0	0	0	0	0	0	0	0	0	0	0	0	0	0	0	0	0	0	0	0	0	0	0	0	0	0	0	0	0	0	0	0	0	0	0	0	0	0	0	0	0	0	0	0	0	0	0	0	0	0	0	0	0
