Date-Time	Dx(10)	Dx(50)	Dx(90)	Cv(%)	D[4][3]	D[3][2]	Transmission	0.10000020	0.11659167	0.13593590	0.15848963	0.18478534	0.21544389	0.25118914	0.29286504	0.34145555	0.39810795	0.46415979	0.54117060	0.63095856	0.73564368	0.85769761	1.00000191	1.16591668	1.35935903	1.58489633	1.84785342	2.15443897	2.51189137	2.92865038	3.41455555	3.98107958	4.64159775	5.41170597	6.30958605	7.35643721	8.57697582	10.00002003	11.65916729	13.59359074	15.84896278	18.47853470	21.54438972	25.11891365	29.28650284	34.14555740	39.81079483	46.41598129	54.11705780	63.09585953	73.56436920	85.76976013	100.00019836	116.59166718	135.93591309	158.48962402	184.78533936	215.44389343	251.18913269	292.86502075	341.45556641	398.10794067	464.15979004	541.17059326	630.95855713	735.64367676	857.69757080	1000.00195313
Feb 22 2023 18:03:26	1.63286840916	88.5849761963	96.33959198	0.000204831405426	56.8638114929	7.22355318069	87.7006759644	-	0	0	0	0	0	0	0	0	0	0	0	0	0	0	0.0684840604663	1.08038425446	3.31918287277	4.66757297516	3.94793152809	2.29619836807	1.00975310802	0.3698592484	0.129961401224	0.0561094246805	0.041771247983	0.0638574287295	0.16701965034	0.531997144222	1.57336199284	3.68454408646	6.22973299026	6.95863866806	4.50912570953	1.31397223473	0.0846012234688	5.1149590945e-06	0	0	0	0	0	0	0	0	57.8959350586	0	0	0	0	0	0	0	0	0	0	0	0	0	0	0
Feb 22 2023 18:03:27	1.59544062614	90.433555603	96.990272522	0.000324549153447	67.635269165	10.0474395752	85.7767333984	-	0	0	0	0	0	0	0	0	0	0	0	0	0	0	0	0	0	10.0216426849	0	0	0	0	0	0	0	0	0	0	18.7113113403	0	0	0	0	0	0	0	0	0	0	0	0	0	0	0	71.2670440674	0	0	0	0	0	0	0	0	0	0	0	0	0	0	0
Feb 22 2023 18:03:28	-1.00000001505e+30	-1.00000001505e+30	-1.00000001505e+30	-1.00000002538e+26	-1.00000001505e+30	-1.00000001505e+30	99.0270385742	-	0	0	0	0	0	0	0	0	0	0	0	0	0	0	0	0	0	0	0	0	0	0	0	0	0	0	0	0	0	0	0	0	0	0	0	0	0	0	0	0	0	0	0	0	0	0	0	0	0	0	0	0	0	0	0	0	0	0	0	0
Feb 22 2023 18:03:29	1.56288981438	90.4929199219	97.0123519897	0.000244474096689	68.029800415	9.45370483398	88.2369537354	-	0	0	0	0	0	0	0	0	0	0	0	0	0	0	0	0	0	11.2633447647	0	0	0	0	0	0	0	0	0	0	16.9086685181	0	0	0	0	0	0	0	0	0	0	0	0	0	0	0	71.8279876709	0	0	0	0	0	0	0	0	0	0	0	0	0	0	0
Feb 22 2023 18:03:30	7.34032440186	90.6237945557	97.0609893799	0.000381787278457	69.2165145874	10.4784488678	84.0688323975	-	0	0	0	0	0	0	0	0	0	0	0	0	0	0	0	0	0	9.69317531586	0	0	0	0	0	0	0	0	0	0	16.2944564819	0.908894658089	0.0083865839988	2.72269662673e-05	3.31717942004e-08	1.29658610237e-11	8.53040687251e-16	0	0	0	0	0	0	0	0	0	73.0950622559	0	0	0	0	0	0	0	0	0	0	0	0	0	0	0
Feb 22 2023 18:03:31	1.5774487257	90.3609466553	96.9632492065	0.000520980567671	67.2269515991	9.86174201965	77.5109710693	-	0	0	0	0	0	0	0	0	0	0	0	0	0	0	0	0	0	10.6687421799	0	0	0	0	0	0	0	0	0	0	8.35283565521	6.94081544876	2.72396183014	0.627408623695	0.0868768468499	0.00681981258094	0.000240601293626	0	0	0	0	0	0	0	0	0	70.592300415	0	0	0	0	0	0	0	0	0	0	0	0	0	0	0
Feb 22 2023 18:03:32	1.57951831818	90.4512634277	96.9968566895	0.00052977935411	67.7780609131	9.80608081818	77.1588821411	-	0	0	0	0	0	0	0	0	0	0	0	0	0	0	0	0	0	10.5896940231	8.29465576085e-12	0	0	0	0	0	0	0	0	0	15.2754173279	2.5149538517	0.178704246879	0.00749378139153	0.000189890823094	2.67772816187e-06	1.53399746239e-08	0	0	0	0	0	0	0	0	0	71.4335479736	0	0	0	0	0	0	0	0	0	0	0	0	0	0	0
Feb 22 2023 18:03:33	1.321616292	89.6063919067	96.6816329956	0.000493516097777	62.3922920227	8.30470657349	73.3798370361	-	0	0	0	0	0	0	0	0	0	0	0	0	0	0	0	1.90493707607e-15	11.3770160675	0	0	0	0	0	0	0	0	0	0	1.3192884922	3.40661454201	4.92860078812	5.25940227509	4.41465997696	2.94005918503	1.50711047649	0.533450067043	0.0717598646879	0	0	0	0	0	0	0	0	64.2420425415	0	0	0	0	0	0	0	0	0	0	0	0	0	0	0
Feb 22 2023 18:03:34	1.33502626419	89.8288803101	96.764831543	0.000472773594083	63.6581535339	8.52196884155	75.0252456665	-	0	0	0	0	0	0	0	0	0	0	0	0	0	0	0	7.30188885701e-14	10.91218853	1.95831137493e-14	0	0	0	0	0	0	0	0	0	1.96752643585	4.38994932175	5.53732347488	5.01969194412	3.46267867088	1.82406699657	0.705513060093	0.174190312624	0.00906648114324	0	0	0	0	0	0	0	0	65.9978027344	0	0	0	0	0	0	0	0	0	0	0	0	0	0	0
Feb 22 2023 18:03:35	6.45004844666	90.178855896	96.8954315186	0.000550027878489	65.9038009644	10.1495952606	77.3692092896	-	0	0	0	0	0	0	0	0	0	0	0	0	0	0	0	0	0	9.75831604004	0	0	0	0	0	0	0	0	0	3.33434939384	7.07767438889	6.16627788544	3.27414488792	1.13875544071	0.25898617506	0.0362787097692	0.00252080801874	0	0	0	0	0	0	0	0	0	68.9526977539	0	0	0	0	0	0	0	0	0	0	0	0	0	0	0
Feb 22 2023 18:03:36	8.00882911682	90.4132537842	96.9827194214	0.000672943715472	68.0227279663	11.2149972916	75.1273117065	-	0	0	0	0	0	0	0	0	0	0	0	0	0	0	0	0	0	9.07897472382	0	0	0	0	0	0	0	0	0	0	2.6305346489	7.06011152267	5.99821472168	2.99465847015	0.951931238174	0.188293755054	0.0198996216059	0.000228209115448	0	0	0	0	0	0	0	0	71.0771560669	0	0	0	0	0	0	0	0	0	0	0	0	0	0	0
Feb 22 2023 18:03:37	1.57035124302	90.0492401123	96.8471069336	0.000643224804662	65.4200286865	10.0932588577	73.4669113159	-	0	0	0	0	0	0	0	0	0	0	0	0	0	0	0	0	0	10.5623073578	1.3361344366e-12	0	0	0	0	0	0	0	0	0	1.57336163521	5.1649184227	6.63751220703	5.02279138565	2.39106798172	0.702374100685	0.112239852548	0.00409019365907	0	0	0	0	0	0	0	0	67.8293380737	0	0	0	0	0	0	0	0	0	0	0	0	0	0	0
Feb 22 2023 18:03:38	1.560785532	89.6404342651	96.6943740845	0.000524454750121	62.7260322571	9.69570159912	77.0985565186	-	0	0	0	0	0	0	0	0	0	0	0	0	0	0	0	0	0	10.7903728485	0	0	0	0	0	0	0	0	0	0	2.87510275841	5.57317781448	6.37541770935	5.15543842316	3.05065393448	1.29099416733	0.350639820099	0.0333555303514	0	0	0	0	0	0	0	0	64.5048522949	0	0	0	0	0	0	0	0	0	0	0	0	0	0	0
Feb 22 2023 18:03:39	1.53145551682	90.0265274048	96.8386306763	0.000336491822964	65.2005691528	9.46571922302	83.998374939	-	0	0	0	0	0	0	0	0	0	0	0	0	0	0	0	0	0	11.7199659348	0	0	0	0	0	0	0	0	0	0	1.05675435066	4.47746086121	6.35088014603	5.17635965347	2.62532711029	0.815524995327	0.136683925986	0.00494228443131	0	0	0	0	0	0	0	0	67.636100769	0	0	0	0	0	0	0	0	0	0	0	0	0	0	0
Feb 22 2023 18:03:40	1.53325605392	89.8473739624	96.7717437744	0.000476572371554	64.2621002197	9.56747055054	78.3356399536	-	0	0	0	0	0	0	0	0	0	0	0	0	0	0	0	0	0	11.589425087	5.10688496699e-13	0	0	0	0	0	0	0	0	0	0.821948051453	3.24039745331	5.17965698242	5.51630401611	4.23285770416	2.32333159447	0.831001460552	0.11724434793	0	0	0	0	0	0	0	0	66.1478347778	0	0	0	0	0	0	0	0	0	0	0	0	0	0	0
Feb 22 2023 18:03:41	1.53244781494	89.8097076416	96.7576675415	0.000558183994144	63.9442749023	9.47496604919	74.9499282837	-	0	0	0	0	0	0	0	0	0	0	0	0	0	0	0	0	0	11.6476421356	1.48937296957e-12	0	0	0	0	0	0	0	0	0	1.12718093395	3.72104048729	5.46968317032	5.44006967545	3.92690491676	2.03799629211	0.692575633526	0.0939848944545	0	0	0	0	0	0	0	0	65.842918396	0	0	0	0	0	0	0	0	0	0	0	0	0	0	0
Feb 22 2023 18:03:42	1.29501521587	88.9809112549	96.447013855	0.000603738415521	58.9174308777	7.30949687958	64.5388717651	-	0	0	0	0	0	0	0	0	0	0	0	0	0	0	0	0	13.5353059769	0	0	0	0	0	0	0	0	0	0.155777782202	0.967709600925	2.25868916512	3.65988063812	4.70584487915	5.01229476929	4.45077753067	3.22027730942	1.75641572475	0.52506762743	0	0	0	0	0	0	0	0	59.7519569397	0	0	0	0	0	0	0	0	0	0	0	0	0	0	0
Feb 22 2023 18:03:43	1.66088497639	89.3162002563	96.5729141235	0.000454158900538	60.4291801453	7.09124994278	74.5903930664	-	0	0	0	0	0	0	0	0	0	0	0	0	0	0	0.553000450134	1.77507042885	2.96479940414	3.59763979912	3.50451850891	2.8453810215	1.94223356247	1.09564471245	0.484814018011	0.152837887406	0.032386623323	0.010930435732	0.0354691930115	0.187101155519	0.656569898129	1.59809231758	2.9171628952	4.11840057373	4.44296693802	3.41522979736	1.49244463444	0.0955917909741	0	0	0	0	0	0	0	0	62.0817108154	0	0	0	0	0	0	0	0	0	0	0	0	0	0	0
Feb 22 2023 18:03:44	1.52456045151	90.1310806274	96.8776245117	0.000433575129136	65.4327392578	8.91887187958	78.8558120728	-	0	0	0	0	0	0	0	0	0	0	0	0	0	0	0	0	0	12.2498254776	0	0	0	0	0	0	0	0	0	0.738856077194	6.88253355026	6.59049129486	3.51008844376	1.19314706326	0.262647509575	0.035508915782	0.00239252811298	0	0	0	0	0	0	0	0	0	68.5345077515	0	0	0	0	0	0	0	0	0	0	0	0	0	0	0
Feb 22 2023 18:03:45	1.32334184647	89.8875961304	96.7867660522	0.000463984702947	64.0439376831	8.38362979889	74.9189376831	-	0	0	0	0	0	0	0	0	0	0	0	0	0	0	0	1.74525172959e-12	11.3147258759	4.28107610285e-27	0	0	0	0	0	0	0	0	0	1.19492554665	4.00128793716	5.6217713356	5.26057720184	3.57334685326	1.78274703026	0.630068898201	0.137539282441	0.00649062404409	0	0	0	0	0	0	0	0	66.4765167236	0	0	0	0	0	0	0	0	0	0	0	0	0	0	0
Feb 22 2023 18:03:46	1.56437587738	90.1380691528	96.8802261353	0.000340969651006	65.9033737183	9.96395969391	84.7338104248	-	0	0	0	0	0	0	0	0	0	0	0	0	0	0	0	0	0	10.7034635544	0	0	0	0	0	0	0	0	0	0	2.94983673096	6.02981090546	5.94320201874	3.72735738754	1.55984258652	0.424022227526	0.0652090236545	0.00189427356236	0	0	0	0	0	0	0	0	68.5953598022	0	0	0	0	0	0	0	0	0	0	0	0	0	0	0
Feb 22 2023 18:03:47	1.57968080044	89.6527023315	96.69896698	0.000463275238872	63.2334823608	10.199631691	80.3432998657	-	0	0	0	0	0	0	0	0	0	0	0	0	0	0	0	0	0	10.3502254486	0	0	0	0	0	0	0	0	0	0	1.51117372513	3.5076341629	5.05409002304	5.48090744019	4.65725040436	3.05999350548	1.43715953827	0.341445744038	0	0	0	0	0	0	0	0	64.6001205444	0	0	0	0	0	0	0	0	0	0	0	0	0	0	0
Feb 22 2023 18:03:48	1.30876541138	89.1088638306	96.4951019287	0.000319938902976	59.7612915039	7.92970323563	80.9557342529	-	0	0	0	0	0	0	0	0	0	0	0	0	0	0	0	0	12.0919942856	0	0	0	0	0	0	0	0	0	0.226134851575	1.09247946739	2.38818311691	3.75211954117	4.74907255173	5.02574205399	4.46424484253	3.24930357933	1.79248046875	0.547110497952	0	0	0	0	0	0	0	0	60.6211357117	0	0	0	0	0	0	0	0	0	0	0	0	0	0	0
Feb 22 2023 18:03:49	1.68371140957	87.7448501587	96.1982498169	0.000657342781778	55.5304489136	6.97499704361	65.40234375	-	0	0	0	0	0	0	0	0	0	0	0	0	0	0	0.409682750702	1.57691264153	2.87494134903	3.65853190422	3.65676832199	3.01121091843	2.07946181297	1.19945561886	0.563735306263	0.209961906075	0.0668448209763	0.0305666234344	0.0468608736992	0.161452755332	0.551020979881	1.47097730637	3.02625536919	4.83096313477	5.91014003754	5.27745771408	3.02495408058	0.741968750954	1.41999125844e-05	0	0	0	0	0	0	0	55.6198577881	0	0	0	0	0	0	0	0	0	0	0	0	0	0	0
Feb 22 2023 18:03:50	1.30835497379	89.2546539307	96.5498275757	0.000379068602342	60.6692657471	8.02165031433	77.9760513306	-	0	0	0	0	0	0	0	0	0	0	0	0	0	0	0	0	12.1304101944	0	0	0	0	0	0	0	0	0	0	0.428439259529	1.85445356369	3.49702787399	4.79380655289	5.25161409378	4.69487094879	3.36754918098	1.80266535282	0.537955164909	0	0	0	0	0	0	0	0	61.641204834	0	0	0	0	0	0	0	0	0	0	0	0	0	0	0
Feb 22 2023 18:03:51	1.30315685272	89.0031814575	96.4553909302	0.000513522536494	59.146987915	7.67312240601	70.3272094727	-	0	0	0	0	0	0	0	0	0	0	0	0	0	0	0	1.00504218663e-12	12.6400499344	1.3127275242e-27	0	0	0	0	0	0	0	0	0.143939092755	1.01532006264	2.34212827682	3.75244545937	4.79585504532	5.10500907898	4.55424165726	3.32876253128	1.84731245041	0.573362886906	0	0	0	0	0	0	0	0	59.9015731812	0	0	0	0	0	0	0	0	0	0	0	0	0	0	0
Feb 22 2023 18:03:52	1.57317304611	90.4538803101	96.997833252	0.000834032252897	67.749961853	9.63803768158	65.9641113281	-	0	0	0	0	0	0	0	0	0	0	0	0	0	0	0	0	0	10.8361968994	1.16566539678e-14	0	0	0	0	0	0	0	0	0	17.2806110382	0.423819005489	0.00120165979024	1.14403201223e-06	4.01547795015e-10	4.47308578795e-14	8.75280234595e-19	0	0	0	0	0	0	0	0	0	71.4581756592	0	0	0	0	0	0	0	0	0	0	0	0	0	0	0
Feb 22 2023 18:03:53	1.56055748463	90.3070831299	96.9431991577	0.000960700272117	67.1041259766	10.0285768509	62.741394043	-	0	0	0	0	0	0	0	0	0	0	0	0	0	0	0	0	0	10.7959461212	3.18695460647e-12	0	0	0	0	0	0	0	0	0	2.32238674164	6.17374277115	5.8639550209	3.28749418259	1.16898548603	0.257392168045	0.0301539022475	0.000392909656512	0	0	0	0	0	0	0	0	70.0995483398	0	0	0	0	0	0	0	0	0	0	0	0	0	0	0
Feb 22 2023 18:03:54	1.54259955883	90.2483062744	96.9213104248	0.000904427142814	66.5060043335	9.61516857147	63.2643814087	-	0	0	0	0	0	0	0	0	0	0	0	0	0	0	0	0	0	11.2566013336	4.21114662238e-12	0	0	0	0	0	0	0	0	0	4.50285577774	6.76990604401	4.90808963776	2.21506786346	0.64816313982	0.118551552296	0.011395781301	2.08662131627e-05	0	0	0	0	0	0	0	0	69.5693511963	0	0	0	0	0	0	0	0	0	0	0	0	0	0	0
Feb 22 2023 18:03:55	1.73882746696	88.8564910889	96.4002151489	0.000758472830057	57.8529510498	6.91396188736	61.3425750732	-	0	0	0	0	0	0	0	0	0	0	0	0	0	0	1.01522254944	1.87875759602	2.50331282616	2.84348082542	2.89738726616	2.70137476921	2.31768727303	1.81848049164	1.27683353424	0.769805192947	0.381355702877	0.18755595386	0.241729855537	0.570283532143	1.15470349789	1.91987228394	2.73135948181	3.39522624016	3.68493914604	3.40012645721	2.44771623611	0.933572471142	0	0	0	0	0	0	0	0	58.9292182922	0	0	0	0	0	0	0	0	0	0	0	0	0	0	0
Feb 22 2023 18:03:56	1.72706198692	89.1200180054	96.4992904663	0.000848560128361	59.1968040466	6.93242168427	57.8332176208	-	0	0	0	0	0	0	0	0	0	0	0	0	0	0	1.03186094761	1.90774559975	2.537940979	2.87619280815	2.92132472992	2.71158790588	2.3117442131	1.79642927647	1.24085605145	0.723881781101	0.330603092909	0.136868998408	0.194328844547	0.525721251965	1.10714554787	1.85691809654	2.63509345055	3.24524927139	3.46472716331	3.10516858101	2.09168243408	0.548863112926	0	0	0	0	0	0	1.40129846432e-43	1.5349336453e-14	60.6980667114	0	0	0	0	0	0	0	0	0	0	0	0	0	0	0
Feb 22 2023 18:03:57	1.69328582287	87.8951187134	96.2236175537	0.000643939361908	55.2975616455	6.46570825577	64.2565155029	-	0	0	0	0	0	0	0	0	0	0	0	0	0	0	1.07622015476	1.9808331728	2.63129210472	2.9882478714	3.05542898178	2.87307476997	2.50507235527	2.02315068245	1.49845910072	1.00505495071	0.623077988625	0.424780189991	0.460868567228	0.756698727608	1.29550123215	2.00730443001	2.76657223701	3.39124846458	3.66733980179	3.40257406235	2.50108480453	1.05081868172	0	0	0	0	0	0	0	0	56.0152931213	0	0	0	0	0	0	0	0	0	0	0	0	0	0	0
Feb 22 2023 18:03:58	1.67102372646	89.125793457	96.5014572144	0.000548923853785	59.0601425171	6.69689083099	69.0671386719	-	0	0	0	0	0	0	0	0	0	0	0	0	0	0	1.16007089615	2.09173297882	2.71293020248	2.9964196682	2.96543717384	2.68223190308	2.23055195808	1.696600914	1.15960264206	0.695351600647	0.37858235836	0.268379598856	0.396139085293	0.763288855553	1.32838881016	2.00123953819	2.64771175385	3.09577178955	3.16584229469	2.72343325615	1.74133741856	0.361017227173	0	0	0	0	0	0	1.40129846432e-43	7.91799555067e-14	60.7379493713	0	0	0	0	0	0	0	0	0	0	0	0	0	0	0
Feb 22 2023 18:03:59	1.335521698	89.8153152466	96.759765625	0.000413708592532	63.5469169617	8.499751091	77.743057251	-	0	0	0	0	0	0	0	0	0	0	0	0	0	0	0	0	10.895825386	0	0	0	0	0	0	0	0	0	0.0589247085154	2.42998814583	4.55176496506	5.37384271622	4.75681686401	3.30223965645	1.79772233963	0.73696321249	0.197317749262	0.0104612158611	0	0	0	0	0	0	0	0	65.8881378174	0	0	0	0	0	0	0	0	0	0	0	0	0	0	0
Feb 22 2023 18:04:00	1.53496909142	89.1634979248	96.5156173706	0.000215163148823	59.7070159912	8.98133659363	89.1609954834	-	0	0	0	0	0	0	0	0	0	0	0	0	0	0	0	0	0	11.4680452347	0	0	0	0	0	0	0	0	0	1.72657763958	4.28604125977	5.82966041565	5.87733697891	4.69936132431	3.00942516327	1.50033211708	0.526200354099	0.0774128735065	0	0	0	0	0	0	0	0	60.9996070862	0	0	0	0	0	0	0	0	0	0	0	0	0	0	0
Feb 22 2023 18:04:01	1.59045529366	90.1328887939	96.8782958984	0.000318121223245	65.6744842529	10.0412797928	85.9540863037	-	0	0	0	0	0	0	0	0	0	0	0	0	0	0	0	0	0	10.1922369003	0	0	0	0	0	0	0	0	0	0	6.84533643723	7.53642416	4.55796146393	1.7782561779	0.458213537931	0.0747908428311	0.00651258835569	2.46023519139e-05	0	0	0	0	0	0	0	0	68.550239563	0	0	0	0	0	0	0	0	0	0	0	0	0	0	0
Feb 22 2023 18:04:02	1.58358311653	90.1159515381	96.8719863892	0.000395278504584	65.6324920654	9.98354625702	82.6749649048	-	0	0	0	0	0	0	0	0	0	0	0	0	0	0	0	0	0	10.4380836487	2.19270847139e-12	0	0	0	0	0	0	0	0	0	4.70423221588	7.26203012466	5.54646158218	2.6481461525	0.821264624596	0.159845098853	0.016666026786	0.000172138272319	0	0	0	0	0	0	0	0	68.4030990601	0	0	0	0	0	0	0	0	0	0	0	0	0	0	0
Feb 22 2023 18:04:03	1.56558358669	90.1866455078	96.8983383179	0.00042004120769	66.2030258179	9.97499847412	81.5655517578	-	0	0	0	0	0	0	0	0	0	0	0	0	0	0	0	0	0	10.6745843887	0	0	0	0	0	0	0	0	0	0	3.38811731339	6.36999368668	5.76007938385	3.25954008102	1.20643103123	0.28316000104	0.0361978970468	0.000567056646105	0	0	0	0	0	0	0	0	69.0213241577	0	0	0	0	0	0	0	0	0	0	0	0	0	0	0
Feb 22 2023 18:04:04	1.60092735291	88.4418716431	96.3155975342	0.000586713489611	56.8791427612	6.70773649216	66.6594238281	-	0	0	0	0	0	0	0	0	0	0	0	0	0	0	0.002529196674	0.312907397747	2.70787811279	6.49913454056	6.56574821472	3.2922809124	0.863698661327	0.114146873355	0.00656051561236	0.000125761027448	6.5809950911e-07	3.74825903648e-09	9.44714617646e-09	3.62225864592e-06	0.000822406320367	0.0465483553708	0.796963095665	4.75607872009	9.89938926697	6.01970481873	0.617362678051	0.0013776011765	0	0	0	0	0	0	0	0	57.4967384338	0	0	0	0	0	0	0	0	0	0	0	0	0	0	0
Feb 22 2023 18:04:05	1.30499839783	89.4302139282	96.6156616211	0.000641537597403	61.4478225708	7.85720825195	64.989982605	-	0	0	0	0	0	0	0	0	0	0	0	0	0	0	0	0	12.4544372559	0	0	0	0	0	0	0	0	0	0	0.666521191597	2.31289219856	4.0039639473	5.03282594681	4.97602462769	3.9302148819	2.42302250862	1.06599748135	0.220355466008	0	0	0	0	0	0	0	0	62.9137458801	0	0	0	0	0	0	0	0	0	0	0	0	0	0	0
Feb 22 2023 18:04:06	7.33767080307	90.6164932251	97.0582809448	0.000654648232739	69.2049102783	10.4865112305	74.1903152466	-	0	0	0	0	0	0	0	0	0	0	0	0	0	0	0	0	0	9.79583930969	0	0	0	0	0	0	0	0	0	0	12.6746063232	3.98920559883	0.480189919472	0.0351875424385	0.00163817871362	4.53309512523e-05	5.61901686069e-07	0	0	0	0	0	0	0	0	0	73.0232925415	0	0	0	0	0	0	0	0	0	0	0	0	0	0	0
Feb 22 2023 18:04:07	1.53183054924	89.9860153198	96.8235092163	0.000597211183049	64.9468154907	9.45427799225	73.3838043213	-	0	0	0	0	0	0	0	0	0	0	0	0	0	0	0	0	0	11.692522049	0	0	0	0	0	0	0	0	0	0	1.74770319462	4.42161417007	5.65966176987	4.82055044174	2.87320327759	1.17488956451	0.293846279383	0.0220254119486	0	0	0	0	0	0	0	0	67.2939834595	0	0	0	0	0	0	0	0	0	0	0	0	0	0	0
Feb 22 2023 18:04:08	1.31905543804	89.8057479858	96.756187439	0.000413695088355	63.5623474121	8.30341434479	77.0784301758	-	0	0	0	0	0	0	0	0	0	0	0	0	0	0	0	6.85055920953e-14	11.4708919525	1.11574235022e-27	0	0	0	0	0	0	0	0	0	1.3507809639	3.63532567024	5.10313177109	5.10741233826	3.90449714661	2.29893374443	1.00689220428	0.288651406765	0.0224743559957	0	0	0	0	0	0	0	0	65.8110046387	0	0	0	0	0	0	0	0	0	0	0	0	0	0	0
Feb 22 2023 18:04:09	1.53031730652	89.9194793701	96.7986755371	0.000598783663008	64.377243042	9.27563381195	72.9538879395	-	0	0	0	0	0	0	0	0	0	0	0	0	0	0	0	0	0	11.8040933609	4.38606534989e-13	0	0	0	0	0	0	0	0	0.282891720533	2.81806230545	5.03858804703	5.53614473343	4.26853895187	2.36580753326	0.915139079094	0.217907100916	0.0136040505022	0	0	0	0	0	0	0	0	66.7392272949	0	0	0	0	0	0	0	0	0	0	0	0	0	0	0
Feb 22 2023 18:04:10	1.53201782703	90.233581543	96.9158248901	0.000829384138342	66.5367202759	9.52984523773	65.210357666	-	0	0	0	0	0	0	0	0	0	0	0	0	0	0	0	0	0	11.6788682938	0	0	0	0	0	0	0	0	0	0	1.40907406807	5.77216005325	6.15439033508	3.74320745468	1.42673385143	0.335076063871	0.0420227050781	0.000743402983062	0	0	0	0	0	0	0	0	69.4377288818	0	0	0	0	0	0	0	0	0	0	0	0	0	0	0
Feb 22 2023 18:04:11	1.69066548347	87.615234375	96.1763458252	0.000442621123511	55.1468009949	6.90036153793	75.0024185181	-	0	0	0	0	0	0	0	0	0	0	0	0	0	0	0.444639384747	1.60124397278	2.83519744873	3.57305026054	3.5904083252	3.01679611206	2.16393756866	1.33005332947	0.695336043835	0.311606645584	0.134918451309	0.0839969739318	0.116909816861	0.28798905015	0.760059654713	1.72558033466	3.20223522186	4.78314113617	5.61800718307	4.91861820221	2.8199737072	0.703583598137	0	0	0	0	0	0	0	0	55.2827186584	0	0	0	0	0	0	0	0	0	0	0	0	0	0	0
Feb 22 2023 18:04:12	1.65020704269	87.3868255615	96.1376724243	0.000376780197257	54.7453193665	6.70574140549	77.57371521	-	0	0	0	0	0	0	0	0	0	0	0	0	0	0	0.428595066071	1.65219414234	3.01908254623	3.85308122635	3.86345720291	3.19028878212	2.20535945892	1.26720452309	0.58584690094	0.207241535187	0.0569251663983	0.0194902792573	0.0272937230766	0.111507825553	0.439695954323	1.28503358364	2.80706715584	4.68394327164	5.94486093521	5.49760723114	3.28448677063	0.871249198914	0.00124549027532	0	0	0	0	0	0	0	54.6972389221	0	0	0	0	0	0	0	0	0	0	0	0	0	0	0
Feb 22 2023 18:04:13	1.56348288059	90.2013092041	96.9038009644	0.000505340110976	66.4057769775	10.0464963913	78.3249282837	-	0	0	0	0	0	0	0	0	0	0	0	0	0	0	0	0	0	10.7249298096	6.40982696066e-14	0	0	0	0	0	0	0	0	0	1.9816839695	5.55529165268	6.21680307388	4.12778234482	1.73150873184	0.447933614254	0.0618835613132	0.00127468595747	0	0	0	0	0	0	0	0	69.1509094238	0	0	0	0	0	0	0	0	0	0	0	0	0	0	0
Feb 22 2023 18:04:14	1.55833590031	89.6735687256	96.7067718506	0.000543892208952	63.0712051392	9.76092624664	76.4168167114	-	0	0	0	0	0	0	0	0	0	0	0	0	0	0	0	0	0	10.8506011963	2.77009968783e-12	0	0	0	0	0	0	0	0	0.141388043761	2.44684123993	4.56249046326	5.55680036545	5.11635303497	3.66777229309	2.00612258911	0.762399673462	0.126542448997	0	0	0	0	0	0	0	0	64.7626876831	0	0	0	0	0	0	0	0	0	0	0	0	0	0	0
Feb 22 2023 18:04:15	1.30095887184	89.6475372314	96.6970291138	0.000343188497936	62.6082344055	7.71380758286	78.9631729126	-	0	0	0	0	0	0	0	0	0	0	0	0	0	0	0	7.09713483728e-13	12.8693294525	0	0	0	0	0	0	0	0	0	0	0.585209667683	2.49684500694	4.26994943619	5.05749368668	4.56971693039	3.20602798462	1.6991764307	0.608954131603	0.0773188918829	0	0	0	0	0	0	0	0	64.5599746704	0	0	0	0	0	0	0	0	0	0	0	0	0	0	0
Feb 22 2023 18:04:16	1.32746481895	89.8715896606	96.7807846069	0.000536926905625	63.9384880066	8.42055606842	71.7702713013	-	0	0	0	0	0	0	0	0	0	0	0	0	0	0	0	0	11.1689281464	0	0	0	0	0	0	0	0	0	0.089796371758	2.0946149826	4.10636138916	5.08603143692	4.71216821671	3.41334819794	1.93176531792	0.818847119808	0.223681986332	0.00913952011615	0	0	0	0	0	0	0	0	66.3453140259	0	0	0	0	0	0	0	0	0	0	0	0	0	0	0
Feb 22 2023 18:04:17	1.33338904381	89.5354919434	96.6550979614	0.000297305610729	62.2661170959	8.61032295227	83.5523910522	-	0	0	0	0	0	0	0	0	0	0	0	0	0	0	0	2.90676499797e-13	10.9666509628	1.52699785702e-24	0	0	0	0	0	0	0	0	0	0.927220463753	2.43255710602	3.93243503571	4.87712717056	4.90872430801	4.04232501984	2.65382194519	1.26820147038	0.289803653955	0	0	0	0	0	0	0	0	63.701133728	0	0	0	0	0	0	0	0	0	0	0	0	0	0	0
Feb 22 2023 18:04:18	1.5587092638	90.1264801025	96.8759078979	0.000521955196746	66.0464859009	10.0582513809	77.6508026123	-	0	0	0	0	0	0	0	0	0	0	0	0	0	0	0	0	0	10.8413734436	2.45869882613e-12	0	0	0	0	0	0	0	0	0	1.13811433315	4.05617761612	5.75231218338	5.11800479889	3.0699930191	1.22306287289	0.287900716066	0.0185456648469	0	0	0	0	0	0	0	0	68.4945144653	0	0	0	0	0	0	0	0	0	0	0	0	0	0	0
Feb 22 2023 18:04:19	1.58540904522	87.4864578247	96.1545562744	0.000534971943125	54.7153968811	6.40632772446	68.0598754883	-	0	0	0	0	0	0	0	0	0	0	0	0	0	0	0.149744451046	1.32782793045	3.47345948219	5.03845453262	4.90736150742	3.46361804008	1.81841397285	0.701554000378	0.188756808639	0.033019810915	0.00411924906075	0.000962082413025	0.00230854167603	0.0216369833797	0.173831120133	0.867769956589	2.73490548134	5.57593536377	7.21410655975	5.41237831116	1.82776546478	0.11078839004	0	0	0	0	0	0	0	4.02872044536e-14	54.9512786865	0	0	0	0	0	0	0	0	0	0	0	0	0	0	0
Feb 22 2023 18:04:20	1.29943680763	88.2657089233	96.2860183716	0.000309295370243	57.4045791626	7.58687210083	80.5791702271	-	0	0	0	0	0	0	0	0	0	0	0	0	0	0	0	0	13.0332622528	0	0	0	0	0	0	0	0	0	0	0.398642629385	1.26019442081	2.48398733139	3.84710025787	4.99303674698	5.52476119995	5.16178178787	3.89819264412	2.07937240601	0.307708889246	0	0	0	0	0	0	0	57.0119628906	0	0	0	0	0	0	0	0	0	0	0	0	0	0	0
Feb 22 2023 18:04:21	1.81492042542	88.5889968872	96.3402633667	0.000300914718537	57.8178482056	8.04304122925	84.4618988037	-	0	0	0	0	0	0	0	0	0	0	0	0	0	0	0.557390153408	1.5835146904	2.4834010601	2.90701246262	2.77531266212	2.2282576561	1.50651872158	0.832292914391	0.34455922246	0.0855053365231	0.00597408413887	6.05657405686e-05	0.0220304559916	0.202087879181	0.759271025658	1.85047841072	3.39955472946	4.96631336212	5.81148958206	5.2799782753	3.37932300568	1.11208200455	0.000369740097085	0	0	0	0	0	0	0	57.9072227478	0	0	0	0	0	0	0	0	0	0	0	0	0	0	0
Feb 22 2023 18:04:22	1.31217432022	89.0744628906	96.4821777344	0.00033902990981	60.0474395752	8.24695205688	80.5570373535	-	0	0	0	0	0	0	0	0	0	0	0	0	0	0	0	0	11.7825517654	0	0	0	0	0	0	0	0	0	0	0.268345713615	1.27364063263	2.63735842705	4.04587554932	5.06985378265	5.31769037247	4.62321186066	3.16391587257	1.4282553196	0.00420047808439	0	0	0	0	0	0	0	60.3851013184	0	0	0	0	0	0	0	0	0	0	0	0	0	0	0
Feb 22 2023 18:04:23	1.31499099731	89.1119842529	96.4962692261	0.000322072766721	59.9369926453	8.19005775452	81.4410552979	-	0	0	0	0	0	0	0	0	0	0	0	0	0	0	0	0	11.6234998703	0	0	0	0	0	0	0	0	0	0.167777553201	0.941810488701	2.14855718613	3.50440263748	4.61196660995	5.09029912949	4.73626565933	3.6358795166	2.14700818062	0.749870836735	0	0	0	0	0	0	0	0	60.642665863	0	0	0	0	0	0	0	0	0	0	0	0	0	0	0
Feb 22 2023 18:04:24	1.54466104507	89.4613418579	96.6273193359	0.000355761032552	62.0911712646	9.64238357544	83.5930709839	-	0	0	0	0	0	0	0	0	0	0	0	0	0	0	0	0	0	11.2014513016	0	0	0	0	0	0	0	0	0	0.245426148176	1.52167665958	3.09662342072	4.47603416443	5.14684343338	4.82845306396	3.63947939873	2.05199766159	0.647396087646	0	0	0	0	0	0	0	0	63.144618988	0	0	0	0	0	0	0	0	0	0	0	0	0	0	0
Feb 22 2023 18:04:25	1.3262141943	89.2024688721	96.5302429199	0.000349484296748	60.9449005127	8.62569522858	80.8445892334	-	0	0	0	0	0	0	0	0	0	0	0	0	0	0	0	8.35971205183e-15	11.2127075195	0	0	0	0	0	0	0	0	0	0	0.192186519504	1.03580546379	2.26584362984	3.65025520325	4.80344676971	5.30101966858	4.86658525467	3.54315447807	1.74580478668	0.110820427537	0	0	0	0	0	0	0	61.2723693848	0	0	0	0	0	0	0	0	0	0	0	0	0	0	0
Feb 22 2023 18:04:26	1.28769898415	88.8309707642	96.3906173706	0.000500465161167	58.6899414063	7.13166284561	68.5197906494	-	0	0	0	0	0	0	0	0	0	0	0	0	0	0	0	0	14.4612159729	0	0	0	0	0	0	0	0	0	0	0.112488612533	0.757982909679	1.82998514175	3.17933821678	4.46165180206	5.21692991257	5.05751276016	3.89046621323	2.05197906494	0.21731120348	0	0	0	0	0	0	0	58.7631416321	0	0	0	0	0	0	0	0	0	0	0	0	0	0	0
Feb 22 2023 18:04:27	1.30007112026	89.4565353394	96.6255187988	0.000379670440452	61.9618339539	7.80859613419	77.1096420288	-	0	0	0	0	0	0	0	0	0	0	0	0	0	0	0	0	12.9644155502	0	0	0	0	0	0	0	0	0	0	0	0.894317030907	2.32051301003	3.87176418304	4.92519760132	4.96642541885	3.93076014519	2.28168845177	0.736046612263	0	0	0	0	0	0	0	0	63.10887146	0	0	0	0	0	0	0	0	0	0	0	0	0	0	0
Feb 22 2023 18:04:28	1.56312906742	90.3070068359	96.9431686401	0.000370129448129	67.5801849365	10.4090719223	83.9723587036	-	0	0	0	0	0	0	0	0	0	0	0	0	0	0	0	0	0	10.7334604263	0	0	0	0	0	0	0	0	0	0	0.300869464874	2.26878643036	4.29887294769	5.05132055283	4.09227323532	2.2789003849	0.787279307842	0.089397802949	0	0	0	0	0	0	0	0	70.0988388062	0	0	0	0	0	0	0	0	0	0	0	0	0	0	0
Feb 22 2023 18:04:29	7.94250059128	90.1991882324	96.9030075073	0.000389499269659	66.7334671021	10.9046392441	84.1919555664	-	0	0	0	0	0	0	0	0	0	0	0	0	0	0	0	0	0	9.67244625092	0	0	0	0	0	0	0	0	0	0	1.17831802368	3.83909654617	5.49963951111	5.1857843399	3.43795371056	1.5763297081	0.444007724524	0.0342650040984	0	0	0	0	0	0	0	0	69.1321640015	0	0	0	0	0	0	0	0	0	0	0	0	0	0	0
Feb 22 2023 18:04:30	1.54911267757	89.0063018799	96.4565658569	0.000392949674278	60.1525497437	9.77878284454	82.2601547241	-	0	0	0	0	0	0	0	0	0	0	0	0	0	0	0	0	0	11.0844316483	0	0	0	0	0	0	0	0	0	0.0259580668062	0.75663381815	1.92041039467	3.35799908638	4.72371339798	5.55796194077	5.46214485168	4.31513929367	2.42136764526	0.451660305262	0	0	0	0	0	0	0	59.9225883484	0	0	0	0	0	0	0	0	0	0	0	0	0	0	0
Feb 22 2023 18:04:31	1.52932238579	89.8287277222	96.7647781372	0.000378814438591	64.0923309326	9.3812046051	82.0115356445	-	0	0	0	0	0	0	0	0	0	0	0	0	0	0	0	0	0	11.8786725998	0	0	0	0	0	0	0	0	0	0	1.38502657413	3.36696434021	4.85134315491	5.07219600677	4.00924396515	2.35513401031	0.933790683746	0.151072025299	0	0	0	0	0	0	0	0	65.9965591431	0	0	0	0	0	0	0	0	0	0	0	0	0	0	0
Feb 22 2023 18:04:32	1.54091560841	90.1133041382	96.8709945679	0.000381258869311	66.0339202881	9.86107730865	82.7082366943	-	0	0	0	0	0	0	0	0	0	0	0	0	0	0	0	0	0	11.3021087646	0	0	0	0	0	0	0	0	0	0	0.704892575741	3.1088347435	5.0544924736	5.2380900383	3.75540184975	1.84463751316	0.557757198811	0.0536533482373	0	0	0	0	0	0	0	0	68.3801269531	0	0	0	0	0	0	0	0	0	0	0	0	0	0	0
Feb 22 2023 18:04:33	1.572265625	90.2976074219	96.9396743774	0.000339699879987	67.1160812378	10.2250061035	85.108253479	-	0	0	0	0	0	0	0	0	0	0	0	0	0	0	0	0	0	10.5179796219	0	0	0	0	0	0	0	0	0	0	2.62323570251	5.23834371567	5.52740955353	3.76975464821	1.71988272667	0.506923556328	0.082026861608	0.000875735247973	0	0	0	0	0	0	0	0	70.0135726929	0	0	0	0	0	0	0	0	0	0	0	0	0	0	0
Feb 22 2023 18:04:34	1.56373333931	90.112701416	96.8707733154	0.000398740434321	66.0304336548	10.1668815613	82.605430603	-	0	0	0	0	0	0	0	0	0	0	0	0	0	0	0	0	0	10.7188978195	0	0	0	0	0	0	0	0	0	0	0.991124093533	3.65691399574	5.43785333633	5.22752857208	3.49757671356	1.60673391819	0.451911836863	0.0365423597395	0	0	0	0	0	0	0	0	68.3749237061	0	0	0	0	0	0	0	0	0	0	0	0	0	0	0
Feb 22 2023 18:04:35	1.5767775774	90.1619873047	96.8891448975	0.000437501235865	66.4956207275	10.4603347778	81.5708084106	-	0	0	0	0	0	0	0	0	0	0	0	0	0	0	0	0	0	10.4151697159	4.47459300515e-12	0	0	0	0	0	0	0	0	0	0.4820317626	2.96606063843	5.19117021561	5.5579457283	4.0145149231	1.94528996944	0.569808602333	0.0535442568362	0	0	0	0	0	0	0	0	68.8044662476	0	0	0	0	0	0	0	0	0	0	0	0	0	0	0
Feb 22 2023 18:04:36	1.31640160084	89.6117477417	96.6836395264	0.000355389725883	62.5807991028	8.30777072906	79.9166183472	-	0	0	0	0	0	0	0	0	0	0	0	0	0	0	0	0	11.570022583	0	0	0	0	0	0	0	0	0	0	0.638835549355	2.52181315422	4.27085924149	5.14810848236	4.84354496002	3.61956357956	2.09691262245	0.85526818037	0.151842325926	0	0	0	0	0	0	0	0	64.2832260132	0	0	0	0	0	0	0	0	0	0	0	0	0	0	0
Feb 22 2023 18:04:37	1.29825484753	88.6224594116	96.3458709717	0.000311641866574	57.8407020569	7.47251796722	80.210105896	-	0	0	0	0	0	0	0	0	0	0	0	0	0	0	0	0	13.1636171341	0	0	0	0	0	0	0	0	0	0.0865624621511	0.706016302109	1.78673064709	3.13115525246	4.39675378799	5.18357133865	5.18145465851	4.32034873962	2.83677101135	1.2057107687	0	0	0	0	0	0	0	0	58.0013084412	0	0	0	0	0	0	0	0	0	0	0	0	0	0	0
Feb 22 2023 18:04:38	1.57436740398	89.6414871216	96.694770813	0.000370935536921	62.9822311401	9.99643707275	83.6621017456	-	0	0	0	0	0	0	0	0	0	0	0	0	0	0	0	0	0	10.4697990417	0	0	0	0	0	0	0	0	0	0.408864766359	2.3114669323	4.160592556	5.23286342621	5.14101076126	4.03166055679	2.46587014198	1.06703031063	0.197809115052	0	0	0	0	0	0	0	0	64.5130310059	0	0	0	0	0	0	0	0	0	0	0	0	0	0	0
Feb 22 2023 18:04:39	1.53601026535	89.9420318604	96.8070983887	0.000584177847486	64.9558105469	9.73555088043	74.4891662598	-	0	0	0	0	0	0	0	0	0	0	0	0	0	0	0	0	0	11.4370937347	2.06286363317e-13	0	0	0	0	0	0	0	0	0	0.647845566273	2.85508155823	4.78533124924	5.34913396835	4.33771848679	2.5375430584	0.975820302963	0.148127362132	0	0	0	0	0	0	0	0	66.9263076782	0	0	0	0	0	0	0	0	0	0	0	0	0	0	0
Feb 22 2023 18:04:40	1.55766308308	89.5832519531	96.6729736328	0.000426069018431	62.711605072	9.82239723206	81.0702514648	-	0	0	0	0	0	0	0	0	0	0	0	0	0	0	0	0	0	10.8672790527	7.80872816495e-13	0	0	0	0	0	0	0	0	0.0662642940879	1.79273462296	3.69110631943	5.04331874847	5.32110548019	4.47516727448	2.95020389557	1.40196025372	0.326302796602	0	0	0	0	0	0	0	0	64.0645599365	0	0	0	0	0	0	0	0	0	0	0	0	0	0	0
Feb 22 2023 18:04:41	1.574031353	90.1371459961	96.8798828125	0.000701491429936	66.2252731323	10.3406820297	71.9035949707	-	0	0	0	0	0	0	0	0	0	0	0	0	0	0	0	0	0	10.4774675369	0	0	0	0	0	0	0	0	0	0	0.748127400875	3.58363008499	5.68524169922	5.49594783783	3.53007721901	1.49204301834	0.37214332819	0.0279812198132	0	0	0	0	0	0	0	0	68.5873413086	0	0	0	0	0	0	0	0	0	0	0	0	0	0	0
Feb 22 2023 18:04:42	1.56161653996	89.7570495605	96.7379837036	0.000376803509425	63.6237030029	9.85611629486	83.1362915039	-	0	0	0	0	0	0	0	0	0	0	0	0	0	0	0	0	0	10.770113945	6.33749346404e-13	0	0	0	0	0	0	0	0	0.392192274332	2.36274051666	4.23000144958	5.19591140747	4.91254377365	3.65570783615	2.09114861488	0.832126677036	0.136509999633	0	0	0	0	0	0	0	0	65.421005249	0	0	0	0	0	0	0	0	0	0	0	0	0	0	0
Feb 22 2023 18:04:43	7.45766735077	89.6571884155	96.7006454468	0.000787981611211	63.2243041992	10.4336719513	69.6853713989	-	0	0	0	0	0	0	0	0	0	0	0	0	0	0	0	0	0	9.8909330368	2.45632625974e-14	0	0	0	0	0	0	0	0	0	1.93760037422	4.0509262085	5.40460300446	5.48088502884	4.38244056702	2.72328901291	1.21611893177	0.278203427792	0	0	0	0	0	0	0	0	64.6350021362	0	0	0	0	0	0	0	0	0	0	0	0	0	0	0
Feb 22 2023 18:04:44	1.57394587994	89.7069702148	96.7192611694	0.000445727229817	63.2999610901	9.9641046524	80.6588745117	-	0	0	0	0	0	0	0	0	0	0	0	0	0	0	0	0	0	10.4794206619	0	0	0	0	0	0	0	0	0	0.648028671741	2.63245201111	4.41765022278	5.2677693367	4.90168190002	3.61872529984	2.06376361847	0.818587839603	0.127360150218	0	0	0	0	0	0	0	0	65.024559021	0	0	0	0	0	0	0	0	0	0	0	0	0	0	0
Feb 22 2023 18:04:45	1.56886565685	90.1697616577	96.8920440674	0.000391508016037	66.2026977539	10.0967550278	82.8723526001	-	0	0	0	0	0	0	0	0	0	0	0	0	0	0	0	0	0	10.5970020294	2.24280880326e-13	0	0	0	0	0	0	0	0	0	2.64365434647	5.31285905838	5.72647190094	4.07975387573	1.99360752106	0.64841157198	0.121682710946	0.00385504541919	0	0	0	0	0	0	0	0	68.8727035522	0	0	0	0	0	0	0	0	0	0	0	0	0	0	0
Feb 22 2023 18:04:46	1.53730106354	89.9591598511	96.8134918213	0.000366198946722	64.9722442627	9.70182991028	83.1208267212	-	0	0	0	0	0	0	0	0	0	0	0	0	0	0	0	0	0	11.4012174606	1.37410834664e-13	0	0	0	0	0	0	0	0	0	1.15472948551	3.40372252464	5.04693031311	5.1651725769	3.86349415779	2.08056020737	0.726318001747	0.0888148844242	0	0	0	0	0	0	0	0	67.0690383911	0	0	0	0	0	0	0	0	0	0	0	0	0	0	0
Feb 22 2023 18:04:47	1.72016942501	87.2448501587	96.1135940552	0.000497056462336	54.4541358948	7.12168359756	73.0950088501	-	0	0	0	0	0	0	0	0	0	0	0	0	0	0	0.61043214798	1.73371887207	2.72719717026	3.21840786934	3.12385296822	2.58778715134	1.85538554192	1.14973211288	0.609149813652	0.280631184578	0.136460602283	0.119755208492	0.231417134404	0.579369783401	1.31615889072	2.50057339668	3.95844578743	5.21045827866	5.60294055939	4.69326400757	2.71088981628	0.705211281776	0	0	0	0	0	0	0	0	54.338760376	0	0	0	0	0	0	0	0	0	0	0	0	0	0	0
Feb 22 2023 18:04:48	1.82841110229	88.9773254395	96.4456710815	0.000590600306168	58.728717804	7.49561834335	70.4578552246	-	0	0	0	0	0	0	0	0	0	0	0	0	0	0	0.942574799061	1.737814188	2.30106830597	2.58985042572	2.60534501076	2.38680791855	1.99887895584	1.51529979706	1.0098323822	0.559190571308	0.245341911912	0.140225887299	0.291206151247	0.716091930866	1.38564920425	2.21249485016	3.05101299286	3.69938540459	3.93078708649	3.5553123951	2.50039458275	0.897465765476	0	0	0	0	0	0	0	0	59.7279663086	0	0	0	0	0	0	0	0	0	0	0	0	0	0	0
Feb 22 2023 18:04:49	1.55172562599	89.6390838623	96.6938705444	0.000381837773602	62.8107681274	9.60053348541	82.5309295654	-	0	0	0	0	0	0	0	0	0	0	0	0	0	0	0	0	0	11.0170259476	3.55382867231e-12	0	0	0	0	0	0	0	0	1.10291361809	2.73913025856	4.21236753464	4.94629049301	4.67756748199	3.58326554298	2.15688967705	0.916665792465	0.153477624059	0	0	0	0	0	0	0	0	64.4944076538	0	0	0	0	0	0	0	0	0	0	0	0	0	0	0
Feb 22 2023 18:04:50	1.54865813255	89.6106567383	96.6832351685	0.000399072858272	62.7492790222	9.6395149231	81.83253479	-	0	0	0	0	0	0	0	0	0	0	0	0	0	0	0	0	0	11.0962505341	5.38640258698e-13	0	0	0	0	0	0	0	0	0.281830400229	2.16548085213	4.03482198715	5.15387296677	5.11503458023	4.04684114456	2.50151610374	1.10410499573	0.225402072072	0	0	0	0	0	0	0	0	64.2748413086	0	0	0	0	0	0	0	0	0	0	0	0	0	0	0
Feb 22 2023 18:04:51	1.52278745174	89.6319274902	96.691192627	0.000397138384869	62.8623046875	9.05892562866	80.5839691162	-	0	0	0	0	0	0	0	0	0	0	0	0	0	0	0	0	0	12.3943309784	0	0	0	0	0	0	0	0	0	0	1.27028262615	3.17546606064	4.76800346375	5.25159358978	4.42327165604	2.80708622932	1.22909295559	0.241877347231	0	0	0	0	0	0	0	0	64.4389953613	0	0	0	0	0	0	0	0	0	0	0	0	0	0	0
Feb 22 2023 18:04:52	1.5473947525	89.3873443604	96.5995941162	0.00044715841068	61.615737915	9.62260150909	79.8464889526	-	0	0	0	0	0	0	0	0	0	0	0	0	0	0	0	0	0	11.1292610168	6.15950161969e-14	0	0	0	0	0	0	0	0	0.17588788271	1.68518793583	3.43190383911	4.82832050323	5.35708808899	4.82891941071	3.49006700516	1.88953137398	0.585416674614	0	0	0	0	0	0	0	0	62.5984268188	0	0	0	0	0	0	0	0	0	0	0	0	0	0	0
Feb 22 2023 18:04:53	1.54372143745	90.0370635986	96.8425598145	0.000569199910387	65.252204895	9.67650413513	75.0894699097	-	0	0	0	0	0	0	0	0	0	0	0	0	0	0	0	0	0	11.2265110016	0	0	0	0	0	0	0	0	0	0	2.32436609268	5.12018966675	5.85557222366	4.43173789978	2.31903743744	0.818052768707	0.170802921057	0.00815892405808	0	0	0	0	0	0	0	0	67.7255706787	0	0	0	0	0	0	0	0	0	0	0	0	0	0	0
Feb 22 2023 18:04:54	1.58950567245	90.1444396973	96.8826065063	0.00066312548006	65.9647827148	10.2724962234	73.3448867798	-	0	0	0	0	0	0	0	0	0	0	0	0	0	0	0	0	0	10.1371679306	1.30443952081e-12	0	0	0	0	0	0	0	0	0	3.70025110245	6.31107521057	5.80040550232	3.50586104393	1.4419246912	0.390718132257	0.0602239519358	0.00142890843563	0	0	0	0	0	0	0	0	68.6509399414	0	0	0	0	0	0	0	0	0	0	0	0	0	0	0
Feb 22 2023 18:04:55	1.58227050304	89.9278259277	96.8017883301	0.00050207687309	64.7618865967	10.2556447983	78.9788513184	-	0	0	0	0	0	0	0	0	0	0	0	0	0	0	0	0	0	10.2930717468	8.01049710505e-13	0	0	0	0	0	0	0	0	0	1.89812517166	4.42631816864	5.69971561432	5.16576290131	3.45050811768	1.66843295097	0.527313232422	0.0623743645847	0	0	0	0	0	0	0	0	66.808380127	0	0	0	0	0	0	0	0	0	0	0	0	0	0	0
Feb 22 2023 18:04:56	1.67094242573	88.9328460693	96.4289398193	0.000450633029686	58.7254829407	7.54989910126	75.899055481	-	0	0	0	0	0	0	0	0	0	0	0	0	0	0	0.236728414893	1.40958762169	3.03694367409	3.96862506866	3.66460824013	2.52507662773	1.30641102791	0.486464053392	0.115358576179	0.0131290759891	0.000387698848499	1.52488428284e-05	0.00111214979552	0.0318273566663	0.272699505091	1.16741335392	3.10032296181	5.52800321579	6.63829374313	5.00414085388	1.90326964855	0.158026054502	0	0	0	0	0	0	0	0	59.431552887	0	0	0	0	0	0	0	0	0	0	0	0	0	0	0
Feb 22 2023 18:04:57	1.54410719872	90.0384750366	96.8430862427	0.000481015478726	65.3284454346	9.72668170929	78.5712814331	-	0	0	0	0	0	0	0	0	0	0	0	0	0	0	0	0	0	11.2162084579	0	0	0	0	0	0	0	0	0	0	2.0208799839	4.57290649414	5.63839530945	4.69254779816	2.74295783043	1.09787857533	0.264951407909	0.0156524889171	0	0	0	0	0	0	0	0	67.7376174927	0	0	0	0	0	0	0	0	0	0	0	0	0	0	0
Feb 22 2023 18:04:58	1.53757071495	90.2141113281	96.9085693359	0.000397717929445	66.5063400269	9.72430324554	81.828994751	-	0	0	0	0	0	0	0	0	0	0	0	0	0	0	0	0	0	11.3937559128	0	0	0	0	0	0	0	0	0	0	1.54687678814	4.59984970093	5.78122472763	4.42388725281	2.18828654289	0.682832896709	0.116173960268	0.00270398356952	0	0	0	0	0	0	0	0	69.2644042969	0	0	0	0	0	0	0	0	0	0	0	0	0	0	0
Feb 22 2023 18:04:59	1.5284730196	89.7405776978	96.7318267822	0.00041715207044	63.422454834	9.24468994141	80.1759033203	-	0	0	0	0	0	0	0	0	0	0	0	0	0	0	0	0	0	11.9431333542	5.00482034288e-13	0	0	0	0	0	0	0	0	0.0661414116621	1.93297100067	3.98021602631	5.20251178741	5.02538061142	3.69670844078	2.02403354645	0.741081535816	0.0977358445525	0	0	0	0	0	0	0	0	65.2900848389	0	0	0	0	0	0	0	0	0	0	0	0	0	0	0
Feb 22 2023 18:05:00	1.30876684189	89.2189559937	96.5364303589	0.000453830027254	60.5023345947	8.03356647491	74.2894439697	-	0	0	0	0	0	0	0	0	0	0	0	0	0	0	0	0	12.0918636322	0	0	0	0	0	0	0	0	0	0	0.613839566708	1.8485250473	3.33598470688	4.60331010818	5.16853237152	4.77929544449	3.56598901749	1.99105513096	0.613173425198	0	0	0	0	0	0	0	0	61.3884315491	0	0	0	0	0	0	0	0	0	0	0	0	0	0	0
Feb 22 2023 18:05:01	1.71263659	89.0399703979	96.4692153931	0.000525669078343	59.4713249207	7.89343929291	73.6491394043	-	0	0	0	0	0	0	0	0	0	0	0	0	0	0	0.193079352379	1.2593061924	2.83958435059	3.80970191956	3.57318997383	2.48431944847	1.29175341129	0.482615411282	0.115049168468	0.0132698584348	0.000383072212571	3.03657793665e-06	0.000261178589426	0.0140808243304	0.165009796619	0.858625471592	2.62161278725	5.20555210114	6.82248544693	5.55322647095	2.30374550819	0.242952674627	0	0	0	0	0	0	0	0	60.1501922607	0	0	0	0	0	0	0	0	0	0	0	0	0	0	0
Feb 22 2023 18:05:02	1.31159996986	89.2263183594	96.5391998291	0.000391746725654	61.2804489136	8.41354656219	78.1029281616	-	0	0	0	0	0	0	0	0	0	0	0	0	0	0	0	0	11.8335208893	0	0	0	0	0	0	0	0	0	0	0	0.475489109755	1.48928058147	2.86039829254	4.26765489578	5.22491502762	5.27144908905	4.23249959946	2.40618515015	0.49817097187	0	0	0	0	0	0	0	61.4404373169	0	0	0	0	0	0	0	0	0	0	0	0	0	0	0
Feb 22 2023 18:05:03	1.29151856899	87.1202316284	96.0924301147	0.000449872139143	55.5116271973	7.24833774567	71.7670059204	-	0	0	0	0	0	0	0	0	0	0	0	0	0	0	0	5.30261706939e-13	13.9619140625	0	0	0	0	0	0	0	0	0	0.00114800594747	0.213020861149	0.73771494627	1.63733661175	2.8752374649	4.26291656494	5.44594097137	5.97291946411	5.46378993988	3.84865474701	1.55190587044	0	0	0	0	0	0	0	54.0275039673	0	0	0	0	0	0	0	0	0	0	0	0	0	0	0
Feb 22 2023 18:05:04	1.29526591301	88.8872528076	96.4117889404	0.000512574333698	58.9828834534	7.47817182541	69.3416519165	-	0	0	0	0	0	0	0	0	0	0	0	0	0	0	0	6.65360453365e-13	13.5057640076	3.39228909284e-27	0	0	0	0	0	0	0	0	0	0.183562248945	0.992210686207	2.20428919792	3.59100651741	4.76351356506	5.28906488419	4.88065481186	3.57154560089	1.77107191086	0.116662554443	0	0	0	0	0	0	0	59.1306495667	0	0	0	0	0	0	0	0	0	0	0	0	0	0	0
Feb 22 2023 18:05:05	1.52898943424	89.6065139771	96.681678772	0.000517304171808	63.064250946	9.44087219238	76.356086731	-	0	0	0	0	0	0	0	0	0	0	0	0	0	0	0	0	0	11.9038543701	1.44033754108e-12	0	0	0	0	0	0	0	0	0	0.604646623135	2.09617590904	3.76880836487	4.96136808395	5.10682296753	4.10287714005	2.41476416588	0.797735512257	0	0	0	0	0	0	0	0	64.2429504395	0	0	0	0	0	0	0	0	0	0	0	0	0	0	0
Feb 22 2023 18:05:06	1.54183363914	89.2070541382	96.5319671631	0.000473083578981	61.0684204102	9.70063781738	78.8373718262	-	0	0	0	0	0	0	0	0	0	0	0	0	0	0	0	0	0	11.2772493362	0	0	0	0	0	0	0	0	0	0	0.739536225796	2.01492500305	3.51863765717	4.83079528809	5.46712112427	5.09634780884	3.74495601654	1.86189877987	0.143956676126	0	0	0	0	0	0	0	61.3045768738	0	0	0	0	0	0	0	0	0	0	0	0	0	0	0
Feb 22 2023 18:05:07	1.52691245079	89.8983612061	96.7907867432	0.00043335990631	64.4737472534	9.29682731628	79.4960861206	-	0	0	0	0	0	0	0	0	0	0	0	0	0	0	0	0	0	12.0635070801	0	0	0	0	0	0	0	0	0	0	1.36191213131	3.48294830322	4.99298238754	5.03520917892	3.73304009438	1.99555063248	0.689641535282	0.0802204236388	0	0	0	0	0	0	0	0	66.5649871826	0	0	0	0	0	0	0	0	0	0	0	0	0	0	0
Feb 22 2023 18:05:08	1.51805889606	89.717590332	96.723236084	0.000472544459626	63.2797927856	8.87047958374	76.8446807861	-	0	0	0	0	0	0	0	0	0	0	0	0	0	0	0	0	0	12.7978029251	9.1620038379e-13	0	0	0	0	0	0	0	0	0	1.38359713554	3.35785531998	4.84199523926	5.06550121307	4.00524997711	2.35350036621	0.934049963951	0.152176573873	0	0	0	0	0	0	0	0	65.1082687378	0	0	0	0	0	0	0	0	0	0	0	0	0	0	0
Feb 22 2023 18:05:09	1.57566380501	89.3826370239	96.5978317261	0.000577645085286	61.7317276001	10.0410652161	75.8367767334	-	0	0	0	0	0	0	0	0	0	0	0	0	0	0	0	0	0	10.4403324127	3.91421433026e-13	0	0	0	0	0	0	0	0	0.384370982647	1.70812869072	3.25817871094	4.5795135498	5.22233915329	4.93902540207	3.8192949295	2.26714372635	0.817682802677	0	0	0	0	0	0	4.20389539297e-43	2.89700074097e-14	62.5639915466	0	0	0	0	0	0	0	0	0	0	0	0	0	0	0
Feb 22 2023 18:05:10	1.55889296532	89.3538894653	96.5870513916	0.000484439980937	61.2063064575	9.60749530792	78.5000686646	-	0	0	0	0	0	0	0	0	0	0	0	0	0	0	0	0	0	10.8368387222	0	0	0	0	0	0	0	0	0	0.938471853733	2.62715268135	4.25662755966	5.23746442795	5.21289682388	4.23788166046	2.74117231369	1.28318250179	0.273865103722	0	0	0	0	0	0	0	0	62.3544464111	0	0	0	0	0	0	0	0	0	0	0	0	0	0	0
Feb 22 2023 18:05:11	1.65871548653	88.0962753296	96.2575149536	0.000505170493852	56.2127494812	7.04964971542	72.0583114624	-	0	0	0	0	0	0	0	0	0	0	0	0	0	0	0.584154725075	1.83624756336	2.99629163742	3.54145765305	3.3468439579	2.62172913551	1.71280968189	0.913286209106	0.374164164066	0.106221370399	0.0216231308877	0.0130897462368	0.061338249594	0.295026004314	0.940059661865	2.14635634422	3.76603531837	5.2150888443	5.65115976334	4.54953241348	2.3375711441	0.417480796576	0	0	0	0	0	0	2.80259692865e-43	2.55638541477e-14	56.5524330139	0	0	0	0	0	0	0	0	0	0	0	0	0	0	0
Feb 22 2023 18:05:12	6.59393405914	89.8745651245	96.7818984985	0.000511081132572	64.2414016724	10.2804136276	78.9115066528	-	0	0	0	0	0	0	0	0	0	0	0	0	0	0	0	0	0	9.88400840759	1.890909914e-14	0	0	0	0	0	0	0	0	1.01642560959	3.58761072159	5.26183843613	5.4122467041	4.26915502548	2.61479783058	1.20059156418	0.360276281834	0.0233344491571	0	0	0	0	0	0	0	0	66.3697128296	0	0	0	0	0	0	0	0	0	0	0	0	0	0	0
Feb 22 2023 18:05:13	7.27508497238	90.0450973511	96.8455581665	0.000386062863981	65.3605575562	10.4683179855	83.8642196655	-	0	0	0	0	0	0	0	0	0	0	0	0	0	0	0	0	0	9.75984954834	0	0	0	0	0	0	0	0	0	0.343037843704	3.64924478531	5.76802921295	5.6934928894	4.01345872879	2.0640232563	0.747105717659	0.163443520665	0.00432000728324	0	0	0	0	0	0	0	0	67.7939987183	0	0	0	0	0	0	0	0	0	0	0	0	0	0	0
Feb 22 2023 18:05:14	1.59162831306	90.2268295288	96.9133071899	0.000444047531346	66.6035614014	10.4089250565	81.4295654297	-	0	0	0	0	0	0	0	0	0	0	0	0	0	0	0	0	0	10.0924539566	6.59277760693e-15	0	0	0	0	0	0	0	0	0	2.79710006714	5.93924570084	6.01528358459	3.78313350677	1.54412639141	0.396110296249	0.054409570992	0.000574696052354	0	0	0	0	0	0	0	0	69.3775634766	0	0	0	0	0	0	0	0	0	0	0	0	0	0	0
Feb 22 2023 18:05:15	6.98729133606	89.7859802246	96.7488021851	0.000379642646294	63.725605011	10.5784397125	84.4300460815	-	0	0	0	0	0	0	0	0	0	0	0	0	0	0	0	0	0	9.30685710907	3.14084993907e-13	0	0	0	0	0	0	0	0	1.40388917923	3.79188656807	5.27107477188	5.4005150795	4.38226556778	2.84058189392	1.42127883434	0.483406811953	0.0460846275091	0	0	0	0	0	0	1.40129846432e-43	9.51716597241e-14	65.6521606445	0	0	0	0	0	0	0	0	0	0	0	0	0	0	0
Feb 22 2023 18:05:16	6.83808374405	89.8333053589	96.7664871216	0.000595193589106	64.0702209473	10.3060741425	75.8935089111	-	0	0	0	0	0	0	0	0	0	0	0	0	0	0	0	0	0	9.95101737976	0	0	0	0	0	0	0	0	0	0.461251139641	3.02460074425	4.99956130981	5.57311010361	4.72418928146	3.11121821404	1.54793775082	0.51769053936	0.055783521384	0	0	0	0	0	0	0	0	66.0336380005	0	0	0	0	0	0	0	0	0	0	0	0	0	0	0
Feb 22 2023 18:05:17	1.68721592426	87.8099365234	96.2092437744	0.000457982619992	55.8307266235	7.17316675186	74.8210601807	-	0	0	0	0	0	0	0	0	0	0	0	0	0	0	0.545915722847	1.73329174519	2.8672273159	3.44906187057	3.3317656517	2.68055939674	1.80794394016	1.0001655817	0.42537972331	0.121252551675	0.018712837249	0.00365067459643	0.021359603852	0.159645721316	0.639940321445	1.68266189098	3.27945899963	4.97860813141	5.92134094238	5.32872772217	3.25879240036	0.95399159193	9.59350290941e-06	0	0	0	0	0	0	0	55.7905387878	0	0	0	0	0	0	0	0	0	0	0	0	0	0	0
Feb 22 2023 18:05:18	1.73033094406	86.4862289429	95.9865875244	0.000582311826292	53.3126373291	7.19017314911	69.5775909424	-	0	0	0	0	0	0	0	0	0	0	0	0	0	0	0.548012554646	1.65356254578	2.68973922729	3.24310326576	3.19106912613	2.6611084938	1.90393066406	1.15988385677	0.584896445274	0.236090302467	0.0828629806638	0.0471622347832	0.0927213951945	0.304674863815	0.871897220612	1.96284258366	3.54191398621	5.20302534103	6.19472169876	5.79313802719	3.91997051239	1.52782595158	0.0947880372405	0	0	0	0	0	1.40129846432e-43	1.81409249601e-14	52.4910583496	0	0	0	0	0	0	0	0	0	0	0	0	0	0	0
Feb 22 2023 18:05:19	1.68720257282	88.8473739624	96.3967895508	0.000635144358966	58.220905304	7.37995672226	67.4761276245	-	0	0	0	0	0	0	0	0	0	0	0	0	0	0	0.39092990756	1.58526432514	2.91193389893	3.63456678391	3.47923517227	2.67239689827	1.6629639864	0.819556713104	0.298747718334	0.070523455739	0.00950123649091	0.0021091173403	0.0106543963775	0.0928430557251	0.456733852625	1.41258478165	3.07815480232	4.95848226547	5.89619016647	4.89867448807	2.40939378738	0.378746986389	0	0	0	0	0	0	0	0	58.8698196411	0	0	0	0	0	0	0	0	0	0	0	0	0	0	0
Feb 22 2023 18:05:20	1.57091772556	87.9471130371	96.232383728	0.00069612741936	55.7400665283	6.54045200348	60.5491294861	-	0	0	0	0	0	0	0	0	0	0	0	0	0	0	0.000676147814374	0.220305070281	2.80597758293	7.45079803467	6.84509706497	2.65790081024	0.465466022491	0.0352564975619	0.0009821113199	7.85791871749e-06	1.99364365017e-08	2.13647974312e-10	2.42571118747e-09	1.51524182002e-06	0.000501945789438	0.0402587018907	0.883421957493	5.85703420639	11.3089036942	5.01758432388	0.256445020437	0.000113820780825	0	0	0	0	0	0	0	0	56.1532669067	0	0	0	0	0	0	0	0	0	0	0	0	0	0	0
Feb 22 2023 18:05:21	1.8884203434	88.9191818237	96.4238052368	0.00048644063645	58.404094696	7.63671064377	75.5359191895	-	0	0	0	0	0	0	0	0	0	0	0	0	0	0	0.888209700584	1.64006519318	2.1775033474	2.46130228043	2.49248623848	2.30719351768	1.96500909328	1.53396618366	1.08216929436	0.680511295795	0.404868334532	0.322005838156	0.476017355919	0.883728563786	1.51814043522	2.29769968987	3.08538103104	3.68976926804	3.89329242706	3.51051545143	2.46627783775	0.882798790932	0	0	0	0	0	0	1.40129846432e-43	2.41409997326e-14	59.3410949707	0	0	0	0	0	0	0	0	0	0	0	0	0	0	0
Feb 22 2023 18:05:22	1.59269809723	90.1422348022	96.8817825317	0.000514839019161	66.1790771484	10.5076732635	78.9473495483	-	0	0	0	0	0	0	0	0	0	0	0	0	0	0	0	0	0	10.0700874329	0	0	0	0	0	0	0	0	0	0	1.54918158054	4.6271739006	6.04403305054	5.00802755356	2.79963445663	1.03531467915	0.223357185721	0.0114702070132	0	0	0	0	0	0	0	0	68.6317214966	0	0	0	0	0	0	0	0	0	0	0	0	0	0	0
Feb 22 2023 18:05:23	1.29942047596	89.2527923584	96.5491333008	0.000331731396727	60.4085197449	7.57238340378	79.2932891846	-	0	0	0	0	0	0	0	0	0	0	0	0	0	0	0	4.08223124358e-13	13.0350561142	4.88303889219e-30	0	0	0	0	0	0	0	0	0	0.727731764317	2.26982879639	3.860060215	4.90516853333	5.00695800781	4.16242313385	2.75505828857	1.33180809021	0.317943453789	0	0	0	0	0	0	0	0	61.6279716492	0	0	0	0	0	0	0	0	0	0	0	0	0	0	0
Feb 22 2023 18:05:24	1.58540630341	90.2769622803	96.9319839478	0.000627272296697	66.7465591431	10.0922574997	74.1459960938	-	0	0	0	0	0	0	0	0	0	0	0	0	0	0	0	0	0	10.3716058731	3.47997021824e-12	0	0	0	0	0	0	0	0	0	5.42803955078	7.25829744339	4.7549495697	1.85388600826	0.441311985254	0.0610073171556	0.0040125977248	0	0	0	0	0	0	0	0	0	69.8268890381	0	0	0	0	0	0	0	0	0	0	0	0	0	0	0
Feb 22 2023 18:05:25	1.65682327747	87.4860687256	96.1544876099	0.000691830238793	55.0063858032	6.88439130783	63.3988189697	-	0	0	0	0	0	0	0	0	0	0	0	0	0	0	0.355558902025	1.5658891201	3.01825475693	3.90250635147	3.85174870491	3.05434441566	1.97904479504	1.03754007816	0.423265635967	0.127040594816	0.0294224470854	0.0104353260249	0.0203588679433	0.102088913321	0.442601233721	1.36435854435	3.06444978714	5.13422250748	6.37243175507	5.57294225693	2.98905134201	0.632153570652	1.48294147948e-05	0	0	0	0	0	0	0	54.9502716064	0	0	0	0	0	0	0	0	0	0	0	0	0	0	0
Feb 22 2023 18:05:26	1.58746194839	87.078125	96.0852737427	0.000504590279888	53.9402122498	6.46363687515	69.625213623	-	0	0	0	0	0	0	0	0	0	0	0	0	0	0	0.00136657059193	0.264151662588	2.73122572899	6.92157363892	6.85345602036	3.21734142303	0.776260375977	0.0967923849821	0.0059219780378	0.000175711567863	3.88549733543e-06	3.57350359081e-07	1.25441101773e-06	6.07347137702e-05	0.00375302811153	0.11304820329	1.38251185417	6.57941865921	11.1995620728	5.48511505127	0.444269090891	0.000952788745053	0	0	0	0	0	0	0	0	53.9230422974	0	0	0	0	0	0	0	0	0	0	0	0	0	0	0
Feb 22 2023 18:05:27	1.67251706123	87.0486526489	96.0802612305	0.00052517617587	54.3065032959	6.93112659454	71.0469818115	-	0	0	0	0	0	0	0	0	0	0	0	0	0	0	0.34052541852	1.50748884678	2.93018341064	3.83334040642	3.84182596207	3.10530209541	2.0591711998	1.10923528671	0.465980738401	0.142524078488	0.0311421863735	0.00802155770361	0.0116239255294	0.0637309104204	0.317599475384	1.09107089043	2.67284679413	4.84165525436	6.507563591	6.25429677963	3.85997962952	1.12744104862	0.027336165309	0	0	0	0	0	0	0	53.8501281738	0	0	0	0	0	0	0	0	0	0	0	0	0	0	0
Feb 22 2023 18:05:28	1.59852445126	87.9240570068	96.2285003662	0.000557397317607	55.5990638733	6.5011343956	67.4550170898	-	0	0	0	0	0	0	0	0	0	0	0	0	0	0	0.122502326965	1.21579277515	3.35780930519	5.0102596283	4.94458246231	3.50496244431	1.84224784374	0.715163469315	0.197855338454	0.0378234386444	0.00587350782007	0.00175654201303	0.00350726139732	0.024775724858	0.177302181721	0.860438287258	2.70883011818	5.51900911331	7.03143835068	5.03823328018	1.52239000797	0.0654281079769	0	0	0	0	0	0	0	0	56.0920181274	0	0	0	0	0	0	0	0	0	0	0	0	0	0	0
Feb 22 2023 18:05:29	1.52935385704	87.2598953247	96.1161422729	0.000451020052424	54.0603179932	6.30408334732	70.7657165527	-	0	0	0	0	0	0	0	0	0	0	0	0	0	0	2.75644515568e-06	0.0415337868035	2.44651126862	9.97977733612	6.85256052017	1.16371023655	0.0594456866384	0.00101568899117	6.56385873299e-06	2.59623327281e-08	3.04448771749e-10	1.42933748171e-10	5.57293455827e-09	1.89453021449e-06	0.000606517773122	0.0682589188218	1.94795656204	11.548333168	10.6573905945	0.854958057404	0.00137153977994	1.04021499747e-10	0	0	0	0	0	0	0	0	54.3765602112	0	0	0	0	0	0	0	0	0	0	0	0	0	0	0
Feb 22 2023 18:05:30	1.53384304047	89.9449691772	96.8081893921	0.000471398379887	64.7043457031	9.51618289948	78.4923248291	-	0	0	0	0	0	0	0	0	0	0	0	0	0	0	0	0	0	11.5475349426	0	0	0	0	0	0	0	0	0	0	1.87085461617	4.382188797	5.57031011581	4.86568546295	3.0541601181	1.34962642193	0.375409275293	0.0335408970714	0	0	0	0	0	0	0	0	66.9506912231	0	0	0	0	0	0	0	0	0	0	0	0	0	0	0
Feb 22 2023 18:05:31	7.45193338394	90.4350662231	96.9908370972	0.000516444968525	67.9524612427	10.8817300797	79.8571853638	-	0	0	0	0	0	0	0	0	0	0	0	0	0	0	0	0	0	9.17766952515	0	0	0	0	0	0	0	0	0	0.350287824869	7.63928604126	6.83710193634	3.38802790642	1.0750348568	0.221542477608	0.0280384067446	0.00174419907853	0	0	0	0	0	0	0	0	0	71.2812652588	0	0	0	0	0	0	0	0	0	0	0	0	0	0	0
Feb 22 2023 18:05:32	7.70463943481	90.5447235107	97.0316085815	0.000613238604274	69.0084533691	10.7759208679	75.8763580322	-	0	0	0	0	0	0	0	0	0	0	0	0	0	0	0	0	0	9.9617767334	0	0	0	0	0	0	0	0	0	0	1.25719666481	6.47448015213	5.84985113144	2.97623515129	0.950077354908	0.186701312661	0.0191489607096	5.84251210967e-05	0	0	0	0	0	0	1.40129846432e-43	4.50808010713e-13	72.32447052	0	0	0	0	0	0	0	0	0	0	0	0	0	0	0
Feb 22 2023 18:05:33	1.5874427557	90.5025024414	97.015914917	0.000562234316021	68.7882995605	10.6452226639	77.2640457153	-	0	0	0	0	0	0	0	0	0	0	0	0	0	0	0	0	0	10.2984352112	0	0	0	0	0	0	0	0	0	0	0.134640321136	4.69821882248	6.18428945541	4.34519004822	1.86750435829	0.486022502184	0.06570109725	0.000638470402919	0	0	0	0	0	0	0	0	71.9193572998	0	0	0	0	0	0	0	0	0	0	0	0	0	0	0
Feb 22 2023 18:05:34	1.59055423737	90.3007965088	96.9408569336	0.000575762183871	67.2425842285	10.5506858826	76.7896270752	-	0	0	0	0	0	0	0	0	0	0	0	0	0	0	0	0	0	10.1150226593	7.27693458876e-13	0	0	0	0	0	0	0	0	0	1.37116789818	5.07051801682	6.27030038834	4.48708152771	2.00897264481	0.551801145077	0.080774590373	0.00184461765457	0	0	0	0	0	0	0	0	70.0425109863	0	0	0	0	0	0	0	0	0	0	0	0	0	0	0
Feb 22 2023 18:05:35	1.57805049419	89.596862793	96.6780700684	0.000687295512762	62.4211769104	9.79349136353	71.5636291504	-	0	0	0	0	0	0	0	0	0	0	0	0	0	0	0	0	0	10.3865795135	0	0	0	0	0	0	0	0	0	1.59738636017	3.78798770905	5.21187210083	5.38376331329	4.43293809891	2.92811775208	1.50202095509	0.533564984798	0.0669682994485	0	0	0	0	0	0	0	0	64.168800354	0	0	0	0	0	0	0	0	0	0	0	0	0	0	0
Feb 22 2023 18:05:36	7.35434865952	90.3006286621	96.9407958984	0.000404504709877	67.1220016479	10.530216217	83.1321029663	-	0	0	0	0	0	0	0	0	0	0	0	0	0	0	0	0	0	9.93586063385	0	0	0	0	0	0	0	0	0	0	3.49600577354	5.94260883331	5.50711393356	3.32595062256	1.34777235985	0.352885633707	0.0504904203117	0.000341986684361	0	0	0	0	0	0	0	0	70.0409698486	0	0	0	0	0	0	0	0	0	0	0	0	0	0	0
Feb 22 2023 18:05:37	1.31146430969	89.3838348389	96.5982818604	0.000408695981605	61.4975318909	8.21729183197	76.9636154175	-	0	0	0	0	0	0	0	0	0	0	0	0	0	0	0	0	11.8456249237	0	0	0	0	0	0	0	0	0	0	0.491807043552	1.68896257877	3.15494799614	4.42607688904	5.02141809464	4.67957878113	3.51589727402	1.97953116894	0.623383045197	0	0	0	0	0	0	0	0	62.5727729797	0	0	0	0	0	0	0	0	0	0	0	0	0	0	0
Feb 22 2023 18:05:38	1.55016422272	90.0198974609	96.8361587524	0.000391515874071	65.2798995972	9.8419418335	82.3828430176	-	0	0	0	0	0	0	0	0	0	0	0	0	0	0	0	0	0	11.0571928024	0	0	0	0	0	0	0	0	0	0	1.94673895836	4.20223379135	5.34925365448	4.79874134064	3.13913965225	1.4606269598	0.429177522659	0.0370415374637	0	0	0	0	0	0	0	0	67.5798568726	0	0	0	0	0	0	0	0	0	0	0	0	0	0	0
Feb 22 2023 18:05:39	1.54958605766	89.593788147	96.6769180298	0.000530747696757	62.503578186	9.54140663147	76.4596633911	-	0	0	0	0	0	0	0	0	0	0	0	0	0	0	0	0	0	11.0721492767	0	0	0	0	0	0	0	0	0	0.882223129272	2.81726837158	4.49373674393	5.23792743683	4.82166576385	3.55007576942	2.03338909149	0.816000878811	0.130338996649	0	0	0	0	0	0	0	0	64.1452255249	0	0	0	0	0	0	0	0	0	0	0	0	0	0	0
Feb 22 2023 18:05:40	1.53294503689	89.6034011841	96.680519104	0.00057276559528	62.7107810974	9.39044094086	74.2784042358	-	0	0	0	0	0	0	0	0	0	0	0	0	0	0	0	0	0	11.6117591858	0	0	0	0	0	0	0	0	0	0.350726783276	1.90468859673	3.60574603081	4.79864120483	5.00298500061	4.17925786972	2.74108886719	1.29361009598	0.292466253042	0	0	0	0	0	0	0	0	64.2190246582	0	0	0	0	0	0	0	0	0	0	0	0	0	0	0
Feb 22 2023 18:05:41	1.84247004986	88.9070968628	96.4192581177	0.000466768047772	58.413646698	7.5373840332	75.9858703613	-	0	0	0	0	0	0	0	0	0	0	0	0	0	0	0.927816808224	1.71191394329	2.26962924004	2.55909562111	2.58077430725	2.37214112282	1.99552309513	1.52238380909	1.02452111244	0.576983869076	0.260638773441	0.147505909204	0.286342740059	0.698138058186	1.35849642754	2.18615937233	3.04108572006	3.7247710228	4.00829553604	3.6920568943	2.6872150898	1.10724902153	0	0	0	0	0	0	0	0	59.2612609863	0	0	0	0	0	0	0	0	0	0	0	0	0	0	0
Feb 22 2023 18:05:42	1.60554766655	88.9223709106	96.4250030518	0.000529805663973	58.5459747314	7.11727333069	70.5594482422	-	0	0	0	0	0	0	0	0	0	0	0	0	0	0	0.040564533323	0.864628911018	3.27787137032	5.35470438004	4.90566396713	2.77669811249	0.987129092216	0.207268193364	0.0213301572949	0.000691550085321	2.22296785068e-06	3.11467795999e-11	8.9971067041e-08	0.000191272629309	0.0148003408685	0.251364707947	1.66418945789	5.25407314301	8.17586898804	5.63388252258	1.188839674	0.0180490743369	0	0	0	0	0	0	0	2.73587555029e-15	59.362197876	0	0	0	0	0	0	0	0	0	0	0	0	0	0	0
Feb 22 2023 18:05:43	1.58463966846	87.5394134521	96.1635131836	0.000571168144234	54.8566131592	6.47149324417	66.4433288574	-	0	0	0	0	0	0	0	0	0	0	0	0	0	0	0.0319666303694	0.805032134056	3.34427165985	5.82609844208	5.65306806564	3.42566823959	1.35194301605	0.343524813652	0.0527693554759	0.00456368597224	0.000267877010629	3.93588379666e-05	0.000116252907901	0.00231086136773	0.0423714965582	0.418434530497	2.17324948311	6.03626728058	8.65384101868	5.59844255447	1.12964272499	0.0189716462046	0	0	0	0	0	0	1.40129846432e-43	1.83541180708e-14	55.0871353149	0	0	0	0	0	0	0	0	0	0	0	0	0	0	0
Feb 22 2023 18:05:44	1.52510488033	89.7898406982	96.7502441406	0.000437080074335	63.5880393982	9.06346702576	78.9474639893	-	0	0	0	0	0	0	0	0	0	0	0	0	0	0	0	0	0	12.2061700821	0	0	0	0	0	0	0	0	0	0.312466561794	2.48192381859	4.46475505829	5.24699497223	4.57132959366	3.02427601814	1.47982037067	0.478030741215	0.0511316992342	0	0	0	0	0	0	0	0	65.6831054688	0	0	0	0	0	0	0	0	0	0	0	0	0	0	0
Feb 22 2023 18:05:45	1.31236171722	89.4156494141	96.6101989746	0.000535322586074	61.5011863708	8.18818855286	70.9712600708	-	0	0	0	0	0	0	0	0	0	0	0	0	0	0	0	0	11.7660236359	0	0	0	0	0	0	0	0	0	0	0.697641074657	2.23166465759	3.84677529335	4.93402433395	5.06454372406	4.21715974808	2.78392410278	1.33621692657	0.315768420696	0	0	0	0	0	0	0	0	62.8062591553	0	0	0	0	0	0	0	0	0	0	0	0	0	0	0
Feb 22 2023 18:05:46	1.57749974728	90.0846252441	96.8602981567	0.00021497666603	65.0704421997	9.4890165329	89.7583312988	-	0	0	0	0	0	0	0	0	0	0	0	0	0	0	0	0	0	10.6667757034	3.63119014024e-11	0	0	0	0	0	0	0	0	3.57086658478	9.0081205368	5.7777838707	2.19485974312	0.548611283302	0.0906739532948	0.00934186577797	0.000480916554807	0	0	0	0	0	0	0	0	0	68.132484436	0	0	0	0	0	0	0	0	0	0	0	0	0	0	0
Feb 22 2023 18:05:47	1.56280314922	90.205581665	96.9053955078	0.000329348782543	65.8745574951	9.27613925934	84.2956619263	-	0	0	0	0	0	0	0	0	0	0	0	0	0	0	0	0	0	11.2671022415	0	0	0	0	0	0	0	0	0	0	14.4488172531	4.36890029907	0.660186469555	0.0623347982764	0.00374692026526	0.000134570364025	2.29380611927e-06	0	0	0	0	0	0	0	0	0	69.1887741089	0	0	0	0	0	0	0	0	0	0	0	0	0	0	0
Feb 22 2023 18:05:48	1.56377828121	90.1230239868	96.8746185303	0.000558951345738	65.6672134399	9.83024978638	76.0158996582	-	0	0	0	0	0	0	0	0	0	0	0	0	0	0	0	0	0	10.7178163528	1.9416595881e-13	0	0	0	0	0	0	0	0	0.0668784826994	4.96962308884	6.68684101105	5.17635250092	2.69329285622	0.964940309525	0.229046165943	0.0305371303111	0.000227700002142	0	0	0	0	0	0	0	0	68.4644470215	0	0	0	0	0	0	0	0	0	0	0	0	0	0	0
Feb 22 2023 18:05:49	1.59369623661	90.3141860962	96.9458465576	0.000817284861114	67.0497589111	10.3015079498	68.3306732178	-	0	0	0	0	0	0	0	0	0	0	0	0	0	0	0	0	0	10.080619812	0	0	0	0	0	0	0	0	0	0	5.2023973465	7.45869588852	4.83552598953	1.80446338654	0.400699257851	0.0504904314876	0.00297366804443	0	0	0	0	0	0	0	0	0	70.1641311646	0	0	0	0	0	0	0	0	0	0	0	0	0	0	0
Feb 22 2023 18:05:50	6.32514762878	89.6038894653	96.6807022095	0.000619108672254	62.4569854736	10.3300590515	75.5586547852	-	0	0	0	0	0	0	0	0	0	0	0	0	0	0	0	0	0	9.25322914124	0	0	0	0	0	0	0	0	0.706764936447	2.592410326	4.29174470901	5.17889785767	5.03479528427	4.05372571945	2.68895077705	1.41182935238	0.514309406281	0.0505303144455	0	0	0	0	0	0	0	0	64.2228088379	0	0	0	0	0	0	0	0	0	0	0	0	0	0	0
Feb 22 2023 18:05:51	1.56577169895	89.5046157837	96.6435317993	0.000619988015387	62.1014060974	9.77531719208	73.7390594482	-	0	0	0	0	0	0	0	0	0	0	0	0	0	0	0	0	0	10.6701049805	2.74912731468e-12	0	0	0	0	0	0	0	0	0.753695726395	2.58877158165	4.28443717957	5.21693849564	5.07891607285	4.01564359665	2.52005505562	1.14926016331	0.253937929869	0	0	0	0	0	0	0	0	63.4682426453	0	0	0	0	0	0	0	0	0	0	0	0	0	0	0
Feb 22 2023 18:05:52	1.55828988552	89.9336624146	96.8039703369	0.000567042734474	64.471282959	9.72844409943	75.4850692749	-	0	0	0	0	0	0	0	0	0	0	0	0	0	0	0	0	0	10.8517398834	0	0	0	0	0	0	0	0	0	0.233161106706	3.50904917717	6.00949001312	5.99759197235	4.01833295822	1.85158717632	0.567857205868	0.100929439068	0.00347778736614	0	0	0	0	0	0	0	0	66.8567886353	0	0	0	0	0	0	0	0	0	0	0	0	0	0	0
Feb 22 2023 18:05:53	1.30937421322	89.5872421265	96.6744689941	0.000590107927565	62.3039131165	8.04518413544	68.0055007935	-	0	0	0	0	0	0	0	0	0	0	0	0	0	0	0	2.60029866563e-12	12.035487175	0	0	0	0	0	0	0	0	0	0	0.728132426739	2.77351140976	4.56411552429	5.28915405273	4.72317361832	3.30248785019	1.75935769081	0.641505002975	0.0879947245121	0	0	0	0	0	0	0	0	64.0950775146	0	0	0	0	0	0	0	0	0	0	0	0	0	0	0
Feb 22 2023 18:05:54	1.718577981	88.0832977295	96.2553329468	0.000616265810095	56.6968040466	7.58439826965	69.1301116943	-	0	0	0	0	0	0	0	0	0	0	0	0	0	0	0.331754565239	1.45497012138	2.78296399117	3.55299830437	3.43639206886	2.63724517822	1.61801338196	0.769754827023	0.258913040161	0.0492645315826	0.00284701306373	2.67006817012e-06	0.000558288942557	0.0286514312029	0.248094528913	1.01712930202	2.65544986725	4.90803623199	6.59639453888	6.26662874222	3.78501939774	1.06086862087	0.0205281209201	0	0	0	0	0	0	0	56.5175170898	0	0	0	0	0	0	0	0	0	0	0	0	0	0	0
Feb 22 2023 18:05:55	1.29796302319	89.5668792725	96.666847229	0.000504743191414	61.9763717651	7.50665426254	69.9930953979	-	0	0	0	0	0	0	0	0	0	0	0	0	0	0	0	2.94041769028e-24	13.1962251663	9.12596213876e-12	0	0	0	0	0	0	0	0	0	1.01127171516	3.05016160011	4.65782499313	5.09281110764	4.29714488983	2.82943820953	1.40829706192	0.469469338655	0.0478565655649	0	0	0	0	0	0	0	0	63.9394989014	0	0	0	0	0	0	0	0	0	0	0	0	0	0	0
Feb 22 2023 18:05:56	1.58760762215	90.2450790405	96.9201049805	0.000562227796763	66.6801376343	10.3269166946	76.9310073853	-	0	0	0	0	0	0	0	0	0	0	0	0	0	0	0	0	0	10.1775388718	0	0	0	0	0	0	0	0	0	0	3.21516513824	6.37333917618	5.84554290771	3.31394815445	1.21769738197	0.281102657318	0.0348137095571	0.000391431705793	0	0	0	0	0	0	0	0	69.5404586792	0	0	0	0	0	0	0	0	0	0	0	0	0	0	0
Feb 22 2023 18:05:57	1.53624272346	89.8380432129	96.7682571411	0.000574541743845	63.8970718384	9.41324806213	74.3466567993	-	0	0	0	0	0	0	0	0	0	0	0	0	0	0	0	0	0	11.4306135178	3.07806324916e-13	0	0	0	0	0	0	0	0	0.958961904049	3.05883932114	4.6778755188	5.07755279541	4.22885608673	2.73040485382	1.31920194626	0.416327744722	0.0292934831232	0	0	0	0	0	0	0	0	66.0720672607	0	0	0	0	0	0	0	0	0	0	0	0	0	0	0
Feb 22 2023 18:05:58	1.31456398964	89.724395752	96.7257766724	0.000409089378081	63.0255584717	8.18611812592	77.0126953125	-	0	0	0	0	0	0	0	0	0	0	0	0	0	0	0	0	11.639793396	0	0	0	0	0	0	0	0	0	0	1.58293318748	3.6386013031	5.00599765778	5.07152843475	3.98608779907	2.43790459633	1.11699938774	0.334768265486	0.0233710035682	0	0	0	0	0	0	0	0	65.1620178223	0	0	0	0	0	0	0	0	0	0	0	0	0	0	0
Feb 22 2023 18:05:59	1.56138443947	89.4026794434	96.6053390503	0.000799651490524	61.3269271851	9.53825283051	66.9639129639	-	0	0	0	0	0	0	0	0	0	0	0	0	0	0	0	0	0	10.7757635117	3.20361640861e-12	0	0	0	0	0	0	0	0.129717260599	1.62141728401	3.35297632217	4.68957185745	5.18002414703	4.7168803215	3.55160498619	2.14633774757	0.942392110825	0.182438820601	0	0	0	0	0	0	0	0	62.7108764648	0	0	0	0	0	0	0	0	0	0	0	0	0	0	0
Feb 22 2023 18:06:00	1.55515801907	89.9455718994	96.8084182739	0.000749930273741	64.5208358765	9.66018867493	68.7506027222	-	0	0	0	0	0	0	0	0	0	0	0	0	0	0	0	0	0	10.9298906326	0	0	0	0	0	0	0	0	0	0.722215294838	3.85706496239	5.74677467346	5.46629858017	3.71422696114	1.83433330059	0.635281085968	0.133477166295	0.00469470582902	0	0	0	0	0	0	0	0	66.9557418823	0	0	0	0	0	0	0	0	0	0	0	0	0	0	0
Feb 22 2023 18:06:01	1.59226548672	90.195274353	96.901550293	0.000665294006467	66.3857650757	10.396188736	73.4992523193	-	0	0	0	0	0	0	0	0	0	0	0	0	0	0	0	0	0	10.079117775	3.28007824894e-12	0	0	0	0	0	0	0	0	0	2.96394968033	5.88475465775	5.9017868042	3.83003211021	1.67869222164	0.482850193977	0.0790769159794	0.00222368817776	0	0	0	0	0	0	0	0	69.0975189209	0	0	0	0	0	0	0	0	0	0	0	0	0	0	0
Feb 22 2023 18:06:02	7.36730194092	90.6571884155	97.0733947754	0.000726835627574	69.5037918091	10.6941719055	72.4414291382	-	0	0	0	0	0	0	0	0	0	0	0	0	0	0	0	0	0	9.38515949249	0	0	0	0	0	0	0	0	0	0	17.1896114349	0	0	0	0	0	0	0	0	0	0	0	0	0	0	0	73.4252243042	0	0	0	0	0	0	0	0	0	0	0	0	0	0	0
Feb 22 2023 18:06:03	7.36252593994	90.6527023315	97.0717315674	0.000522492162418	69.4628372192	10.6561489105	79.2372741699	-	0	0	0	0	0	0	0	0	0	0	0	0	0	0	0	0	3.79751883832e-41	9.43601608276	1.64388630746e-14	0	0	0	0	0	0	0	0	0	17.1832351685	0	0	0	0	0	0	0	0	0	0	0	0	0	0	0	73.3807525635	0	0	0	0	0	0	0	0	0	0	0	0	0	0	0
Feb 22 2023 18:06:04	7.37922477722	90.6449127197	97.0688400269	0.00063652638346	69.4536972046	10.7105998993	75.348815918	-	0	0	0	0	0	0	0	0	0	0	0	0	0	0	0	0	0	9.47468662262	0	0	0	0	0	0	0	0	0	0	13.1272420883	3.7979323864	0.284635037184	0.0116869024932	0.000280942767859	3.68739210899e-06	1.96125515828e-08	0	0	0	0	0	0	0	0	0	73.3035354614	0	0	0	0	0	0	0	0	0	0	0	0	0	0	0
Feb 22 2023 18:06:05	7.08561420441	89.9846115112	96.8229904175	0.000731894630007	64.8368377686	10.2245512009	71.0777130127	-	0	0	0	0	0	0	0	0	0	0	0	0	0	0	0	0	0	9.96981048584	1.76112498472e-14	0	0	0	0	0	0	0	0	0.225667119026	4.2747168541	6.64357328415	5.98973417282	3.62375426292	1.5067640543	0.416034221649	0.0660351589322	0.00174768851139	0	0	0	0	0	0	0	0	67.2821655273	0	0	0	0	0	0	0	0	0	0	0	0	0	0	0
Feb 22 2023 18:06:06	1.56647646427	90.0165863037	96.8349227905	0.000501458649524	64.8764343262	9.72382831573	78.0750274658	-	0	0	0	0	0	0	0	0	0	0	0	0	0	0	0	0	0	10.6533517838	0	0	0	0	0	0	0	0	0	1.61529219151	5.00002813339	6.21783399582	4.92981052399	2.70416331291	1.03134930134	0.260229200125	0.0361098013818	0	0	0	0	0	0	0	0	0	67.5518417358	0	0	0	0	0	0	0	0	0	0	0	0	0	0	0
Feb 22 2023 18:06:07	1.52022516727	89.9276199341	96.8017120361	0.000524206552655	64.309463501	8.87157058716	74.7637710571	-	0	0	0	0	0	0	0	0	0	0	0	0	0	0	0	0	0	12.6095952988	3.43708460131e-12	0	0	0	0	0	0	0	0	0	2.90228056908	5.39565706253	5.64790248871	3.96436715126	1.92525088787	0.626624524593	0.118199132383	0.0035035922192	0	0	0	0	0	0	0	0	66.8066177368	0	0	0	0	0	0	0	0	0	0	0	0	0	0	0
Feb 22 2023 18:06:08	1.53279650211	89.410118103	96.6081314087	0.000595652498305	61.3516540527	9.17324638367	73.0292663574	-	0	0	0	0	0	0	0	0	0	0	0	0	0	0	0	0	0	11.6224527359	1.78208327001e-12	0	0	0	0	0	0	0	0	0.796676337719	2.86657214165	4.62818622589	5.40692090988	4.99327850342	3.7055850029	2.156686306	0.894442200661	0.163616225123	0	0	0	0	0	0	0	0	62.765586853	0	0	0	0	0	0	0	0	0	0	0	0	0	0	0
Feb 22 2023 18:06:09	7.35752010345	90.8360214233	97.1397781372	0.000730371451937	71.032661438	10.8319225311	72.3995361328	-	0	0	0	0	0	0	0	0	0	0	0	0	0	0	0	0	0	9.54782295227	0	0	0	0	0	0	0	0	0	0	15.2087984085	4.87404929785e-13	0	0	0	0	0	0	0	0	0	0	0	0	0	0	75.2433776855	0	0	0	0	0	0	0	0	0	0	0	0	0	0	0
Feb 22 2023 18:06:10	1.58416461945	90.5527572632	97.0345993042	0.000454473018181	68.7437438965	10.1823501587	80.5863647461	-	0	0	0	0	0	0	0	0	0	0	0	0	0	0	0	0	0	10.4167823792	1.77328312624e-13	0	0	0	0	0	0	0	0	0	6.83598089218	8.26723384857	1.8334839344	0.226613640785	0.0170574430376	0.000747941609006	1.52958127728e-05	0	0	0	0	0	0	0	0	0	72.4020843506	0	0	0	0	0	0	0	0	0	0	0	0	0	0	0
Feb 22 2023 18:06:11	1.55321729183	90.3556213379	96.9612731934	0.00079592311522	67.1507644653	9.36225509644	65.9903793335	-	0	0	0	0	0	0	0	0	0	0	0	0	0	0	0	0	0	11.6999340057	0	0	0	0	0	0	0	0	0	0	6.02865982056	7.5833864212	3.24982595444	0.776314795017	0.109586268663	0.00871361512691	0.000312277697958	0	0	0	0	0	0	0	0	0	70.5432662964	0	0	0	0	0	0	0	0	0	0	0	0	0	0	0
Feb 22 2023 18:06:12	1.28340864182	89.2677612305	96.5547485352	0.000833475962281	60.3027687073	6.85241413116	51.8941116333	-	0	0	0	0	0	0	0	0	0	0	0	0	0	0	0	1.52352129935e-13	15.0684165955	2.64996184548e-15	0	0	0	0	0	0	0	0	0	0.282912999392	1.70936524868	3.42873120308	4.71112823486	4.96251010895	4.10479545593	2.61089658737	1.16227972507	0.224453493953	0	0	0	0	0	0	0	0	61.7345085144	0	0	0	0	0	0	0	0	0	0	0	0	0	0	0
Feb 22 2023 18:06:13	1.28280353546	89.3950653076	96.6024856567	0.000825811759569	60.6607284546	6.72874403	51.731754303	-	0	0	0	0	0	0	0	0	0	0	0	0	0	0	0	0	15.1583595276	0	0	0	0	0	0	0	0	0	0	1.31873106956	3.29701519012	4.7581372261	4.9607219696	3.96029543877	2.43470549583	1.11046504974	0.326893955469	0.019687384367	0	0	0	0	0	0	0	0	62.6549911499	0	0	0	0	0	0	0	0	0	0	0	0	0	0	0
Feb 22 2023 18:06:14	1.30021297932	89.5824737549	96.6726837158	0.000713283719961	62.2163696289	7.66766500473	61.0266456604	-	0	0	0	0	0	0	0	0	0	0	0	0	0	0	0	1.35850072511e-11	12.9491195679	6.1193699853e-19	0	0	0	0	0	0	0	0	0	0.462079644203	2.44507741928	4.31179761887	5.17500209808	4.7175488472	3.33799767494	1.78961217403	0.656894922256	0.0963091403246	0	0	0	0	0	0	0	0	64.0585632324	0	0	0	0	0	0	0	0	0	0	0	0	0	0	0
Feb 22 2023 18:06:15	1.53453159332	89.9135665894	96.7964630127	0.000676532101352	64.3576049805	9.43064403534	70.5230026245	-	0	0	0	0	0	0	0	0	0	0	0	0	0	0	0	0	0	11.4987888336	0	0	0	0	0	0	0	0	0	0	2.85346722603	5.45387268066	5.88015413284	4.33871650696	2.2709441185	0.821462452412	0.181461125612	0.0107691409066	0	0	0	0	0	0	0	0	66.6903610229	0	0	0	0	0	0	0	0	0	0	0	0	0	0	0
Feb 22 2023 18:06:16	1.2906755209	89.5973434448	96.6782455444	0.000812516082078	62.0373344421	7.17983722687	54.5982551575	-	0	0	0	0	0	0	0	0	0	0	0	0	0	0	0	0	14.0690040588	0	0	0	0	0	0	0	0	0	0	0.612895727158	3.00291657448	4.90070533752	5.27168941498	4.16021585464	2.45434951782	1.04943656921	0.286215603352	0.0200615320355	0	0	0	0	0	0	0	0	64.1725158691	0	0	0	0	0	0	0	0	0	0	0	0	0	0	0
Feb 22 2023 18:06:17	1.3021466732	89.8579177856	96.775680542	0.000654226518236	63.6258163452	7.68437433243	63.7682304382	-	0	0	0	0	0	0	0	0	0	0	0	0	0	0	0	0	12.7443599701	0	0	0	0	0	0	0	0	0	0	1.33415484428	4.42629337311	5.84594297409	4.93175458908	2.89820361137	1.19818508625	0.33391186595	0.0530679114163	0.000416057824623	0	0	0	0	0	0	0	0	66.2337112427	0	0	0	0	0	0	0	0	0	0	0	0	0	0	0
Feb 22 2023 18:06:18	1.72104215622	89.0589675903	96.4763565063	0.000645441527013	58.9699859619	6.94613838196	65.9307632446	-	0	0	0	0	0	0	0	0	0	0	0	0	0	0	1.04043316841	1.92289447784	2.55630588531	2.89352703094	2.93303155899	2.71325540543	2.29960155487	1.76764428616	1.19372260571	0.658095479012	0.247782230377	0.0410152934492	0.0919879972935	0.426359295845	1.02315402031	1.80332159996	2.6284134388	3.30161762238	3.59669184685	3.31751322746	2.37743377686	0.886837780476	0	0	0	0	0	0	0	0	60.2793617249	0	0	0	0	0	0	0	0	0	0	0	0	0	0	0
Feb 22 2023 18:06:19	1.51538348198	89.8121032715	96.7585678101	0.000969210697804	63.3543167114	8.53014659882	57.2135391235	-	0	0	0	0	0	0	0	0	0	0	0	0	0	0	0	0	0	13.0385446548	7.29392154314e-12	0	0	0	0	0	0	0	0	0.0391201749444	4.53955411911	6.58310365677	5.44631385803	3.01378583908	1.14577949047	0.289119392633	0.0416612066329	0.000789681216702	0	0	0	0	0	0	0	0	65.8622283936	0	0	0	0	0	0	0	0	0	0	0	0	0	0	0
Feb 22 2023 18:06:20	1.51050293446	89.7877883911	96.7494812012	0.000916005403269	63.45262146	8.49695682526	58.5518226624	-	0	0	0	0	0	0	0	0	0	0	0	0	0	0	0	0	0	13.5030670166	0	0	0	0	0	0	0	0	0	0	1.60406851768	4.2973742485	5.66961431503	4.89081382751	2.90573954582	1.16511404514	0.279570251703	0.0179698895663	0	0	0	0	0	0	0	0	65.6666717529	0	0	0	0	0	0	0	0	0	0	0	0	0	0	0
Feb 22 2023 18:06:21	1.6970076561	88.5556106567	96.3346710205	0.00107934174594	56.7545814514	6.59333896637	48.2113647461	-	0	0	0	0	0	0	0	0	0	0	0	0	0	0	1.06351137161	1.96831560135	2.62341117859	2.98188877106	3.04254221916	2.84410023689	2.45208907127	1.94195413589	1.38965177536	0.874733269215	0.482850432396	0.290047645569	0.347824305296	0.678307533264	1.25680208206	2.00103139877	2.77153778076	3.37411093712	3.59047055244	3.23761892319	2.24376177788	0.729803204536	0	0	0	0	0	0	0	0	57.8136367798	0	0	0	0	0	0	0	0	0	0	0	0	0	0	0
Feb 22 2023 18:06:22	1.29725193977	89.8215408325	96.7620925903	0.000492094317451	63.3658180237	7.47688865662	70.4947662354	-	0	0	0	0	0	0	0	0	0	0	0	0	0	0	0	1.40129846432e-43	13.276389122	7.098838661e-13	0	0	0	0	0	0	0	0	0	0.990849852562	4.05992794037	5.81724500656	5.14263677597	3.09019470215	1.2790415287	0.350328564644	0.0541749224067	0.000792182167061	0	0	0	0	0	0	0	0	65.9384155273	0	0	0	0	0	0	0	0	0	0	0	0	0	0	0
Feb 22 2023 18:06:23	1.2815631628	89.0198974609	96.4616699219	0.000482392875711	59.20362854	6.7834610939	68.0661621094	-	0	0	0	0	0	0	0	0	0	0	0	0	0	0	0	2.34414787928e-12	15.3462514877	1.04299060722e-33	0	0	0	0	0	0	0	0	0	0.142679721117	1.08775675297	2.49395489693	3.95942544937	4.92090177536	4.93308401108	3.9425265789	2.35218811035	0.806922733784	0	0	0	0	0	0	0	0	60.0143089294	0	0	0	0	0	0	0	0	0	0	0	0	0	0	0
Feb 22 2023 18:06:24	1.3048273325	89.4581451416	96.626121521	0.00068333913805	61.762512207	7.93035554886	63.348941803	-	0	0	0	0	0	0	0	0	0	0	0	0	0	0	0	0	12.4714403152	0	0	0	0	0	0	0	0	0	0	0.0943201929331	1.64207541943	3.48721456528	4.8892416954	5.24130439758	4.43547773361	2.91706395149	1.37586569786	0.325156599283	0	0	0	0	0	0	0	0	63.12084198	0	0	0	0	0	0	0	0	0	0	0	0	0	0	0
Feb 22 2023 18:06:25	1.73961889744	87.6718063354	96.1859130859	0.000495642772876	55.4632034302	7.24776268005	73.5693283081	-	0	0	0	0	0	0	0	0	0	0	0	0	0	0	0.674904108047	1.74356102943	2.63877296448	3.08007192612	3.01248645782	2.55043745041	1.88876461983	1.21577727795	0.664780437946	0.302388399839	0.127369180322	0.089258171618	0.171288907528	0.464138060808	1.10581171513	2.15778779984	3.49548316002	4.74377441406	5.34465742111	4.82103586197	3.16536092758	1.11265957355	0	0	0	0	0	0	0	1.01820458396e-14	55.4294281006	0	0	0	0	0	0	0	0	0	0	0	0	0	0	0
Feb 22 2023 18:06:26	1.57373571396	87.9357376099	96.23046875	0.000744747696444	55.8087730408	6.59305047989	58.7201538086	-	0	0	0	0	0	0	0	0	0	0	0	0	0	0	0.000659855315462	0.215952351689	2.76738190651	7.39553785324	6.82302618027	2.64193367958	0.453726530075	0.0324393436313	0.000776582339313	4.1044986574e-06	3.06490699487e-09	2.26444102185e-12	2.97102412117e-11	1.37942564038e-07	0.000133524066769	0.0186530370265	0.57376486063	4.84580516815	11.4572286606	6.22979545593	0.419750988483	0.000386332918424	0	0	0	0	0	0	0	3.40683164541e-28	56.1230430603	0	0	0	0	0	0	0	0	0	0	0	0	0	0	0
Feb 22 2023 18:06:27	1.57772016525	86.6839675903	96.0181274414	0.000669393804856	52.8585739136	6.09103965759	60.5467147827	-	0	0	0	0	0	0	0	0	0	0	0	0	0	0	0.200719416142	1.45827186108	3.51299118996	4.98239850998	4.9635887146	3.7418615818	2.2071814537	1.02722990513	0.375091016293	0.110409758985	0.0324054397643	0.0173673797399	0.0298434775323	0.111304424703	0.450425416231	1.45098423958	3.4360499382	5.79946613312	6.67180776596	4.73930168152	1.61597323418	0.103341646492	0	0	0	0	0	0	0	0	52.9619865417	0	0	0	0	0	0	0	0	0	0	0	0	0	0	0
Feb 22 2023 18:06:28	1.59352433681	86.5914306641	96.0023345947	0.00066517770756	52.5852355957	6.09026575089	61.0089073181	-	0	0	0	0	0	0	0	0	0	0	0	0	0	0	0.282662034035	1.57172942162	3.37514805794	4.59994840622	4.64105129242	3.7058467865	2.42089748383	1.31350123882	0.597810387611	0.239248782396	0.101910531521	0.0697020888329	0.104337058961	0.268813341856	0.765420496464	1.88865494728	3.70501685143	5.53919315338	6.01001691818	4.30869722366	1.61880147457	0.130887597799	0	0	0	0	0	0	0	0	52.7407035828	0	0	0	0	0	0	0	0	0	0	0	0	0	0	0
Feb 22 2023 18:06:29	1.2795188427	88.9994049072	96.4539718628	0.000720712123439	59.1672782898	6.70996856689	55.8057060242	-	0	0	0	0	0	0	0	0	0	0	0	0	0	0	0	1.3832468157e-11	15.6667146683	1.24710309838e-27	0	0	0	0	0	0	0	0	0	0	0.503700852394	2.00126194954	3.74833011627	5.0552148819	5.30006313324	4.33255529404	2.60705471039	0.908959388733	0	0	0	0	0	0	0	0	59.8761444092	0	0	0	0	0	0	0	0	0	0	0	0	0	0	0
Feb 22 2023 18:06:30	1.0928337574	25.548248291	95.7710800171	0.00030308694113	50.8238830566	4.9281206131	71.9060058594	-	0	0	0	0	0	0	0	0	0	0	0	0	0	0	0.842687010765	15.7641439438	3.2133769989	0.0447510369122	7.20302487025e-05	1.56005484087e-08	4.26258908812e-13	1.03797187523e-18	7.8225407188e-26	1.20003021252e-36	0	0	0	0	0	0.00134770502336	0.134698212147	0.959718346596	3.30860066414	7.11734676361	9.89226436615	8.15546989441	2.90190243721	0.0569178499281	0	0	0	0	0	0	47.6067047119	0	0	0	0	0	0	0	0	0	0	0	0	0	0	0
Feb 22 2023 18:06:31	1.49485683441	88.446975708	96.3164520264	0.000790512887761	58.4340934753	7.94641208649	60.4469604492	-	0	0	0	0	0	0	0	0	0	0	0	0	0	0	0	0	0	15.2575855255	0	0	0	0	0	0	0	0	0	0	0	0.077887788415	0.728594481945	2.31995654106	4.74673175812	6.92860937119	7.11784791946	4.48741865158	0.824478566647	0	0	0	0	0	0	0	57.510887146	0	0	0	0	0	0	0	0	0	0	0	0	0	0	0
Feb 22 2023 18:06:32	1.58824503422	87.6125183105	96.1758880615	0.000443603319582	55.3147506714	6.67997360229	73.2982940674	-	0	0	0	0	0	0	0	0	0	0	0	0	0	0	0.000569284369703	0.192247793078	2.55799055099	7.13978624344	6.91508150101	2.81936645508	0.508700668812	0.0376248657703	0.000882295193151	3.73614170712e-06	9.08341124539e-10	3.18893738015e-15	5.98348309105e-15	2.83309065097e-09	1.67639118445e-05	0.00538567313924	0.272118926048	3.3238723278	11.0236282349	8.8404083252	1.08198189735	0.00464655878022	1.7141236347e-12	0	0	0	0	0	0	0	55.2756958008	0	0	0	0	0	0	0	0	0	0	0	0	0	0	0
Feb 22 2023 18:06:33	1.58895790577	87.1435165405	96.0963821411	0.000581173575483	54.2342605591	6.41086387634	65.5703277588	-	0	0	0	0	0	0	0	0	0	0	0	0	0	0	2.10281177715e-05	0.0541528761387	1.85197257996	7.93142175674	8.39347839355	2.86900663376	0.34426382184	0.013538592495	0.000134129440994	1.97620451559e-07	2.02304804853e-11	2.68409494392e-16	8.27837526308e-17	9.70383062099e-12	2.94524625133e-07	0.000480383780086	0.0840209424496	2.37519884109	12.08207798	9.32502841949	0.589346945286	0.000437491602497	2.94154054972e-16	0	0	0	0	0	0	0	54.0854225159	0	0	0	0	0	0	0	0	0	0	0	0	0	0	0
Feb 22 2023 18:06:34	1.84408891201	23.8651599884	95.7335968018	0.000706151244231	49.1499557495	6.96956396103	64.4827957153	-	0	0	0	0	0	0	0	0	0	0	0	0	0	0	0.843875288963	1.62465214729	2.22911453247	2.60405826569	2.73510479927	2.64134049416	2.36586475372	1.96319031715	1.49203979969	1.01842820644	0.619267463684	0.369255661964	0.327593743801	0.549459218979	1.079428792	1.91899895668	2.99621009827	4.14230060577	5.08984422684	5.51453542709	5.13281106949	3.85618495941	1.94700729847	0.0919192433357	0	0	0	0	0	0	46.8475265503	0	0	0	0	0	0	0	0	0	0	0	0	0	0	0
Feb 22 2023 18:06:35	1.93725979328	86.1265182495	95.9524688721	0.000460709619801	52.8604774475	7.52374505997	76.7070922852	-	0	0	0	0	0	0	0	0	0	0	0	0	0	0	0.822588920593	1.5305274725	2.05941081047	2.37357234955	2.46744275093	2.36260247231	2.10008621216	1.72974300385	1.30452060699	0.884369313717	0.541266560555	0.349445790052	0.37306073308	0.663469254971	1.24037885666	2.07525086403	3.07572507858	4.06921672821	4.80663490295	5.00371694565	4.42695522308	3.02535033226	1.06179594994	0	0	0	0	0	0	0	51.6528663635	0	0	0	0	0	0	0	0	0	0	0	0	0	0	0
Feb 22 2023 18:06:36	1.63317966461	88.7015533447	96.3591156006	0.000468313111924	57.6555557251	7.09979534149	73.7330703735	-	0	0	0	0	0	0	0	0	0	0	0	0	0	0	0.24657791853	1.47238314152	3.19978284836	4.24527597427	4.01075744629	2.85504961014	1.54612743855	0.61475020647	0.16133402288	0.0219372529536	0.000909070309717	1.52776556206e-05	0.000466615951154	0.0186897702515	0.192990675569	0.9277125597	2.6828148365	5.13866424561	6.60384225845	5.35649824142	2.24552941322	0.233103588223	0	0	0	0	0	0	0	0	58.2247848511	0	0	0	0	0	0	0	0	0	0	0	0	0	0	0
Feb 22 2023 18:06:37	1.57421648502	87.3999862671	96.1399002075	0.000736421090551	54.5991630554	6.42129135132	58.4156913757	-	0	0	0	0	0	0	0	0	0	0	0	0	0	0	0.000403436104534	0.177811771631	2.6283633709	7.56876468658	7.24932861328	2.86409187317	0.504221200943	0.0385305471718	0.00111963995732	1.03464444692e-05	3.75764876992e-08	5.30895716278e-10	2.8504945071e-09	1.00461102193e-06	0.000315551151289	0.0284663550556	0.723538637161	5.49090337753	11.8669452667	5.79219102859	0.334072381258	0.000244449678576	0	0	0	0	0	0	0	0	54.7306785583	0	0	0	0	0	0	0	0	0	0	0	0	0	0	0
Feb 22 2023 18:06:38	1.64884448051	88.4172058105	96.3114547729	0.00063345261151	56.7078208923	6.52102947235	64.5761947632	-	0	0	0	0	0	0	0	0	0	0	0	0	0	0	0.775816679001	1.90909302235	2.89856338501	3.48465585709	3.57573485374	3.22320270538	2.57069158554	1.79202592373	1.04808068275	0.46778345108	0.125921055675	0.00758346123621	0.0020172749646	0.0981106087565	0.482258796692	1.27293586731	2.4182639122	3.62904930115	4.41004657745	4.25723314285	2.99757361412	1.12492859364	0	0	0	0	0	0	0	0	57.4284324646	0	0	0	0	0	0	0	0	0	0	0	0	0	0	0
Feb 22 2023 18:06:39	1.7878639698	90.3003540039	96.9406967163	0.000693366513588	67.1553497314	10.8740644455	76.6627349854	-	0	0	0	0	0	0	0	0	0	0	0	0	0	0	0	0	0	0	11.6317968369	0	0	0	0	0	0	0	0	0	0	4.12334537506	7.32762050629	4.80949544907	1.70123076439	0.334696948528	0.032677218318	0.000677763076965	0	0	0	0	0	0	0	0	70.0384597778	0	0	0	0	0	0	0	0	0	0	0	0	0	0	0
Feb 22 2023 18:06:40	1.08903980255	86.6416549683	96.0109100342	0.000294845202006	54.484500885	5.40649986267	74.8292236328	-	0	0	0	0	0	0	0	0	0	0	0	0	0	0	0	17.4492282867	0	0	0	0	0	0	0	0	0	0	0	0	0	0.50340205431	1.68546807766	3.30302071571	5.00028896332	6.1783118248	6.19290065765	4.71957159042	2.10720348358	0	0	0	0	0	0	0	52.8606071472	0	0	0	0	0	0	0	0	0	0	0	0	0	0	0
Feb 22 2023 18:06:41	1.26201546192	90.2935943604	96.9381790161	0.000655815005302	67.0931777954	7.58200931549	63.0241317749	-	0	0	0	0	0	0	0	0	0	0	0	0	0	0	2.96623807117e-06	5.51944971085	7.44982719421	0.00592599855736	1.59454955906e-08	1.72674905783e-16	2.25871600171e-27	2.80259692865e-43	0	0	0	0	0	0	0	1.46362245083	5.17894411087	5.8645029068	3.36887788773	1.02324545383	0.145353242755	0.00301726348698	0	0	0	0	0	0	0	0	69.9772262573	0	0	0	0	0	0	0	0	0	0	0	0	0	0	0
Feb 22 2023 18:06:42	1.28344810009	88.2602920532	96.2851028442	0.000471738865599	57.2086791992	6.86411714554	69.029838562	-	0	0	0	0	0	0	0	0	0	0	0	0	0	0	0	3.14793899498e-13	15.0625867844	0	0	0	0	0	0	0	0	0	0	0	0.714371919632	1.97933876514	3.50900769234	4.8749756813	5.57189083099	5.24272203445	3.89419078827	1.97073721886	0.18301384151	0	0	0	0	0	0	0	56.9971618652	0	0	0	0	0	0	0	0	0	0	0	0	0	0	0
Feb 22 2023 18:06:43	1.30682945251	89.5064544678	96.6442184448	0.000447228987468	61.6894950867	7.85810899734	74.1676940918	-	0	0	0	0	0	0	0	0	0	0	0	0	0	0	0	0	12.2754592896	0	0	0	0	0	0	0	0	0	0	1.19961607456	3.32775330544	4.92753410339	5.30774688721	4.45831823349	2.94991016388	1.49170899391	0.515664160252	0.0642063766718	0	0	0	0	0	0	0	0	63.4820823669	0	0	0	0	0	0	0	0	0	0	0	0	0	0	0
Feb 22 2023 18:06:44	1.29792833328	89.7536010742	96.7367019653	0.000330295995809	63.2464790344	7.62596559525	79.3590698242	-	0	0	0	0	0	0	0	0	0	0	0	0	0	0	0	2.19019333919e-12	13.2001104355	4.77706459407e-23	0	0	0	0	0	0	0	0	0	0.172206699848	2.15861845016	4.23069763184	5.2090215683	4.63127422333	3.05514979362	1.45751738548	0.448217988014	0.0435927696526	0	0	0	0	0	0	0	0	65.3935928345	0	0	0	0	0	0	0	0	0	0	0	0	0	0	0
Feb 22 2023 18:06:45	1.32471072674	89.2490615845	96.5477294922	0.000474660570035	60.4863014221	8.31244754791	74.3565826416	-	0	0	0	0	0	0	0	0	0	0	0	0	0	0	0	2.03249548268e-12	11.2658472061	1.04305659416e-15	0	0	0	0	0	0	0	0	0	1.10207986832	2.8901693821	4.49498462677	5.3388466835	5.15086078644	4.0779747963	2.58645415306	1.20665824413	0.284609019756	0	0	0	0	0	0	0	0	61.6015129089	0	0	0	0	0	0	0	0	0	0	0	0	0	0	0
Feb 22 2023 18:06:46	1.61846613884	87.1094589233	96.0905914307	0.000472568033729	53.7524795532	6.32354927063	71.3502502441	-	0	0	0	0	0	0	0	0	0	0	0	0	0	0	0.637496590614	1.9209561348	3.1274125576	3.7861199379	3.75866961479	3.18707108498	2.34883546829	1.50867319107	0.83920198679	0.409022152424	0.198428541422	0.141249075532	0.207329541445	0.46753847599	1.06649899483	2.09919548035	3.44914984703	4.67390584946	5.1035695076	4.24801254272	2.33347964287	0.487455874681	0	0	0	0	0	0	0	0	54.0007286072	0	0	0	0	0	0	0	0	0	0	0	0	0	0	0
Feb 22 2023 18:06:47	1.67546379566	86.7587966919	96.0308990479	0.000466960074846	53.456829071	6.7517914772	73.3245620728	-	0	0	0	0	0	0	0	0	0	0	0	0	0	0	0.494775414467	1.67911875248	2.89289259911	3.59786200523	3.59725427628	3.02287459373	2.17446804047	1.34030365944	0.699621140957	0.309551894665	0.130686312914	0.0817204415798	0.122371301055	0.318306773901	0.84480047226	1.88651406765	3.43067598343	5.04648923874	5.90058755875	5.23641204834	3.14657139778	0.902649402618	0.00135766726453	0	0	0	0	0	0	0	53.1421356201	0	0	0	0	0	0	0	0	0	0	0	0	0	0	0
Feb 22 2023 18:06:48	1.78110718727	88.5678710938	96.3367233276	0.000818136089947	57.1280822754	7.12624263763	60.0820426941	-	0	0	0	0	0	0	0	0	0	0	0	0	0	0	0.976430237293	1.80450212955	2.39892888069	2.71600365639	2.75519299507	2.553784132	2.17456030846	1.68984901905	1.17256844044	0.699230134487	0.35268586874	0.20730048418	0.314234048128	0.697058737278	1.33384990692	2.14553976059	2.99362945557	3.68026280403	3.97586965561	3.67863249779	2.69594073296	1.13597917557	0	0	0	0	0	0	0	0	57.8479652405	0	0	0	0	0	0	0	0	0	0	0	0	0	0	0
Feb 22 2023 18:06:49	1.27949225903	88.9733886719	96.4441833496	0.00055182853248	58.6652946472	6.5983748436	63.6769065857	-	0	0	0	0	0	0	0	0	0	0	0	0	0	0	0	0	15.6709728241	0	0	0	0	0	0	0	0	0	0	0.599690377712	1.84561252594	3.33824825287	4.52877044678	4.92280673981	4.34746217728	3.05456113815	1.57385575771	0.416415333748	0	0	0	0	0	0	0	0	59.7016029358	0	0	0	0	0	0	0	0	0	0	0	0	0	0	0
Feb 22 2023 18:06:50	1.51536941528	89.7608566284	96.7394104004	0.000535217404831	63.4528617859	8.7481880188	73.8562316895	-	0	0	0	0	0	0	0	0	0	0	0	0	0	0	0	0	0	13.0398359299	0	0	0	0	0	0	0	0	0	0	1.2896156311	3.62304902077	5.23484182358	5.16587400436	3.67351031303	1.8536349535	0.598932921886	0.0693542733788	0	0	0	0	0	0	0	0	65.4513549805	0	0	0	0	0	0	0	0	0	0	0	0	0	0	0
Feb 22 2023 18:06:51	1.69255661964	87.4816589355	96.1537399292	0.00103459029924	54.2867965698	6.37633657455	48.7648086548	-	0	0	0	0	0	0	0	0	0	0	0	0	0	0	1.06630647182	1.97465920448	2.63502216339	3.00155067444	3.07411456108	2.89237213135	2.52245426178	2.0399787426	1.52063477039	1.04317224026	0.69148170948	0.538665115833	0.632444560528	0.98987531662	1.58053231239	2.31638431549	3.05407691002	3.59884428978	3.73722028732	3.29664945602	2.21872258186	0.635835707188	0	0	0	0	0	0	0	0	54.9390029907	0	0	0	0	0	0	0	0	0	0	0	0	0	0	0
Feb 22 2023 18:06:52	1.73251330853	89.0167312622	96.4604797363	0.000540177163202	58.7589111328	7.01976156235	70.8387680054	-	0	0	0	0	0	0	0	0	0	0	0	0	0	0	1.03193163872	1.90483534336	2.52713680267	2.85208106041	2.87937045097	2.64928841591	2.22930932045	1.69688987732	1.12986588478	0.609598994255	0.223559588194	0.049284145236	0.139031305909	0.51481115818	1.15024638176	1.9592410326	2.79592847824	3.4567937851	3.71222233772	3.36862754822	2.34877133369	0.778289914131	0	0	0	0	0	0	0	0	59.9928855896	0	0	0	0	0	0	0	0	0	0	0	0	0	0	0
Feb 22 2023 18:06:53	1.28957903385	89.7141723633	96.7219543457	0.000481924187625	62.8359222412	7.20672750473	69.8038787842	-	0	0	0	0	0	0	0	0	0	0	0	0	0	0	0	0	14.2108869553	0	0	0	0	0	0	0	0	0	0	0	2.1475892067	4.53079938889	5.47800922394	4.53352975845	2.65843629837	1.07647323608	0.265834748745	0.0171471070498	0	0	0	0	0	0	0	0	65.0812911987	0	0	0	0	0	0	0	0	0	0	0	0	0	0	0
Feb 22 2023 18:06:54	1.52571702003	90.2420425415	96.9189758301	0.000648699060548	66.3519973755	9.13578033447	70.5521774292	-	0	0	0	0	0	0	0	0	0	0	0	0	0	0	0	0	0	12.1574621201	1.31923456534e-11	0	0	0	0	0	0	0	0	0	3.85836911201	7.65127897263	4.81671285629	1.64170134068	0.323827892542	0.0355302169919	0.00178340519778	0	0	0	0	0	0	0	0	0	69.5133361816	0	0	0	0	0	0	0	0	0	0	0	0	0	0	0
Feb 22 2023 18:06:55	1.55479073524	90.4146194458	96.9832229614	0.000945754407439	67.3813781738	9.20431613922	60.7667388916	-	0	0	0	0	0	0	0	0	0	0	0	0	0	0	0	0	0	11.6264305115	1.97678609593e-11	0	0	0	0	0	0	0	0	0	17.2836494446	0	0	0	0	0	0	0	0	0	0	0	0	0	0	0	71.0899200439	0	0	0	0	0	0	0	0	0	0	0	0	0	0	0
Feb 22 2023 18:06:56	1.5144162178	87.5863418579	96.1714553833	0.000340694386978	54.043762207	5.36406993866	73.7835922241	-	0	0	0	0	0	0	0	0	0	0	0	0	0	0	0.000186230245163	0.159448847175	3.14848804474	9.99265861511	9.22501850128	3.16469860077	0.446737885475	0.0261976886541	0.000609391136095	6.13073962086e-06	6.60324559476e-08	1.07158459883e-08	1.70530952914e-07	2.66669139819e-05	0.00340030575171	0.153959140182	2.12274456024	8.18803596497	7.25825738907	0.898106276989	0.0033834814094	4.71935077823e-12	0	0	0	0	0	0	0	0	55.2080383301	0	0	0	0	0	0	0	0	0	0	0	0	0	0	0
Feb 22 2023 18:06:57	-1.00000001505e+30	-1.00000001505e+30	-1.00000001505e+30	-1.00000002538e+26	-1.00000001505e+30	-1.00000001505e+30	99.9215087891	-	0	0	0	0	0	0	0	0	0	0	0	0	0	0	0	0	0	0	0	0	0	0	0	0	0	0	0	0	0	0	0	0	0	0	0	0	0	0	0	0	0	0	0	0	0	0	0	0	0	0	0	0	0	0	0	0	0	0	0	0
Feb 22 2023 18:06:58	-1.00000001505e+30	-1.00000001505e+30	-1.00000001505e+30	-1.00000002538e+26	-1.00000001505e+30	-1.00000001505e+30	99.9890823364	-	0	0	0	0	0	0	0	0	0	0	0	0	0	0	0	0	0	0	0	0	0	0	0	0	0	0	0	0	0	0	0	0	0	0	0	0	0	0	0	0	0	0	0	0	0	0	0	0	0	0	0	0	0	0	0	0	0	0	0	0
Feb 22 2023 18:06:59	-1.00000001505e+30	-1.00000001505e+30	-1.00000001505e+30	-1.00000002538e+26	-1.00000001505e+30	-1.00000001505e+30	99.957321167	-	0	0	0	0	0	0	0	0	0	0	0	0	0	0	0	0	0	0	0	0	0	0	0	0	0	0	0	0	0	0	0	0	0	0	0	0	0	0	0	0	0	0	0	0	0	0	0	0	0	0	0	0	0	0	0	0	0	0	0	0
Feb 22 2023 18:07:00	-1.00000001505e+30	-1.00000001505e+30	-1.00000001505e+30	-1.00000002538e+26	-1.00000001505e+30	-1.00000001505e+30	100.012039185	-	0	0	0	0	0	0	0	0	0	0	0	0	0	0	0	0	0	0	0	0	0	0	0	0	0	0	0	0	0	0	0	0	0	0	0	0	0	0	0	0	0	0	0	0	0	0	0	0	0	0	0	0	0	0	0	0	0	0	0	0
Feb 22 2023 18:07:01	-1.00000001505e+30	-1.00000001505e+30	-1.00000001505e+30	-1.00000002538e+26	-1.00000001505e+30	-1.00000001505e+30	99.9825057983	-	0	0	0	0	0	0	0	0	0	0	0	0	0	0	0	0	0	0	0	0	0	0	0	0	0	0	0	0	0	0	0	0	0	0	0	0	0	0	0	0	0	0	0	0	0	0	0	0	0	0	0	0	0	0	0	0	0	0	0	0
Feb 22 2023 18:07:02	-1.00000001505e+30	-1.00000001505e+30	-1.00000001505e+30	-1.00000002538e+26	-1.00000001505e+30	-1.00000001505e+30	99.9320144653	-	0	0	0	0	0	0	0	0	0	0	0	0	0	0	0	0	0	0	0	0	0	0	0	0	0	0	0	0	0	0	0	0	0	0	0	0	0	0	0	0	0	0	0	0	0	0	0	0	0	0	0	0	0	0	0	0	0	0	0	0
Feb 22 2023 18:07:03	-1.00000001505e+30	-1.00000001505e+30	-1.00000001505e+30	-1.00000002538e+26	-1.00000001505e+30	-1.00000001505e+30	99.9732131958	-	0	0	0	0	0	0	0	0	0	0	0	0	0	0	0	0	0	0	0	0	0	0	0	0	0	0	0	0	0	0	0	0	0	0	0	0	0	0	0	0	0	0	0	0	0	0	0	0	0	0	0	0	0	0	0	0	0	0	0	0
Feb 22 2023 18:07:04	-1.00000001505e+30	-1.00000001505e+30	-1.00000001505e+30	-1.00000002538e+26	-1.00000001505e+30	-1.00000001505e+30	99.8239059448	-	0	0	0	0	0	0	0	0	0	0	0	0	0	0	0	0	0	0	0	0	0	0	0	0	0	0	0	0	0	0	0	0	0	0	0	0	0	0	0	0	0	0	0	0	0	0	0	0	0	0	0	0	0	0	0	0	0	0	0	0
Feb 22 2023 18:07:05	-1.00000001505e+30	-1.00000001505e+30	-1.00000001505e+30	-1.00000002538e+26	-1.00000001505e+30	-1.00000001505e+30	99.8817672729	-	0	0	0	0	0	0	0	0	0	0	0	0	0	0	0	0	0	0	0	0	0	0	0	0	0	0	0	0	0	0	0	0	0	0	0	0	0	0	0	0	0	0	0	0	0	0	0	0	0	0	0	0	0	0	0	0	0	0	0	0
Feb 22 2023 18:07:06	-1.00000001505e+30	-1.00000001505e+30	-1.00000001505e+30	-1.00000002538e+26	-1.00000001505e+30	-1.00000001505e+30	99.9797515869	-	0	0	0	0	0	0	0	0	0	0	0	0	0	0	0	0	0	0	0	0	0	0	0	0	0	0	0	0	0	0	0	0	0	0	0	0	0	0	0	0	0	0	0	0	0	0	0	0	0	0	0	0	0	0	0	0	0	0	0	0
Feb 22 2023 18:07:07	-1.00000001505e+30	-1.00000001505e+30	-1.00000001505e+30	-1.00000002538e+26	-1.00000001505e+30	-1.00000001505e+30	99.9750213623	-	0	0	0	0	0	0	0	0	0	0	0	0	0	0	0	0	0	0	0	0	0	0	0	0	0	0	0	0	0	0	0	0	0	0	0	0	0	0	0	0	0	0	0	0	0	0	0	0	0	0	0	0	0	0	0	0	0	0	0	0
Feb 22 2023 18:07:08	-1.00000001505e+30	-1.00000001505e+30	-1.00000001505e+30	-1.00000002538e+26	-1.00000001505e+30	-1.00000001505e+30	99.9643478394	-	0	0	0	0	0	0	0	0	0	0	0	0	0	0	0	0	0	0	0	0	0	0	0	0	0	0	0	0	0	0	0	0	0	0	0	0	0	0	0	0	0	0	0	0	0	0	0	0	0	0	0	0	0	0	0	0	0	0	0	0
Feb 22 2023 18:07:09	-1.00000001505e+30	-1.00000001505e+30	-1.00000001505e+30	-1.00000002538e+26	-1.00000001505e+30	-1.00000001505e+30	99.9852676392	-	0	0	0	0	0	0	0	0	0	0	0	0	0	0	0	0	0	0	0	0	0	0	0	0	0	0	0	0	0	0	0	0	0	0	0	0	0	0	0	0	0	0	0	0	0	0	0	0	0	0	0	0	0	0	0	0	0	0	0	0
Feb 22 2023 18:07:10	-1.00000001505e+30	-1.00000001505e+30	-1.00000001505e+30	-1.00000002538e+26	-1.00000001505e+30	-1.00000001505e+30	99.9936065674	-	0	0	0	0	0	0	0	0	0	0	0	0	0	0	0	0	0	0	0	0	0	0	0	0	0	0	0	0	0	0	0	0	0	0	0	0	0	0	0	0	0	0	0	0	0	0	0	0	0	0	0	0	0	0	0	0	0	0	0	0
Feb 22 2023 18:07:11	-1.00000001505e+30	-1.00000001505e+30	-1.00000001505e+30	-1.00000002538e+26	-1.00000001505e+30	-1.00000001505e+30	99.9975967407	-	0	0	0	0	0	0	0	0	0	0	0	0	0	0	0	0	0	0	0	0	0	0	0	0	0	0	0	0	0	0	0	0	0	0	0	0	0	0	0	0	0	0	0	0	0	0	0	0	0	0	0	0	0	0	0	0	0	0	0	0
Feb 22 2023 18:07:12	-1.00000001505e+30	-1.00000001505e+30	-1.00000001505e+30	-1.00000002538e+26	-1.00000001505e+30	-1.00000001505e+30	99.9954071045	-	0	0	0	0	0	0	0	0	0	0	0	0	0	0	0	0	0	0	0	0	0	0	0	0	0	0	0	0	0	0	0	0	0	0	0	0	0	0	0	0	0	0	0	0	0	0	0	0	0	0	0	0	0	0	0	0	0	0	0	0
Feb 22 2023 18:07:13	-1.00000001505e+30	-1.00000001505e+30	-1.00000001505e+30	-1.00000002538e+26	-1.00000001505e+30	-1.00000001505e+30	100.004302979	-	0	0	0	0	0	0	0	0	0	0	0	0	0	0	0	0	0	0	0	0	0	0	0	0	0	0	0	0	0	0	0	0	0	0	0	0	0	0	0	0	0	0	0	0	0	0	0	0	0	0	0	0	0	0	0	0	0	0	0	0
Feb 22 2023 18:07:14	-1.00000001505e+30	-1.00000001505e+30	-1.00000001505e+30	-1.00000002538e+26	-1.00000001505e+30	-1.00000001505e+30	100.00920105	-	0	0	0	0	0	0	0	0	0	0	0	0	0	0	0	0	0	0	0	0	0	0	0	0	0	0	0	0	0	0	0	0	0	0	0	0	0	0	0	0	0	0	0	0	0	0	0	0	0	0	0	0	0	0	0	0	0	0	0	0
Feb 22 2023 18:07:15	-1.00000001505e+30	-1.00000001505e+30	-1.00000001505e+30	-1.00000002538e+26	-1.00000001505e+30	-1.00000001505e+30	99.9708557129	-	0	0	0	0	0	0	0	0	0	0	0	0	0	0	0	0	0	0	0	0	0	0	0	0	0	0	0	0	0	0	0	0	0	0	0	0	0	0	0	0	0	0	0	0	0	0	0	0	0	0	0	0	0	0	0	0	0	0	0	0
Feb 22 2023 18:07:16	-1.00000001505e+30	-1.00000001505e+30	-1.00000001505e+30	-1.00000002538e+26	-1.00000001505e+30	-1.00000001505e+30	99.9711380005	-	0	0	0	0	0	0	0	0	0	0	0	0	0	0	0	0	0	0	0	0	0	0	0	0	0	0	0	0	0	0	0	0	0	0	0	0	0	0	0	0	0	0	0	0	0	0	0	0	0	0	0	0	0	0	0	0	0	0	0	0
Feb 22 2023 18:07:17	-1.00000001505e+30	-1.00000001505e+30	-1.00000001505e+30	-1.00000002538e+26	-1.00000001505e+30	-1.00000001505e+30	100.009559631	-	0	0	0	0	0	0	0	0	0	0	0	0	0	0	0	0	0	0	0	0	0	0	0	0	0	0	0	0	0	0	0	0	0	0	0	0	0	0	0	0	0	0	0	0	0	0	0	0	0	0	0	0	0	0	0	0	0	0	0	0
Feb 22 2023 18:07:18	-1.00000001505e+30	-1.00000001505e+30	-1.00000001505e+30	-1.00000002538e+26	-1.00000001505e+30	-1.00000001505e+30	100.029823303	-	0	0	0	0	0	0	0	0	0	0	0	0	0	0	0	0	0	0	0	0	0	0	0	0	0	0	0	0	0	0	0	0	0	0	0	0	0	0	0	0	0	0	0	0	0	0	0	0	0	0	0	0	0	0	0	0	0	0	0	0
