Date-Time	Dx(10)	Dx(50)	Dx(90)	Cv(%)	D[4][3]	D[3][2]	Transmission	0.10000020	0.11659167	0.13593590	0.15848963	0.18478534	0.21544389	0.25118914	0.29286504	0.34145555	0.39810795	0.46415979	0.54117060	0.63095856	0.73564368	0.85769761	1.00000191	1.16591668	1.35935903	1.58489633	1.84785342	2.15443897	2.51189137	2.92865038	3.41455555	3.98107958	4.64159775	5.41170597	6.30958605	7.35643721	8.57697582	10.00002003	11.65916729	13.59359074	15.84896278	18.47853470	21.54438972	25.11891365	29.28650284	34.14555740	39.81079483	46.41598129	54.11705780	63.09585953	73.56436920	85.76976013	100.00019836	116.59166718	135.93591309	158.48962402	184.78533936	215.44389343	251.18913269	292.86502075	341.45556641	398.10794067	464.15979004	541.17059326	630.95855713	735.64367676	857.69757080	1000.00195313
Feb 22 2023 18:03:26	1.56127953529	88.682472229	96.3559188843	0.000196367240278	57.0935592651	7.14781951904	87.7006759644	-	0	0	0	0	0	0	0	0	0	0	0	0	0	0	0.319771766663	1.99053096771	3.88129758835	4.19161891937	2.97217988968	1.48260509968	0.539655506611	0.150362312794	0.0383668355644	0.0161092020571	0.0229864809662	0.0804140195251	0.322078973055	1.04090297222	2.52934098244	4.58878517151	6.20155906677	6.04432964325	3.91004538536	1.37220168114	0.13412360847	0	0	0	0	0	0	0	0	0	58.1707344055	0	0	0	0	0	0	0	0	0	0	0	0	0	0	0
Feb 22 2023 18:03:27	6.47129821777	90.5978164673	97.0513381958	0.000365205662092	68.9407424927	11.0397148132	85.7767333984	-	0	0	0	0	0	0	0	0	0	0	0	0	0	0	0	0	0	8.25780010223	1.25682981817e-12	0	0	0	0	0	0	0	0	13.476398468	4.63373374939	0.718667447567	0.0687878727913	0.00426907418296	0.000166387631907	3.56824580194e-06	2.17543725256e-08	0	0	0	0	0	0	0	0	0	72.840171814	0	0	0	0	0	0	0	0	0	0	0	0	0	0	0
Feb 22 2023 18:03:28	-1.00000001505e+30	-1.00000001505e+30	-1.00000001505e+30	-1.00000002538e+26	-1.00000001505e+30	-1.00000001505e+30	99.0270385742	-	0	0	0	0	0	0	0	0	0	0	0	0	0	0	0	0	0	0	0	0	0	0	0	0	0	0	0	0	0	0	0	0	0	0	0	0	0	0	0	0	0	0	0	0	0	0	0	0	0	0	0	0	0	0	0	0	0	0	0	0
Feb 22 2023 18:03:29	6.27634382248	90.64478302	97.0687866211	0.000266629067482	69.2564239502	10.158036232	88.2369537354	-	0	0	0	0	0	0	0	0	0	0	0	0	0	0	0	0	0	9.87794971466	0	0	0	0	0	0	0	0	0	9.847240448	6.97257661819	8.86266843736e-06	9.86192193447e-14	2.40784376977e-23	1.10458322808e-34	0	0	0	0	0	0	0	0	0	0	0	73.3022232056	0	0	0	0	0	0	0	0	0	0	0	0	0	0	0
Feb 22 2023 18:03:30	6.57545471191	90.7978973389	97.1256256104	0.000432535744039	70.7064361572	11.6146774292	84.0688323975	-	0	0	0	0	0	0	0	0	0	0	0	0	0	0	0	0	0	8.02808952332	0	0	0	0	0	0	0	0	0	9.58051013947	6.3295044899	1.09414875507	0.111513584852	0.00738244503736	0.000311896001222	7.44704220779e-06	5.36588729005e-08	0	0	0	0	0	0	0	0	0	74.8485336304	0	0	0	0	0	0	0	0	0	0	0	0	0	0	0
Feb 22 2023 18:03:31	6.56144285202	90.4970397949	97.0138778687	0.000573875149712	68.2833633423	10.6576519012	77.5109710693	-	0	0	0	0	0	0	0	0	0	0	0	0	0	0	0	0	0	9.25452232361	2.63458986615e-13	0	0	0	0	0	0	0	0	4.71189785004	7.09988164902	4.6178817749	1.86005806923	0.493887215853	0.0854260399938	0.00883820466697	0.000374554452719	0	0	0	0	0	0	0	0	0	71.8672332764	0	0	0	0	0	0	0	0	0	0	0	0	0	0	0
Feb 22 2023 18:03:32	6.48122406006	90.597442627	97.0512008667	0.000585796311498	68.9917678833	10.6673250198	77.1588821411	-	0	0	0	0	0	0	0	0	0	0	0	0	0	0	0	0	0	9.15246963501	4.37136167108e-13	0	0	0	0	0	0	0	0	7.44195556641	7.294444561	2.59881258011	0.579327464104	0.0871796086431	0.00873952358961	0.000530146877281	1.22283463497e-05	0	0	0	0	0	0	0	0	0	72.8365325928	0	0	0	0	0	0	0	0	0	0	0	0	0	0	0
Feb 22 2023 18:03:33	1.5767891407	89.7317657471	96.7285385132	0.000634194002487	63.1994819641	9.77533149719	73.3798370361	-	0	0	0	0	0	0	0	0	0	0	0	0	0	0	0	0	0	10.4149084091	9.7766853478e-14	0	0	0	0	0	0	0	0.603861689568	2.13457274437	3.71137309074	4.7018494606	4.75475978851	3.93352842331	2.64210057259	1.37803936005	0.479699343443	0.024996034801	0	0	0	0	0	0	0	0	65.2203140259	0	0	0	0	0	0	0	0	0	0	0	0	0	0	0
Feb 22 2023 18:03:34	5.55741167068	89.9293365479	96.8023529053	0.000605752517004	64.3065719604	9.97376823425	75.0252456665	-	0	0	0	0	0	0	0	0	0	0	0	0	0	0	0	0	0	9.91933345795	0	0	0	0	0	0	0	0	1.13221073151	3.13935732841	4.67585849762	5.03723192215	4.23858070374	2.8365945816	1.48819160461	0.577349185944	0.134445548058	0	0	0	0	0	0	0	0	0	66.820854187	0	0	0	0	0	0	0	0	0	0	0	0	0	0	0
Feb 22 2023 18:03:35	6.19895648956	90.2744216919	96.9310379028	0.000598607643042	66.5766372681	10.7986497879	77.3692092896	-	0	0	0	0	0	0	0	0	0	0	0	0	0	0	0	0	0	8.49329662323	0	0	0	0	0	0	0	0	1.89016187191	5.53450679779	6.29883575439	4.56559896469	2.3202624321	0.842310845852	0.213628917933	0.0348501652479	0.00258871843107	0	0	0	0	0	0	0	0	0	69.8039627075	0	0	0	0	0	0	0	0	0	0	0	0	0	0	0
Feb 22 2023 18:03:36	7.68265771866	90.6810073853	97.082244873	0.000820706656668	70.0699081421	13.0954046249	75.1273117065	-	0	0	0	0	0	0	0	0	0	0	0	0	0	0	0	0	0	6.74801635742	0	0	0	0	0	0	0	0	0	1.36654055119	8.18390369415	6.32967281342	2.77040553093	0.779780030251	0.142430156469	0.01588065736	0.0008435237105	0	0	0	0	0	0	0	0	0	73.6625289917	0	0	0	0	0	0	0	0	0	0	0	0	0	0	0
Feb 22 2023 18:03:37	7.54622840881	90.3054351807	96.9425888062	0.000738393282518	67.1691207886	11.278837204	73.4669113159	-	0	0	0	0	0	0	0	0	0	0	0	0	0	0	0	0	0	8.68971824646	0	0	0	0	0	0	0	0	0	0.820274651051	4.42229413986	6.51802110672	5.44433689117	2.8583445549	0.952104747295	0.191244825721	0.0190797131509	0	0	0	0	0	0	0	0	0	70.0845870972	0	0	0	0	0	0	0	0	0	0	0	0	0	0	0
Feb 22 2023 18:03:38	6.91716051102	89.8711700439	96.780632019	0.00059127289569	64.1458816528	10.6604127884	77.0985565186	-	0	0	0	0	0	0	0	0	0	0	0	0	0	0	0	0	0	9.05310630798	0	0	0	0	0	0	0	0	0	2.08705711365	4.58293437958	5.78452062607	5.31590461731	3.75492286682	2.0421102047	0.820321142673	0.209378749132	0.00782119203359	0	0	0	0	0	0	0	0	66.3419342041	0	0	0	0	0	0	0	0	0	0	0	0	0	0	0
Feb 22 2023 18:03:39	1.5838278532	90.2469558716	96.9208068848	0.000371458037989	66.6845321655	10.2712554932	83.998374939	-	0	0	0	0	0	0	0	0	0	0	0	0	0	0	0	0	0	10.2590503693	0	0	0	0	0	0	0	0	0	0.193503260612	3.32711338997	5.96036672592	5.73108291626	3.39729785919	1.26320457458	0.280565559864	0.0305166207254	0	0	0	0	0	0	0	0	4.44197359017e-14	69.5572967529	0	0	0	0	0	0	0	0	0	0	0	0	0	0	0
Feb 22 2023 18:03:40	1.5891007185	90.076133728	96.857131958	0.000526794698089	65.7208862305	10.4002304077	78.3356399536	-	0	0	0	0	0	0	0	0	0	0	0	0	0	0	0	0	0	10.1457509995	1.91564754511e-13	0	0	0	0	0	0	0	0	0.170075014234	2.17700839043	4.40419864655	5.48345470428	4.80563020706	3.03507018089	1.33889222145	0.360315054655	0.0201038606465	0	0	0	0	0	0	0	0	68.0595016479	0	0	0	0	0	0	0	0	0	0	0	0	0	0	0
Feb 22 2023 18:03:41	1.58516716957	90.0320281982	96.8406829834	0.000616098404862	65.3892745972	10.2943458557	74.9499282837	-	0	0	0	0	0	0	0	0	0	0	0	0	0	0	0	0	0	10.2299957275	0	0	0	0	0	0	0	0	0	0.31299072504	2.39582109451	4.51764583588	5.43567848206	4.70080947876	2.98165988922	1.34353196621	0.376098334789	0.022999048233	0	0	0	0	0	0	0	0	67.6827697754	0	0	0	0	0	0	0	0	0	0	0	0	0	0	0
Feb 22 2023 18:03:42	1.5163589716	89.0557556152	96.475151062	0.000760293682106	59.4141197205	8.4954328537	64.5388717651	-	0	0	0	0	0	0	0	0	0	0	0	0	0	0	0	0	0	12.9496831894	0	0	0	0	0	0	0	0	0.251335352659	1.06854379177	2.25474476814	3.54476618767	4.56579494476	4.95461273193	4.51976728439	3.35701704025	1.83438897133	0.441843628883	0	0	0	0	0	0	0	0	60.2574996948	0	0	0	0	0	0	0	0	0	0	0	0	0	0	0
Feb 22 2023 18:03:43	1.53930532932	89.3953018188	96.6025772095	0.000433349778177	60.9281158447	7.23178672791	74.5903930664	-	0	0	0	0	0	0	0	0	0	0	0	0	0	0	0.0122523605824	0.733024835587	3.99413704872	6.45143032074	4.34363889694	1.35721457005	0.192317634821	0.0102610746399	0.000123036181321	7.79984716814e-08	6.98359522067e-15	1.85534122787e-11	2.44045077125e-06	0.00115703872871	0.0580951049924	0.775407552719	3.88727259636	7.99502801895	6.20565795898	1.30257606506	0.0236892197281	7.75051724189e-12	0	0	0	0	0	0	0	0	62.6567115784	0	0	0	0	0	0	0	0	0	0	0	0	0	0	0
Feb 22 2023 18:03:44	1.53790450096	90.1985473633	96.9027709961	0.000455820700154	65.913848877	9.28111743927	78.8558120728	-	0	0	0	0	0	0	0	0	0	0	0	0	0	0	0	0	0	11.3845348358	0	0	0	0	0	0	0	0	0	3.5598859787	6.33541584015	5.42828559875	2.89456272125	1.01051819324	0.227970167994	0.0306311901659	0.00173241982702	0	0	0	0	0	0	0	0	0	69.1264648438	0	0	0	0	0	0	0	0	0	0	0	0	0	0	0
Feb 22 2023 18:03:45	1.57938301563	89.9982223511	96.8280715942	0.000596194411628	64.8073959351	9.86678600311	74.9189376831	-	0	0	0	0	0	0	0	0	0	0	0	0	0	0	0	0	0	10.3568439484	1.51337425122e-13	0	0	0	0	0	0	0	0.393872380257	2.49283528328	4.4304227829	5.17530870438	4.50845432281	3.01984167099	1.5397144556	0.564721286297	0.121275052428	0	0	0	0	0	0	0	0	0	67.3967132568	0	0	0	0	0	0	0	0	0	0	0	0	0	0	0
Feb 22 2023 18:03:46	7.12202596664	90.322013855	96.9487609863	0.000378535536584	67.215965271	10.85252285	84.7338104248	-	0	0	0	0	0	0	0	0	0	0	0	0	0	0	0	0	0	9.25886821747	0	0	0	0	0	0	0	0	0	1.207695961	4.48694324493	6.19570398331	5.01409769058	2.5770072937	0.842828094959	0.16562269628	0.0157258957624	0	0	0	0	0	0	0	0	0	70.2355117798	0	0	0	0	0	0	0	0	0	0	0	0	0	0	0
Feb 22 2023 18:03:47	7.43981218338	89.854133606	96.774269104	0.000517065403983	64.4262924194	11.1314306259	80.3432998657	-	0	0	0	0	0	0	0	0	0	0	0	0	0	0	0	0	0	8.84218597412	5.94715588082e-14	0	0	0	0	0	0	0	0	1.00556325912	2.70299696922	4.28627490997	5.11364459991	4.86234045029	3.71016907692	2.20499682426	0.918049633503	0.150924384594	0	0	0	0	0	0	0	0	66.2028579712	0	0	0	0	0	0	0	0	0	0	0	0	0	0	0
Feb 22 2023 18:03:48	1.66793429852	89.2008743286	96.5296478271	0.000345186359482	60.0615272522	7.60674190521	80.9557342529	-	0	0	0	0	0	0	0	0	0	0	0	0	0	0	0.469977229834	1.76331067085	3.05177521706	3.57866764069	3.17892742157	2.21743178368	1.20799183846	0.486093819141	0.123549535871	0.0127144884318	5.35066865268e-05	0.000172280124389	0.0210313424468	0.195349797606	0.791528105736	2.02736353874	3.74565243721	5.19491863251	5.33824920654	3.7727792263	1.46105074883	0.1002593413	0	0	0	0	0	0	0	0	61.2611541748	0	0	0	0	0	0	0	0	0	0	0	0	0	0	0
Feb 22 2023 18:03:49	1.51414275169	87.9109954834	96.2262954712	0.000602258311119	55.892993927	6.98328542709	65.40234375	-	0	0	0	0	0	0	0	0	0	0	0	0	0	0	0.00102938641794	0.376405656338	4.11430597305	7.74218893051	4.2062497139	0.792904555798	0.0527697391808	0.00106798904017	4.52069616586e-06	2.41675368606e-09	6.77052977485e-13	2.16331271473e-12	1.24907248988e-08	1.87465338968e-05	0.0038330340758	0.168864145875	2.18040895462	9.11964416504	11.6059141159	3.45709705353	0.119893789291	4.35719084635e-05	0	0	0	0	0	0	1.40129846432e-43	5.20257419434e-15	56.0573577881	0	0	0	0	0	0	0	0	0	0	0	0	0	0	0
Feb 22 2023 18:03:50	1.54202520847	89.3773422241	96.5958404541	0.0004854996223	61.4037628174	9.43641757965	77.9760513306	-	0	0	0	0	0	0	0	0	0	0	0	0	0	0	0	0	0	11.2720766068	0	0	0	0	0	0	0	0	0.0728537365794	0.968924164772	2.26356697083	3.63113880157	4.64944553375	4.95100498199	4.39713335037	3.16604566574	1.68197357655	0.420534431934	0	0	0	0	0	0	0	0	62.525302887	0	0	0	0	0	0	0	0	0	0	0	0	0	0	0
Feb 22 2023 18:03:51	1.53046929836	89.1053009033	96.4937591553	0.000654591829516	59.7214622498	8.98336315155	70.3272094727	-	0	0	0	0	0	0	0	0	0	0	0	0	0	0	0	0	0	11.7927837372	2.10120888245e-14	0	0	0	0	0	0	0	0.440922290087	1.36899328232	2.6231944561	3.88519239426	4.77222394943	4.96646356583	4.36021757126	3.12726950645	1.66075634956	0.405362188816	0	0	0	0	0	0	0	0	60.596622467	0	0	0	0	0	0	0	0	0	0	0	0	0	0	0
Feb 22 2023 18:03:52	6.53489971161	90.6359024048	97.0654907227	0.000939540739637	69.2636489868	10.6517400742	65.9641113281	-	0	0	0	0	0	0	0	0	0	0	0	0	0	0	0	0	0	9.15217208862	0	0	0	0	0	0	0	0	0	6.89131259918	10.6556167603	0.0863093882799	0.000155084679136	8.6380325115e-08	1.45865802076e-11	5.61640971666e-16	1.29901485449e-21	0	0	0	0	0	0	0	0	0	73.2144317627	0	0	0	0	0	0	0	0	0	0	0	0	0	0	0
Feb 22 2023 18:03:53	7.34111738205	90.517250061	97.0214004517	0.00109176093247	68.6576919556	11.1220207214	62.741394043	-	0	0	0	0	0	0	0	0	0	0	0	0	0	0	0	0	0	9.03108596802	0	0	0	0	0	0	0	0	0	0.992113351822	5.7195019722	6.30443334579	3.90978145599	1.53539919853	0.385115623474	0.0580707974732	0.00410474697128	0	0	0	0	0	0	0	0	0	72.0603942871	0	0	0	0	0	0	0	0	0	0	0	0	0	0	0
Feb 22 2023 18:03:54	6.42070055008	90.3832778931	96.9715652466	0.000990487751551	67.462562561	10.3260936737	63.2643814087	-	0	0	0	0	0	0	0	0	0	0	0	0	0	0	0	0	0	9.84862041473	1.76101487044e-14	0	0	0	0	0	0	0	0	2.64885926247	6.26357936859	5.7782959938	3.20511937141	1.15110969543	0.26653188467	0.0370661318302	0.00232117832638	0	0	0	0	0	0	0	0	0	70.798500061	0	0	0	0	0	0	0	0	0	0	0	0	0	0	0
Feb 22 2023 18:03:55	1.56189453602	88.9437408447	96.4330444336	0.000701404816937	58.3413734436	6.83784294128	61.3425750732	-	0	0	0	0	0	0	0	0	0	0	0	0	0	0	0.0411105714738	0.948925673962	3.69803166389	5.88841724396	4.96823978424	2.42979168892	0.689528942108	0.103008769453	0.0061989063397	8.06805110187e-05	6.45421422973e-08	1.21964340849e-08	3.09326351271e-05	0.00426781456918	0.102925278246	0.871782660484	3.4612030983	7.03835582733	7.07408285141	2.90433216095	0.265610039234	0.000142523800605	0	0	0	0	0	0	0	0	59.5039291382	0	0	0	0	0	0	0	0	0	0	0	0	0	0	0
Feb 22 2023 18:03:56	1.49748206139	89.2108230591	96.5333786011	0.000845654925797	59.7992630005	7.66804647446	57.8332176208	-	0	0	0	0	0	0	0	0	0	0	0	0	0	0	0	0	0	14.9306716919	0	0	0	0	0	0	0	0	0.459627211094	1.43336331844	2.69756388664	3.84737443924	4.46944952011	4.31558561325	3.43271970749	2.14740419388	0.900197505951	0.0349028594792	0	0	0	0	0	0	0	0	61.3311424255	0	0	0	0	0	0	0	0	0	0	0	0	0	0	0
Feb 22 2023 18:03:57	1.51849973202	88.0207061768	96.2447891235	0.000578915525693	55.6590995789	6.27238225937	64.2565155029	-	0	0	0	0	0	0	0	0	0	0	0	0	0	0	0.075951680541	1.26527094841	4.20386695862	6.21275138855	5.17414188385	2.63886404037	0.827797293663	0.147465854883	0.0120665486902	0.000300027808407	1.89702507214e-06	1.20833533401e-06	0.000219589011976	0.0112504875287	0.166264906526	1.06099367142	3.59684228897	6.91155195236	7.27603149414	3.56906509399	0.498170256615	0.00154475041199	0	0	0	0	0	0	2.38220738935e-42	5.43021065667e-14	56.3495864868	0	0	0	0	0	0	0	0	0	0	0	0	0	0	0
Feb 22 2023 18:03:58	1.47591876984	89.1940536499	96.52709198	0.000464701821329	59.3305015564	6.19120550156	69.0671386719	-	0	0	0	0	0	0	0	0	0	0	0	0	0	0	0.0662894248962	1.39098620415	4.86587667465	6.84435939789	4.99038791656	2.0422372818	0.460549294949	0.0497019924223	0.00174385460559	7.03083605913e-06	1.96380939288e-10	6.21653768462e-08	0.000155445974087	0.0121022341773	0.198773220181	1.26135659218	3.91890597343	6.30837059021	4.90393066406	1.41149055958	0.0594839341938	0	0	0	0	0	0	0	0	0	61.2132911682	0	0	0	0	0	0	0	0	0	0	0	0	0	0	0
Feb 22 2023 18:03:59	1.59352445602	89.8934326172	96.7889480591	0.000525971583556	64.0868606567	9.90268611908	77.743057251	-	0	0	0	0	0	0	0	0	0	0	0	0	0	0	0	0	0	10.0528907776	0	0	0	0	0	0	0	0	1.09244215488	2.98501133919	4.49734306335	4.96497392654	4.32536554337	3.02471399307	1.6726474762	0.689301431179	0.170875310898	0	0	0	0	0	0	0	0	0	66.5244369507	0	0	0	0	0	0	0	0	0	0	0	0	0	0	0
Feb 22 2023 18:04:00	1.58585369587	89.3172607422	96.5733184814	0.000231819576584	60.5219993591	9.50047397614	89.1609954834	-	0	0	0	0	0	0	0	0	0	0	0	0	0	0	0	0	0	10.2151756287	0	0	0	0	0	0	0	0	1.12191522121	3.11803865433	4.80868959427	5.52868938446	5.12600755692	3.91592168808	2.44567370415	1.19752705097	0.400947123766	0.0320521704853	0	0	0	0	0	0	0	0	62.0893592834	0	0	0	0	0	0	0	0	0	0	0	0	0	0	0
Feb 22 2023 18:04:01	6.73994588852	90.278793335	96.9326705933	0.000354063202394	66.690322876	10.8997278214	85.9540863037	-	0	0	0	0	0	0	0	0	0	0	0	0	0	0	0	0	0	8.62148857117	2.12169108779e-13	0	0	0	0	0	0	0	0	4.5319890976	7.14205360413	5.73620557785	2.90876913071	0.973669052124	0.212511822581	0.0281484127045	0.00172225630376	0	0	0	0	0	0	0	0	0	69.8434448242	0	0	0	0	0	0	0	0	0	0	0	0	0	0	0
Feb 22 2023 18:04:02	6.88742542267	90.2918319702	96.9375228882	0.000442358519649	66.857963562	10.9029130936	82.6749649048	-	0	0	0	0	0	0	0	0	0	0	0	0	0	0	0	0	0	8.82338142395	0	0	0	0	0	0	0	0	0	2.88231682777	6.50718069077	6.29951143265	3.70651698112	1.4151545763	0.348966360092	0.0520624965429	0.00366025674157	0	0	0	0	0	0	0	0	0	69.9612503052	0	0	0	0	0	0	0	0	0	0	0	0	0	0	0
Feb 22 2023 18:04:03	6.89664793015	90.3438186646	96.9568786621	0.000460324576125	67.2835235596	10.717458725	81.5655517578	-	0	0	0	0	0	0	0	0	0	0	0	0	0	0	0	0	0	9.32848262787	0	0	0	0	0	0	0	0	0	1.82567441463	5.5389251709	6.27128696442	4.20567989349	1.8079559803	0.498060137033	0.0825914442539	0.00646463176236	0	0	0	0	0	0	0	0	0	70.4348831177	0	0	0	0	0	0	0	0	0	0	0	0	0	0	0
Feb 22 2023 18:04:04	1.59585464001	88.614692688	96.3445739746	0.000591270567384	57.205242157	6.76856660843	66.6594238281	-	0	0	0	0	0	0	0	0	0	0	0	0	0	0	0.575117230415	1.9654173851	3.32658219337	3.95603251457	3.66311979294	2.7356171608	1.64682543278	0.766909480095	0.246505528688	0.0412885844707	0.00163103581872	0.00062313413946	0.0273193549365	0.21593926847	0.801797509193	1.94905972481	3.5217397213	4.92880678177	5.30495214462	4.13693666458	1.95292377472	0.255399405956	0	0	0	0	0	0	0	0	57.9794654846	0	0	0	0	0	0	0	0	0	0	0	0	0	0	0
Feb 22 2023 18:04:05	1.53284966946	89.5486373901	96.6600189209	0.000819499080535	62.1812400818	9.22249031067	64.989982605	-	0	0	0	0	0	0	0	0	0	0	0	0	0	0	0	0	0	11.6186199188	0	0	0	0	0	0	0	0	0.154161885381	1.27231013775	2.74545288086	4.08108854294	4.78668785095	4.59572887421	3.60867786407	2.23564529419	0.967390656471	0.133461400867	0	0	0	0	0	0	0	0	63.8007774353	0	0	0	0	0	0	0	0	0	0	0	0	0	0	0
Feb 22 2023 18:04:06	6.47257709503	90.8106002808	97.1303405762	0.000737433903851	70.7436447144	11.4881715775	74.1903152466	-	0	0	0	0	0	0	0	0	0	0	0	0	0	0	0	0	0	7.98907661438	0	0	0	0	0	0	0	0	0	14.7462129593	2.28502488136	1.61529611908e-09	5.31182269845e-21	2.72606782683e-34	0	0	0	0	0	0	0	0	0	0	0	0	74.9796905518	0	0	0	0	0	0	0	0	0	0	0	0	0	0	0
Feb 22 2023 18:04:07	1.57053756714	90.1655807495	96.8904876709	0.000645242282189	66.17137146	10.0897808075	73.3838043213	-	0	0	0	0	0	0	0	0	0	0	0	0	0	0	0	0	0	10.5579738617	6.61165295689e-13	0	0	0	0	0	0	0	0	0.703605830669	2.91093564034	4.75941085815	5.10389947891	3.91996502876	2.17822933197	0.839458227158	0.189389646053	0.00114298681729	0	0	0	0	0	0	0	0	68.8359909058	0	0	0	0	0	0	0	0	0	0	0	0	0	0	0
Feb 22 2023 18:04:08	1.5666230917	89.9136581421	96.7965011597	0.000526832824107	64.2818527222	9.70425224304	77.0784301758	-	0	0	0	0	0	0	0	0	0	0	0	0	0	0	0	0	0	10.6498718262	0	0	0	0	0	0	0	0	0.456700891256	2.23101425171	3.97900390625	4.87587594986	4.59440660477	3.42385625839	1.99910902977	0.867440164089	0.231626659632	0	0	0	0	0	0	0	0	0	66.6910934448	0	0	0	0	0	0	0	0	0	0	0	0	0	0	0
Feb 22 2023 18:04:09	1.5584539175	90.0529098511	96.8484725952	0.000638049445115	65.2929000854	9.7837305069	72.9538879395	-	0	0	0	0	0	0	0	0	0	0	0	0	0	0	0	0	0	10.8476819992	1.16367419173e-13	0	0	0	0	0	0	0	0	1.32269430161	3.39117836952	4.89194726944	4.95692300797	3.71171188354	2.04858136177	0.791545331478	0.177092120051	0	0	0	0	0	0	0	0	0	67.8606414795	0	0	0	0	0	0	0	0	0	0	0	0	0	0	0
Feb 22 2023 18:04:10	1.59243166447	90.4407043457	96.9929275513	0.000924094754737	68.0514297485	10.430434227	65.210357666	-	0	0	0	0	0	0	0	0	0	0	0	0	0	0	0	0	0	10.1238536835	0	0	0	0	0	0	0	0	0	0	4.26428747177	6.68196773529	4.95169496536	2.07339692116	0.501046836376	0.0659121572971	0.00369980582036	0	0	0	0	0	0	0	0	0	71.3341445923	0	0	0	0	0	0	0	0	0	0	0	0	0	0	0
Feb 22 2023 18:04:11	1.51591217518	87.7519607544	96.1994552612	0.000401663099183	55.4552192688	6.81802988052	75.0024185181	-	0	0	0	0	0	0	0	0	0	0	0	0	0	0	0.0162983983755	0.877354383469	4.37001037598	6.59336900711	4.28364706039	1.36275482178	0.216876000166	0.0160144399852	0.000463275006041	5.10043173563e-06	1.09303613272e-07	3.95221547933e-07	4.12735316786e-05	0.00281292293221	0.0704019367695	0.731237411499	3.58458948135	8.56996917725	9.39741325378	3.89604949951	0.370814144611	0.00139736454003	0	0	0	0	0	0	0	0	55.6384811401	0	0	0	0	0	0	0	0	0	0	0	0	0	0	0
Feb 22 2023 18:04:12	1.6459748745	87.568107605	96.1683731079	0.000379290955607	55.0902519226	6.81384181976	77.57371521	-	0	0	0	0	0	0	0	0	0	0	0	0	0	0	0.958711624146	2.09620046616	2.9179110527	3.24044179916	3.06892776489	2.53794908524	1.83599197865	1.13775110245	0.571557760239	0.210801720619	0.0586092174053	0.0566472187638	0.217563092709	0.643052279949	1.3903002739	2.41363239288	3.54491424561	4.48516702652	4.86330032349	4.38093185425	3.01386761665	1.19474887848	0	0	0	0	0	0	0	0	55.1610221863	0	0	0	0	0	0	0	0	0	0	0	0	0	0	0
Feb 22 2023 18:04:13	7.37060260773	90.4036178589	96.979133606	0.000567363516893	67.8465499878	11.0343227386	78.3249282837	-	0	0	0	0	0	0	0	0	0	0	0	0	0	0	0	0	0	9.12471294403	0	0	0	0	0	0	0	0	0	0.816093087196	4.56468486786	6.29891014099	4.90708351135	2.40379095078	0.746373713017	0.138713940978	0.0122706666589	0	0	0	0	0	0	0	0	0	70.9873657227	0	0	0	0	0	0	0	0	0	0	0	0	0	0	0
Feb 22 2023 18:04:14	6.76654195786	89.8498687744	96.7726745605	0.000594472279772	64.1541137695	10.4845924377	76.4168167114	-	0	0	0	0	0	0	0	0	0	0	0	0	0	0	0	0	0	9.56361103058	0	0	0	0	0	0	0	0	0	1.47979831696	3.39110088348	4.81367778778	5.15735864639	4.37821054459	2.95065546036	1.52140319347	0.527090549469	0.0489554367959	0	0	0	0	0	0	0	0	66.1681365967	0	0	0	0	0	0	0	0	0	0	0	0	0	0	0
Feb 22 2023 18:04:15	1.52566301823	89.7607192993	96.7393569946	0.000435070920503	63.3336982727	9.00176429749	78.9631729126	-	0	0	0	0	0	0	0	0	0	0	0	0	0	0	0	0	0	12.1617450714	1.98259648716e-14	0	0	0	0	0	0	0	0.0248880833387	1.3681384325	3.01166987419	4.28918361664	4.68360471725	4.0909743309	2.85307455063	1.52067053318	0.5284678936	0.0173219181597	0	0	0	0	0	0	0	0	65.4502716064	0	0	0	0	0	0	0	0	0	0	0	0	0	0	0
Feb 22 2023 18:04:16	1.58994781971	89.958190918	96.8131256104	0.000691179186106	64.5131454468	9.89956665039	71.7702713013	-	0	0	0	0	0	0	0	0	0	0	0	0	0	0	0	0	0	10.1278152466	0	0	0	0	0	0	0	0	1.18279469013	2.92604231834	4.36600971222	4.82363128662	4.19993495941	2.92147111893	1.59615075588	0.643327116966	0.151882275939	0	0	0	0	0	0	0	0	0	67.0609436035	0	0	0	0	0	0	0	0	0	0	0	0	0	0	0
Feb 22 2023 18:04:17	1.59158945084	89.644241333	96.6958007813	0.000380903889891	62.9516983032	10.1119861603	83.5523910522	-	0	0	0	0	0	0	0	0	0	0	0	0	0	0	0	0	0	10.0932674408	1.04973321702e-12	0	0	0	0	0	0	0	0.404975503683	1.43955457211	2.74954724312	3.95219373703	4.64984750748	4.58452129364	3.76657629013	2.4830789566	1.16284501553	0.179177716374	0	0	0	0	0	0	0	0	64.5344161987	0	0	0	0	0	0	0	0	0	0	0	0	0	0	0
Feb 22 2023 18:04:18	7.6496758461	90.3561630249	96.9614715576	0.000583729124628	67.6340255737	11.034737587	77.6508026123	-	0	0	0	0	0	0	0	0	0	0	0	0	0	0	0	0	0	9.32467937469	0	0	0	0	0	0	0	0	0	0.254080951214	2.75437450409	5.42502403259	5.8175611496	3.84469485283	1.59024333954	0.392879128456	0.048214469105	0	0	0	0	0	0	0	0	0	70.548248291	0	0	0	0	0	0	0	0	0	0	0	0	0	0	0
Feb 22 2023 18:04:19	1.55192434788	87.6410598755	96.1807098389	0.00053423049394	55.0345535278	6.53013944626	68.0598754883	-	0	0	0	0	0	0	0	0	0	0	0	0	0	0	0.341792553663	1.85747814178	3.76860046387	4.67116117477	4.09179496765	2.66858625412	1.30320525169	0.457717418671	0.104261621833	0.013250619173	0.00126611092128	0.00141981802881	0.0167027395219	0.140256106853	0.658069550991	1.96736252308	4.10096073151	6.13099384308	6.43531751633	4.34894895554	1.48020350933	0.091057240963	0	0	0	0	0	0	0	0	55.3495941162	0	0	0	0	0	0	0	0	0	0	0	0	0	0	0
Feb 22 2023 18:04:20	1.5243512392	88.5557250977	96.3346862793	0.00039464168367	58.1345596313	8.91706562042	80.5791702271	-	0	0	0	0	0	0	0	0	0	0	0	0	0	0	0	0	0	12.266699791	0	0	0	0	0	0	0	0	0.12598875165	0.561719655991	1.34023046494	2.43238425255	3.68574523926	4.80991888046	5.4293179512	5.21243000031	4.04013204575	2.14768195152	0.133810952306	0	0	0	0	0	0	0	57.8139419556	0	0	0	0	0	0	0	0	0	0	0	0	0	0	0
Feb 22 2023 18:04:21	1.78771352768	88.7836151123	96.3728408813	0.000298546685372	58.1164932251	8.07334899902	84.4618988037	-	0	0	0	0	0	0	0	0	0	0	0	0	0	0	0.574687302113	1.68521976471	2.62165880203	2.96824216843	2.6807975769	1.98992216587	1.21014666557	0.57862329483	0.194790661335	0.0357693806291	0.0028878224548	0.00705480203032	0.0815837010741	0.398092895746	1.16429150105	2.45689272881	4.05739307404	5.38555383682	5.70432853699	4.61280584335	2.52032613754	0.610695660114	0	0	0	0	0	0	0	0	58.4582328796	0	0	0	0	0	0	0	0	0	0	0	0	0	0	0
Feb 22 2023 18:04:22	1.55626809597	89.1933746338	96.5268325806	0.000436301023001	60.7600708008	9.74726581573	80.5570373535	-	0	0	0	0	0	0	0	0	0	0	0	0	0	0	0	0	0	10.9020452499	2.62026338805e-14	0	0	0	0	0	0	0	0.0351934954524	0.579921126366	1.52043676376	2.75557851791	4.02793884277	4.96005725861	5.18062353134	4.50117254257	3.04978346825	1.27875494957	0	0	0	0	0	0	0	0	61.2084922791	0	0	0	0	0	0	0	0	0	0	0	0	0	0	0
Feb 22 2023 18:04:23	1.64329195023	89.2066192627	96.5318069458	0.000340979080647	60.203125	7.85607814789	81.4410552979	-	0	0	0	0	0	0	0	0	0	0	0	0	0	0	0.165607109666	1.3882124424	3.31389427185	4.21378135681	3.4231338501	1.88487672806	0.698580384254	0.160065695643	0.0179038476199	0.000520604662597	4.87247973524e-07	1.44381283462e-06	0.00104852579534	0.034622952342	0.322677910328	1.45008146763	3.84878182411	6.42993688583	6.64447784424	3.80771756172	0.873380064964	0.019140234217	0	0	0	0	0	0	0	0	61.3015594482	0	0	0	0	0	0	0	0	0	0	0	0	0	0	0
Feb 22 2023 18:04:24	1.58850574493	89.6051025391	96.6811523438	0.000383072445402	62.9756126404	10.2595071793	83.5930709839	-	0	0	0	0	0	0	0	0	0	0	0	0	0	0	0	0	0	10.1583909988	0	0	0	0	0	0	0	0	0.0144725218415	0.758335530758	1.92864644527	3.27927875519	4.41273403168	4.91368532181	4.54626607895	3.39957857132	1.87105762959	0.485431313515	0	0	0	0	0	0	0	0	64.2321243286	0	0	0	0	0	0	0	0	0	0	0	0	0	0	0
Feb 22 2023 18:04:25	1.58436214924	89.3488769531	96.5851745605	0.000454197579529	61.8361358643	10.284371376	80.8445892334	-	0	0	0	0	0	0	0	0	0	0	0	0	0	0	0	0	0	10.2474365234	0	0	0	0	0	0	0	0	0.0366706624627	0.462640732527	1.25150108337	2.36809968948	3.62836384773	4.69660329819	5.17242240906	4.76042127609	3.44980168343	1.60800588131	0	0	0	0	0	0	0	0	62.318031311	0	0	0	0	0	0	0	0	0	0	0	0	0	0	0
Feb 22 2023 18:04:26	1.50840866566	88.9730987549	96.4440765381	0.000639349629637	59.5038146973	8.40447330475	68.5197906494	-	0	0	0	0	0	0	0	0	0	0	0	0	0	0	0	0	0	13.7131948471	0	0	0	0	0	0	0	0	0	0.266174167395	0.867053389549	1.84510445595	3.10413241386	4.35507488251	5.15591001511	5.07470655441	3.92937064171	1.9895914793	0	0	0	0	0	0	0	0	59.6996841431	0	0	0	0	0	0	0	0	0	0	0	0	0	0	0
Feb 22 2023 18:04:27	1.52562749386	89.5778198242	96.6709442139	0.000486185075715	62.7063217163	9.19858455658	77.1096420288	-	0	0	0	0	0	0	0	0	0	0	0	0	0	0	0	0	0	12.1645593643	0	0	0	0	0	0	0	0	0	0.360123634338	1.31848120689	2.61502051353	3.8996424675	4.69600582123	4.62544536591	3.63899540901	2.08899760246	0.569708228111	0	0	0	0	0	0	0	0	64.0230178833	0	0	0	0	0	0	0	0	0	0	0	0	0	0	0
Feb 22 2023 18:04:28	8.24599456787	90.5295410156	97.0259628296	0.000413208152167	69.2213058472	11.4428215027	83.9723587036	-	0	0	0	0	0	0	0	0	0	0	0	0	0	0	0	0	0	9.33749198914	7.14800600979e-14	0	0	0	0	0	0	0	0	0	1.11822831631	3.15142202377	4.72810649872	4.65109968185	3.11380672455	1.37441051006	0.3411719203	0.00599625473842	0	0	0	0	0	0	0	0	72.1782684326	0	0	0	0	0	0	0	0	0	0	0	0	0	0	0
Feb 22 2023 18:04:29	8.28182601929	90.4508285522	96.9966964722	0.000452031206805	68.539100647	12.3263196945	84.1919555664	-	0	0	0	0	0	0	0	0	0	0	0	0	0	0	0	0	0	7.88895988464	0	0	0	0	0	0	0	0	0	0.307383865118	2.63869404793	5.07920742035	5.69636106491	4.18334436417	2.04107570648	0.632113933563	0.103462181985	0	0	0	0	0	0	0	0	0	71.429397583	0	0	0	0	0	0	0	0	0	0	0	0	0	0	0
Feb 22 2023 18:04:30	1.59378492832	89.18334198	96.5230636597	0.000424220896093	61.1342201233	10.4389686584	82.2601547241	-	0	0	0	0	0	0	0	0	0	0	0	0	0	0	0	0	0	10.0474824905	0	0	0	0	0	0	0	0	0	0.297157675028	1.00271868706	2.08586120605	3.41298913956	4.67164421082	5.42915964127	5.29588937759	4.13678979874	2.23169231415	0.25041615963	0	0	0	0	0	0	0	61.1381988525	0	0	0	0	0	0	0	0	0	0	0	0	0	0	0
Feb 22 2023 18:04:31	1.55340850353	89.9708786011	96.8178634644	0.000402571429731	65.0236968994	9.87703418732	82.0115356445	-	0	0	0	0	0	0	0	0	0	0	0	0	0	0	0	0	0	10.9741067886	0	0	0	0	0	0	0	0	0	0.56940972805	2.04631900787	3.60531139374	4.58469963074	4.54012203217	3.53529977798	2.08958482742	0.817894279957	0.0702682584524	0	0	0	0	0	0	0	1.95795562109e-14	67.1669845581	0	0	0	0	0	0	0	0	0	0	0	0	0	0	0
Feb 22 2023 18:04:32	1.59478569031	90.3261032104	96.9502792358	0.00041835103184	67.504989624	10.6708097458	82.7082366943	-	0	0	0	0	0	0	0	0	0	0	0	0	0	0	0	0	0	10.0267734528	0	0	0	0	0	0	0	0	0	0.0377784483135	1.76141524315	4.11110496521	5.38223981857	4.60067749023	2.63360333443	0.973563551903	0.197613149881	0.00244882213883	0	0	0	0	0	0	0	0	70.2727813721	0	0	0	0	0	0	0	0	0	0	0	0	0	0	0
Feb 22 2023 18:04:33	7.09452724457	90.4255447388	96.9872894287	0.000371579721104	68.0529022217	10.9941129684	85.108253479	-	0	0	0	0	0	0	0	0	0	0	0	0	0	0	0	0	0	9.27406597137	0	0	0	0	0	0	0	0	0	1.20504009724	3.82803082466	5.41242265701	4.79742670059	2.8482503891	1.1291629076	0.280132591724	0.0334255695343	0	0	0	0	0	0	0	0	0	71.1920471191	0	0	0	0	0	0	0	0	0	0	0	0	0	0	0
Feb 22 2023 18:04:34	7.89839506149	90.3482055664	96.9585113525	0.000448438251624	67.704864502	11.2305431366	82.605430603	-	0	0	0	0	0	0	0	0	0	0	0	0	0	0	0	0	0	9.19880199432	0	0	0	0	0	0	0	0	0	0.131535112858	2.13549304008	4.55662345886	5.57771587372	4.4894080162	2.4271235466	0.847241938114	0.160726040602	0.000228709672228	0	0	0	0	0	0	0	0	70.4750976563	0	0	0	0	0	0	0	0	0	0	0	0	0	0	0
Feb 22 2023 18:04:35	8.3176908493	90.4250259399	96.9870986938	0.00050213758368	68.3517303467	11.737361908	81.5708084106	-	0	0	0	0	0	0	0	0	0	0	0	0	0	0	0	0	0	8.6746635437	6.87276233595e-16	0	0	0	0	0	0	0	0	0	1.90137863159	4.49887275696	5.68329524994	4.59704637527	2.45828938484	0.840184271336	0.15666668117	0.00246759527363	0	0	0	0	0	0	0	0	71.1871414185	0	0	0	0	0	0	0	0	0	0	0	0	0	0	0
Feb 22 2023 18:04:36	1.56959342957	89.7501449585	96.7354049683	0.000459514616523	63.4816322327	9.84651565552	79.9166183472	-	0	0	0	0	0	0	0	0	0	0	0	0	0	0	0	0	0	10.5799722672	0	0	0	0	0	0	0	0	0.169328376651	1.42549264431	2.97354745865	4.2544798851	4.78745079041	4.39350175858	3.28172326088	1.91954946518	0.769900560379	0.0789470672607	0	0	0	0	0	0	0	0	65.366104126	0	0	0	0	0	0	0	0	0	0	0	0	0	0	0
Feb 22 2023 18:04:37	1.52127468586	88.7870330811	96.3740692139	0.000394150934881	58.3465805054	8.71762371063	80.210105896	-	0	0	0	0	0	0	0	0	0	0	0	0	0	0	0	0	0	12.5204849243	0	0	0	0	0	0	0	0	0.193719401956	0.795029759407	1.76377105713	2.98206925392	4.19801568985	5.05938148499	5.22385215759	4.51397037506	3.04144263268	1.22905218601	0	0	0	0	0	0	0	0	58.4792137146	0	0	0	0	0	0	0	0	0	0	0	0	0	0	0
Feb 22 2023 18:04:38	6.92239570618	89.7989501953	96.7536468506	0.000401545810746	63.9382400513	10.6563825607	83.6621017456	-	0	0	0	0	0	0	0	0	0	0	0	0	0	0	0	0	0	9.35878753662	2.76579889498e-14	0	0	0	0	0	0	0	0.0017348456895	1.37987732887	3.06257557869	4.45133256912	5.03333473206	4.62184238434	3.44621348381	2.00861692429	0.800567388535	0.0788273140788	0	0	0	0	0	0	0	0	65.7562942505	0	0	0	0	0	0	0	0	0	0	0	0	0	0	0
Feb 22 2023 18:04:39	7.35138607025	90.1777420044	96.8950195313	0.000650802452583	66.5101776123	10.6638317108	74.4891662598	-	0	0	0	0	0	0	0	0	0	0	0	0	0	0	0	0	0	9.93643760681	0	0	0	0	0	0	0	0	0	0.0584011264145	1.70097517967	3.92190504074	5.33952951431	4.97663164139	3.26059055328	1.45634555817	0.38657695055	0.019742326811	0	0	0	0	0	0	0	0	68.9428634644	0	0	0	0	0	0	0	0	0	0	0	0	0	0	0
Feb 22 2023 18:04:40	6.97392654419	89.7672805786	96.7418136597	0.000469991296995	63.8285980225	10.6397256851	81.0702514648	-	0	0	0	0	0	0	0	0	0	0	0	0	0	0	0	0	0	9.48621273041	6.26028959574e-13	0	0	0	0	0	0	0	0	1.0274207592	2.58943200111	4.09875679016	4.97586488724	4.86952209473	3.85665225983	2.39313793182	1.03866553307	0.16178317368	0	0	0	0	0	0	0	0	65.5025558472	0	0	0	0	0	0	0	0	0	0	0	0	0	0	0
Feb 22 2023 18:04:41	8.01199245453	90.4042739868	96.9793777466	0.00080664595589	68.0936355591	11.6043043137	71.9035949707	-	0	0	0	0	0	0	0	0	0	0	0	0	0	0	0	0	0	8.6710767746	0	0	0	0	0	0	0	0	0	0.116521246731	2.83355522156	5.28238534927	5.61556577682	3.94093990326	1.86940193176	0.577419638634	0.0986593663692	0.0010035824962	0	0	0	0	0	0	0	0	70.9934692383	0	0	0	0	0	0	0	0	0	0	0	0	0	0	0
Feb 22 2023 18:04:42	6.62077760696	89.9092941284	96.7948684692	0.000405902566854	64.5704574585	10.4658107758	83.1362915039	-	0	0	0	0	0	0	0	0	0	0	0	0	0	0	0	0	0	9.69664478302	4.90397449753e-14	0	0	0	0	0	0	0	0.0217716172338	1.46954870224	3.16935706139	4.46562576294	4.86728143692	4.28097391129	3.03632497787	1.66927742958	0.618846952915	0.0492670685053	0	0	0	0	0	0	0	0	66.6550827026	0	0	0	0	0	0	0	0	0	0	0	0	0	0	0
Feb 22 2023 18:04:43	7.70260286331	89.8752212524	96.7821502686	0.000902532075997	64.6231079102	11.6478013992	69.6853713989	-	0	0	0	0	0	0	0	0	0	0	0	0	0	0	0	0	0	8.17072582245	1.72616522448e-14	0	0	0	0	0	0	0	0	1.1510515213	2.82281589508	4.37458753586	5.1729593277	4.89925765991	3.73211312294	2.2182507515	0.926619648933	0.156537488103	0	0	0	0	0	0	0	0	66.3750915527	0	0	0	0	0	0	0	0	0	0	0	0	0	0	0
Feb 22 2023 18:04:44	6.6618180275	89.8698196411	96.780128479	0.000486697361339	64.3101196289	10.686290741	80.6588745117	-	0	0	0	0	0	0	0	0	0	0	0	0	0	0	0	0	0	9.23158931732	0	0	0	0	0	0	0	0	0.328683286905	1.75189840794	3.36837506294	4.55871009827	4.87556552887	4.24943208694	3.0036854744	1.65066218376	0.609744250774	0.0408062934875	0	0	0	0	0	0	0	0	66.3308563232	0	0	0	0	0	0	0	0	0	0	0	0	0	0	0
Feb 22 2023 18:04:45	7.09839248657	90.3238830566	96.9494552612	0.000430233747466	67.3116531372	10.9076223373	82.8723526001	-	0	0	0	0	0	0	0	0	0	0	0	0	0	0	0	0	0	9.3027639389	1.34667811638e-14	0	0	0	0	0	0	0	0	1.15018737316	3.72872495651	5.44604492188	5.06880521774	3.21689653397	1.39139640331	0.387184202671	0.0554418936372	0	0	0	0	0	0	0	0	0	70.2525634766	0	0	0	0	0	0	0	0	0	0	0	0	0	0	0
Feb 22 2023 18:04:46	1.58599615097	90.149055481	96.8843231201	0.000398637435865	66.2590179443	10.4259262085	83.1208267212	-	0	0	0	0	0	0	0	0	0	0	0	0	0	0	0	0	0	10.2121067047	0	0	0	0	0	0	0	0	0	0.374422371387	2.11300206184	3.93967890739	4.90618181229	4.52634191513	3.14180064201	1.58148264885	0.4955740273	0.018107207492	0	0	0	0	0	0	0	0	68.6912994385	0	0	0	0	0	0	0	0	0	0	0	0	0	0	0
Feb 22 2023 18:04:47	1.60583007336	87.3933105469	96.1387710571	0.000469700433314	54.6718826294	6.97998905182	73.0950088501	-	0	0	0	0	0	0	0	0	0	0	0	0	0	0	0.544994533062	1.99229681492	3.34936094284	3.80482602119	3.26810526848	2.20586633682	1.17200767994	0.473943442106	0.135880663991	0.0275599807501	0.00916296429932	0.0244060568511	0.133049458265	0.528094530106	1.46335303783	3.02202248573	4.86313438416	6.1552438736	5.9900097847	4.18144321442	1.73727416992	0.204250991344	0	0	0	0	0	0	0	0	54.7137145996	0	0	0	0	0	0	0	0	0	0	0	0	0	0	0
Feb 22 2023 18:04:48	1.56912839413	89.0653457642	96.4787521362	0.000525047536939	59.120059967	7.17770814896	70.4578552246	-	0	0	0	0	0	0	0	0	0	0	0	0	0	0	0.134103521705	1.43100059032	3.78942537308	4.96694803238	3.93726301193	2.01428055763	0.659608900547	0.125777423382	0.0108209112659	0.000227692318731	5.13974555361e-07	4.3766649469e-06	0.00117699988186	0.0364727638662	0.350295960903	1.61032474041	4.25094223022	6.77760457993	6.28367137909	2.89339613914	0.403058022261	0.000738838454708	0	0	0	0	0	0	0	0	60.3228569031	0	0	0	0	0	0	0	0	0	0	0	0	0	0	0
Feb 22 2023 18:04:49	1.58414804935	89.7416610718	96.7322311401	0.000401966739446	63.4471893311	10.007440567	82.5309295654	-	0	0	0	0	0	0	0	0	0	0	0	0	0	0	0	0	0	10.2520856857	0	0	0	0	0	0	0	0	0.413440495729	1.60895347595	3.01651787758	4.17134666443	4.67082023621	4.34182453156	3.32715725899	2.01246881485	0.828675627708	0.0580258667469	0	0	0	0	0	0	0	0	65.2986831665	0	0	0	0	0	0	0	0	0	0	0	0	0	0	0
Feb 22 2023 18:04:50	1.5904263258	89.7544250488	96.7370071411	0.00042762310477	63.6595077515	10.2128610611	81.83253479	-	0	0	0	0	0	0	0	0	0	0	0	0	0	0	0	0	0	10.1177167892	0	0	0	0	0	0	0	0	0	1.00614488125	2.58249425888	4.09083366394	4.9409365654	4.78883600235	3.73739862442	2.2684981823	0.946685194969	0.120343849063	0	0	0	0	0	0	0	0	65.4001083374	0	0	0	0	0	0	0	0	0	0	0	0	0	0	0
Feb 22 2023 18:04:51	1.53692030907	89.7839126587	96.7480316162	0.000423440069426	63.8231468201	9.56734752655	80.5839691162	-	0	0	0	0	0	0	0	0	0	0	0	0	0	0	0	0	0	11.4117736816	0	0	0	0	0	0	0	0	0	0.517878890038	1.88436055183	3.44247937202	4.58015346527	4.78502082825	3.96847581863	2.53130912781	1.09922790527	0.143731817603	0	0	0	0	0	0	0	0	65.6355895996	0	0	0	0	0	0	0	0	0	0	0	0	0	0	0
Feb 22 2023 18:04:52	6.31002187729	89.5456771851	96.6589126587	0.000485348398797	62.5869636536	10.307217598	79.8464889526	-	0	0	0	0	0	0	0	0	0	0	0	0	0	0	0	0	0	9.98403739929	2.01757149399e-15	0	0	0	0	0	0	0	0	0.785060346127	2.0858361721	3.55636405945	4.71684122086	5.11486577988	4.56302595139	3.26334452629	1.71197986603	0.440339326859	0	0	0	0	0	0	0	0	63.7783050537	0	0	0	0	0	0	0	0	0	0	0	0	0	0	0
Feb 22 2023 18:04:53	6.60423803329	90.2178878784	96.9099807739	0.000625758373644	66.5227203369	10.4712381363	75.0894699097	-	0	0	0	0	0	0	0	0	0	0	0	0	0	0	0	0	0	9.88599014282	2.1945508968e-14	0	0	0	0	0	0	0	0	0.952309370041	3.454839468	5.31836605072	5.23852109909	3.5634727478	1.68004560471	0.52125442028	0.0872018113732	0	0	0	0	0	0	0	0	0	69.297996521	0	0	0	0	0	0	0	0	0	0	0	0	0	0	0
Feb 22 2023 18:04:54	7.12692642212	90.3288574219	96.9513092041	0.000747470126953	67.2405014038	11.2828798294	73.3448867798	-	0	0	0	0	0	0	0	0	0	0	0	0	0	0	0	0	0	8.48414707184	0	0	0	0	0	0	0	0	0	2.23389434814	5.54281044006	6.34065055847	4.42257452011	1.9922978878	0.576558709145	0.100696787238	0.00841659214348	0	0	0	0	0	0	0	0	0	70.2979507446	0	0	0	0	0	0	0	0	0	0	0	0	0	0	0
Feb 22 2023 18:04:55	7.44000387192	90.1443481445	96.8825683594	0.00056436820887	66.2025909424	11.277009964	78.9788513184	-	0	0	0	0	0	0	0	0	0	0	0	0	0	0	0	0	0	8.73763370514	6.82004565229e-16	0	0	0	0	0	0	0	0	1.07713651657	3.32030010223	4.97465276718	5.22198581696	4.13077306747	2.48135209084	1.0894241333	0.302319407463	0.0142684355378	0	0	0	0	0	0	0	0	68.6501464844	0	0	0	0	0	0	0	0	0	0	0	0	0	0	0
Feb 22 2023 18:04:56	1.60838603973	89.0414657593	96.4697799683	0.000441187265096	59.2119941711	7.61893987656	75.899055481	-	0	0	0	0	0	0	0	0	0	0	0	0	0	0	0.134534299374	1.38090789318	3.54493260384	4.53991794586	3.54586100578	1.80486631393	0.595988571644	0.117360517383	0.0110199134797	0.000304226065055	2.10206871998e-06	8.89610419108e-06	0.00123469415121	0.0344771295786	0.327835202217	1.53372776508	4.17435693741	6.95222330093	6.8870382309	3.57424807549	0.670256257057	0.00857019517571	0	0	0	0	0	0	0	5.20368592508e-15	60.1603279114	0	0	0	0	0	0	0	0	0	0	0	0	0	0	0
Feb 22 2023 18:04:57	6.25362300873	90.2046051025	96.9050292969	0.000522487505805	66.4393539429	10.4033546448	78.5712814331	-	0	0	0	0	0	0	0	0	0	0	0	0	0	0	0	0	0	9.99991703033	4.65416821836e-13	0	0	0	0	0	0	0	0	1.03133165836	3.3586974144	5.06615543365	5.0827870369	3.6395740509	1.86477863789	0.649816989899	0.126879423857	0	0	0	0	0	0	0	0	0	69.1800689697	0	0	0	0	0	0	0	0	0	0	0	0	0	0	0
Feb 22 2023 18:04:58	1.58846402168	90.3747787476	96.9683990479	0.000433287234046	67.650062561	10.4406290054	81.828994751	-	0	0	0	0	0	0	0	0	0	0	0	0	0	0	0	0	0	10.1592788696	2.35527255251e-13	0	0	0	0	0	0	0	0	0.395050495863	3.06092691422	5.44778203964	5.37044477463	3.2802939415	1.25352108479	0.283010810614	0.0298106167465	0	0	0	0	0	0	0	0	0	70.7198791504	0	0	0	0	0	0	0	0	0	0	0	0	0	0	0
Feb 22 2023 18:04:59	1.5541189909	89.8879318237	96.786895752	0.000444068806246	64.3223648071	9.72811794281	80.1759033203	-	0	0	0	0	0	0	0	0	0	0	0	0	0	0	0	0	0	10.9561023712	0	0	0	0	0	0	0	0	0	1.02998352051	2.81083297729	4.33158302307	4.91151762009	4.34659147263	3.01303839684	1.57058870792	0.528212964535	0.0223073493689	0	0	0	0	0	0	0	0	66.4792404175	0	0	0	0	0	0	0	0	0	0	0	0	0	0	0
Feb 22 2023 18:05:00	1.5382181406	89.3154983521	96.5726547241	0.000575147627387	61.0629386902	9.36082649231	74.2894439697	-	0	0	0	0	0	0	0	0	0	0	0	0	0	0	0	0	0	11.3758850098	0	0	0	0	0	0	0	0	0.207924515009	1.00347614288	2.17967391014	3.47861766815	4.52317237854	4.93854093552	4.523229599	3.37097263336	1.85423660278	0.467617303133	0	0	0	0	0	0	0	0	62.0766525269	0	0	0	0	0	0	0	0	0	0	0	0	0	0	0
Feb 22 2023 18:05:01	1.64030218124	89.1283340454	96.5024108887	0.000506987154949	59.8274917603	7.84858369827	73.6491394043	-	0	0	0	0	0	0	0	0	0	0	0	0	0	0	0.167803034186	1.40393733978	3.33825063705	4.22019767761	3.40234160423	1.85546207428	0.678868770599	0.152396187186	0.0163412820548	0.000415275368141	8.90523992325e-08	3.44719694567e-07	0.000786385149695	0.0295137017965	0.287476241589	1.33097362518	3.64565181732	6.33750915527	6.91151189804	4.287774086	1.13567984104	0.0416025780141	0	0	0	0	0	0	0	0	60.7555084229	0	0	0	0	0	0	0	0	0	0	0	0	0	0	0
Feb 22 2023 18:05:02	1.55799353123	89.4098968506	96.6080474854	0.00051002780674	62.3332824707	10.0551872253	78.1029281616	-	0	0	0	0	0	0	0	0	0	0	0	0	0	0	0	0	0	10.8590812683	0	0	0	0	0	0	0	0	0	0.182114288211	0.791193664074	1.77785897255	3.0325653553	4.26159715652	5.03849220276	4.96804666519	3.90663743019	2.12802743912	0.290426909924	0	0	0	0	0	0	0	62.7639579773	0	0	0	0	0	0	0	0	0	0	0	0	0	0	0
Feb 22 2023 18:05:03	1.51375389099	87.4327087402	96.1454467773	0.000574195233639	56.1780815125	8.52355098724	71.7670059204	-	0	0	0	0	0	0	0	0	0	0	0	0	0	0	0	0	0	13.1898832321	0	0	0	0	0	0	0	0	0.0407884642482	0.273203104734	0.797935843468	1.69316422939	2.94196391106	4.35918664932	5.56271600723	6.04973077774	5.40552091599	3.60806465149	1.2638784647	0	0	0	0	0	0	0	54.8139648438	0	0	0	0	0	0	0	0	0	0	0	0	0	0	0
Feb 22 2023 18:05:04	1.51781487465	89.0099945068	96.4579467773	0.000651773123536	59.6953315735	8.76844024658	69.3416519165	-	0	0	0	0	0	0	0	0	0	0	0	0	0	0	0	0	0	12.8193740845	0	0	0	0	0	0	0	0	0	0.374324440956	1.12235343456	2.22702860832	3.51821780205	4.65710830688	5.21889019012	4.87006998062	3.5681784153	1.67702639103	0	0	0	0	0	0	0	0	59.9474258423	0	0	0	0	0	0	0	0	0	0	0	0	0	0	0
Feb 22 2023 18:05:05	1.56180596352	89.7874450684	96.7493515015	0.000559083302505	64.1483230591	10.080821991	76.356086731	-	0	0	0	0	0	0	0	0	0	0	0	0	0	0	0	0	0	10.7655076981	0	0	0	0	0	0	0	0	0	0.181012898684	1.24560976028	2.70621442795	4.10885763168	4.87937498093	4.63978004456	3.46496844292	1.86382138729	0.480941534042	0	0	0	0	0	0	0	0	65.6639099121	0	0	0	0	0	0	0	0	0	0	0	0	0	0	0
Feb 22 2023 18:05:06	1.59212768078	89.3991241455	96.6040039063	0.000517277105246	62.2279434204	10.4801054001	78.8373718262	-	0	0	0	0	0	0	0	0	0	0	0	0	0	0	0	0	0	10.0819988251	0	0	0	0	0	0	0	0	0	0.249966397882	0.975684523582	2.10621190071	3.47488331795	4.71279716492	5.34454393387	5.00117683411	3.65183067322	1.71614313126	0	0	0	0	0	0	0	0	62.6847610474	0	0	0	0	0	0	0	0	0	0	0	0	0	0	0
Feb 22 2023 18:05:07	1.55385279655	90.0698165894	96.8547821045	0.000465897348477	65.5928268433	9.8780298233	79.4960861206	-	0	0	0	0	0	0	0	0	0	0	0	0	0	0	0	0	0	10.9628410339	9.79411796348e-14	0	0	0	0	0	0	0	0	0.651407241821	2.35868573189	3.99111461639	4.74713516235	4.29109287262	2.97369337082	1.51791775227	0.487103700638	0.0136793665588	0	0	0	0	0	0	0	0	68.0053329468	0	0	0	0	0	0	0	0	0	0	0	0	0	0	0
Feb 22 2023 18:05:08	1.52902507782	89.8605041504	96.7766494751	0.000499994435813	64.1925048828	9.30783748627	76.8446807861	-	0	0	0	0	0	0	0	0	0	0	0	0	0	0	0	0	0	11.9011564255	0	0	0	0	0	0	0	0	0	0.564711630344	2.03510713577	3.59619307518	4.58141899109	4.5415353775	3.53862261772	2.09302902222	0.820879459381	0.0725185498595	0	0	0	0	0	0	0	0	66.2548294067	0	0	0	0	0	0	0	0	0	0	0	0	0	0	0
Feb 22 2023 18:05:09	7.11195230484	89.53074646	96.6533203125	0.000630338152405	62.6404953003	10.793132782	75.8367767334	-	0	0	0	0	0	0	0	0	0	0	0	0	0	0	0	0	0	9.27669811249	0	0	0	0	0	0	0	0	0.118432112038	0.881974518299	2.05315876007	3.39262676239	4.52076530457	5.03923225403	4.71205949783	3.60511541367	2.08265709877	0.652062475681	0	0	0	0	0	0	0	0	63.6652183533	0	0	0	0	0	0	0	0	0	0	0	0	0	0	0
Feb 22 2023 18:05:10	5.93611812592	89.482131958	96.6351089478	0.000516425759997	61.8996009827	10.0960941315	78.5000686646	-	0	0	0	0	0	0	0	0	0	0	0	0	0	0	0	0	0	9.85633468628	4.3331671259e-14	0	0	0	0	0	0	0	0.409358412027	1.71180725098	3.23937869072	4.50103712082	5.07142448425	4.76084804535	3.70650553703	2.30373454094	1.00770998001	0.132139742374	0	0	0	0	0	0	0	0	63.2997207642	0	0	0	0	0	0	0	0	0	0	0	0	0	0	0
Feb 22 2023 18:05:11	1.60384225845	88.2833328247	96.2889785767	0.000495123851579	56.54870224	7.0709104538	72.0583114624	-	0	0	0	0	0	0	0	0	0	0	0	0	0	0	0.543024480343	1.99035143852	3.35775327682	3.82702350616	3.29127860069	2.21098184586	1.15191280842	0.439489901066	0.105547867715	0.0113360639662	0.000600155850407	0.0040939450264	0.0630482509732	0.366230159998	1.2026695013	2.71072816849	4.56979751587	5.90131616592	5.72953748703	3.88115239143	1.47230768204	0.109697073698	0	0	0	0	0	0	0	0	57.0601234436	0	0	0	0	0	0	0	0	0	0	0	0	0	0	0
Feb 22 2023 18:05:12	6.91308164597	90.0171432495	96.8351287842	0.000558290805202	65.1814193726	11.0270767212	78.9115066528	-	0	0	0	0	0	0	0	0	0	0	0	0	0	0	0	0	0	8.68678951263	0	0	0	0	0	0	0	0	0.229767948389	2.25641918182	4.22364902496	5.22856283188	4.92530536652	3.64991617203	2.10988998413	0.900917947292	0.232229217887	0	0	0	0	0	0	0	0	0	67.5565567017	0	0	0	0	0	0	0	0	0	0	0	0	0	0	0
Feb 22 2023 18:05:13	7.23535871506	90.1970214844	96.9022064209	0.000430492684245	66.4325408936	11.422744751	83.8642196655	-	0	0	0	0	0	0	0	0	0	0	0	0	0	0	0	0	0	8.33865451813	0	0	0	0	0	0	0	0	0	1.98719000816	4.45612287521	5.63244056702	5.00421237946	3.27847671509	1.57392978668	0.521489441395	0.0944835618138	0	0	0	0	0	0	0	0	0	69.1129989624	0	0	0	0	0	0	0	0	0	0	0	0	0	0	0
Feb 22 2023 18:05:14	7.38884735107	90.4075393677	96.9805908203	0.000501850154251	67.8966674805	11.4723482132	81.4295654297	-	0	0	0	0	0	0	0	0	0	0	0	0	0	0	0	0	0	8.45555686951	0	0	0	0	0	0	0	0	0	1.422326684	4.98215723038	6.31681060791	4.71948575974	2.25426411629	0.688564062119	0.126192599535	0.0107462955639	0	0	0	0	0	0	0	0	0	71.0238952637	0	0	0	0	0	0	0	0	0	0	0	0	0	0	0
Feb 22 2023 18:05:15	7.00790309906	89.9347000122	96.804359436	0.000415576767409	64.6971817017	11.3624696732	84.4300460815	-	0	0	0	0	0	0	0	0	0	0	0	0	0	0	0	0	0	8.14243412018	0	0	0	0	0	0	0	0	0.465861439705	2.35576748848	4.16735935211	5.15854597092	5.0032992363	3.90839648247	2.43663406372	1.15193414688	0.344399094582	0	0	0	0	0	0	0	0	0	66.8653640747	0	0	0	0	0	0	0	0	0	0	0	0	0	0	0
Feb 22 2023 18:05:16	7.12330055237	90.023727417	96.8375854492	0.000661140831653	65.2901229858	11.2022981644	75.8935089111	-	0	0	0	0	0	0	0	0	0	0	0	0	0	0	0	0	0	8.53368759155	1.04350332357e-13	0	0	0	0	0	0	0	0.0142465215176	2.06211161613	4.09163570404	5.19989156723	5.01519155502	3.82488894463	2.29964137077	1.04138505459	0.300828337669	0.00417815661058	0	0	0	0	0	0	0	0	67.6123123169	0	0	0	0	0	0	0	0	0	0	0	0	0	0	0
Feb 22 2023 18:05:17	1.62666738033	88.0614929199	96.2516555786	0.00045030892943	56.2888946533	7.24031686783	74.8210601807	-	0	0	0	0	0	0	0	0	0	0	0	0	0	0	0.43075504899	1.81715214252	3.27525782585	3.85500264168	3.35312366486	2.24597930908	1.15561485291	0.433589994907	0.103107348084	0.0112609760836	0.000383203732781	0.000704966951162	0.020312493667	0.178584977984	0.766091108322	2.09418153763	4.09991168976	5.97745275497	6.43758869171	4.82951307297	2.14041638374	0.315106660128	0	0	0	0	0	0	0	0	56.4589080811	0	0	0	0	0	0	0	0	0	0	0	0	0	0	0
Feb 22 2023 18:05:18	1.81614243984	86.7234039307	96.0248565674	0.000610543065704	53.7636756897	7.50474739075	69.5775909424	-	0	0	0	0	0	0	0	0	0	0	0	0	0	0	0.868474781513	1.77325475216	2.40736293793	2.66661739349	2.5607817173	2.17946410179	1.64969754219	1.09561252594	0.617892205715	0.28883099556	0.14079798758	0.171408325434	0.418141245842	0.947477698326	1.77718639374	2.83625125885	3.95521473885	4.86469364166	5.24679756165	4.84518575668	3.60911345482	1.82914412022	0.19381134212	0	0	0	0	0	0	0	53.0567893982	0	0	0	0	0	0	0	0	0	0	0	0	0	0	0
Feb 22 2023 18:05:19	1.83608984947	88.9352493286	96.4298477173	0.000674912182149	58.5751152039	7.67406177521	67.4761276245	-	0	0	0	0	0	0	0	0	0	0	0	0	0	0	0.976892769337	1.78154313564	2.31796884537	2.54557299614	2.47890257835	2.17735695839	1.72604262829	1.2145203352	0.726711034775	0.343505352736	0.140214964747	0.171112328768	0.462860435247	1.00641322136	1.75016498566	2.5903866291	3.37627148628	3.91518688202	4.00934553146	3.5172059536	2.42294859886	0.901368439198	0	0	0	0	0	0	0	0	59.4475021362	0	0	0	0	0	0	0	0	0	0	0	0	0	0	0
Feb 22 2023 18:05:20	1.59528815746	88.1270294189	96.2626876831	0.000723735953216	56.0721130371	6.66907596588	60.5491294861	-	0	0	0	0	0	0	0	0	0	0	0	0	0	0	0.725609660149	2.08500146866	3.26436901093	3.76592922211	3.49720835686	2.6939496994	1.7201911211	0.879050254822	0.327107936144	0.0719828382134	0.00741478055716	0.00860283896327	0.0882633626461	0.415283918381	1.1702876091	2.38353133202	3.81749653816	4.93904018402	5.11213970184	4.01342105865	2.04157018661	0.337183833122	0	0	0	0	0	0	1.40129846432e-43	4.93824612821e-15	56.6353683472	0	0	0	0	0	0	0	0	0	0	0	0	0	0	0
Feb 22 2023 18:05:21	1.56109559536	88.9933853149	96.4517059326	0.000415036716731	58.6817169189	7.08430147171	75.5359191895	-	0	0	0	0	0	0	0	0	0	0	0	0	0	0	0.162892490625	1.54168748856	3.85473418236	4.91697835922	3.87609410286	2.01332950592	0.687205672264	0.142949134111	0.0150435911492	0.000604762753937	2.21300997509e-05	0.000121413060697	0.00486321281642	0.0750142708421	0.5119125247	1.92742490768	4.49648141861	6.67488861084	6.01918268204	2.81823039055	0.423723459244	0.000955536495894	0	0	0	0	0	0	0	0	59.8356590271	0	0	0	0	0	0	0	0	0	0	0	0	0	0	0
Feb 22 2023 18:05:22	7.83115673065	90.3767700195	96.9691390991	0.000588395516388	67.8200912476	11.7113637924	78.9473495483	-	0	0	0	0	0	0	0	0	0	0	0	0	0	0	0	0	0	8.35640525818	0	0	0	0	0	0	0	0	0	0.574551165104	3.54382610321	5.87897253036	5.64189243317	3.48129415512	1.39550042152	0.345710456371	0.0435616001487	0	0	0	0	0	0	0	0	0	70.7382888794	0	0	0	0	0	0	0	0	0	0	0	0	0	0	0
Feb 22 2023 18:05:23	1.52359879017	89.355796814	96.5877609253	0.000421327160439	61.0929489136	8.86453914642	79.2932891846	-	0	0	0	0	0	0	0	0	0	0	0	0	0	0	0	0	0	12.3277597427	1.37936266142e-15	0	0	0	0	0	0	0	0.139886364341	1.04494678974	2.334202528	3.66553020477	4.6077671051	4.80493164063	4.15404129028	2.87719845772	1.42294824123	0.252517193556	0	0	0	0	0	0	0	0	62.3682670593	0	0	0	0	0	0	0	0	0	0	0	0	0	0	0
Feb 22 2023 18:05:24	6.7613863945	90.4164886475	96.9839172363	0.000695138180163	67.7477416992	10.9242610931	74.1459960938	-	0	0	0	0	0	0	0	0	0	0	0	0	0	0	0	0	0	8.86369991302	0	0	0	0	0	0	0	0	0	3.72475528717	6.72487640381	5.55804204941	2.83897042274	0.948762893677	0.205360278487	0.0266824886203	0.00152484257706	0	0	0	0	0	0	0	0	0	71.1073226929	0	0	0	0	0	0	0	0	0	0	0	0	0	0	0
Feb 22 2023 18:05:25	1.55303788185	87.6980209351	96.1903381348	0.000661747704726	55.4203414917	6.95667505264	63.3988189697	-	0	0	0	0	0	0	0	0	0	0	0	0	0	0	0.046208884567	1.07462704182	3.92446660995	5.69995498657	4.33860731125	1.91402494907	0.497275233269	0.0713866576552	0.00480955373496	0.000124866579426	2.42792884819e-06	2.5056517643e-06	0.000148532097228	0.00671241199598	0.115937940776	0.89684510231	3.59111976624	7.81881046295	8.96345710754	4.72685003281	0.798509836197	0.0124731482938	0	0	0	0	0	0	0	0	55.4976463318	0	0	0	0	0	0	0	0	0	0	0	0	0	0	0
Feb 22 2023 18:05:26	1.60779595375	87.2315063477	96.111328125	0.000522190122865	54.2280578613	6.61897087097	69.625213623	-	0	0	0	0	0	0	0	0	0	0	0	0	0	0	0.717527627945	2.04939556122	3.19881439209	3.69327712059	3.45181488991	2.70032978058	1.77967095375	0.970807671547	0.419758915901	0.139946177602	0.0484581850469	0.0547143742442	0.178922221065	0.562377810478	1.35837447643	2.58467483521	4.01553678513	5.1483130455	5.3701581955	4.33754682541	2.37532901764	0.538960158825	0	0	0	0	0	0	0	0	54.3052902222	0	0	0	0	0	0	0	0	0	0	0	0	0	0	0
Feb 22 2023 18:05:27	1.70429551601	87.3131484985	96.1251831055	0.000537376792636	54.8064155579	7.11613512039	71.0469818115	-	0	0	0	0	0	0	0	0	0	0	0	0	0	0	0.884853601456	1.9426202774	2.71892857552	3.04057312012	2.90485906601	2.42857575417	1.78139603138	1.12460482121	0.580436050892	0.223313271999	0.0644647628069	0.0539811216295	0.198790147901	0.601774156094	1.33336126804	2.36574339867	3.54642271996	4.5831193924	5.09500312805	4.75310516357	3.48332667351	1.65503156185	0.125025138259	0	0	0	0	0	0	0	54.5106887817	0	0	0	0	0	0	0	0	0	0	0	0	0	0	0
Feb 22 2023 18:05:28	1.56611609459	88.0862045288	96.255821228	0.000556656275876	55.9499855042	6.61643600464	67.4550170898	-	0	0	0	0	0	0	0	0	0	0	0	0	0	0	0.494485616684	1.99872612953	3.57934427261	4.25815248489	3.79248118401	2.6383600235	1.43925201893	0.594682693481	0.170857861638	0.0307136718184	0.00510170497	0.00745890336111	0.0538755394518	0.284901946783	0.960509479046	2.27693152428	4.0554599762	5.52775144577	5.64075946808	3.98416733742	1.55795860291	0.122742496431	0	0	0	0	0	0	0	0	56.5253257751	0	0	0	0	0	0	0	0	0	0	0	0	0	0	0
Feb 22 2023 18:05:29	1.58092272282	87.3918380737	96.1385192871	0.000493877741974	54.3765144348	6.63119363785	70.7657165527	-	0	0	0	0	0	0	0	0	0	0	0	0	0	0	0.657912194729	2.13267755508	3.42063570023	3.85295343399	3.38251590729	2.40756821632	1.40504002571	0.667425096035	0.257462531328	0.0925545319915	0.0571438334882	0.105092264712	0.313107579947	0.851368546486	1.86774563789	3.30435776711	4.77695035934	5.61159610748	5.18936538696	3.48536920547	1.35712563992	0.0940757542849	0	0	0	0	0	0	0	0	54.7099609375	0	0	0	0	0	0	0	0	0	0	0	0	0	0	0
Feb 22 2023 18:05:30	1.57307493687	90.1112442017	96.8702316284	0.000505696516484	65.8024368286	10.0852308273	78.4923248291	-	0	0	0	0	0	0	0	0	0	0	0	0	0	0	0	0	0	10.4993677139	0	0	0	0	0	0	0	0	0	0.873542129993	3.03799629211	4.70302534103	4.99478673935	3.94243812561	2.3322827816	0.992103099823	0.257822066545	0.00434565171599	0	0	0	0	0	0	0	0	68.3622894287	0	0	0	0	0	0	0	0	0	0	0	0	0	0	0
Feb 22 2023 18:05:31	6.8343963623	90.5723571777	97.0418777466	0.00057941803243	68.9944763184	11.8806037903	79.8571853638	-	0	0	0	0	0	0	0	0	0	0	0	0	0	0	0	0	0	7.63673353195	0	0	0	0	0	0	0	0	0	5.61851406097	7.04013395309	4.57834100723	1.90256011486	0.525996506214	0.0950087383389	0.0102752409875	0.000456893671071	0	0	0	0	0	0	0	0	0	72.5919799805	0	0	0	0	0	0	0	0	0	0	0	0	0	0	0
Feb 22 2023 18:05:32	7.85992336273	90.7669296265	97.1141433716	0.000720149138942	70.7813339233	12.2776412964	75.8763580322	-	0	0	0	0	0	0	0	0	0	0	0	0	0	0	0	0	0	7.97657871246	0	0	0	0	0	0	0	0	0	0	6.04365062714	6.72323036194	3.48981690407	1.03760027885	0.180463820696	0.0171693544835	0.000666788197123	0	0	0	0	0	0	0	0	0	74.5308227539	0	0	0	0	0	0	0	0	0	0	0	0	0	0	0
Feb 22 2023 18:05:33	7.90166950226	90.7423477173	97.1050109863	0.000656983989757	70.5843200684	12.0528421402	77.2640457153	-	0	0	0	0	0	0	0	0	0	0	0	0	0	0	0	0	0	8.26288127899	1.65168508211e-12	0	0	0	0	0	0	0	0	0	5.01239919662	6.88309955597	3.99431538582	1.29698622227	0.243881672621	0.0250131525099	0.00106656295247	0	0	0	0	0	0	0	0	0	74.2803573608	0	0	0	0	0	0	0	0	0	0	0	0	0	0	0
Feb 22 2023 18:05:34	7.7910118103	90.5359420776	97.0283432007	0.000663487007841	68.9534988403	11.8278923035	76.7896270752	-	0	0	0	0	0	0	0	0	0	0	0	0	0	0	0	0	0	8.28528690338	0	0	0	0	0	0	0	0	0	0.410581201315	4.68749523163	6.44864749908	4.84762334824	2.27471590042	0.675456762314	0.120138995349	0.0102138435468	0	0	0	0	0	0	0	0	0	72.2398376465	0	0	0	0	0	0	0	0	0	0	0	0	0	0	0
Feb 22 2023 18:05:35	6.30537033081	89.7478179932	96.7345352173	0.000750824576244	63.3896408081	10.5091190338	71.5636291504	-	0	0	0	0	0	0	0	0	0	0	0	0	0	0	0	0	0	9.14204692841	0	0	0	0	0	0	0	0	0.85561645031	2.42113375664	3.96375584602	4.88106060028	4.85916900635	3.98467564583	2.66418790817	1.38570296764	0.478198319674	0.016842905432	0	0	0	0	0	0	0	0	65.3476104736	0	0	0	0	0	0	0	0	0	0	0	0	0	0	0
Feb 22 2023 18:05:36	7.2021522522	90.4395828247	96.992515564	0.000449588609627	68.1145248413	11.4373502731	83.1321029663	-	0	0	0	0	0	0	0	0	0	0	0	0	0	0	0	0	0	8.4932346344	3.5336325676e-15	0	0	0	0	0	0	0	0	1.93558073044	5.01460933685	6.02151918411	4.40065765381	2.06933832169	0.62127417326	0.111113362014	0.0090110655874	0	0	0	0	0	0	0	1.40129846432e-43	1.95645315405e-14	71.3236618042	0	0	0	0	0	0	0	0	0	0	0	0	0	0	0
Feb 22 2023 18:05:37	1.55061244965	89.4927215576	96.6390762329	0.000521983543877	62.1605453491	9.64167976379	76.9636154175	-	0	0	0	0	0	0	0	0	0	0	0	0	0	0	0	0	0	11.0456266403	0	0	0	0	0	0	0	0	0.139802992344	0.902145802975	2.04422235489	3.31866335869	4.35770559311	4.79062891006	4.41202354431	3.30521798134	1.83065366745	0.474321603775	0	0	0	0	0	0	0	0	63.3789901733	0	0	0	0	0	0	0	0	0	0	0	0	0	0	0
Feb 22 2023 18:05:38	1.59385550022	90.172203064	96.8929519653	0.000420773460064	66.3309249878	10.4548683167	82.3828430176	-	0	0	0	0	0	0	0	0	0	0	0	0	0	0	0	0	0	10.0460195541	0	0	0	0	0	0	0	0	0	0.826015114784	2.65225052834	4.33654212952	4.93784713745	4.17802429199	2.63390302658	1.18034791946	0.314870119095	0	0	0	0	0	0	0	0	0	68.8941802979	0	0	0	0	0	0	0	0	0	0	0	0	0	0	0
Feb 22 2023 18:05:39	1.59404695034	89.7361221313	96.7301635742	0.000567960378248	63.3470573425	10.0687828064	76.4596633911	-	0	0	0	0	0	0	0	0	0	0	0	0	0	0	0	0	0	10.0420532227	6.48017663835e-13	0	0	0	0	0	0	0	0.320666074753	1.83522975445	3.47768855095	4.63321781158	4.89715528488	4.23896503448	2.9913623333	1.6502366066	0.615799963474	0.042841244489	0	0	0	0	0	0	0	0	65.2547988892	0	0	0	0	0	0	0	0	0	0	0	0	0	0	0
Feb 22 2023 18:05:40	1.56809997559	89.7459640503	96.7338409424	0.00061312870821	63.6130180359	9.94406414032	74.2784042358	-	0	0	0	0	0	0	0	0	0	0	0	0	0	0	0	0	0	10.614985466	2.03987664976e-13	0	0	0	0	0	0	0	0.0246735550463	0.980408966541	2.35090470314	3.72681736946	4.61604166031	4.66498231888	3.85263085365	2.51244115829	1.14873993397	0.174496680498	0	0	0	0	0	0	0	0	65.3328781128	0	0	0	0	0	0	0	0	0	0	0	0	0	0	0
Feb 22 2023 18:05:41	1.57221281528	88.9968338013	96.4530029297	0.000413656496676	58.808681488	7.20250701904	75.9858703613	-	0	0	0	0	0	0	0	0	0	0	0	0	0	0	0.157165840268	1.49438858032	3.76205182076	4.83862066269	3.84584665298	2.00729441643	0.680611729622	0.135890945792	0.0121854338795	0.000236736465013	9.88889539144e-08	2.15983072849e-06	0.00122099113651	0.0384456403553	0.353989422321	1.57394444942	4.10513591766	6.64980173111	6.50563097	3.36314177513	0.610916376114	0.0046247029677	0	0	0	0	0	0	9.24856986454e-42	3.12324324118e-14	59.8588523865	0	0	0	0	0	0	0	0	0	0	0	0	0	0	0
Feb 22 2023 18:05:42	1.51475191116	89.0043792725	96.4558410645	0.000601335137617	59.2213973999	8.45622634888	70.5594482422	-	0	0	0	0	0	0	0	0	0	0	0	0	0	0	0	0	0	13.0967721939	1.22566836373e-14	0	0	0	0	0	0	0	0.267170786858	0.960003197193	2.01283788681	3.23617076874	4.3173699379	4.89696216583	4.71038389206	3.72933626175	2.21607708931	0.647298157215	0	0	0	0	0	0	0	0	59.9096183777	0	0	0	0	0	0	0	0	0	0	0	0	0	0	0
Feb 22 2023 18:05:43	1.58842015266	87.7000732422	96.1906890869	0.000583367305808	55.1592979431	6.59588861465	66.4433288574	-	0	0	0	0	0	0	0	0	0	0	0	0	0	0	0.737364053726	2.1146838665	3.30103588104	3.79348874092	3.50670289993	2.68826961517	1.7096953392	0.873460173607	0.32981044054	0.0791326016188	0.0133462827653	0.0185815915465	0.119830794632	0.482174396515	1.27336144447	2.50961923599	3.94834399223	5.0644402504	5.23543453217	4.1399564743	2.15760159492	0.400684207678	0	0	0	0	0	0	0	0	55.5029792786	0	0	0	0	0	0	0	0	0	0	0	0	0	0	0
Feb 22 2023 18:05:44	1.53892993927	89.9221801758	96.7996826172	0.000461414281745	64.444984436	9.48434448242	78.9474639893	-	0	0	0	0	0	0	0	0	0	0	0	0	0	0	0	0	0	11.3563108444	5.40030260093e-14	0	0	0	0	0	0	0	0	1.23969066143	3.05420827866	4.45663738251	4.80362606049	4.027135849	2.62726402283	1.27592873573	0.391017317772	0.00658535771072	0	0	0	0	0	0	0	0	66.7615966797	0	0	0	0	0	0	0	0	0	0	0	0	0	0	0
Feb 22 2023 18:05:45	1.56319749355	89.545501709	96.6588439941	0.000693203299306	62.3075752258	9.71102619171	70.9712600708	-	0	0	0	0	0	0	0	0	0	0	0	0	0	0	0	0	0	10.7318115234	3.36117496547e-15	0	0	0	0	0	0	0	0.326903939247	1.3114233017	2.63493824005	3.90946578979	4.69926404953	4.70027160645	3.89709591866	2.58453369141	1.22100818157	0.206316828728	0	0	0	0	0	0	0	0	63.7769699097	0	0	0	0	0	0	0	0	0	0	0	0	0	0	0
Feb 22 2023 18:05:46	6.27711725235	90.2072525024	96.9060134888	0.000235953804804	65.9716873169	10.2089643478	89.7583312988	-	0	0	0	0	0	0	0	0	0	0	0	0	0	0	0	0	0	9.25907897949	0	0	0	0	0	0	0	0	0.843640446663	7.16765451431	7.09175109863	4.16256284714	1.6813890934	0.481506496668	0.0959067866206	0.0122313797474	0.000700809876435	0	0	0	0	0	0	0	0	0	69.2035827637	0	0	0	0	0	0	0	0	0	0	0	0	0	0	0
Feb 22 2023 18:05:47	6.37240982056	90.363822937	96.9643249512	0.000367944798199	67.1544036865	10.1899604797	84.2956619263	-	0	0	0	0	0	0	0	0	0	0	0	0	0	0	0	0	0	9.65793895721	0	0	0	0	0	0	0	0	0	6.10204315186	7.67925024033	4.16326951981	1.40970289707	0.317577540874	0.0470546074212	0.00422003958374	0.000160204464919	0	0	0	0	0	0	0	0	0	70.6187820435	0	0	0	0	0	0	0	0	0	0	0	0	0	0	0
Feb 22 2023 18:05:48	6.71517133713	90.2528152466	96.9229888916	0.000613434414845	66.5769729614	10.5799684525	76.0158996582	-	0	0	0	0	0	0	0	0	0	0	0	0	0	0	0	0	0	9.34801006317	3.68268187213e-13	0	0	0	0	0	0	0	0	2.58832478523	5.67662620544	6.14567375183	4.15509700775	1.84377527237	0.53199660778	0.0931553989649	0.00757566606626	0	0	0	0	0	0	0	0	0	69.6097640991	0	0	0	0	0	0	0	0	0	0	0	0	0	0	0
Feb 22 2023 18:05:49	6.93947696686	90.4713592529	97.0043334961	0.000920301012229	68.2261657715	11.3087377548	68.3306732178	-	0	0	0	0	0	0	0	0	0	0	0	0	0	0	0	0	0	8.44626140594	0	0	0	0	0	0	0	0	0	3.2805762291	6.70767736435	5.7205286026	2.96908426285	1.00304543972	0.219085559249	0.0287616476417	0.00168567057699	0	0	0	0	0	0	0	0	0	71.623298645	0	0	0	0	0	0	0	0	0	0	0	0	0	0	0
Feb 22 2023 18:05:50	6.27826929092	89.7157058716	96.7225265503	0.000668788852636	63.1384429932	10.9474029541	75.5586547852	-	0	0	0	0	0	0	0	0	0	0	0	0	0	0	0	0	0	8.17757511139	0	0	0	0	0	0	0	0.32869720459	1.56402015686	3.11729216576	4.40787506104	4.97486495972	4.67112159729	3.67631983757	2.38516807556	1.2077319622	0.395943701267	0	0	0	0	0	0	0	0	0	65.0933914185	0	0	0	0	0	0	0	0	0	0	0	0	0	0	0
Feb 22 2023 18:05:51	6.50456476212	89.6491699219	96.6976394653	0.000671855406836	63.0070495605	10.4404230118	73.7390594482	-	0	0	0	0	0	0	0	0	0	0	0	0	0	0	0	0	0	9.55043697357	2.39764398656e-14	0	0	0	0	0	0	0	0.276012122631	1.44445157051	2.93549585342	4.26461791992	4.95328807831	4.74425649643	3.73718619347	2.33609056473	1.02981460094	0.155694484711	0	0	0	0	0	0	0	0	64.5726623535	0	0	0	0	0	0	0	0	0	0	0	0	0	0	0
Feb 22 2023 18:05:52	6.57386159897	90.0734634399	96.8561401367	0.00061183021171	65.4065093994	10.340590477	75.4850692749	-	0	0	0	0	0	0	0	0	0	0	0	0	0	0	0	0	0	9.73250961304	0	0	0	0	0	0	0	0	0	1.88067448139	4.51181173325	5.75701284409	5.0142455101	3.14546370506	1.41610360146	0.43273460865	0.0728236734867	0	0	0	0	0	0	0	0	0	68.0366210938	0	0	0	0	0	0	0	0	0	0	0	0	0	0	0
Feb 22 2023 18:05:53	1.55000710487	89.7260742188	96.7264022827	0.00076113519026	63.2055015564	9.51949501038	68.0055007935	-	0	0	0	0	0	0	0	0	0	0	0	0	0	0	0	0	0	11.0612516403	0	0	0	0	0	0	0	0	0.148578882217	1.56344640255	3.24059796333	4.51223707199	4.87692785263	4.24718523026	2.97177863121	1.60126662254	0.57156598568	0.0299254860729	0	0	0	0	0	0	0	0	65.175239563	0	0	0	0	0	0	0	0	0	0	0	0	0	0	0
Feb 22 2023 18:05:54	1.67097067833	88.3472518921	96.2997131348	0.000610760587733	57.187171936	7.69908475876	69.1301116943	-	0	0	0	0	0	0	0	0	0	0	0	0	0	0	0.290520220995	1.55247843266	3.10768795013	3.80999112129	3.30392503738	2.12771892548	1.01581645012	0.338753253222	0.06677801162	0.00503277033567	3.10951327265e-05	5.15983219884e-06	0.00284387613647	0.0594110712409	0.398881405592	1.45627486706	3.49789190292	5.91007232666	7.05570602417	5.66031599045	2.63984084129	0.463619172573	0.000954903487582	0	0	0	0	0	0	0	57.2354507446	0	0	0	0	0	0	0	0	0	0	0	0	0	0	0
Feb 22 2023 18:05:55	1.52339482307	89.6883926392	96.7123184204	0.00064480555011	62.7665786743	8.817694664	69.9930953979	-	0	0	0	0	0	0	0	0	0	0	0	0	0	0	0	0	0	12.3444299698	6.5074261626e-14	0	0	0	0	0	0	0	0.297826528549	1.70217120647	3.34971857071	4.52117872238	4.71676111221	3.92316579819	2.58312630653	1.28147256374	0.401496320963	0	0	0	0	0	0	0	0	0	64.87865448	0	0	0	0	0	0	0	0	0	0	0	0	0	0	0
Feb 22 2023 18:05:56	7.29811143875	90.4302749634	96.9890518188	0.000634691386949	68.020111084	11.3736495972	76.9310073853	-	0	0	0	0	0	0	0	0	0	0	0	0	0	0	0	0	0	8.54272651672	0	0	0	0	0	0	0	0	0	1.63238751888	5.52485895157	6.35503959656	4.27805614471	1.83733677864	0.504031956196	0.0828924924135	0.0063456594944	0	0	0	0	0	0	0	0	0	71.236328125	0	0	0	0	0	0	0	0	0	0	0	0	0	0	0
Feb 22 2023 18:05:57	1.56895470619	89.9414520264	96.8068771362	0.000605679117143	64.5383758545	9.81559085846	74.3466567993	-	0	0	0	0	0	0	0	0	0	0	0	0	0	0	0	0	0	10.59491539	0	0	0	0	0	0	0	0	0.196522921324	1.89237368107	3.69446492195	4.780854702	4.7185883522	3.67424106598	2.23906946182	1.01122200489	0.276298135519	0	0	0	0	0	0	0	0	0	66.9214477539	0	0	0	0	0	0	0	0	0	0	0	0	0	0	0
Feb 22 2023 18:05:58	1.5629888773	89.825012207	96.7633895874	0.000523474009242	63.6995010376	9.60375022888	77.0126953125	-	0	0	0	0	0	0	0	0	0	0	0	0	0	0	0	0	0	10.7368459702	0	0	0	0	0	0	0	0	0.656868636608	2.24912381172	3.86996793747	4.78745269775	4.63921785355	3.59689211845	2.20417237282	1.00983226299	0.283141225576	0	0	0	0	0	0	0	0	0	65.9664840698	0	0	0	0	0	0	0	0	0	0	0	0	0	0	0
Feb 22 2023 18:05:59	5.633644104	89.51587677	96.6477508545	0.000852558703627	61.9954338074	10.0310106277	66.9639129639	-	0	0	0	0	0	0	0	0	0	0	0	0	0	0	0	0	0	9.81107711792	2.76135261575e-13	0	0	0	0	0	0	0.0607031807303	0.863868534565	2.15527796745	3.53740525246	4.55100774765	4.86257648468	4.38220930099	3.29940128326	1.99048709869	0.841297984123	0.0916781574488	0	0	0	0	0	0	0	0	63.5530128479	0	0	0	0	0	0	0	0	0	0	0	0	0	0	0
Feb 22 2023 18:06:00	6.44669771194	90.0796737671	96.8584594727	0.000813873077277	65.4190444946	10.3114652634	68.7506027222	-	0	0	0	0	0	0	0	0	0	0	0	0	0	0	0	0	0	9.71184158325	1.82634994367e-13	0	0	0	0	0	0	0	0.0982872471213	2.44954061508	4.68852806091	5.50089120865	4.64324378967	2.92658686638	1.36536157131	0.444674342871	0.0810952708125	0	0	0	0	0	0	0	0	0	68.0899505615	0	0	0	0	0	0	0	0	0	0	0	0	0	0	0
Feb 22 2023 18:06:01	7.34708213806	90.3986816406	96.9772949219	0.000757630448788	67.8311080933	11.5298776627	73.4992523193	-	0	0	0	0	0	0	0	0	0	0	0	0	0	0	0	0	0	8.35054969788	0	0	0	0	0	0	0	0	0	1.66191458702	4.97911739349	6.26049280167	4.70596790314	2.26419067383	0.696082472801	0.128788128495	0.0114502757788	0	0	0	0	0	0	0	0	0	70.9414520264	0	0	0	0	0	0	0	0	0	0	0	0	0	0	0
Feb 22 2023 18:06:02	6.58174705505	90.8846740723	97.1578140259	0.000856323982589	71.4748535156	12.2343358994	72.4414291382	-	0	0	0	0	0	0	0	0	0	0	0	0	0	0	0	0	0	7.29832410812	0	0	0	0	0	0	0	0	0	12.0123338699	4.87295722961	0.0631004795432	0.000306730449665	6.73363388159e-07	6.49067077862e-10	2.26230601093e-13	1.07641749302e-17	0	0	0	0	0	0	0	0	0	75.7529754639	0	0	0	0	0	0	0	0	0	0	0	0	0	0	0
Feb 22 2023 18:06:03	6.57354688644	90.8863372803	97.1584320068	0.000617783574853	71.4855422974	12.2268028259	79.2372741699	-	0	0	0	0	0	0	0	0	0	0	0	0	0	0	0	0	0	7.29707336426	0	0	0	0	0	0	0	0	0	12.3575706482	4.54168558121	0.0330026745796	8.01322676125e-05	7.97984398559e-08	3.15184267574e-11	3.95038378908e-15	4.88021504134e-20	0	0	0	0	0	0	0	0	0	75.7705841064	0	0	0	0	0	0	0	0	0	0	0	0	0	0	0
Feb 22 2023 18:06:04	7.63893938065	90.8639755249	97.150138855	0.000764274562243	71.4803466797	12.5450801849	75.348815918	-	0	0	0	0	0	0	0	0	0	0	0	0	0	0	0	0	0	7.49727058411	0	0	0	0	0	0	0	0	0	0	12.5760717392	3.80793690681	0.539063990116	0.0423923581839	0.00184765353333	3.97333569708e-05	2.4476818794e-07	0	0	0	0	0	0	0	0	0	75.5353775024	0	0	0	0	0	0	0	0	0	0	0	0	0	0	0
Feb 22 2023 18:06:05	7.0640835762	90.1682281494	96.8914718628	0.000824846560135	66.0921173096	11.2345132828	71.0777130127	-	0	0	0	0	0	0	0	0	0	0	0	0	0	0	0	0	0	8.34540176392	0	0	0	0	0	0	0	0	0	2.67275881767	5.53496932983	6.23451042175	4.70216798782	2.48655605316	0.915345191956	0.220984131098	0.0280853770673	0	0	0	0	0	0	0	0	0	68.8592224121	0	0	0	0	0	0	0	0	0	0	0	0	0	0	0
Feb 22 2023 18:06:06	6.27574777603	90.1124420166	96.8706741333	0.000540685781743	65.5211791992	10.300907135	78.0750274658	-	0	0	0	0	0	0	0	0	0	0	0	0	0	0	0	0	0	9.49394893646	0	0	0	0	0	0	0	0	0.558999240398	3.57541632652	5.55408763885	5.47156906128	3.88974690437	2.05337166786	0.793020546436	0.208855882287	0.0282750464976	0	0	0	0	0	0	0	0	0	68.3727111816	0	0	0	0	0	0	0	0	0	0	0	0	0	0	0
Feb 22 2023 18:06:07	1.53108787537	90.0320129395	96.840675354	0.000551878241822	64.9984664917	9.25229549408	74.7637710571	-	0	0	0	0	0	0	0	0	0	0	0	0	0	0	0	0	0	11.7469978333	3.49890303091e-14	0	0	0	0	0	0	0	0	1.22925078869	3.72359609604	5.25725841522	4.92945623398	3.28771734238	1.56015908718	0.497702240944	0.0852198824286	0	0	0	0	0	0	0	0	0	67.6826400757	0	0	0	0	0	0	0	0	0	0	0	0	0	0	0
Feb 22 2023 18:06:08	1.56357300282	89.5435638428	96.6581192017	0.000632351962849	62.165977478	9.64135551453	73.0292663574	-	0	0	0	0	0	0	0	0	0	0	0	0	0	0	0	0	0	10.7227582932	1.21809615346e-12	0	0	0	0	0	0	0	0.110507197678	1.53479385376	3.21809911728	4.56047821045	5.08185529709	4.63083791733	3.44834804535	2.02131557465	0.819069862366	0.0897016227245	0	0	0	0	0	0	0	0	63.7622375488	0	0	0	0	0	0	0	0	0	0	0	0	0	0	0
Feb 22 2023 18:06:09	7.61126375198	91.0869750977	97.2327804565	0.000910694943741	73.4714584351	13.1144609451	72.3995361328	-	0	0	0	0	0	0	0	0	0	0	0	0	0	0	0	0	0	7.21468639374	0	0	0	0	0	0	0	0	0	0	14.8399772644	0	0	0	0	0	0	0	0	0	0	0	0	0	0	0	77.9453353882	0	0	0	0	0	0	0	0	0	0	0	0	0	0	0
Feb 22 2023 18:06:10	7.57178401947	90.7619094849	97.1122741699	0.000529758108314	70.5655288696	11.6010150909	80.5863647461	-	0	0	0	0	0	0	0	0	0	0	0	0	0	0	0	0	0	8.54938220978	2.50163225638e-13	0	0	0	0	0	0	0	0	0	10.2905769348	5.19614648819	1.27810955048	0.188490077853	0.0168890859932	0.000846440787427	1.62862252182e-05	0	0	0	0	0	0	0	0	0	74.4795532227	0	0	0	0	0	0	0	0	0	0	0	0	0	0	0
Feb 22 2023 18:06:11	1.58964133263	90.5214996338	97.0229797363	0.000875136058312	68.3876342773	10.0952177048	65.9903793335	-	0	0	0	0	0	0	0	0	0	0	0	0	0	0	0	0	0	10.2206945419	0	0	0	0	0	0	0	0	0	2.16417956352	10.4558763504	4.10247850418	0.844072639942	0.103664830327	0.00760249840096	0.000305913941702	4.63928654426e-06	0	0	0	0	0	0	0	0	0	72.1011199951	0	0	0	0	0	0	0	0	0	0	0	0	0	0	0
Feb 22 2023 18:06:12	1.50328814983	89.3863220215	96.5992050171	0.00106309982948	61.0137329102	8.0500421524	51.8941116333	-	0	0	0	0	0	0	0	0	0	0	0	0	0	0	0	0	0	14.2569389343	0	0	0	0	0	0	0	0	0	0.835297524929	2.19558262825	3.62011194229	4.56283664703	4.62141036987	3.77311062813	2.39460945129	1.03548038006	0.113702483475	0	0	0	0	0	0	0	0	62.5909194946	0	0	0	0	0	0	0	0	0	0	0	0	0	0	0
Feb 22 2023 18:06:13	1.50122773647	89.4576339722	96.6259307861	0.0010436004959	61.1007385254	7.84327363968	51.731754303	-	0	0	0	0	0	0	0	0	0	0	0	0	0	0	0	0	0	14.4886608124	2.33600065561e-14	0	0	0	0	0	0	0	0.207980319858	1.51156330109	3.31160163879	4.72111225128	4.96572685242	3.97749018669	2.40431642532	1.03650295734	0.258036017418	0	0	0	0	0	0	0	0	0	63.1170082092	0	0	0	0	0	0	0	0	0	0	0	0	0	0	0
Feb 22 2023 18:06:14	1.53017282486	89.7408370972	96.7319259644	0.000929925532546	63.2553520203	9.16731834412	61.0266456604	-	0	0	0	0	0	0	0	0	0	0	0	0	0	0	0	0	0	11.8148565292	0	0	0	0	0	0	0	0	0.0510077401996	1.3512597084	2.99851250648	4.32086658478	4.76978397369	4.20908021927	2.96788668633	1.6064889431	0.578551113605	0.0395054109395	0	0	0	0	0	0	0	0	65.2921981812	0	0	0	0	0	0	0	0	0	0	0	0	0	0	0
Feb 22 2023 18:06:15	1.58135151863	90.0839767456	96.8600616455	0.000730753003154	65.4615097046	10.0359573364	70.5230026245	-	0	0	0	0	0	0	0	0	0	0	0	0	0	0	0	0	0	10.3132705688	0	0	0	0	0	0	0	0	0	1.47148501873	4.1208024025	5.62077474594	5.08747816086	3.25694346428	1.47578763962	0.449939906597	0.0765957608819	0	0	0	0	0	0	0	0	0	68.1269226074	0	0	0	0	0	0	0	0	0	0	0	0	0	0	0
Feb 22 2023 18:06:16	1.51351559162	89.7080307007	96.7196578979	0.00103957101237	62.7918891907	8.45701313019	54.5982551575	-	0	0	0	0	0	0	0	0	0	0	0	0	0	0	0	0	0	13.2123308182	0	0	0	0	0	0	0	0	0	1.36039292812	3.31575155258	4.75798606873	4.93105125427	3.87185621262	2.29600262642	0.976308822632	0.245408207178	0	0	0	0	0	0	0	0	0	65.032913208	0	0	0	0	0	0	0	0	0	0	0	0	0	0	0
Feb 22 2023 18:06:17	1.53032541275	89.9380874634	96.8056182861	0.000839200161863	64.2111587524	9.04852485657	63.7682304382	-	0	0	0	0	0	0	0	0	0	0	0	0	0	0	0	0	0	11.8034820557	0	0	0	0	0	0	0	0	0.0552843734622	2.57334804535	4.83557605743	5.45149278641	4.35644292831	2.56274986267	1.09805738926	0.320876955986	0.0491901598871	0	0	0	0	0	0	0	0	0	66.8935012817	0	0	0	0	0	0	0	0	0	0	0	0	0	0	0
Feb 22 2023 18:06:18	1.49988496304	89.1361694336	96.505355835	0.000657554774079	59.6330375671	7.84300851822	65.9307632446	-	0	0	0	0	0	0	0	0	0	0	0	0	0	0	0	0	0	14.6439447403	1.77951240982e-13	0	0	0	0	0	0	0	0.19452047348	0.959019839764	2.09935307503	3.34535551071	4.31549263	4.64699792862	4.16755723953	3.00387001038	1.54473268986	0.269426941872	0	0	0	0	0	0	0	0	60.8097305298	0	0	0	0	0	0	0	0	0	0	0	0	0	0	0
Feb 22 2023 18:06:19	1.52768647671	89.9179916382	96.7981185913	0.00102821260225	64.0480270386	8.94905662537	57.2135391235	-	0	0	0	0	0	0	0	0	0	0	0	0	0	0	0	0	0	12.0034923553	0	0	0	0	0	0	0	0	0	2.00637030602	5.03237438202	6.0117764473	4.6381726265	2.45731258392	0.890959024429	0.207953229547	0.0246498994529	0	0	0	0	0	0	0	0	0	66.7269439697	0	0	0	0	0	0	0	0	0	0	0	0	0	0	0
Feb 22 2023 18:06:20	1.52114152908	89.9447097778	96.80809021	0.000970089866314	64.4535827637	8.91882991791	58.5518226624	-	0	0	0	0	0	0	0	0	0	0	0	0	0	0	0	0	0	12.5317115784	3.44020737461e-13	0	0	0	0	0	0	0	0	0.528178632259	2.74100852013	4.77015304565	5.25749635696	4.04826259613	2.20123386383	0.807202994823	0.166209354997	0	0	0	0	0	0	0	0	0	66.9485473633	0	0	0	0	0	0	0	0	0	0	0	0	0	0	0
Feb 22 2023 18:06:21	1.49048519135	88.821105957	96.3869018555	0.000896608165931	57.2226982117	5.91907930374	48.2113647461	-	0	0	0	0	0	0	0	0	0	0	0	0	0	0	0.13640126586	1.57678794861	4.51012086868	6.37466812134	5.45019674301	3.01657891273	1.07645106316	0.226829901338	0.0221276562661	0.000536469451617	4.56177531305e-07	1.9509542426e-07	0.00040269587771	0.0210794620216	0.249268651009	1.26683723927	3.52430272102	5.7635307312	5.36765575409	2.4139111042	0.302968561649	0.000160956376931	0	0	0	0	0	0	0	0	58.6991844177	0	0	0	0	0	0	0	0	0	0	0	0	0	0	0
Feb 22 2023 18:06:22	1.52119624615	89.891784668	96.7883300781	0.00062421587063	63.8807220459	8.72908973694	70.4947662354	-	0	0	0	0	0	0	0	0	0	0	0	0	0	0	0	0	0	12.5270957947	0	0	0	0	0	0	0	0	0.000967023952398	2.17041301727	4.41594362259	5.31740760803	4.51352739334	2.81137156487	1.2734913826	0.393928349018	0.0649607181549	0	0	0	0	0	0	0	0	0	66.5108947754	0	0	0	0	0	0	0	0	0	0	0	0	0	0	0
Feb 22 2023 18:06:23	1.49882102013	89.1083908081	96.4949188232	0.000607881636824	59.700668335	7.88769245148	68.0661621094	-	0	0	0	0	0	0	0	0	0	0	0	0	0	0	0	0	0	14.7694673538	1.01165169991e-12	0	0	0	0	0	0	0	0	0.451571077108	1.42428302765	2.71004986763	3.96948266029	4.7531580925	4.700299263	3.74800419807	2.20893025398	0.646892905235	0	0	0	0	0	0	0	0	60.6178627014	0	0	0	0	0	0	0	0	0	0	0	0	0	0	0
Feb 22 2023 18:06:24	1.53537404537	89.6061477661	96.6815414429	0.000883046130184	62.6195373535	9.38991928101	63.348941803	-	0	0	0	0	0	0	0	0	0	0	0	0	0	0	0	0	0	11.4548683167	0	0	0	0	0	0	0	0	0	0.917176067829	2.42425656319	3.93514966965	4.85175704956	4.79201841354	3.81302237511	2.37004375458	1.03160262108	0.16997590661	0	0	0	0	0	0	0	0	64.2401275635	0	0	0	0	0	0	0	0	0	0	0	0	0	0	0
Feb 22 2023 18:06:25	1.71466159821	87.9372024536	96.2307128906	0.000496315653436	55.9624710083	7.3613448143	73.5693283081	-	0	0	0	0	0	0	0	0	0	0	0	0	0	0	0.745396435261	1.88765788078	2.76642131805	3.08630180359	2.84279584885	2.22694039345	1.49172365665	0.841467380524	0.386362075806	0.145049452782	0.0658423900604	0.0938628464937	0.274435639381	0.7370236516	1.58339941502	2.77918028831	4.08972978592	5.0767159462	5.2401766777	4.30484819412	2.51197981834	0.695760905743	0	0	0	0	0	0	0	0	56.1269302368	0	0	0	0	0	0	0	0	0	0	0	0	0	0	0
Feb 22 2023 18:06:26	1.55502140522	88.2405395508	96.2817840576	0.000759208167437	56.4494171143	6.78246879578	58.7201538086	-	0	0	0	0	0	0	0	0	0	0	0	0	0	0	0.132749766111	1.42904281616	3.85938835144	5.22753238678	4.35653018951	2.400421381	0.878461539745	0.199785038829	0.0235726684332	0.000994007335976	1.06292272903e-05	4.35594893133e-06	0.000502221111674	0.0181671772152	0.208953648806	1.13119781017	3.49829912186	6.59803771973	7.46256017685	4.53216314316	1.07115530968	0.0272038821131	0	0	0	0	0	0	0	0	56.9432678223	0	0	0	0	0	0	0	0	0	0	0	0	0	0	0
Feb 22 2023 18:06:27	1.58842051029	86.8192977905	96.0412139893	0.000694495567586	53.1839103699	6.32268619537	60.5467147827	-	0	0	0	0	0	0	0	0	0	0	0	0	0	0	1.03936934471	2.26933169365	3.15186047554	3.48992729187	3.29413151741	2.71656894684	1.96601772308	1.2320792675	0.648953914642	0.287225365639	0.145318225026	0.186825603247	0.448046028614	1.00282359123	1.86179804802	2.91959047318	3.95628809929	4.65466213226	4.68727350235	3.8659260273	2.30955648422	0.577863037586	0	0	0	0	0	0	0	0	53.2885551453	0	0	0	0	0	0	0	0	0	0	0	0	0	0	0
Feb 22 2023 18:06:28	1.58482098579	86.7569503784	96.0305786133	0.000682300888002	53.020362854	6.31422519684	61.0089073181	-	0	0	0	0	0	0	0	0	0	0	0	0	0	0	1.00035429001	2.26738023758	3.19306778908	3.54132843018	3.31892323494	2.69814324379	1.91340148449	1.17034935951	0.604016125202	0.271773099899	0.154354557395	0.213435903192	0.494264394045	1.07503318787	1.96691381931	3.05534815788	4.10168933868	4.76655864716	4.71236038208	3.77225422859	2.12983226776	0.441537886858	0	0	0	0	0	0	0	0	53.137676239	0	0	0	0	0	0	0	0	0	0	0	0	0	0	0
Feb 22 2023 18:06:29	1.49942338467	89.1587295532	96.5138244629	0.000932129449211	60.1567153931	8.00108718872	55.8057060242	-	0	0	0	0	0	0	0	0	0	0	0	0	0	0	0	0	0	14.6981344223	0	0	0	0	0	0	0	0	0	0.0688799396157	0.862214803696	2.12121295929	3.57937765121	4.73829984665	5.06879901886	4.31553268433	2.70384883881	0.877311706543	0	0	0	0	0	0	0	0	60.9663887024	0	0	0	0	0	0	0	0	0	0	0	0	0	0	0
Feb 22 2023 18:06:30	1.56501805782	25.3878669739	95.8313217163	0.000479004433146	52.0726127625	6.99559354782	71.9060058594	-	0	0	0	0	0	0	0	0	0	0	0	0	0	0	7.0260715465e-30	2.01866006549e-11	0.00476181460544	11.1805267334	7.72436189651	0.00434797815979	1.26968024983e-09	1.29107060866e-20	3.29725528656e-40	0	0	0	0	0	0	3.31467890646e-05	0.00827377848327	0.206922620535	1.8023815155	7.099629879	12.7973136902	8.8972454071	1.39129936695	0.00378949078731	0	0	0	0	0	0	48.8791122437	0	0	0	0	0	0	0	0	0	0	0	0	0	0	0
Feb 22 2023 18:06:31	1.50685799122	88.9609527588	96.4395141602	0.000858596758917	60.0653800964	8.56462478638	60.4469604492	-	0	0	0	0	0	0	0	0	0	0	0	0	0	0	0	0	0	13.8732318878	7.54794786243e-14	0	0	0	0	0	0	0	0	0	0	0.155912846327	0.912725269794	2.68863558769	5.24898004532	7.16623449326	6.58816719055	3.4059677124	0.341618776321	0	0	0	0	0	0	0	59.6185264587	0	0	0	0	0	0	0	0	0	0	0	0	0	0	0
Feb 22 2023 18:06:32	1.4923812151	87.8110122681	96.2094268799	0.000466286117444	56.1403541565	7.50058364868	73.2982940674	-	0	0	0	0	0	0	0	0	0	0	0	0	0	0	0	0	0	15.5798406601	6.85519561377e-15	0	0	0	0	0	0	0	0.0720752924681	0.463144719601	1.1892054081	2.23856949806	3.47898817062	4.63233423233	5.31553888321	5.16395568848	4.01127338409	2.06170558929	0	0	0	0	0	0	0	0	55.7933692932	0	0	0	0	0	0	0	0	0	0	0	0	0	0	0
Feb 22 2023 18:06:33	1.48628675938	87.4002761841	96.1399536133	0.000604129687417	55.1888504028	7.17876958847	65.5703277588	-	0	0	0	0	0	0	0	0	0	0	0	0	0	0	0	0	0	16.4369297028	0	0	0	0	0	0	0	0	0.112773582339	0.5059055686	1.22964560986	2.27113771439	3.49927473068	4.63975524902	5.31459283829	5.16269445419	4.01745653152	2.07841515541	0	0	0	0	0	0	0	0	54.7314147949	0	0	0	0	0	0	0	0	0	0	0	0	0	0	0
Feb 22 2023 18:06:34	1.67051696777	23.8213367462	95.7611312866	0.000648613960948	49.5010414124	6.63960075378	64.4827957153	-	0	0	0	0	0	0	0	0	0	0	0	0	0	0	1.01677012444	2.03991031647	2.77307510376	3.10513901711	3.03535246849	2.64557957649	2.06093907356	1.41052675247	0.808448731899	0.350228309631	0.0954495444894	0.0413691289723	0.184844747186	0.597335338593	1.31699109077	2.31144332886	3.47125530243	4.59109640121	5.38192081451	5.53459262848	4.84150505066	3.35826802254	1.52098608017	0.104179091752	0	0	0	0	0	1.49666029217e-14	47.4028053284	0	0	0	0	0	0	0	0	0	0	0	0	0	0	0
Feb 22 2023 18:06:35	1.7764724493	86.3549423218	95.9741439819	0.000426730228355	53.1043510437	7.16508960724	76.7070922852	-	0	0	0	0	0	0	0	0	0	0	0	0	0	0	1.02261149883	1.86689639091	2.43648290634	2.69084262848	2.64429759979	2.35522198677	1.90653860569	1.38490223885	0.872202336788	0.449233084917	0.191583931446	0.155848711729	0.378991395235	0.867700278759	1.59828829765	2.50259160995	3.4629471302	4.30134057999	4.79498004913	4.72384929657	3.94889593124	2.51611423492	0.745220601559	0	0	0	0	0	0	0	52.1824188232	0	0	0	0	0	0	0	0	0	0	0	0	0	0	0
Feb 22 2023 18:06:36	1.73355925083	88.8369674683	96.392868042	0.000490345410071	58.0070533752	7.27922439575	73.7330703735	-	0	0	0	0	0	0	0	0	0	0	0	0	0	0	1.03951406479	1.9508908987	2.56589078903	2.82077598572	2.72800827026	2.35963153839	1.82071399689	1.22097969055	0.660781502724	0.231564164162	0.00832914095372	0.0124934017658	0.271910876036	0.813212513924	1.59342455864	2.50434160233	3.37916064262	3.99979567528	4.14088582993	3.64365124702	2.49998021126	0.931983709335	0	0	0	0	0	0	0	0	58.8020782471	0	0	0	0	0	0	0	0	0	0	0	0	0	0	0
Feb 22 2023 18:06:37	1.60479414463	87.5886535645	96.1718521118	0.000774301879574	54.957321167	6.61811828613	58.4156913757	-	0	0	0	0	0	0	0	0	0	0	0	0	0	0	0.754111409187	2.07082676888	3.1925804615	3.685287714	3.46780490875	2.74137210846	1.82495617867	0.996623754501	0.41690710187	0.118688724935	0.0247461292893	0.0246591344476	0.127190664411	0.484613150358	1.25187325478	2.44243049622	3.83504486084	4.9499578476	5.20380496979	4.25473642349	2.3738462925	0.543927013874	0	0	0	0	0	0	0	0	55.214012146	0	0	0	0	0	0	0	0	0	0	0	0	0	0	0
Feb 22 2023 18:06:38	1.486759305	88.58177948	96.3390579224	0.000632128911093	57.5071754456	7.27243328094	64.5761947632	-	0	0	0	0	0	0	0	0	0	0	0	0	0	0	0	0	0	16.3669757843	3.53588171112e-13	0	0	0	0	0	0	0	0.041123919189	0.461762070656	1.25293564796	2.36188268661	3.58396029472	4.57026290894	4.92733192444	4.39131355286	2.99880027771	1.15668284893	0	0	0	0	0	0	0	0	57.88697052	0	0	0	0	0	0	0	0	0	0	0	0	0	0	0
Feb 22 2023 18:06:39	7.45000076294	90.6476745605	97.0698623657	0.000601784908213	69.5405426025	10.8220472336	76.6627349854	-	0	0	0	0	0	0	0	0	0	0	0	0	0	0	0	0	0	9.46074295044	0	0	0	0	0	0	0	0	0	0	8.37184619904	8.51516056061	0.315053790808	0.00621819728985	7.24063429516e-05	4.72352951419e-07	1.38344236067e-09	0	0	0	0	0	0	0	0	0	73.3309020996	0	0	0	0	0	0	0	0	0	0	0	0	0	0	0
Feb 22 2023 18:06:40	1.48598694801	87.2077789307	96.1072998047	0.000423567340476	55.8425979614	7.41527080536	74.8292236328	-	0	0	0	0	0	0	0	0	0	0	0	0	0	0	0	0	0	16.481628418	1.5380256747e-12	0	0	0	0	0	0	0	0	0	0.00161930418108	0.110234379768	0.682330846786	2.23956561089	4.90866470337	7.5505771637	7.89127206802	4.86299037933	1.02527463436	0	0	0	0	0	0	0	54.24584198	0	0	0	0	0	0	0	0	0	0	0	0	0	0	0
Feb 22 2023 18:06:41	1.55285406113	90.603302002	97.0533752441	0.000962528400123	69.5117645264	10.2942199707	63.0241317749	-	0	0	0	0	0	0	0	0	0	0	0	0	0	0	0	0	0	10.9882040024	2.97862219102e-14	0	0	0	0	0	0	0	0	0	0	3.44393205643	6.38043785095	4.57297420502	1.49300384521	0.216571807861	0.0110468361527	0	0	0	0	0	0	0	0	0	72.8938293457	0	0	0	0	0	0	0	0	0	0	0	0	0	0	0
Feb 22 2023 18:06:42	1.5020326376	88.5711517334	96.337272644	0.000599815219175	58.0233650208	8.06391620636	69.029838562	-	0	0	0	0	0	0	0	0	0	0	0	0	0	0	0	0	0	14.3972101212	3.0719086129e-12	0	0	0	0	0	0	0	0	0.162205040455	0.784249067307	1.82243216038	3.17972779274	4.54917240143	5.45332193375	5.41702127457	4.22635507584	2.15114426613	0	0	0	0	0	0	0	0	57.8571624756	0	0	0	0	0	0	0	0	0	0	0	0	0	0	0
Feb 22 2023 18:06:43	1.53638362885	89.6283569336	96.6898574829	0.000570406031329	62.4619178772	9.2055644989	74.1676940918	-	0	0	0	0	0	0	0	0	0	0	0	0	0	0	0	0	0	11.4266910553	3.2775914483e-15	0	0	0	0	0	0	0	0.365018457174	1.97308135033	3.66984343529	4.76091814041	4.85292625427	4.01045370102	2.67259025574	1.37361359596	0.465638786554	0.0178369432688	0	0	0	0	0	0	0	0	64.4113922119	0	0	0	0	0	0	0	0	0	0	0	0	0	0	0
Feb 22 2023 18:06:44	1.52344739437	89.8876190186	96.7867736816	0.000423105084337	64.1269226074	8.98098182678	79.3590698242	-	0	0	0	0	0	0	0	0	0	0	0	0	0	0	0	0	0	12.3401298523	0	0	0	0	0	0	0	0	0	1.13014662266	2.872569561	4.28864002228	4.6938290596	3.9686832428	2.594196558	1.25346529484	0.378114134073	0.00352773233317	0	0	0	0	0	0	0	0	66.4766998291	0	0	0	0	0	0	0	0	0	0	0	0	0	0	0
Feb 22 2023 18:06:45	5.569835186	89.4104232788	96.6082458496	0.00062592967879	61.4815177917	9.99877262115	74.3565826416	-	0	0	0	0	0	0	0	0	0	0	0	0	0	0	0	0	0	9.95582580566	3.1242901739e-14	0	0	0	0	0	0	0	0.572830080986	1.73470139503	3.1645720005	4.40513801575	5.02612018585	4.8007850647	3.81759548187	2.439204216	1.11950993538	0.195887506008	0	0	0	0	0	0	0	0	62.7678337097	0	0	0	0	0	0	0	0	0	0	0	0	0	0	0
Feb 22 2023 18:06:46	1.66911709309	87.3749237061	96.1356582642	0.00049907452194	54.3786468506	6.66740226746	71.3502502441	-	0	0	0	0	0	0	0	0	0	0	0	0	0	0	1.19301867485	2.13775420189	2.73397469521	2.9532392025	2.83245301247	2.45664930344	1.93336939812	1.36756074429	0.851774573326	0.470344722271	0.295025110245	0.369498848915	0.708507299423	1.28794682026	2.04592442513	2.87436294556	3.62649416924	4.11884641647	4.16258621216	3.61757230759	2.45749163628	0.838590681553	0	0	0	0	0	0	0	0	54.6670265198	0	0	0	0	0	0	0	0	0	0	0	0	0	0	0
Feb 22 2023 18:06:47	1.67059075832	86.9228286743	96.05884552	0.000469181657536	53.7607269287	6.85161685944	73.3245620728	-	0	0	0	0	0	0	0	0	0	0	0	0	0	0	0.931107640266	2.03520345688	2.83172059059	3.14327096939	2.97655415535	2.46445775032	1.7917137146	1.12794601917	0.595218479633	0.260138779879	0.124590352178	0.155341655016	0.387187898159	0.901878833771	1.73087859154	2.79966616631	3.91576933861	4.77175712585	5.01663637161	4.40066289902	2.95570468903	1.14182019234	0	0	0	0	0	0	0	0	53.5407714844	0	0	0	0	0	0	0	0	0	0	0	0	0	0	0
Feb 22 2023 18:06:48	1.51188838482	88.7798843384	96.3722229004	0.000705395941623	57.5694961548	6.82694339752	60.0820426941	-	0	0	0	0	0	0	0	0	0	0	0	0	0	0	0.000845830072649	0.337619781494	4.00742959976	8.12263870239	4.69022274017	0.91808706522	0.0607555285096	0.00111495621968	3.34974242833e-06	5.44579437101e-10	2.60322362625e-15	1.0565528148e-14	2.43204301142e-09	1.25085489344e-05	0.00397994974628	0.20346558094	2.60713338852	9.57093048096	9.31383514404	1.694247365	0.0200805440545	7.44624131244e-08	0	0	0	0	0	0	0	0	58.4476013184	0	0	0	0	0	0	0	0	0	0	0	0	0	0	0
Feb 22 2023 18:06:49	1.49578106403	89.0468063354	96.471786499	0.000693569425493	59.1391906738	7.66198396683	63.6769065857	-	0	0	0	0	0	0	0	0	0	0	0	0	0	0	0	0	0	15.1408090591	0	0	0	0	0	0	0	0	0.0719314366579	0.819950461388	1.97482538223	3.27022886276	4.31569433212	4.72711086273	4.30558586121	3.15849733353	1.67308616638	0.345676273108	0	0	0	0	0	0	0	0	60.1966018677	0	0	0	0	0	0	0	0	0	0	0	0	0	0	0
Feb 22 2023 18:06:50	1.52665412426	89.9220428467	96.7996292114	0.000567049195524	64.4543533325	9.18166828156	73.8562316895	-	0	0	0	0	0	0	0	0	0	0	0	0	0	0	0	0	0	12.0836820602	6.90463094685e-13	0	0	0	0	0	0	0	0	0.509251058102	2.42035794258	4.21198415756	4.95529985428	4.34523010254	2.88087129593	1.39232647419	0.422601908445	0.017923688516	0	0	0	0	0	0	0	0	66.7604675293	0	0	0	0	0	0	0	0	0	0	0	0	0	0	0
Feb 22 2023 18:06:51	1.44690036774	87.6654052734	96.1848297119	0.000831461336929	54.264919281	5.42877340317	48.7648086548	-	0	0	0	0	0	0	0	0	0	0	0	0	0	0	1.27740204334	2.88243937492	4.03655433655	4.44473171234	4.12535142899	3.30632805824	2.29045033455	1.33977437019	0.623727560043	0.210650473833	0.0609431304038	0.0770978331566	0.279321372509	0.763805389404	1.54204726219	2.48763537407	3.35604476929	3.8291823864	3.63194894791	2.69099092484	1.27040421963	0.0603767558932	0	0	0	0	0	0	0	0	55.4127922058	0	0	0	0	0	0	0	0	0	0	0	0	0	0	0
Feb 22 2023 18:06:52	1.50425827503	89.1023635864	96.4926605225	0.000555958366022	59.3795509338	7.95863437653	70.8387680054	-	0	0	0	0	0	0	0	0	0	0	0	0	0	0	0	0	0	14.1504878998	6.76045591036e-14	0	0	0	0	0	0	0	0.375975608826	1.28434813023	2.53017425537	3.76796460152	4.58785295486	4.67224597931	3.95528149605	2.67463254929	1.26578724384	0.15882371366	0	0	0	0	0	0	0	0	60.5764274597	0	0	0	0	0	0	0	0	0	0	0	0	0	0	0
Feb 22 2023 18:06:53	1.510612607	89.8262329102	96.7638397217	0.000613043492194	63.5937271118	8.45230579376	69.8038787842	-	0	0	0	0	0	0	0	0	0	0	0	0	0	0	0	0	0	13.4922456741	0	0	0	0	0	0	0	0	0	0.496462255716	2.29787015915	4.54519701004	5.51432466507	4.41542768478	2.3428273201	0.783182799816	0.1361374259	0	0	0	0	0	0	0	0	0	65.9763336182	0	0	0	0	0	0	0	0	0	0	0	0	0	0	0
Feb 22 2023 18:06:54	1.55986726284	90.3971405029	96.9767227173	0.000705358397681	67.454788208	9.76542282104	70.5521774292	-	0	0	0	0	0	0	0	0	0	0	0	0	0	0	0	0	0	10.8128604889	0	0	0	0	0	0	0	0	0	0.588376522064	8.9718952179	6.07745218277	2.12324738503	0.440488398075	0.0546706207097	0.00377344153821	0.000105804545456	0	0	0	0	0	0	0	0	0	70.9271316528	0	0	0	0	0	0	0	0	0	0	0	0	0	0	0
Feb 22 2023 18:06:55	6.33149671555	90.629486084	97.0631027222	0.0010762574384	69.1613082886	10.2753076553	60.7667388916	-	0	0	0	0	0	0	0	0	0	0	0	0	0	0	0	0	0	9.71937942505	0	0	0	0	0	0	0	0	0	7.85238981247	9.27667236328	0.000438358838437	3.70848529663e-09	7.60155403657e-15	3.56879966703e-21	2.81040340096e-28	8.81916986402e-37	0	0	0	0	0	0	0	0	0	73.1511230469	0	0	0	0	0	0	0	0	0	0	0	0	0	0	0
Feb 22 2023 18:06:56	1.46346712112	87.8140640259	96.2099380493	0.00036187027581	54.5321426392	5.53798246384	73.7835922241	-	0	0	0	0	0	0	0	0	0	0	0	0	0	0	1.47246170044	2.85504722595	3.738458395	4.0163025856	3.74889969826	3.10272622108	2.28196048737	1.46950161457	0.801486432552	0.365445137024	0.189395919442	0.25571924448	0.576435804367	1.14870393276	1.89920341969	2.67806529999	3.29142522812	3.5309844017	3.23985862732	2.39033150673	1.14619028568	0	0	0	0	0	0	0	0	6.77186281836e-15	55.801399231	0	0	0	0	0	0	0	0	0	0	0	0	0	0	0
Feb 22 2023 18:06:57	-1.00000001505e+30	-1.00000001505e+30	-1.00000001505e+30	-1.00000002538e+26	-1.00000001505e+30	-1.00000001505e+30	99.9215087891	-	0	0	0	0	0	0	0	0	0	0	0	0	0	0	0	0	0	0	0	0	0	0	0	0	0	0	0	0	0	0	0	0	0	0	0	0	0	0	0	0	0	0	0	0	0	0	0	0	0	0	0	0	0	0	0	0	0	0	0	0
Feb 22 2023 18:06:58	-1.00000001505e+30	-1.00000001505e+30	-1.00000001505e+30	-1.00000002538e+26	-1.00000001505e+30	-1.00000001505e+30	99.9890823364	-	0	0	0	0	0	0	0	0	0	0	0	0	0	0	0	0	0	0	0	0	0	0	0	0	0	0	0	0	0	0	0	0	0	0	0	0	0	0	0	0	0	0	0	0	0	0	0	0	0	0	0	0	0	0	0	0	0	0	0	0
Feb 22 2023 18:06:59	-1.00000001505e+30	-1.00000001505e+30	-1.00000001505e+30	-1.00000002538e+26	-1.00000001505e+30	-1.00000001505e+30	99.957321167	-	0	0	0	0	0	0	0	0	0	0	0	0	0	0	0	0	0	0	0	0	0	0	0	0	0	0	0	0	0	0	0	0	0	0	0	0	0	0	0	0	0	0	0	0	0	0	0	0	0	0	0	0	0	0	0	0	0	0	0	0
Feb 22 2023 18:07:00	-1.00000001505e+30	-1.00000001505e+30	-1.00000001505e+30	-1.00000002538e+26	-1.00000001505e+30	-1.00000001505e+30	100.012039185	-	0	0	0	0	0	0	0	0	0	0	0	0	0	0	0	0	0	0	0	0	0	0	0	0	0	0	0	0	0	0	0	0	0	0	0	0	0	0	0	0	0	0	0	0	0	0	0	0	0	0	0	0	0	0	0	0	0	0	0	0
Feb 22 2023 18:07:01	-1.00000001505e+30	-1.00000001505e+30	-1.00000001505e+30	-1.00000002538e+26	-1.00000001505e+30	-1.00000001505e+30	99.9825057983	-	0	0	0	0	0	0	0	0	0	0	0	0	0	0	0	0	0	0	0	0	0	0	0	0	0	0	0	0	0	0	0	0	0	0	0	0	0	0	0	0	0	0	0	0	0	0	0	0	0	0	0	0	0	0	0	0	0	0	0	0
Feb 22 2023 18:07:02	-1.00000001505e+30	-1.00000001505e+30	-1.00000001505e+30	-1.00000002538e+26	-1.00000001505e+30	-1.00000001505e+30	99.9320144653	-	0	0	0	0	0	0	0	0	0	0	0	0	0	0	0	0	0	0	0	0	0	0	0	0	0	0	0	0	0	0	0	0	0	0	0	0	0	0	0	0	0	0	0	0	0	0	0	0	0	0	0	0	0	0	0	0	0	0	0	0
Feb 22 2023 18:07:03	-1.00000001505e+30	-1.00000001505e+30	-1.00000001505e+30	-1.00000002538e+26	-1.00000001505e+30	-1.00000001505e+30	99.9732131958	-	0	0	0	0	0	0	0	0	0	0	0	0	0	0	0	0	0	0	0	0	0	0	0	0	0	0	0	0	0	0	0	0	0	0	0	0	0	0	0	0	0	0	0	0	0	0	0	0	0	0	0	0	0	0	0	0	0	0	0	0
Feb 22 2023 18:07:04	-1.00000001505e+30	-1.00000001505e+30	-1.00000001505e+30	-1.00000002538e+26	-1.00000001505e+30	-1.00000001505e+30	99.8239059448	-	0	0	0	0	0	0	0	0	0	0	0	0	0	0	0	0	0	0	0	0	0	0	0	0	0	0	0	0	0	0	0	0	0	0	0	0	0	0	0	0	0	0	0	0	0	0	0	0	0	0	0	0	0	0	0	0	0	0	0	0
Feb 22 2023 18:07:05	-1.00000001505e+30	-1.00000001505e+30	-1.00000001505e+30	-1.00000002538e+26	-1.00000001505e+30	-1.00000001505e+30	99.8817672729	-	0	0	0	0	0	0	0	0	0	0	0	0	0	0	0	0	0	0	0	0	0	0	0	0	0	0	0	0	0	0	0	0	0	0	0	0	0	0	0	0	0	0	0	0	0	0	0	0	0	0	0	0	0	0	0	0	0	0	0	0
Feb 22 2023 18:07:06	-1.00000001505e+30	-1.00000001505e+30	-1.00000001505e+30	-1.00000002538e+26	-1.00000001505e+30	-1.00000001505e+30	99.9797515869	-	0	0	0	0	0	0	0	0	0	0	0	0	0	0	0	0	0	0	0	0	0	0	0	0	0	0	0	0	0	0	0	0	0	0	0	0	0	0	0	0	0	0	0	0	0	0	0	0	0	0	0	0	0	0	0	0	0	0	0	0
Feb 22 2023 18:07:07	-1.00000001505e+30	-1.00000001505e+30	-1.00000001505e+30	-1.00000002538e+26	-1.00000001505e+30	-1.00000001505e+30	99.9750213623	-	0	0	0	0	0	0	0	0	0	0	0	0	0	0	0	0	0	0	0	0	0	0	0	0	0	0	0	0	0	0	0	0	0	0	0	0	0	0	0	0	0	0	0	0	0	0	0	0	0	0	0	0	0	0	0	0	0	0	0	0
Feb 22 2023 18:07:08	-1.00000001505e+30	-1.00000001505e+30	-1.00000001505e+30	-1.00000002538e+26	-1.00000001505e+30	-1.00000001505e+30	99.9643478394	-	0	0	0	0	0	0	0	0	0	0	0	0	0	0	0	0	0	0	0	0	0	0	0	0	0	0	0	0	0	0	0	0	0	0	0	0	0	0	0	0	0	0	0	0	0	0	0	0	0	0	0	0	0	0	0	0	0	0	0	0
Feb 22 2023 18:07:09	-1.00000001505e+30	-1.00000001505e+30	-1.00000001505e+30	-1.00000002538e+26	-1.00000001505e+30	-1.00000001505e+30	99.9852676392	-	0	0	0	0	0	0	0	0	0	0	0	0	0	0	0	0	0	0	0	0	0	0	0	0	0	0	0	0	0	0	0	0	0	0	0	0	0	0	0	0	0	0	0	0	0	0	0	0	0	0	0	0	0	0	0	0	0	0	0	0
Feb 22 2023 18:07:10	-1.00000001505e+30	-1.00000001505e+30	-1.00000001505e+30	-1.00000002538e+26	-1.00000001505e+30	-1.00000001505e+30	99.9936065674	-	0	0	0	0	0	0	0	0	0	0	0	0	0	0	0	0	0	0	0	0	0	0	0	0	0	0	0	0	0	0	0	0	0	0	0	0	0	0	0	0	0	0	0	0	0	0	0	0	0	0	0	0	0	0	0	0	0	0	0	0
Feb 22 2023 18:07:11	-1.00000001505e+30	-1.00000001505e+30	-1.00000001505e+30	-1.00000002538e+26	-1.00000001505e+30	-1.00000001505e+30	99.9975967407	-	0	0	0	0	0	0	0	0	0	0	0	0	0	0	0	0	0	0	0	0	0	0	0	0	0	0	0	0	0	0	0	0	0	0	0	0	0	0	0	0	0	0	0	0	0	0	0	0	0	0	0	0	0	0	0	0	0	0	0	0
Feb 22 2023 18:07:12	-1.00000001505e+30	-1.00000001505e+30	-1.00000001505e+30	-1.00000002538e+26	-1.00000001505e+30	-1.00000001505e+30	99.9954071045	-	0	0	0	0	0	0	0	0	0	0	0	0	0	0	0	0	0	0	0	0	0	0	0	0	0	0	0	0	0	0	0	0	0	0	0	0	0	0	0	0	0	0	0	0	0	0	0	0	0	0	0	0	0	0	0	0	0	0	0	0
Feb 22 2023 18:07:13	-1.00000001505e+30	-1.00000001505e+30	-1.00000001505e+30	-1.00000002538e+26	-1.00000001505e+30	-1.00000001505e+30	100.004302979	-	0	0	0	0	0	0	0	0	0	0	0	0	0	0	0	0	0	0	0	0	0	0	0	0	0	0	0	0	0	0	0	0	0	0	0	0	0	0	0	0	0	0	0	0	0	0	0	0	0	0	0	0	0	0	0	0	0	0	0	0
Feb 22 2023 18:07:14	-1.00000001505e+30	-1.00000001505e+30	-1.00000001505e+30	-1.00000002538e+26	-1.00000001505e+30	-1.00000001505e+30	100.00920105	-	0	0	0	0	0	0	0	0	0	0	0	0	0	0	0	0	0	0	0	0	0	0	0	0	0	0	0	0	0	0	0	0	0	0	0	0	0	0	0	0	0	0	0	0	0	0	0	0	0	0	0	0	0	0	0	0	0	0	0	0
Feb 22 2023 18:07:15	-1.00000001505e+30	-1.00000001505e+30	-1.00000001505e+30	-1.00000002538e+26	-1.00000001505e+30	-1.00000001505e+30	99.9708557129	-	0	0	0	0	0	0	0	0	0	0	0	0	0	0	0	0	0	0	0	0	0	0	0	0	0	0	0	0	0	0	0	0	0	0	0	0	0	0	0	0	0	0	0	0	0	0	0	0	0	0	0	0	0	0	0	0	0	0	0	0
Feb 22 2023 18:07:16	-1.00000001505e+30	-1.00000001505e+30	-1.00000001505e+30	-1.00000002538e+26	-1.00000001505e+30	-1.00000001505e+30	99.9711380005	-	0	0	0	0	0	0	0	0	0	0	0	0	0	0	0	0	0	0	0	0	0	0	0	0	0	0	0	0	0	0	0	0	0	0	0	0	0	0	0	0	0	0	0	0	0	0	0	0	0	0	0	0	0	0	0	0	0	0	0	0
Feb 22 2023 18:07:17	-1.00000001505e+30	-1.00000001505e+30	-1.00000001505e+30	-1.00000002538e+26	-1.00000001505e+30	-1.00000001505e+30	100.009559631	-	0	0	0	0	0	0	0	0	0	0	0	0	0	0	0	0	0	0	0	0	0	0	0	0	0	0	0	0	0	0	0	0	0	0	0	0	0	0	0	0	0	0	0	0	0	0	0	0	0	0	0	0	0	0	0	0	0	0	0	0
Feb 22 2023 18:07:18	-1.00000001505e+30	-1.00000001505e+30	-1.00000001505e+30	-1.00000002538e+26	-1.00000001505e+30	-1.00000001505e+30	100.029823303	-	0	0	0	0	0	0	0	0	0	0	0	0	0	0	0	0	0	0	0	0	0	0	0	0	0	0	0	0	0	0	0	0	0	0	0	0	0	0	0	0	0	0	0	0	0	0	0	0	0	0	0	0	0	0	0	0	0	0	0	0
