Date-Time	Dx(10)	Dx(50)	Dx(90)	Cv(%)	D[4][3]	D[3][2]	Transmission	0.10000020	0.11659167	0.13593590	0.15848963	0.18478534	0.21544389	0.25118914	0.29286504	0.34145555	0.39810795	0.46415979	0.54117060	0.63095856	0.73564368	0.85769761	1.00000191	1.16591668	1.35935903	1.58489633	1.84785342	2.15443897	2.51189137	2.92865038	3.41455555	3.98107958	4.64159775	5.41170597	6.30958605	7.35643721	8.57697582	10.00002003	11.65916729	13.59359074	15.84896278	18.47853470	21.54438972	25.11891365	29.28650284	34.14555740	39.81079483	46.41598129	54.11705780	63.09585953	73.56436920	85.76976013	100.00019836	116.59166718	135.93591309	158.48962402	184.78533936	215.44389343	251.18913269	292.86502075	341.45556641	398.10794067	464.15979004	541.17059326	630.95855713	735.64367676	857.69757080	1000.00195313
Feb 22 2023 18:03:26	4.22041082382	86.5907821655	96.0022201538	0.000427468970884	51.9109802246	11.0275468826	87.7006759644	-	0	0	0	0	0	0	0	0	0	0	0	0	0	0	0	0	0	0	0	0	0	0.253359675407	2.74193239212	4.78906154633	6.13459825516	6.71240758896	6.59435987473	5.93160867691	4.91980934143	3.75731277466	2.61656022072	1.62343716621	0.850566208363	0.320094466209	0.0157444756478	0	0	0	0	0	0	0	0	0	52.739151001	0	0	0	0	0	0	0	0	0	0	0	0	0	0	0
Feb 22 2023 18:03:27	3.92501163483	89.0399169922	96.4691925049	0.000470933853649	57.4916496277	10.2197628021	85.7767333984	-	0	0	0	0	0	0	0	0	0	0	0	0	0	0	0	0	0	0	0	0	0	0	0	11.56620121	15.6672325134	8.2155122757	3.13178372383	0.961586952209	0.245154723525	0.0521430149674	0.00914536509663	0.00127978576347	0.000131567489007	7.2406783147e-06	0	0	0	0	0	0	0	0	0	4.33704691796e-17	60.1498298645	0	0	0	0	0	0	0	0	0	0	0	0	0	0	0
Feb 22 2023 18:03:28	-1.00000001505e+30	-1.00000001505e+30	-1.00000001505e+30	-1.00000002538e+26	-1.00000001505e+30	-1.00000001505e+30	99.0270385742	-	0	0	0	0	0	0	0	0	0	0	0	0	0	0	0	0	0	0	0	0	0	0	0	0	0	0	0	0	0	0	0	0	0	0	0	0	0	0	0	0	0	0	0	0	0	0	0	0	0	0	0	0	0	0	0	0	0	0	0	0
Feb 22 2023 18:03:29	3.66999983788	89.1693954468	96.517829895	0.000334263400873	58.0368041992	9.26711177826	88.2369537354	-	0	0	0	0	0	0	0	0	0	0	0	0	0	0	0	0	0	0	0	0	0	0	0	27.838218689	10.9465379715	0.173543944955	0.000924234976992	2.36501637119e-06	3.22162652111e-09	2.35756639905e-12	8.79340954385e-16	1.45681188326e-19	7.57085430187e-24	2.85487035485e-29	0	0	0	0	0	0	0	0	0	0	61.0407752991	0	0	0	0	0	0	0	0	0	0	0	0	0	0	0
Feb 22 2023 18:03:30	4.00535058975	89.3360290527	96.5803527832	0.000575437443331	59.3915023804	11.043012619	84.0688323975	-	0	0	0	0	0	0	0	0	0	0	0	0	0	0	0	0	0	0	0	0	0	0	0	9.44701766968	13.0755186081	8.65855789185	4.22504329681	1.65488886833	0.534269213676	0.142652347684	0.0311082843691	0.00535109639168	0.00066408078419	4.11160399381e-05	0	0	0	0	0	0	0	0	0	0	62.2248840332	0	0	0	0	0	0	0	0	0	0	0	0	0	0	0
Feb 22 2023 18:03:31	4.19794893265	89.1024703979	96.4926986694	0.000881039479282	58.1468734741	11.4830417633	77.5109710693	-	0	0	0	0	0	0	0	0	0	0	0	0	0	0	0	0	0	0	0	0	0	0	0	6.40866231918	10.6012792587	9.37443161011	6.4068198204	3.668592453	1.8070486784	0.769212782383	0.280051022768	0.0845675840974	0.0195883158594	0.00260156113654	0	0	0	0	0	0	0	0	0	0	60.5771484375	0	0	0	0	0	0	0	0	0	0	0	0	0	0	0
Feb 22 2023 18:03:32	4.08838272095	89.2612228394	96.5522918701	0.000866387272254	58.9408149719	11.0473012924	77.1588821411	-	0	0	0	0	0	0	0	0	0	0	0	0	0	0	0	0	0	0	0	0	0	0	0	7.63344192505	14.2106170654	9.49351024628	4.53509521484	1.72508454323	0.539603948593	0.139585778117	0.0295318365097	0.00494471564889	0.000602544168942	3.84646009479e-05	0	0	0	0	0	0	0	0	0	0	61.687953949	0	0	0	0	0	0	0	0	0	0	0	0	0	0	0
Feb 22 2023 18:03:33	4.86428022385	88.3791122437	96.3050613403	0.00120634306222	55.8110313416	12.7477731705	73.3798370361	-	0	0	0	0	0	0	0	0	0	0	0	0	0	0	0	0	0	0	0	0	0	0	0	0	7.0262336731	9.54198455811	8.991355896	7.00645017624	4.74805641174	2.84193396568	1.50008165836	0.685763895512	0.259060680866	0.0705337822437	0.00534120155498	0	0	0	0	0	0	0	0	0	57.3232040405	0	0	0	0	0	0	0	0	0	0	0	0	0	0	0
Feb 22 2023 18:03:34	4.56224822998	88.6528701782	96.3509674072	0.00105204910506	56.2544593811	12.026722908	75.0252456665	-	0	0	0	0	0	0	0	0	0	0	0	0	0	0	0	0	0	0	0	0	0	0	0	2.09676408768	9.09028530121	10.0167179108	8.20633411407	5.68928289413	3.4721865654	1.88678824902	0.909398376942	0.38096794486	0.13167309761	0.0319112613797	0.000642303493805	0	0	0	0	0	0	0	0	0	58.0870513916	0	0	0	0	0	0	0	0	0	0	0	0	0	0	0
Feb 22 2023 18:03:35	4.11622667313	88.8542785645	96.3993835449	0.000850250246003	56.6994743347	11.0399742126	77.3692092896	-	0	0	0	0	0	0	0	0	0	0	0	0	0	0	0	0	0	0	0	0	0	0	0	7.62459802628	10.6407546997	9.17186641693	6.37127971649	3.80676269531	1.99944114685	0.926239490509	0.374726355076	0.128716170788	0.0349779874086	0.00583329098299	0	0	0	0	0	0	0	0	0	0	58.9148025513	0	0	0	0	0	0	0	0	0	0	0	0	0	0	0
Feb 22 2023 18:03:36	4.53145503998	89.1794128418	96.5215911865	0.0010689033661	58.6653556824	12.1366424561	75.1273117065	-	0	0	0	0	0	0	0	0	0	0	0	0	0	0	0	0	0	0	0	0	0	0	0	0	12.5945777893	12.6114454269	7.72506761551	3.73084831238	1.50999224186	0.520561933517	0.152193680406	0.0368207618594	0.00692264875397	0.000823603360914	0	0	0	0	0	0	0	0	0	0	61.110748291	0	0	0	0	0	0	0	0	0	0	0	0	0	0	0
Feb 22 2023 18:03:37	4.59112262726	88.8862304688	96.4114074707	0.00113001186401	57.015083313	11.9517335892	73.4669113159	-	0	0	0	0	0	0	0	0	0	0	0	0	0	0	0	0	0	0	0	0	0	0	0	0	11.080655098	12.7111587524	8.75256252289	4.78810691833	2.22333145142	0.893366038799	0.310277163982	0.0913508981466	0.0216547567397	0.00353028159589	7.1456648584e-05	0	0	0	0	0	0	0	0	0	59.1239318848	0	0	0	0	0	0	0	0	0	0	0	0	0	0	0
Feb 22 2023 18:03:38	4.59217739105	87.9921188354	96.2399673462	0.000909528927878	54.5792388916	11.4198884964	77.0985565186	-	0	0	0	0	0	0	0	0	0	0	0	0	0	0	0	0	0	0	0	0	0	0	0	0	11.0654268265	13.117430687	9.47380638123	5.495200634	2.73423838615	1.19031858444	0.453406631947	0.148593381047	0.0400782003999	0.00783208571374	0.000479886424728	0	0	0	0	0	0	0	0	4.84033631928e-15	56.27318573	0	0	0	0	0	0	0	0	0	0	0	0	0	0	0
Feb 22 2023 18:03:39	4.65993928909	88.8216094971	96.3870925903	0.000649833120406	56.7350502014	12.1723871231	83.998374939	-	0	0	0	0	0	0	0	0	0	0	0	0	0	0	0	0	0	0	0	0	0	0	0	0	9.68408107758	11.8095092773	9.13871097565	5.64146852493	2.95150780678	1.33239305019	0.51790356636	0.169697478414	0.0443389713764	0.00779956951737	0.000168098937138	0	0	0	0	0	0	0	0	0	58.7024230957	0	0	0	0	0	0	0	0	0	0	0	0	0	0	0
Feb 22 2023 18:03:40	4.93058872223	88.5785522461	96.3385162354	0.00094878411619	56.225112915	12.7690677643	78.3356399536	-	0	0	0	0	0	0	0	0	0	0	0	0	0	0	0	0	0	0	0	0	0	0	0	0	6.05390310287	10.3825826645	9.89162635803	7.28666687012	4.49067926407	2.37265920639	1.07636666298	0.411891996861	0.126665115356	0.0272568836808	0.00177789211739	0	0	0	0	0	0	0	0	0	57.8779220581	0	0	0	0	0	0	0	0	0	0	0	0	0	0	0
Feb 22 2023 18:03:41	4.89663791656	88.7645950317	96.3696670532	0.00113284715917	56.6871566772	12.8865070343	74.9499282837	-	0	0	0	0	0	0	0	0	0	0	0	0	0	0	0	0	0	0	0	0	0	0	0	0	6.49907684326	10.1679067612	9.37423992157	6.90499782562	4.36050462723	2.41235923767	1.17059969902	0.490373849869	0.169769197702	0.0427889600396	0.00338822277263	0	0	0	0	0	0	0	0	0	58.4039916992	0	0	0	0	0	0	0	0	0	0	0	0	0	0	0
Feb 22 2023 18:03:42	5.03355407715	87.6622161865	96.1842880249	0.0017256217543	54.3576965332	12.9042797089	64.5388717651	-	0	0	0	0	0	0	0	0	0	0	0	0	0	0	0	0	0	0	0	0	0	0	0	0	5.5569601059	8.56106090546	8.89878940582	7.6567568779	5.764564991	3.86625051498	2.312469244	1.21694397926	0.543524682522	0.186935424805	0.0312424488366	0	0	0	0	0	0	0	0	0	55.4045028687	0	0	0	0	0	0	0	0	0	0	0	0	0	0	0
Feb 22 2023 18:03:43	4.68279123306	88.0596466064	96.2513427734	0.00109309866093	55.0627937317	12.2868738174	74.5903930664	-	0	0	0	0	0	0	0	0	0	0	0	0	0	0	0	0	0	0	0	0	0	0	0	2.5040268898	7.01173305511	8.4967880249	8.01179122925	6.50810527802	4.70900964737	3.06495714188	1.78814637661	0.918245315552	0.396490991116	0.125883817673	0.0108733866364	0	0	0	0	0	0	0	0	0	56.4539489746	0	0	0	0	0	0	0	0	0	0	0	0	0	0	0
Feb 22 2023 18:03:44	4.31804227829	88.9112319946	96.4208145142	0.000833287136629	57.1355476379	11.6170377731	78.8558120728	-	0	0	0	0	0	0	0	0	0	0	0	0	0	0	0	0	0	0	0	0	0	0	0	5.03094100952	9.76923656464	9.51580810547	7.18566799164	4.59689950943	2.56468558311	1.25569283962	0.534961462021	0.192933231592	0.0549452081323	0.00969837233424	0	0	0	0	0	0	0	0	0	0	59.2885322571	0	0	0	0	0	0	0	0	0	0	0	0	0	0	0
Feb 22 2023 18:03:45	4.78902387619	88.5120925903	96.3273773193	0.00109843851533	56.0347442627	12.4923810959	74.9189376831	-	0	0	0	0	0	0	0	0	0	0	0	0	0	0	0	0	0	0	0	0	0	0	0	0.910998702049	7.15679168701	9.75172710419	9.08905601501	6.840051651	4.37399768829	2.41326546669	1.14433884621	0.455224841833	0.142727896571	0.0291617326438	0.000638832338154	0	0	0	0	0	0	0	0	0	57.6920204163	0	0	0	0	0	0	0	0	0	0	0	0	0	0	0
Feb 22 2023 18:03:46	4.7516283989	88.8832244873	96.4102783203	0.000641110120341	57.1852874756	12.6497058868	84.7338104248	-	0	0	0	0	0	0	0	0	0	0	0	0	0	0	0	0	0	0	0	0	0	0	0	0	8.27460479736	10.5909986496	9.02133464813	6.217877388	3.662358284	1.87354123592	0.830164670944	0.311795175076	0.0938045233488	0.0189826786518	0.000351503491402	0	0	0	0	0	0	0	0	0	59.1041870117	0	0	0	0	0	0	0	0	0	0	0	0	0	0	0
Feb 22 2023 18:03:47	5.0800614357	87.8764343262	96.2204666138	0.000865405716468	54.7970809937	12.9798231125	80.3432998657	-	0	0	0	0	0	0	0	0	0	0	0	0	0	0	0	0	0	0	0	0	0	0	0	0	4.97066020966	8.8446264267	9.34927177429	7.8978562355	5.7269654274	3.64734911919	2.04600286484	0.997750103474	0.407812416553	0.126667812467	0.01916513592	0	0	0	0	0	0	0	0	0	55.9658699036	0	0	0	0	0	0	0	0	0	0	0	0	0	0	0
Feb 22 2023 18:03:48	5.05066347122	87.1167755127	96.0918426514	0.00083255325444	53.3607597351	12.9358463287	80.9557342529	-	0	0	0	0	0	0	0	0	0	0	0	0	0	0	0	0	0	0	0	0	0	0	0	1.24576103687	4.9885764122	7.09845924377	7.75284910202	7.29397106171	6.13662672043	4.67413759232	3.22064495087	1.98073482513	1.05097341537	0.440028816462	0.0983288139105	0	0	0	0	0	0	0	0	0	54.0189094543	0	0	0	0	0	0	0	0	0	0	0	0	0	0	0
Feb 22 2023 18:03:49	5.50090408325	86.8417129517	96.0450286865	0.00180594041012	53.107421875	13.8975992203	65.40234375	-	0	0	0	0	0	0	0	0	0	0	0	0	0	0	0	0	0	0	0	0	0	0	0	0	3.3000330925	5.95796012878	7.37537002563	7.62984609604	6.96993780136	5.72960853577	4.25127315521	2.8199493885	1.62773728371	0.764488875866	0.230805233121	0	0	0	0	0	0	0	0	0	53.3429908752	0	0	0	0	0	0	0	0	0	0	0	0	0	0	0
Feb 22 2023 18:03:50	5.27089166641	87.3608551025	96.1332702637	0.00102614762727	53.9548187256	13.493183136	77.9760513306	-	0	0	0	0	0	0	0	0	0	0	0	0	0	0	0	0	0	0	0	0	0	0	0	0	4.25152683258	7.03700876236	8.06010246277	7.71225833893	6.49982023239	4.91088819504	3.33179497719	2.00584053993	1.03774929047	0.424426794052	0.0972399786115	0	0	0	0	0	0	0	0	0	54.6313514709	0	0	0	0	0	0	0	0	0	0	0	0	0	0	0
Feb 22 2023 18:03:51	5.02899885178	87.4047241211	96.1407089233	0.00137161859311	53.7967720032	12.7627372742	70.3272094727	-	0	0	0	0	0	0	0	0	0	0	0	0	0	0	0	0	0	0	0	0	0	0	0	0	5.56663179398	8.65606021881	9.02702617645	7.7832775116	5.87051296234	3.94512534142	2.36563897133	1.24960267544	0.561791718006	0.196182385087	0.0354267396033	0	0	0	0	0	0	0	0	0	54.7427253723	0	0	0	0	0	0	0	0	0	0	0	0	0	0	0
Feb 22 2023 18:03:52	4.37537336349	89.2952728271	96.565071106	0.00150962325279	59.214931488	11.5851802826	65.9641113281	-	0	0	0	0	0	0	0	0	0	0	0	0	0	0	0	0	0	0	0	0	0	0	0	0	19.151096344	11.8708591461	4.89260721207	1.59925162792	0.434166431427	0.0988654196262	0.0187044534832	0.00284836068749	0.000322282372508	2.01154180104e-05	0	0	0	0	0	0	0	0	0	0	61.9312591553	0	0	0	0	0	0	0	0	0	0	0	0	0	0	0
Feb 22 2023 18:03:53	4.67615890503	89.0782318115	96.4835968018	0.00179525662679	58.2044639587	12.5756187439	62.741394043	-	0	0	0	0	0	0	0	0	0	0	0	0	0	0	0	0	0	0	0	0	0	0	0	0	9.40374183655	11.4784421921	8.82115364075	5.35815238953	2.73055148125	1.18713450432	0.438590526581	0.134377121925	0.0320653356612	0.00488743977621	0	0	0	0	0	0	0	0	0	0	60.4109039307	0	0	0	0	0	0	0	0	0	0	0	0	0	0	0
Feb 22 2023 18:03:54	4.55105686188	89.0226745605	96.4627151489	0.0017122583231	57.8494682312	12.2372589111	63.2643814087	-	0	0	0	0	0	0	0	0	0	0	0	0	0	0	0	0	0	0	0	0	0	0	0	1.46118342876	10.1651859283	10.6212663651	7.98390340805	4.9853348732	2.6966881752	1.27795684338	0.527805685997	0.185579866171	0.0523142702878	0.00970308948308	0	0	0	0	0	0	0	0	0	0	60.03307724	0	0	0	0	0	0	0	0	0	0	0	0	0	0	0
Feb 22 2023 18:03:55	4.90620279312	87.8395462036	96.2142410278	0.0018993933918	54.7131538391	12.7508392334	61.3425750732	-	0	0	0	0	0	0	0	0	0	0	0	0	0	0	0	0	0	0	0	0	0	0	0	0.983475267887	6.11202955246	8.27115440369	8.31444358826	7.11168670654	5.39647054672	3.681235075	2.25458860397	1.22067737579	0.561424672604	0.196248993278	0.0280799437314	0	0	0	0	0	0	0	0	0	55.8684959412	0	0	0	0	0	0	0	0	0	0	0	0	0	0	0
Feb 22 2023 18:03:56	4.68424606323	88.4210128784	96.3120956421	0.00207429751754	55.9000244141	12.4847669601	57.8332176208	-	0	0	0	0	0	0	0	0	0	0	0	0	0	0	0	0	0	0	0	0	0	0	0	2.59370923042	6.91571521759	8.3113527298	7.80537223816	6.3217997551	4.5615272522	2.95958805084	1.71943104267	0.877247452736	0.374201625586	0.114955358207	0.00613498780876	0	0	0	0	0	0	0	0	5.15680265145e-15	57.4389648438	0	0	0	0	0	0	0	0	0	0	0	0	0	0	0
Feb 22 2023 18:03:57	5.08187675476	86.3527069092	95.9739379883	0.00172104791272	51.9159049988	12.7885370255	64.2565155029	-	0	0	0	0	0	0	0	0	0	0	0	0	0	0	0	0	0	0	0	0	0	0	0	1.72367858887	4.58459854126	6.51919698715	7.40439510345	7.32559585571	6.5096154213	5.24740362167	3.83019304276	2.49641895294	1.40414571762	0.624460041523	0.153116330504	0	0	0	0	0	0	0	0	0	52.1771850586	0	0	0	0	0	0	0	0	0	0	0	0	0	0	0
Feb 22 2023 18:03:58	4.65023708344	87.9612045288	96.2347640991	0.00136413937435	54.8288764954	12.1770334244	69.0671386719	-	0	0	0	0	0	0	0	0	0	0	0	0	0	0	0	0	0	0	0	0	0	0	0	3.14849328995	6.74579811096	8.2135925293	7.92954063416	6.57862567902	4.82547140121	3.15249752998	1.8228199482	0.911512255669	0.372346699238	0.104580260813	0.0039510820061	0	0	0	0	0	0	0	0	0	56.1907691956	0	0	0	0	0	0	0	0	0	0	0	0	0	0	0
Feb 22 2023 18:03:59	4.56585025787	88.6385192871	96.3485641479	0.000921430590097	56.229019165	12.0419054031	77.743057251	-	0	0	0	0	0	0	0	0	0	0	0	0	0	0	0	0	0	0	0	0	0	0	0	2.3829843998	8.69960594177	9.80888080597	8.2223777771	5.8018693924	3.58263587952	1.95754539967	0.942330241203	0.391177237034	0.132572934031	0.0309277325869	0.000536825391464	0	0	0	0	0	0	0	0	0	58.0465545654	0	0	0	0	0	0	0	0	0	0	0	0	0	0	0
Feb 22 2023 18:04:00	4.80410671234	86.5178527832	95.9897613525	0.000326956418576	51.0534172058	9.92401123047	89.1609954834	-	0	0	0	0	0	0	0	0	0	0	0	0	0	0	0	0	0	0	0	0	0	0	0	0	2.65081214905	43.2684860229	1.51089787483	0.00391684565693	1.70078726569e-06	1.58853985521e-10	3.25991979992e-15	1.25310899621e-20	5.8896073998e-27	1.08239003249e-34	0	0	0	0	0	0	0	0	0	0	52.5658836365	0	0	0	0	0	0	0	0	0	0	0	0	0	0	0
Feb 22 2023 18:04:01	4.38777923584	88.7734222412	96.3711395264	0.00052687706193	56.371761322	11.4442462921	85.9540863037	-	0	0	0	0	0	0	0	0	0	0	0	0	0	0	0	0	0	0	0	0	0	0	0	3.28982663155	11.2721700668	10.7883195877	7.64467287064	4.54224586487	2.34966135025	1.06855034828	0.424731343985	0.144145131111	0.0393784791231	0.00715551851317	0	0	0	0	0	0	0	0	0	0	58.429145813	0	0	0	0	0	0	0	0	0	0	0	0	0	0	0
Feb 22 2023 18:04:02	4.54542732239	88.8154830933	96.3847808838	0.000688957632519	56.6165504456	11.8031721115	82.6749649048	-	0	0	0	0	0	0	0	0	0	0	0	0	0	0	0	0	0	0	0	0	0	0	0	0.477824270725	11.5319843292	12.006814003	8.51771831512	4.89423561096	2.39291644096	1.00916218758	0.365309268236	0.110771968961	0.0264420676976	0.00408124178648	0	0	0	0	0	0	0	0	0	0	58.6627426147	0	0	0	0	0	0	0	0	0	0	0	0	0	0	0
Feb 22 2023 18:04:03	4.66898012161	88.9573059082	96.4381408691	0.000784327741712	57.5586585999	12.5451221466	81.5655517578	-	0	0	0	0	0	0	0	0	0	0	0	0	0	0	0	0	0	0	0	0	0	0	0	0.0205797180533	9.53762054443	10.7347431183	8.51640129089	5.61581373215	3.22564291954	1.63603317738	0.730377078056	0.281124055386	0.0883663222194	0.0190731361508	3.15760189551e-05	0	0	0	0	0	0	0	0	0	59.5941963196	0	0	0	0	0	0	0	0	0	0	0	0	0	0	0
Feb 22 2023 18:04:04	5.3343629837	87.3311157227	96.1282272339	0.00167813943699	53.8964653015	13.5491638184	66.6594238281	-	0	0	0	0	0	0	0	0	0	0	0	0	0	0	0	0	0	0	0	0	0	0	0	0	3.79983520508	6.91703796387	8.20942592621	7.97093009949	6.72946071625	5.04138040543	3.36005163193	1.96890902519	0.981658220291	0.382490932941	0.0827305391431	0	0	0	0	0	0	0	0	0	54.5560913086	0	0	0	0	0	0	0	0	0	0	0	0	0	0	0
Feb 22 2023 18:04:05	5.02427816391	88.3171157837	96.2946548462	0.00171207520179	55.7431488037	13.0386724472	64.989982605	-	0	0	0	0	0	0	0	0	0	0	0	0	0	0	0	0	0	0	0	0	0	0	0	0	5.39553260803	9.19222450256	9.33463287354	7.56866264343	5.25821685791	3.20042109489	1.70977735519	0.789819657803	0.302725762129	0.085758574307	0.00956271961331	0	0	0	0	0	0	0	0	0	57.1526641846	0	0	0	0	0	0	0	0	0	0	0	0	0	0	0
Feb 22 2023 18:04:06	4.41474342346	89.3382644653	96.5811920166	0.00110454822425	59.5720977783	12.0094099045	74.1903152466	-	0	0	0	0	0	0	0	0	0	0	0	0	0	0	0	0	0	0	0	0	0	0	0	1.504357934	14.1035194397	11.4170808792	6.35395860672	2.8463716507	1.0728417635	0.343766868114	0.0928381532431	0.0204808954149	0.00339999538846	0.000309444352752	0	0	0	0	0	0	0	0	0	0	62.2410697937	0	0	0	0	0	0	0	0	0	0	0	0	0	0	0
Feb 22 2023 18:04:07	4.95315361023	88.8079299927	96.381942749	0.00123624433763	56.9077644348	13.1019802094	73.3838043213	-	0	0	0	0	0	0	0	0	0	0	0	0	0	0	0	0	0	0	0	0	0	0	0	0	6.02569150925	9.58219718933	9.28727436066	7.1416182518	4.65974807739	2.63406944275	1.29025256634	0.537794113159	0.181642770767	0.0430969931185	0.00268725655042	0	0	0	0	0	0	0	0	0	58.6139259338	0	0	0	0	0	0	0	0	0	0	0	0	0	0	0
Feb 22 2023 18:04:08	4.82844257355	88.712928772	96.3610229492	0.00101842684671	56.5685310364	12.8061466217	77.0784301758	-	0	0	0	0	0	0	0	0	0	0	0	0	0	0	0	0	0	0	0	0	0	0	0	0.308156460524	7.19018888474	9.56366062164	8.82930469513	6.71703290939	4.42776584625	2.56801986694	1.30745565891	0.572798967361	0.204965516925	0.0512095466256	0.00238775624894	0	0	0	0	0	0	0	0	0	58.2570571899	0	0	0	0	0	0	0	0	0	0	0	0	0	0	0
Feb 22 2023 18:04:09	4.81159162521	88.9204025269	96.4242630005	0.00124687177595	57.4570960999	12.9296331406	72.9538879395	-	0	0	0	0	0	0	0	0	0	0	0	0	0	0	0	0	0	0	0	0	0	0	0	0	7.55316972733	10.0495786667	8.8593416214	6.38340568542	3.97413158417	2.1739385128	1.04342055321	0.431318491697	0.146173447371	0.034960154444	0.00142787699588	0	0	0	0	0	0	0	0	0	59.3491325378	0	0	0	0	0	0	0	0	0	0	0	0	0	0	0
Feb 22 2023 18:04:10	4.6065196991	89.1817779541	96.5224761963	0.00162117404398	58.72813797	12.3706512451	65.210357666	-	0	0	0	0	0	0	0	0	0	0	0	0	0	0	0	0	0	0	0	0	0	0	0	0	10.7434606552	12.7207565308	8.37418556213	4.27880573273	1.82460904121	0.662461221218	0.204291597009	0.052316121757	0.0104899853468	0.00136637187097	0	0	0	0	0	0	0	0	0	0	61.1272583008	0	0	0	0	0	0	0	0	0	0	0	0	0	0	0
Feb 22 2023 18:04:11	5.55941343307	85.8296051025	95.9242095947	0.00120762141887	51.2663574219	13.7050018311	75.0024185181	-	0	0	0	0	0	0	0	0	0	0	0	0	0	0	0	0	0	0	0	0	0	0	0	0.0700927004218	3.18852114677	5.58984375	7.06823301315	7.58002853394	7.23621845245	6.25523757935	4.91013002396	3.46966981888	2.15433645248	1.10839474201	0.390928983688	0	0	0	0	0	0	0	0	0	50.9783630371	0	0	0	0	0	0	0	0	0	0	0	0	0	0	0
Feb 22 2023 18:04:12	5.38088178635	20.3402729034	95.8789291382	0.00100663595367	50.1806678772	12.9736347198	77.57371521	-	0	0	0	0	0	0	0	0	0	0	0	0	0	0	0	0	0	0	0	0	0	0	0	0	3.56137704849	6.71491527557	8.20666885376	8.3028087616	7.40869283676	5.96006536484	4.34486341476	2.85009694099	1.64561998844	0.792902886868	0.270501464605	0.0081516187638	0	0	0	0	0	0	0	0	49.9333343506	0	0	0	0	0	0	0	0	0	0	0	0	0	0	0
Feb 22 2023 18:04:13	4.66650629044	89.1068267822	96.4943313599	0.000950667541474	58.3959655762	12.6840867996	78.3249282837	-	0	0	0	0	0	0	0	0	0	0	0	0	0	0	0	0	0	0	0	0	0	0	0	0	9.59241867065	10.9381141663	8.47990989685	5.35203313828	2.88865852356	1.35139918327	0.545539498329	0.185683429241	0.0502258203924	0.00892409775406	0	0	0	0	0	0	0	0	0	0	60.607093811	0	0	0	0	0	0	0	0	0	0	0	0	0	0	0
Feb 22 2023 18:04:14	4.92543983459	87.960357666	96.2346191406	0.0010367736686	54.8764686584	12.6329870224	76.4168167114	-	0	0	0	0	0	0	0	0	0	0	0	0	0	0	0	0	0	0	0	0	0	0	0	0	6.32869243622	9.60946750641	9.38684272766	7.4551692009	5.11869955063	3.09796929359	1.65417957306	0.767482936382	0.297069698572	0.0857181027532	0.0102020418271	0	0	0	0	0	0	0	0	0	56.1885070801	0	0	0	0	0	0	0	0	0	0	0	0	0	0	0
Feb 22 2023 18:04:15	4.86203527451	88.5983428955	96.341835022	0.000933220260777	56.373966217	12.9463787079	78.9631729126	-	0	0	0	0	0	0	0	0	0	0	0	0	0	0	0	0	0	0	0	0	0	0	0	0.709022939205	6.6753821373	8.76333904266	8.37218666077	6.74081373215	4.77872467041	3.02335524559	1.70367157459	0.840245962143	0.346607446671	0.10459985584	0.00857928674668	0	0	0	0	0	0	0	0	1.75557658011e-14	57.9334716797	0	0	0	0	0	0	0	0	0	0	0	0	0	0	0
Feb 22 2023 18:04:16	4.58851718903	88.6230773926	96.3459777832	0.00123135710601	56.2841148376	12.2736387253	71.7702713013	-	0	0	0	0	0	0	0	0	0	0	0	0	0	0	0	0	0	0	0	0	0	0	0	3.43587851524	7.16854763031	8.44730949402	7.81424474716	6.14473390579	4.22252178192	2.55164384842	1.34513378143	0.602499783039	0.214848339558	0.0495791547	0	0	0	0	0	0	0	0	0	0	58.0030555725	0	0	0	0	0	0	0	0	0	0	0	0	0	0	0
Feb 22 2023 18:04:17	5.1616024971	88.0321807861	96.2467193604	0.000749549770262	55.4292869568	13.6906967163	83.5523910522	-	0	0	0	0	0	0	0	0	0	0	0	0	0	0	0	0	0	0	0	0	0	0	0	1.35559630394	4.40385580063	6.31208324432	7.07237148285	6.85376596451	5.9420747757	4.65834140778	3.29532837868	2.0712916851	1.11282134056	0.459305107594	0.0828563272953	0	0	0	0	0	0	0	0	0	56.3803062439	0	0	0	0	0	0	0	0	0	0	0	0	0	0	0
Feb 22 2023 18:04:18	4.87690830231	89.0773849487	96.4832763672	0.00102103222162	58.3574180603	13.2292766571	77.6508026123	-	0	0	0	0	0	0	0	0	0	0	0	0	0	0	0	0	0	0	0	0	0	0	0	0	6.74298477173	10.1069192886	9.09190654755	6.4507932663	3.86493468285	1.99605619907	0.88783454895	0.333175241947	0.099784322083	0.020085670054	0.000428823055699	0	0	0	0	0	0	0	0	0	60.4050979614	0	0	0	0	0	0	0	0	0	0	0	0	0	0	0
Feb 22 2023 18:04:19	5.07597827911	86.3937530518	95.9778289795	0.00148734357208	51.9133644104	12.6776390076	68.0598754883	-	0	0	0	0	0	0	0	0	0	0	0	0	0	0	0	0	0	0	0	0	0	0	0	0.921780049801	4.97537231445	7.2992773056	8.07340335846	7.65472126007	6.47972679138	4.96470451355	3.44410061836	2.13764023781	1.15121662617	0.497557580471	0.127167031169	0	0	0	0	0	0	0	0	0	52.2733345032	0	0	0	0	0	0	0	0	0	0	0	0	0	0	0
Feb 22 2023 18:04:20	5.78850317001	86.4907226563	95.9870071411	0.000945514184423	52.5771369934	14.3266525269	80.5791702271	-	0	0	0	0	0	0	0	0	0	0	0	0	0	0	0	0	0	0	0	0	0	0	0	0	1.89010536671	5.13775110245	7.16414165497	7.90511083603	7.53920459747	6.39881849289	4.87235355377	3.31000638008	1.96433389187	0.966583490372	0.336068481207	0.0138238612562	0	0	0	0	0	0	0	0	52.5016899109	0	0	0	0	0	0	0	0	0	0	0	0	0	0	0
Feb 22 2023 18:04:21	5.76297092438	86.7002029419	96.020904541	0.000754081120249	53.0853462219	14.5589342117	84.4618988037	-	0	0	0	0	0	0	0	0	0	0	0	0	0	0	0	0	0	0	0	0	0	0	0	0.0649440661073	2.64781427383	4.83123111725	6.35300636292	7.07392597198	6.99945926666	6.25956296921	5.07242774963	3.69036459923	2.34959363937	1.22929751873	0.42738878727	0	0	0	0	0	0	0	0	0	53.0009880066	0	0	0	0	0	0	0	0	0	0	0	0	0	0	0
Feb 22 2023 18:04:22	5.80001497269	87.0695877075	96.0838165283	0.000972166424617	53.7692298889	14.6835479736	80.5570373535	-	0	0	0	0	0	0	0	0	0	0	0	0	0	0	0	0	0	0	0	0	0	0	0	0	2.23987174034	4.90627622604	6.68029356003	7.41720581055	7.18517875671	6.21420001984	4.82272005081	3.33185315132	1.99923884869	0.980247557163	0.321015328169	0	0	0	0	0	0	0	0	0	53.9018974304	0	0	0	0	0	0	0	0	0	0	0	0	0	0	0
Feb 22 2023 18:04:23	5.51326227188	87.5304870605	96.1620101929	0.000895440054592	54.5284767151	14.245850563	81.4410552979	-	0	0	0	0	0	0	0	0	0	0	0	0	0	0	0	0	0	0	0	0	0	0	0	0	3.35470104218	5.82730102539	7.1627779007	7.39098787308	6.72922945023	5.49765110016	4.03645467758	2.63252425194	1.47797632217	0.658530712128	0.167661353946	0	0	0	0	0	0	0	0	0	55.0642127991	0	0	0	0	0	0	0	0	0	0	0	0	0	0	0
Feb 22 2023 18:04:24	5.44106054306	88.2120513916	96.2769927979	0.00078909273725	55.944393158	14.388053894	83.5930709839	-	0	0	0	0	0	0	0	0	0	0	0	0	0	0	0	0	0	0	0	0	0	0	0	0	3.60654854774	6.14025354385	7.31246471405	7.28034734726	6.3769826889	4.99796962738	3.50865578651	2.17799901962	1.15490007401	0.47700163722	0.101151943207	0	0	0	0	0	0	0	0	0	56.8657341003	0	0	0	0	0	0	0	0	0	0	0	0	0	0	0
Feb 22 2023 18:04:25	6.13345909119	87.7824783325	96.2046051025	0.00103131716605	55.4675331116	15.8166294098	80.8445892334	-	0	0	0	0	0	0	0	0	0	0	0	0	0	0	0	0	0	0	0	0	0	0	0	0	1.41699337959	3.92053771019	5.83589267731	6.90130758286	7.04692983627	6.38693714142	5.17373800278	3.71880078316	2.31452536583	1.17266130447	0.393252551556	0	0	0	0	0	0	0	4.06376554654e-42	6.72557915935e-14	55.7184143066	0	0	0	0	0	0	0	0	0	0	0	0	0	0	0
Feb 22 2023 18:04:26	6.149477005	86.971572876	96.0671463013	0.00180175702553	53.8627052307	15.5232686996	68.5197906494	-	0	0	0	0	0	0	0	0	0	0	0	0	0	0	0	0	0	0	0	0	0	0	0	0	1.53805410862	3.83719539642	5.66242313385	6.77600431442	7.08197593689	6.63092041016	5.59906625748	4.23692893982	2.81141233444	1.55015850067	0.600575864315	0.01503572613	0	0	0	0	0	0	0	0	53.6602478027	0	0	0	0	0	0	0	0	0	0	0	0	0	0	0
Feb 22 2023 18:04:27	5.58274841309	88.0513916016	96.2499542236	0.00116821902338	55.6987304688	14.6771965027	77.1096420288	-	0	0	0	0	0	0	0	0	0	0	0	0	0	0	0	0	0	0	0	0	0	0	0	0	3.09233474731	5.58193445206	6.94422340393	7.20576429367	6.58019113541	5.38423013687	3.9553258419	2.57850933075	1.44506466389	0.640781521797	0.159843370318	0	0	0	0	0	0	0	0	0	56.4317932129	0	0	0	0	0	0	0	0	0	0	0	0	0	0	0
Feb 22 2023 18:04:28	5.44376468658	89.2688751221	96.5551681519	0.000815255742054	59.9035377502	15.2773971558	83.9723587036	-	0	0	0	0	0	0	0	0	0	0	0	0	0	0	0	0	0	0	0	0	0	0	0	0	3.40208721161	6.313539505	7.46340227127	7.06299638748	5.69108867645	3.98059368134	2.41573214531	1.24803388119	0.521256506443	0.150573387742	0.00824514124542	0	0	0	0	0	0	0	0	0	61.7424468994	0	0	0	0	0	0	0	0	0	0	0	0	0	0	0
Feb 22 2023 18:04:29	4.94635820389	89.1437759399	96.5082092285	0.000725937134121	58.8783950806	13.7850027084	84.1919555664	-	0	0	0	0	0	0	0	0	0	0	0	0	0	0	0	0	0	0	0	0	0	0	0	0.0160892587155	6.36809968948	8.58278369904	8.152759552	6.43854665756	4.43256902695	2.6982922554	1.4488260746	0.672904789448	0.256720364094	0.0683922097087	0.00151118973736	0	0	0	0	0	0	0	0	1.38564984817e-14	60.8625068665	0	0	0	0	0	0	0	0	0	0	0	0	0	0	0
Feb 22 2023 18:04:30	6.15410852432	86.8041152954	96.0386199951	0.000913803756703	53.4312438965	15.2947998047	82.2601547241	-	0	0	0	0	0	0	0	0	0	0	0	0	0	0	0	0	0	0	0	0	0	0	0	0	0.817721247673	3.98447728157	6.32574653625	7.56365728378	7.67792749405	6.86914634705	5.47904682159	3.8832089901	2.400608778	1.2357711792	0.462722092867	0.0482245571911	0	0	0	0	0	0	0	0	53.2517433167	0	0	0	0	0	0	0	0	0	0	0	0	0	0	0
Feb 22 2023 18:04:31	5.17339801788	88.6927185059	96.357635498	0.000844375113957	56.8414497375	13.9224920273	82.0115356445	-	0	0	0	0	0	0	0	0	0	0	0	0	0	0	0	0	0	0	0	0	0	0	0	0.0530450381339	4.84710454941	7.33036470413	7.89089107513	7.12360048294	5.65701436996	4.01254034042	2.54079985619	1.41426610947	0.664368331432	0.2346265167	0.0316338315606	0	0	0	0	0	0	0	0	0	58.1997451782	0	0	0	0	0	0	0	0	0	0	0	0	0	0	0
Feb 22 2023 18:04:32	5.07010221481	89.0092315674	96.4576644897	0.000806792057119	58.1805763245	13.9045591354	82.7082366943	-	0	0	0	0	0	0	0	0	0	0	0	0	0	0	0	0	0	0	0	0	0	0	0	0	5.38692188263	8.10535240173	8.25043582916	6.90737533569	5.01754522324	3.21512174606	1.81566619873	0.888047337532	0.359143555164	0.104609377682	0.00747626461089	0	0	0	0	0	0	0	0	0	59.9423065186	0	0	0	0	0	0	0	0	0	0	0	0	0	0	0
Feb 22 2023 18:04:33	4.63773012161	89.1560592651	96.5128250122	0.000638179830275	58.8408432007	13.0744152069	85.108253479	-	0	0	0	0	0	0	0	0	0	0	0	0	0	0	0	0	0	0	0	0	0	0	0	3.29807066917	6.73618745804	7.75042486191	7.10524940491	5.60567045212	3.906291008	2.41829228401	1.31996846199	0.619529008865	0.234696760774	0.0578061752021	0	0	0	0	0	0	0	0	0	0	60.9478111267	0	0	0	0	0	0	0	0	0	0	0	0	0	0	0
Feb 22 2023 18:04:34	4.97203493118	89.0255966187	96.4638137817	0.00079730420839	58.2071304321	13.6505594254	82.605430603	-	0	0	0	0	0	0	0	0	0	0	0	0	0	0	0	0	0	0	0	0	0	0	0	0.155397817492	6.05696296692	8.47855758667	8.28997135162	6.69854450226	4.69691133499	2.90068650246	1.57418847084	0.736133813858	0.281678855419	0.0752542838454	0.00292157707736	0	0	0	0	0	0	0	0	0	60.0527954102	0	0	0	0	0	0	0	0	0	0	0	0	0	0	0
Feb 22 2023 18:04:35	4.97246217728	88.9668579102	96.441734314	0.000833145109937	57.8171958923	13.4108085632	81.5708084106	-	0	0	0	0	0	0	0	0	0	0	0	0	0	0	0	0	0	0	0	0	0	0	0	0	5.87244129181	9.36182022095	8.97128772736	6.8809671402	4.52163076401	2.5993874073	1.3084281683	0.567319393158	0.20262144506	0.052270963788	0.00385867827572	0	0	0	0	0	0	0	0	0	59.6579666138	0	0	0	0	0	0	0	0	0	0	0	0	0	0	0
Feb 22 2023 18:04:36	5.09846973419	88.0704040527	96.2531585693	0.000906805507839	55.292049408	13.2466831207	79.9166183472	-	0	0	0	0	0	0	0	0	0	0	0	0	0	0	0	0	0	0	0	0	0	0	0	0	5.13377380371	8.1290435791	8.72577667236	7.67032003403	5.83007526398	3.89917159081	2.2943174839	1.16854286194	0.493600606918	0.153646171093	0.0188955124468	0	0	0	0	0	0	0	0	0	56.4828414917	0	0	0	0	0	0	0	0	0	0	0	0	0	0	0
Feb 22 2023 18:04:37	5.47258615494	86.2639312744	95.9655151367	0.000916417571716	51.955619812	13.5821714401	80.210105896	-	0	0	0	0	0	0	0	0	0	0	0	0	0	0	0	0	0	0	0	0	0	0	0	0	3.37414932251	6.10182094574	7.56237745285	7.83326196671	7.16687726974	5.90349006653	4.3927230835	2.92620682716	1.70118880272	0.81075912714	0.256845384836	0	0	0	0	0	0	0	0	1.21584879548e-14	51.9703025818	0	0	0	0	0	0	0	0	0	0	0	0	0	0	0
Feb 22 2023 18:04:38	4.94007158279	88.0293197632	96.2462387085	0.000700247008353	55.1470375061	12.8959522247	83.6621017456	-	0	0	0	0	0	0	0	0	0	0	0	0	0	0	0	0	0	0	0	0	0	0	0	1.20741999149	5.68799686432	7.96631479263	8.24301242828	7.17960166931	5.48749923706	3.7287094593	2.24736428261	1.18018209934	0.515973508358	0.165160536766	0.0181188173592	0	0	0	0	0	0	0	0	0	56.3726501465	0	0	0	0	0	0	0	0	0	0	0	0	0	0	0
Feb 22 2023 18:04:39	4.97793388367	88.9673156738	96.4419021606	0.00120022171177	57.8039703369	13.3732671738	74.4891662598	-	0	0	0	0	0	0	0	0	0	0	0	0	0	0	0	0	0	0	0	0	0	0	0	0	5.75349092484	9.54635238647	9.16626262665	6.95047616959	4.47677564621	2.5047018528	1.21852588654	0.506684660912	0.171781048179	0.0413151457906	0.00259988079779	0	0	0	0	0	0	0	0	0	59.6610298157	0	0	0	0	0	0	0	0	0	0	0	0	0	0	0
Feb 22 2023 18:04:40	5.13347434998	88.3464202881	96.2995758057	0.000866927672178	55.9658889771	13.5262012482	81.0702514648	-	0	0	0	0	0	0	0	0	0	0	0	0	0	0	0	0	0	0	0	0	0	0	0	0.103241309524	4.93920850754	7.73034524918	8.36448192596	7.46603441238	5.78994035721	3.96660614014	2.39938759804	1.26028168201	0.550119996071	0.17639374733	0.0207976531237	0	0	0	0	0	0	0	0	0	57.2331619263	0	0	0	0	0	0	0	0	0	0	0	0	0	0	0
Feb 22 2023 18:04:41	4.9316983223	88.9225006104	96.4250488281	0.00130968599115	57.4735527039	13.0495834351	71.9035949707	-	0	0	0	0	0	0	0	0	0	0	0	0	0	0	0	0	0	0	0	0	0	0	0	0	6.02128887177	10.4192066193	9.72285652161	6.94522619247	4.11970376968	2.0803771019	0.895381987095	0.322239011526	0.0920337513089	0.0178822893649	0.000781033013482	0	0	0	0	0	0	0	0	0	59.3630256653	0	0	0	0	0	0	0	0	0	0	0	0	0	0	0
Feb 22 2023 18:04:42	5.02613306046	88.3749694824	96.3043670654	0.000751766900066	55.9901809692	13.3244380951	83.1362915039	-	0	0	0	0	0	0	0	0	0	0	0	0	0	0	0	0	0	0	0	0	0	0	0	0.328958183527	5.62199306488	8.00164222717	8.21936321259	7.11414289474	5.43158102036	3.71169567108	2.26824855804	1.22040331364	0.555022835732	0.190120428801	0.0250434931368	0	0	0	0	0	0	0	0	0	57.3117866516	0	0	0	0	0	0	0	0	0	0	0	0	0	0	0
Feb 22 2023 18:04:43	5.05337905884	88.3301467896	96.2968444824	0.00142093503382	55.7284812927	12.9564065933	69.6853713989	-	0	0	0	0	0	0	0	0	0	0	0	0	0	0	0	0	0	0	0	0	0	0	0	0	4.76899003983	9.91547107697	10.0226068497	7.79128074646	5.10325813293	2.89669704437	1.43109560013	0.60727006197	0.212963208556	0.0555162914097	0.00639895442873	0	0	0	0	0	0	0	0	0	57.1884498596	0	0	0	0	0	0	0	0	0	0	0	0	0	0	0
Feb 22 2023 18:04:44	4.84751462936	88.5628204346	96.3358764648	0.000850047741551	56.3458747864	13.0047473907	80.6588745117	-	0	0	0	0	0	0	0	0	0	0	0	0	0	0	0	0	0	0	0	0	0	0	0	1.76420783997	6.07787132263	7.85627746582	7.78166484833	6.60143709183	4.97118473053	3.35884237289	2.02973031998	1.07718122005	0.4792958498	0.155835166574	0.012659015134	0	0	0	0	0	0	0	0	0	57.8338165283	0	0	0	0	0	0	0	0	0	0	0	0	0	0	0
Feb 22 2023 18:04:45	4.74228382111	89.1009368896	96.4921188354	0.000750121660531	58.5063323975	13.1111049652	82.8723526001	-	0	0	0	0	0	0	0	0	0	0	0	0	0	0	0	0	0	0	0	0	0	0	0	1.54115104675	7.2262468338	8.79175186157	7.89300298691	5.94445323944	3.90506649017	2.26185941696	1.14949440956	0.501241087914	0.177078217268	0.0420765914023	0	0	0	0	0	0	0	0	0	3.60882749397e-15	60.5665817261	0	0	0	0	0	0	0	0	0	0	0	0	0	0	0
Feb 22 2023 18:04:46	5.02836084366	88.9905853271	96.4506530762	0.000779583177064	58.0558166504	13.7882823944	83.1208267212	-	0	0	0	0	0	0	0	0	0	0	0	0	0	0	0	0	0	0	0	0	0	0	0	0	5.73027706146	8.20992565155	8.22573566437	6.83194684982	4.93797922134	3.15253520012	1.77469658852	0.865128338337	0.348254263401	0.100384615362	0.00629500113428	0	0	0	0	0	0	0	0	0	59.8168449402	0	0	0	0	0	0	0	0	0	0	0	0	0	0	0
Feb 22 2023 18:04:47	5.09926652908	86.1269836426	95.9525146484	0.00122878851835	51.5868988037	12.8855857849	73.0950088501	-	0	0	0	0	0	0	0	0	0	0	0	0	0	0	0	0	0	0	0	0	0	0	0	1.99493658543	4.41762828827	6.08973646164	6.94051074982	7.01211690903	6.44290161133	5.42829990387	4.18518829346	2.91501545906	1.77844786644	0.879705667496	0.261573642492	0	0	0	0	0	0	0	0	0	51.6539382935	0	0	0	0	0	0	0	0	0	0	0	0	0	0	0
Feb 22 2023 18:04:48	5.0775384903	87.1208114624	96.0925216675	0.00138082378544	53.3772926331	12.9701662064	70.4578552246	-	0	0	0	0	0	0	0	0	0	0	0	0	0	0	0	0	0	0	0	0	0	0	0	1.71661901474	4.57474422455	6.63173723221	7.55079030991	7.371281147	6.36777591705	4.91441345215	3.37542700768	2.02485203743	1.01357352734	0.374400556087	0.055444676429	0	0	0	0	0	0	0	0	0	54.0289382935	0	0	0	0	0	0	0	0	0	0	0	0	0	0	0
Feb 22 2023 18:04:49	5.043384552	88.6168518066	96.3449325562	0.000799183850177	56.6729431152	13.6815137863	82.5309295654	-	0	0	0	0	0	0	0	0	0	0	0	0	0	0	0	0	0	0	0	0	0	0	0	1.71918976307	4.83879899979	6.58653879166	7.0744395256	6.58344316483	5.47806119919	4.11420917511	2.7791557312	1.65861952305	0.836127281189	0.312190890312	0.0336939580739	0	0	0	0	0	0	0	0	0	57.9855308533	0	0	0	0	0	0	0	0	0	0	0	0	0	0	0
Feb 22 2023 18:04:50	5.21767091751	88.1049957275	96.2589797974	0.000832243531477	55.4671821594	13.5943670273	81.83253479	-	0	0	0	0	0	0	0	0	0	0	0	0	0	0	0	0	0	0	0	0	0	0	0	0.055007647723	4.43238592148	7.38762331009	8.35119819641	7.72065973282	6.16726446152	4.33336734772	2.67821574211	1.43202531338	0.634052395821	0.205990001559	0.0262868534774	0	0	0	0	0	0	0	0	0	56.5759239197	0	0	0	0	0	0	0	0	0	0	0	0	0	0	0
Feb 22 2023 18:04:51	5.09159564972	88.2225265503	96.278755188	0.000879006052855	55.6447601318	13.3343553543	80.5839691162	-	0	0	0	0	0	0	0	0	0	0	0	0	0	0	0	0	0	0	0	0	0	0	0	0	5.16443014145	8.1815328598	8.63011741638	7.49257040024	5.66681718826	3.80245304108	2.26574587822	1.18213117123	0.520017921925	0.173864334822	0.0261035542935	0	0	0	0	0	0	0	0	0	56.8942184448	0	0	0	0	0	0	0	0	0	0	0	0	0	0	0
Feb 22 2023 18:04:52	5.31901788712	87.829788208	96.2125930786	0.000936403463129	54.9053268433	13.6525096893	79.8464889526	-	0	0	0	0	0	0	0	0	0	0	0	0	0	0	0	0	0	0	0	0	0	0	0	0	3.56532740593	7.35647010803	8.61174964905	8.04032897949	6.46250104904	4.58319425583	2.88052630424	1.58723402023	0.742925822735	0.271784901619	0.055176332593	0	0	0	0	0	0	0	0	0	55.8427810669	0	0	0	0	0	0	0	0	0	0	0	0	0	0	0
Feb 22 2023 18:04:53	4.81575393677	89.0267715454	96.4642562866	0.00114196026698	58.0418968201	13.0380659103	75.0894699097	-	0	0	0	0	0	0	0	0	0	0	0	0	0	0	0	0	0	0	0	0	0	0	0	0	7.49743652344	10.0857124329	8.93287277222	6.33719873428	3.80683612823	1.96838772297	0.873137891293	0.324523925781	0.0950051173568	0.0180183518678	8.81100204424e-05	0	0	0	0	0	0	0	0	0	60.0607795715	0	0	0	0	0	0	0	0	0	0	0	0	0	0	0
Feb 22 2023 18:04:54	4.73303461075	88.8971328735	96.4155044556	0.00120001623873	57.2770118713	12.6697921753	73.3448867798	-	0	0	0	0	0	0	0	0	0	0	0	0	0	0	0	0	0	0	0	0	0	0	0	0.527196586132	8.12109851837	10.0916042328	8.70502090454	6.16060066223	3.75655937195	2.0023624897	0.929806768894	0.367898136377	0.117059119046	0.0249551814049	0.000246861280175	0	0	0	0	0	0	0	0	3.4852563984e-15	59.1955909729	0	0	0	0	0	0	0	0	0	0	0	0	0	0	0
Feb 22 2023 18:04:55	4.91628170013	88.5103149414	96.3270797729	0.000923912215512	56.1108856201	12.838312149	78.9788513184	-	0	0	0	0	0	0	0	0	0	0	0	0	0	0	0	0	0	0	0	0	0	0	0	0	6.34737920761	9.88684654236	9.35761642456	7.1247177124	4.66765069962	2.68690657616	1.36090278625	0.597463011742	0.218251690269	0.0591026730835	0.00609906204045	0	0	0	0	0	0	0	0	0	57.6870613098	0	0	0	0	0	0	0	0	0	0	0	0	0	0	0
Feb 22 2023 18:04:56	5.32418298721	87.3240280151	96.1270217896	0.00115050782915	53.9506111145	13.652926445	75.899055481	-	0	0	0	0	0	0	0	0	0	0	0	0	0	0	0	0	0	0	0	0	0	0	0	0.328927636147	3.96825861931	6.45722579956	7.59471940994	7.52955675125	6.59436893463	5.18273878098	3.65779256821	2.28847718239	1.22684705257	0.515717446804	0.117195859551	0	0	0	0	0	0	0	0	0	54.5381736755	0	0	0	0	0	0	0	0	0	0	0	0	0	0	0
Feb 22 2023 18:04:57	4.88451242447	89.0408477783	96.469543457	0.000987413572147	58.2285423279	13.3972387314	78.5712814331	-	0	0	0	0	0	0	0	0	0	0	0	0	0	0	0	0	0	0	0	0	0	0	0	0.330083429813	6.72752332687	8.91751766205	8.32133769989	6.43663406372	4.32849550247	2.56685876846	1.3383743763	0.600958883762	0.220006734133	0.0552486181259	0.000819931738079	0	0	0	0	0	0	0	0	0	60.1561431885	0	0	0	0	0	0	0	0	0	0	0	0	0	0	0
Feb 22 2023 18:04:58	4.77891874313	89.2032241821	96.5305328369	0.00080845458433	59.0601921082	13.2002820969	81.828994751	-	0	0	0	0	0	0	0	0	0	0	0	0	0	0	0	0	0	0	0	0	0	0	0	0.529784202576	7.60818195343	9.75560188293	8.47851371765	5.92820978165	3.50605535507	1.77856779099	0.769805371761	0.27690577507	0.0773169696331	0.0133822439238	0	0	0	0	0	0	0	0	0	0	61.2776756287	0	0	0	0	0	0	0	0	0	0	0	0	0	0	0
Feb 22 2023 18:04:59	4.91843700409	88.7891540527	96.3748703003	0.000893446907867	56.9050712585	13.2552089691	80.1759033203	-	0	0	0	0	0	0	0	0	0	0	0	0	0	0	0	0	0	0	0	0	0	0	0	0.821063756943	6.13999176025	8.21983337402	8.07801055908	6.71105241776	4.91849088669	3.22184705734	1.88215696812	0.963313102722	0.41247972846	0.128805562854	0.0100638400763	0	0	0	0	0	0	0	0	4.08282111732e-14	58.492893219	0	0	0	0	0	0	0	0	0	0	0	0	0	0	0
Feb 22 2023 18:05:00	5.39115524292	87.5395126343	96.1635360718	0.00126809522044	54.4612541199	13.9472694397	74.2894439697	-	0	0	0	0	0	0	0	0	0	0	0	0	0	0	0	0	0	0	0	0	0	0	0	0.13734382391	3.78646850586	6.24044036865	7.40514469147	7.41488361359	6.56804466248	5.22891950607	3.74496841431	2.38354325294	1.30489444733	0.564047753811	0.133903354406	0	0	0	0	0	0	0	0	0	55.0873985291	0	0	0	0	0	0	0	0	0	0	0	0	0	0	0
Feb 22 2023 18:05:01	5.70354986191	87.7391967773	96.1972961426	0.00139147066511	55.1248817444	14.8452005386	73.6491394043	-	0	0	0	0	0	0	0	0	0	0	0	0	0	0	0	0	0	0	0	0	0	0	0	0	2.74563932419	5.11809253693	6.59607505798	7.10465621948	6.74774122238	5.75536203384	4.41942119598	3.02315568924	1.78927505016	0.850482463837	0.245019003749	0	0	0	0	0	0	0	0	0	55.6050796509	0	0	0	0	0	0	0	0	0	0	0	0	0	0	0
Feb 22 2023 18:05:02	6.29670095444	87.8442764282	96.2150421143	0.00120373396203	55.5315856934	15.9569473267	78.1029281616	-	0	0	0	0	0	0	0	0	0	0	0	0	0	0	0	0	0	0	0	0	0	0	0	0	0	3.59174728394	6.49814462662	8.0119972229	8.02523422241	6.86124563217	5.08424282074	3.25733757019	1.76935982704	0.774492561817	0.234126254916	0.011123358272	0	0	0	0	0	0	0	0	55.880947113	0	0	0	0	0	0	0	0	0	0	0	0	0	0	0
Feb 22 2023 18:05:03	6.38975906372	86.0024032593	95.9406661987	0.00157152011525	52.0696983337	15.4591588974	71.7670059204	-	0	0	0	0	0	0	0	0	0	0	0	0	0	0	0	0	0	0	0	0	0	0	0	0	0.351216048002	3.29132628441	5.78400707245	7.40644550323	7.95806264877	7.48826265335	6.25773000717	4.63890743256	3.0050842762	1.63798105717	0.678923547268	0.133018910885	0	0	0	0	0	0	0	0	51.3690338135	0	0	0	0	0	0	0	0	0	0	0	0	0	0	0
Feb 22 2023 18:05:04	5.76944065094	87.5584869385	96.1667480469	0.00164158164989	54.6674194336	14.6917095184	69.3416519165	-	0	0	0	0	0	0	0	0	0	0	0	0	0	0	0	0	0	0	0	0	0	0	0	0	1.75959837437	5.31589221954	7.37797164917	7.94050121307	7.30005264282	5.91283988953	4.25295972824	2.69741177559	1.47157204151	0.648430526257	0.186551034451	0	0	0	0	0	0	0	0	0	55.1362228394	0	0	0	0	0	0	0	0	0	0	0	0	0	0	0
Feb 22 2023 18:05:05	5.45699882507	88.589263916	96.3403091431	0.00118274742272	56.7031059265	14.3959064484	76.356086731	-	0	0	0	0	0	0	0	0	0	0	0	0	0	0	0	0	0	0	0	0	0	0	0	0	2.78792023659	6.77087974548	8.26118183136	7.87081861496	6.39456367493	4.55460357666	2.85920023918	1.56488513947	0.722490847111	0.25744715333	0.0480335280299	0	0	0	0	0	0	0	0	0	57.9079742432	0	0	0	0	0	0	0	0	0	0	0	0	0	0	0
Feb 22 2023 18:05:06	5.91420030594	87.820640564	96.2110519409	0.00110669748392	55.350605011	15.2276630402	78.8373718262	-	0	0	0	0	0	0	0	0	0	0	0	0	0	0	0	0	0	0	0	0	0	0	0	0	1.51687586308	4.71769618988	6.77569818497	7.55932998657	7.21505594254	6.07663679123	4.55235767365	3.01283884048	1.71887171268	0.794457376003	0.241484984756	0	0	0	0	0	0	0	0	0	55.8186950684	0	0	0	0	0	0	0	0	0	0	0	0	0	0	0
Feb 22 2023 18:05:07	5.08170557022	88.978515625	96.4461135864	0.000971274042968	58.030960083	13.8875102997	79.4960861206	-	0	0	0	0	0	0	0	0	0	0	0	0	0	0	0	0	0	0	0	0	0	0	0	0.750142037868	4.99442720413	7.44526958466	7.90655040741	6.92873811722	5.24512195587	3.47773432732	2.01281166077	0.994986414909	0.396990358829	0.107547782362	0.00377037213184	0	0	0	0	0	0	0	0	0	59.735912323	0	0	0	0	0	0	0	0	0	0	0	0	0	0	0
Feb 22 2023 18:05:08	5.14815855026	88.8384094238	96.3934173584	0.00111170182936	57.2682228088	13.8264036179	76.8446807861	-	0	0	0	0	0	0	0	0	0	0	0	0	0	0	0	0	0	0	0	0	0	0	0	0	4.7884721756	7.89434099197	8.44233894348	7.32657909393	5.47731685638	3.59462690353	2.07137298584	1.03084206581	0.423765599728	0.126588359475	0.0122824944556	0	0	0	0	0	0	0	0	0	58.8114738464	0	0	0	0	0	0	0	0	0	0	0	0	0	0	0
Feb 22 2023 18:05:09	5.53345394135	88.0167541504	96.2441253662	0.00121357489843	55.5080108643	14.3750343323	75.8367767334	-	0	0	0	0	0	0	0	0	0	0	0	0	0	0	0	0	0	0	0	0	0	0	0	0	2.78080153465	6.15299654007	7.73283910751	7.77001619339	6.74056243896	5.17635011673	3.5360212326	2.1273958683	1.09400689602	0.444746613503	0.105243489146	0	0	0	0	0	0	0	0	1.6864532706e-14	56.3390197754	0	0	0	0	0	0	0	0	0	0	0	0	0	0	0
Feb 22 2023 18:05:10	5.08971786499	87.6084976196	96.1752090454	0.000970751920249	54.3895492554	13.1806249619	78.5000686646	-	0	0	0	0	0	0	0	0	0	0	0	0	0	0	0	0	0	0	0	0	0	0	0	1.45495843887	4.63310813904	6.78630685806	7.63067388535	7.30155324936	6.159968853	4.63254213333	3.09594583511	1.80534982681	0.877856731415	0.314117997885	0.0423314385116	0	0	0	0	0	0	0	0	0	55.2652816772	0	0	0	0	0	0	0	0	0	0	0	0	0	0	0
Feb 22 2023 18:05:11	5.14529561996	86.1471862793	95.9544296265	0.00129712291528	51.6681213379	13.0118293762	72.0583114624	-	0	0	0	0	0	0	0	0	0	0	0	0	0	0	0	0	0	0	0	0	0	0	0	2.11271643639	4.1680021286	5.75682783127	6.69983005524	6.93670654297	6.52427434921	5.60844802856	4.39038038254	3.08327198029	1.87590193748	0.904594659805	0.238654151559	0	0	0	0	0	0	0	0	0	51.7003898621	0	0	0	0	0	0	0	0	0	0	0	0	0	0	0
Feb 22 2023 18:05:12	4.69363737106	88.6735076904	96.3544235229	0.000907751265913	56.5094490051	12.6584806442	78.9115066528	-	0	0	0	0	0	0	0	0	0	0	0	0	0	0	0	0	0	0	0	0	0	0	0	3.03330540657	6.41452217102	7.84176826477	7.60350799561	6.32142114639	4.63189125061	3.01116752625	1.72418189049	0.847972095013	0.336433708668	0.0882562696934	0.000195601751329	0	0	0	0	0	0	0	0	0	58.1453742981	0	0	0	0	0	0	0	0	0	0	0	0	0	0	0
Feb 22 2023 18:05:13	4.57889032364	88.8903121948	96.412940979	0.000669005850796	57.2957229614	12.5784263611	83.8642196655	-	0	0	0	0	0	0	0	0	0	0	0	0	0	0	0	0	0	0	0	0	0	0	0	3.76627850533	6.90505743027	7.88044500351	7.28106117249	5.82168579102	4.12304115295	2.59868645668	1.44575047493	0.692071020603	0.267519116402	0.067641466856	0	0	0	0	0	0	0	0	0	0	59.1507606506	0	0	0	0	0	0	0	0	0	0	0	0	0	0	0
Feb 22 2023 18:05:14	4.64335584641	89.0703430176	96.4806289673	0.000792509468738	58.2349815369	12.696896553	81.4295654297	-	0	0	0	0	0	0	0	0	0	0	0	0	0	0	0	0	0	0	0	0	0	0	0	2.16172981262	7.81030797958	9.298204422	8.04030227661	5.72561120987	3.49353075027	1.84535086155	0.838012158871	0.318347305059	0.094338260591	0.0172833688557	0	0	0	0	0	0	0	0	0	0	60.3569793701	0	0	0	0	0	0	0	0	0	0	0	0	0	0	0
Feb 22 2023 18:05:15	4.72426795959	88.4626312256	96.3190765381	0.000656634860206	56.1205825806	12.8142633438	84.4300460815	-	0	0	0	0	0	0	0	0	0	0	0	0	0	0	0	0	0	0	0	0	0	0	0	3.2394592762	5.97204399109	7.15590429306	7.10050153732	6.21124267578	4.89864730835	3.50216221809	2.25589060783	1.28228199482	0.611019790173	0.208390086889	0.00810960121453	0	0	0	0	0	0	0	0	0	57.5543479919	0	0	0	0	0	0	0	0	0	0	0	0	0	0	0
Feb 22 2023 18:05:16	4.85289049149	88.807510376	96.3817825317	0.0010876597371	56.8879470825	12.9332036972	75.8935089111	-	0	0	0	0	0	0	0	0	0	0	0	0	0	0	0	0	0	0	0	0	0	0	0	0.709328055382	6.69997692108	9.13026332855	8.67840480804	6.76357889175	4.53837823868	2.66075158119	1.3587025404	0.591315090656	0.207276806235	0.0492611303926	0.00155738054309	0	0	0	0	0	0	0	0	0	58.61120224	0	0	0	0	0	0	0	0	0	0	0	0	0	0	0
Feb 22 2023 18:05:17	5.49304676056	86.3227310181	95.9710922241	0.00121121923439	52.0808105469	13.6483745575	74.8210601807	-	0	0	0	0	0	0	0	0	0	0	0	0	0	0	0	0	0	0	0	0	0	0	0	0	3.27014994621	6.03840112686	7.53161144257	7.8258266449	7.17376184464	5.91716194153	4.40774440765	2.93933415413	1.71103084087	0.81722587347	0.260578662157	0	0	0	0	0	0	0	1.40129846432e-43	6.75390326348e-14	52.1071739197	0	0	0	0	0	0	0	0	0	0	0	0	0	0	0
Feb 22 2023 18:05:18	5.83093833923	85.5410079956	95.8966522217	0.00157808093354	50.9429359436	14.1943969727	69.5775909424	-	0	0	0	0	0	0	0	0	0	0	0	0	0	0	0	0	0	0	0	0	0	0	0	0	2.19666194916	4.7700176239	6.59524869919	7.50936126709	7.51967191696	6.77697372437	5.53012657166	4.06211519241	2.63304805756	1.43608462811	0.573773264885	0.059641212225	0	0	0	0	0	0	0	0	50.3372802734	0	0	0	0	0	0	0	0	0	0	0	0	0	0	0
Feb 22 2023 18:05:19	5.38152503967	87.4738235474	96.1524124146	0.00167398911435	54.3220481873	13.9067440033	67.4761276245	-	0	0	0	0	0	0	0	0	0	0	0	0	0	0	0	0	0	0	0	0	0	0	0	0.101014189422	3.8458738327	6.30060434341	7.43037700653	7.40909957886	6.55170917511	5.22093725204	3.75357484818	2.40580153465	1.33151721954	0.585556805134	0.144991144538	0	0	0	0	0	0	0	4.33001225476e-41	4.3448220282e-13	54.9189453125	0	0	0	0	0	0	0	0	0	0	0	0	0	0	0
Feb 22 2023 18:05:20	5.17048931122	87.2344894409	96.111831665	0.00203072000295	53.6671943665	13.2561798096	60.5491294861	-	0	0	0	0	0	0	0	0	0	0	0	0	0	0	0	0	0	0	0	0	0	0	0	0.563384175301	4.64446401596	7.00352954865	7.81752300262	7.44052505493	6.30645751953	4.82952165604	3.34266209602	2.06473183632	1.1013212204	0.465330392122	0.107788331807	0	0	0	0	0	0	0	0	0	54.3127593994	0	0	0	0	0	0	0	0	0	0	0	0	0	0	0
Feb 22 2023 18:05:21	5.00320100784	87.068862915	96.083694458	0.00109528750181	53.256816864	12.8402061462	75.5359191895	-	0	0	0	0	0	0	0	0	0	0	0	0	0	0	0	0	0	0	0	0	0	0	0	1.86706674099	4.94365978241	6.8305015564	7.50158500671	7.15630292892	6.11640644073	4.72914981842	3.29939198494	2.04480671883	1.08329451084	0.442622542381	0.0851185396314	0	0	0	0	0	0	0	0	0	53.9000930786	0	0	0	0	0	0	0	0	0	0	0	0	0	0	0
Feb 22 2023 18:05:22	4.81389093399	89.0859909058	96.4865036011	0.000955178693403	58.4124221802	13.2029771805	78.9473495483	-	0	0	0	0	0	0	0	0	0	0	0	0	0	0	0	0	0	0	0	0	0	0	0	0.0508005395532	7.55158901215	9.676653862	8.5541267395	6.1954832077	3.86078214645	2.09933185577	0.992330253124	0.39874702692	0.128526568413	0.0276159904897	0	0	0	0	0	0	0	0	0	3.23177187865e-14	60.464012146	0	0	0	0	0	0	0	0	0	0	0	0	0	0	0
Feb 22 2023 18:05:23	5.10519504547	87.9324493408	96.2299118042	0.000947217456996	55.0944709778	13.3794870377	79.2932891846	-	0	0	0	0	0	0	0	0	0	0	0	0	0	0	0	0	0	0	0	0	0	0	0	0.704136610031	4.94278907776	7.22847890854	7.83314275742	7.21644258499	5.89633083344	4.33159589767	2.85877633095	1.6702940464	0.83169144392	0.317825525999	0.0541856735945	0	0	0	0	0	0	0	0	0	56.1143112183	0	0	0	0	0	0	0	0	0	0	0	0	0	0	0
Feb 22 2023 18:05:24	4.41040325165	89.1313400269	96.5035400391	0.00109000445809	58.3969573975	11.9680671692	74.1459960938	-	0	0	0	0	0	0	0	0	0	0	0	0	0	0	0	0	0	0	0	0	0	0	0	3.08301568031	10.9598302841	10.3835220337	7.20647144318	4.15568876266	2.06754016876	0.895729780197	0.335566669703	0.105902902782	0.0263286344707	0.00407786900178	0	0	0	0	0	0	0	0	0	0	60.7763366699	0	0	0	0	0	0	0	0	0	0	0	0	0	0	0
Feb 22 2023 18:05:25	5.61433553696	86.641456604	96.0108718872	0.00197076727636	52.8166160583	14.1158208847	63.3988189697	-	0	0	0	0	0	0	0	0	0	0	0	0	0	0	0	0	0	0	0	0	0	0	0	0	2.9993057251	5.44028997421	6.95910978317	7.47811937332	7.1034154892	6.0710067749	4.68103313446	3.22537636757	1.9343214035	0.946061968803	0.301823049784	0	0	0	0	0	0	0	0	0	52.8601341248	0	0	0	0	0	0	0	0	0	0	0	0	0	0	0
Feb 22 2023 18:05:26	5.3976650238	86.5810012817	96.0005493164	0.0015206738608	52.6784629822	13.7591257095	69.625213623	-	0	0	0	0	0	0	0	0	0	0	0	0	0	0	0	0	0	0	0	0	0	0	0	1.25362491608	3.53089308739	5.31030416489	6.43100166321	6.83492183685	6.57166242599	5.77509307861	4.6345949173	3.35643005371	2.13022398949	1.10146164894	0.353926062584	0	0	0	0	0	0	0	0	0	52.7158622742	0	0	0	0	0	0	0	0	0	0	0	0	0	0	0
Feb 22 2023 18:05:27	5.78445672989	85.940071106	95.9347305298	0.00147034588736	51.5275917053	14.0778398514	71.0469818115	-	0	0	0	0	0	0	0	0	0	0	0	0	0	0	0	0	0	0	0	0	0	0	0	0	1.81723511219	5.18898868561	7.30819177628	8.10438728333	7.75732183456	6.6062040329	5.04936885834	3.4473464489	2.06141829491	1.02878725529	0.371689975262	0.0315352790058	0	0	0	0	0	0	0	0	51.2275276184	0	0	0	0	0	0	0	0	0	0	0	0	0	0	0
Feb 22 2023 18:05:28	5.1283621788	86.8749923706	96.0506973267	0.00156122527551	52.9016685486	12.9954681396	67.4550170898	-	0	0	0	0	0	0	0	0	0	0	0	0	0	0	0	0	0	0	0	0	0	0	0	0.717942535877	4.79099369049	7.13652992249	7.93318891525	7.53688573837	6.38328409195	4.88801956177	3.38505721092	2.09381866455	1.12004983425	0.476484656334	0.11377170682	0	0	0	0	0	0	0	0	0	53.4239692688	0	0	0	0	0	0	0	0	0	0	0	0	0	0	0
Feb 22 2023 18:05:29	4.76897335052	86.1809616089	95.9576416016	0.00126135256141	51.3838119507	12.0383491516	70.7657165527	-	0	0	0	0	0	0	0	0	0	0	0	0	0	0	0	0	0	0	0	0	0	0	0	3.09373211861	5.72317457199	7.15979957581	7.51508378983	7.01773691177	5.95913124084	4.63031196594	3.27988004684	2.08586001396	1.14875853062	0.498360455036	0.109949730337	0	0	0	0	0	0	0	0	0	51.7782211304	0	0	0	0	0	0	0	0	0	0	0	0	0	0	0
Feb 22 2023 18:05:30	5.05548715591	88.7797698975	96.3722000122	0.000998839619569	56.8983383179	13.5044431686	78.4923248291	-	0	0	0	0	0	0	0	0	0	0	0	0	0	0	0	0	0	0	0	0	0	0	0	0	5.43155431747	8.33921909332	8.6166973114	7.26670122147	5.28325939178	3.36867499352	1.88152468204	0.903584182262	0.355253845453	0.0990641638637	0.0071970410645	0	0	0	0	0	0	0	0	0	58.4472770691	0	0	0	0	0	0	0	0	0	0	0	0	0	0	0
Feb 22 2023 18:05:31	4.29876661301	89.2332763672	96.541809082	0.000809456920251	58.9782447815	11.9075803757	79.8571853638	-	0	0	0	0	0	0	0	0	0	0	0	0	0	0	0	0	0	0	0	0	0	0	0	5.08724164963	10.2510452271	9.5125169754	6.65753030777	3.86297440529	1.91526901722	0.816263437271	0.296098142862	0.0886405333877	0.020221862942	0.00259978044778	0	0	0	0	0	0	0	0	0	0	61.4896011353	0	0	0	0	0	0	0	0	0	0	0	0	0	0	0
Feb 22 2023 18:05:32	4.60044336319	89.3929824829	96.6017074585	0.00108158378862	60.0377845764	12.7530126572	75.8763580322	-	0	0	0	0	0	0	0	0	0	0	0	0	0	0	0	0	0	0	0	0	0	0	0	0	10.8601617813	11.947511673	7.90476226807	4.06319856644	1.7275635004	0.617798447609	0.184899389744	0.0450860783458	0.00835332926363	0.00092701613903	0	0	0	0	0	0	0	0	0	0	62.6397361755	0	0	0	0	0	0	0	0	0	0	0	0	0	0	0
Feb 22 2023 18:05:33	4.62684059143	89.3015670776	96.5674285889	0.00100487540476	59.4896240234	12.6986923218	77.2640457153	-	0	0	0	0	0	0	0	0	0	0	0	0	0	0	0	0	0	0	0	0	0	0	0	0	10.3141031265	11.8674440384	8.29004573822	4.48876523972	2.00472426414	0.751053869724	0.23488765955	0.0597033761442	0.0115109393373	0.00134095014073	0	0	0	0	0	0	0	0	0	0	61.9764213562	0	0	0	0	0	0	0	0	0	0	0	0	0	0	0
Feb 22 2023 18:05:34	4.70177459717	89.0976791382	96.4908981323	0.00102700409479	58.3433036804	12.7042102814	76.7896270752	-	0	0	0	0	0	0	0	0	0	0	0	0	0	0	0	0	0	0	0	0	0	0	0	0	8.98228645325	11.2447652817	8.82838249207	5.49734354019	2.88712000847	1.30203354359	0.502901434898	0.162614867091	0.0414477102458	0.00687552010641	7.65382446843e-06	0	0	0	0	0	0	0	0	0	60.5442237854	0	0	0	0	0	0	0	0	0	0	0	0	0	0	0
Feb 22 2023 18:05:35	4.6917386055	88.0172348022	96.2442016602	0.00124315870926	54.9485702515	12.2391319275	71.5636291504	-	0	0	0	0	0	0	0	0	0	0	0	0	0	0	0	0	0	0	0	0	0	0	0	2.31533193588	7.08315467834	8.71381950378	8.2106180191	6.60878181458	4.70889663696	3.00155925751	1.70545744896	0.847488999367	0.351095497608	0.105368241668	0.00812712311745	0	0	0	0	0	0	0	0	0	56.3403015137	0	0	0	0	0	0	0	0	0	0	0	0	0	0	0
Feb 22 2023 18:05:36	4.60271453857	89.1123046875	96.4963912964	0.000719194882549	58.5392379761	12.8556785583	83.1321029663	-	0	0	0	0	0	0	0	0	0	0	0	0	0	0	0	0	0	0	0	0	0	0	0	3.26071310043	7.17777013779	8.15905666351	7.28553152084	5.56656312943	3.74374103546	2.2309551239	1.16946423054	0.525994062424	0.190548524261	0.044799670577	0	0	0	0	0	0	0	0	0	0	60.6448669434	0	0	0	0	0	0	0	0	0	0	0	0	0	0	0
Feb 22 2023 18:05:37	5.40378665924	88.1540145874	96.2672348022	0.00113545847125	55.7545928955	14.1899938583	76.9636154175	-	0	0	0	0	0	0	0	0	0	0	0	0	0	0	0	0	0	0	0	0	0	0	0	0	3.56399488449	6.49685955048	7.70762252808	7.51494598389	6.39945888519	4.85592842102	3.29133987427	1.96902620792	1.00569987297	0.401466816664	0.0853561609983	0	0	0	0	0	0	0	0	0	56.7083015442	0	0	0	0	0	0	0	0	0	0	0	0	0	0	0
Feb 22 2023 18:05:38	4.96040439606	89.0242233276	96.4632949829	0.000809822347946	58.2370033264	13.6957387924	82.3828430176	-	0	0	0	0	0	0	0	0	0	0	0	0	0	0	0	0	0	0	0	0	0	0	0	0.805884420872	5.85028171539	7.8915438652	7.80220794678	6.50370693207	4.76813173294	3.11387658119	1.80634200573	0.9131513834	0.382691353559	0.11395663023	0.00470417737961	0	0	0	0	0	0	0	0	9.43926943445e-14	60.0435180664	0	0	0	0	0	0	0	0	0	0	0	0	0	0	0
Feb 22 2023 18:05:39	4.92651844025	88.4427566528	96.3157424927	0.00106557609979	56.0575828552	13.0306091309	76.4596633911	-	0	0	0	0	0	0	0	0	0	0	0	0	0	0	0	0	0	0	0	0	0	0	0	0.953993678093	5.94331216812	8.26594829559	8.32993793488	7.01856327057	5.16865158081	3.37264585495	1.94518375397	0.972918629646	0.401806980371	0.118705667555	0.00914432480931	0	0	0	0	0	0	0	0	0	57.4991874695	0	0	0	0	0	0	0	0	0	0	0	0	0	0	0
Feb 22 2023 18:05:40	5.20572805405	88.1819381714	96.2719268799	0.00125114957336	55.7073402405	13.7615804672	74.2784042358	-	0	0	0	0	0	0	0	0	0	0	0	0	0	0	0	0	0	0	0	0	0	0	0	0.144548282027	4.63259840012	7.10168409348	7.82434177399	7.27017593384	5.97198820114	4.4039440155	2.91565847397	1.70881986618	0.854327142239	0.329170078039	0.0588067919016	0	0	0	0	0	0	0	0	0	56.7839393616	0	0	0	0	0	0	0	0	0	0	0	0	0	0	0
Feb 22 2023 18:05:41	5.15493011475	86.8360900879	96.0440750122	0.00109363149386	52.8604240417	13.0628995895	75.9858703613	-	0	0	0	0	0	0	0	0	0	0	0	0	0	0	0	0	0	0	0	0	0	0	0	1.01348352432	4.51403284073	6.7661075592	7.68912744522	7.48044538498	6.48116111755	5.06722831726	3.5734295845	2.24264264107	1.21042561531	0.514105677605	0.11848217994	0	0	0	0	0	0	0	0	0	53.3293228149	0	0	0	0	0	0	0	0	0	0	0	0	0	0	0
Feb 22 2023 18:05:42	5.34795808792	86.9126815796	96.0571212769	0.00144095381256	53.1125259399	13.5147514343	70.5594482422	-	0	0	0	0	0	0	0	0	0	0	0	0	0	0	0	0	0	0	0	0	0	0	0	0.118757717311	3.90497732162	6.53331422806	7.76456212997	7.74510717392	6.81498575211	5.37986898422	3.81598615646	2.40355396271	1.30262649059	0.560362756252	0.139934405684	0	0	0	0	0	0	0	0	0	53.5159645081	0	0	0	0	0	0	0	0	0	0	0	0	0	0	0
Feb 22 2023 18:05:43	5.22840452194	86.6393280029	96.0105133057	0.00164636247791	52.5323867798	13.1881103516	66.4433288574	-	0	0	0	0	0	0	0	0	0	0	0	0	0	0	0	0	0	0	0	0	0	0	0	0.61998462677	4.32648324966	6.66291618347	7.66257286072	7.54033088684	6.62460327148	5.27169895172	3.8026201725	2.4578294754	1.38128638268	0.625176131725	0.169462844729	0	0	0	0	0	0	0	0	0	52.8550338745	0	0	0	0	0	0	0	0	0	0	0	0	0	0	0
Feb 22 2023 18:05:44	4.99688482285	88.837097168	96.3929214478	0.000970070075709	57.1658363342	13.4350347519	78.9474639893	-	0	0	0	0	0	0	0	0	0	0	0	0	0	0	0	0	0	0	0	0	0	0	0	0.143726795912	5.83081150055	8.48404884338	8.51800918579	7.03444099426	5.02960062027	3.16321110725	1.74664795399	0.830456733704	0.323023080826	0.0881771296263	0.00493641290814	0	0	0	0	0	0	0	0	0	58.8029098511	0	0	0	0	0	0	0	0	0	0	0	0	0	0	0
Feb 22 2023 18:05:45	5.0220079422	88.160736084	96.2683639526	0.00135670939926	55.3929443359	12.9770097733	70.9712600708	-	0	0	0	0	0	0	0	0	0	0	0	0	0	0	0	0	0	0	0	0	0	0	0	0	5.49133729935	9.02370452881	9.27952384949	7.6563706398	5.40910005569	3.34078025818	1.80591607094	0.84114408493	0.323630839586	0.0915635377169	0.0104476045817	0	0	0	0	0	0	0	0	0	56.7264785767	0	0	0	0	0	0	0	0	0	0	0	0	0	0	0
Feb 22 2023 18:05:46	4.14125204086	88.7172622681	96.3617477417	0.000349989335518	56.0747451782	10.7349214554	89.7583312988	-	0	0	0	0	0	0	0	0	0	0	0	0	0	0	0	0	0	0	0	0	0	0	0	6.87995529175	12.6243162155	10.2081127167	6.32227802277	3.30586838722	1.50468754768	0.60010945797	0.208019435406	0.0610342994332	0.0141868209466	0.00208143214695	0	0	0	0	0	0	0	0	0	4.9025159068e-14	58.2693519592	0	0	0	0	0	0	0	0	0	0	0	0	0	0	0
Feb 22 2023 18:05:47	4.32556629181	88.9915542603	96.4510192871	0.000586679147091	57.4240608215	11.1929731369	84.2956619263	-	0	0	0	0	0	0	0	0	0	0	0	0	0	0	0	0	0	0	0	0	0	0	0	3.00845217705	15.1407003403	11.5160770416	6.23105382919	2.76555562019	1.04865980148	0.343043357134	0.0961052104831	0.022447148338	0.00408326368779	0.000456665758975	0	0	0	0	0	0	0	0	0	0	59.8233642578	0	0	0	0	0	0	0	0	0	0	0	0	0	0	0
Feb 22 2023 18:05:48	4.45443725586	89.0051879883	96.4561386108	0.000999631476589	57.7069206238	11.9801721573	76.0158996582	-	0	0	0	0	0	0	0	0	0	0	0	0	0	0	0	0	0	0	0	0	0	0	0	2.83701777458	10.2398986816	10.262594223	7.59631156921	4.70420360565	2.53074336052	1.19420850277	0.491248905659	0.171913743019	0.0480917207897	0.00872667878866	0	0	0	0	0	0	0	0	0	0	59.9150428772	0	0	0	0	0	0	0	0	0	0	0	0	0	0	0
Feb 22 2023 18:05:49	4.50433444977	89.1811523438	96.5222473145	0.00142418162432	58.678855896	12.1231927872	68.3306732178	-	0	0	0	0	0	0	0	0	0	0	0	0	0	0	0	0	0	0	0	0	0	0	0	0.17593100667	13.0347890854	11.9533395767	7.47451782227	3.77830386162	1.61893010139	0.595223426819	0.186579972506	0.0485330112278	0.00976959988475	0.00119482632726	0	0	0	0	0	0	0	0	0	0	61.1228866577	0	0	0	0	0	0	0	0	0	0	0	0	0	0	0
Feb 22 2023 18:05:50	4.50098705292	88.2676315308	96.2863388062	0.00101237220224	55.432636261	11.9567041397	75.5586547852	-	0	0	0	0	0	0	0	0	0	0	0	0	0	0	0	0	0	0	0	0	0	0	0	4.07235765457	7.55723810196	8.42856121063	7.60563611984	5.96786737442	4.17614078522	2.62216877937	1.46770858765	0.716018259525	0.287913113832	0.0801125988364	0.00106622907333	0	0	0	0	0	0	0	0	0	57.0172119141	0	0	0	0	0	0	0	0	0	0	0	0	0	0	0
Feb 22 2023 18:05:51	5.01770114899	88.1894989014	96.2732009888	0.00121678994037	55.4986381531	13.0824985504	73.7390594482	-	0	0	0	0	0	0	0	0	0	0	0	0	0	0	0	0	0	0	0	0	0	0	0	0	5.64872646332	8.71422386169	8.89222240448	7.44935178757	5.42583417892	3.49934577942	1.99982619286	0.998034119606	0.418289810419	0.1320861727	0.0176020637155	0	0	0	0	0	0	0	0	1.10862679104e-14	56.8044548035	0	0	0	0	0	0	0	0	0	0	0	0	0	0	0
Feb 22 2023 18:05:52	4.72594213486	88.8757019043	96.4074478149	0.00109076092485	57.1645317078	12.6642160416	75.4850692749	-	0	0	0	0	0	0	0	0	0	0	0	0	0	0	0	0	0	0	0	0	0	0	0	0.173924148083	8.53731441498	10.1829919815	8.61348819733	6.07613515854	3.7447116375	2.04419159889	0.985592782497	0.411423444748	0.141115352511	0.0337282009423	0.000541250687093	0	0	0	0	0	0	0	0	0	59.0548400879	0	0	0	0	0	0	0	0	0	0	0	0	0	0	0
Feb 22 2023 18:05:53	4.90297222137	88.5273284912	96.3299331665	0.00152862549294	56.2001419067	12.9671983719	68.0055007935	-	0	0	0	0	0	0	0	0	0	0	0	0	0	0	0	0	0	0	0	0	0	0	0	0	6.66662597656	9.2190580368	8.80475330353	6.97972679138	4.83373069763	2.9712202549	1.61943733692	0.769544005394	0.304986596107	0.0885994657874	0.00777815748006	0	0	0	0	0	0	0	0	0	57.7345352173	0	0	0	0	0	0	0	0	0	0	0	0	0	0	0
Feb 22 2023 18:05:54	5.95345211029	86.8148574829	96.0404510498	0.00168362574186	53.3544845581	14.9007997513	69.1301116943	-	0	0	0	0	0	0	0	0	0	0	0	0	0	0	0	0	0	0	0	0	0	0	0	0	1.55592882633	4.52621841431	6.56036424637	7.50196552277	7.41327905655	6.52337884903	5.15516042709	3.63945841789	2.24836683273	1.15460991859	0.42152172327	0.0219624545425	0	0	0	0	0	0	0	0	53.2777862549	0	0	0	0	0	0	0	0	0	0	0	0	0	0	0
Feb 22 2023 18:05:55	4.74939441681	88.56300354	96.3359069824	0.00137375527993	56.2356796265	12.6523122787	69.9930953979	-	0	0	0	0	0	0	0	0	0	0	0	0	0	0	0	0	0	0	0	0	0	0	0	1.65868461132	7.05024385452	8.7209444046	8.11693572998	6.43717288971	4.52149152756	2.8455388546	1.59953629971	0.788216412067	0.32453635335	0.0965835899115	0.00579167110845	0	0	0	0	0	0	0	0	0	57.8343200684	0	0	0	0	0	0	0	0	0	0	0	0	0	0	0
Feb 22 2023 18:05:56	4.67040538788	89.0416488647	96.4698486328	0.00101478979923	58.0706977844	12.703455925	76.9310073853	-	0	0	0	0	0	0	0	0	0	0	0	0	0	0	0	0	0	0	0	0	0	0	0	1.516964674	8.0848236084	9.65949249268	8.2399520874	5.78157234192	3.48300671577	1.82271540165	0.823896110058	0.313660591841	0.0942648947239	0.0180836059153	0	0	0	0	0	0	0	0	0	0	60.161567688	0	0	0	0	0	0	0	0	0	0	0	0	0	0	0
Feb 22 2023 18:05:57	4.70744276047	88.9286575317	96.4273681641	0.00116458570119	57.5878562927	12.9625682831	74.3466567993	-	0	0	0	0	0	0	0	0	0	0	0	0	0	0	0	0	0	0	0	0	0	0	0	2.85909295082	6.44753789902	7.73567771912	7.3612704277	6.03975105286	4.39432573318	2.85516166687	1.64641201496	0.82384121418	0.338116377592	0.0949993878603	0	0	0	0	0	0	0	0	0	0	59.4038124084	0	0	0	0	0	0	0	0	0	0	0	0	0	0	0
Feb 22 2023 18:05:58	4.74729681015	88.492805481	96.3241424561	0.00100218132138	56.090423584	12.6444272995	77.0126953125	-	0	0	0	0	0	0	0	0	0	0	0	0	0	0	0	0	0	0	0	0	0	0	0	2.34051346779	6.50155305862	8.19252681732	7.93497467041	6.53902578354	4.74329948425	3.05782532692	1.74329710007	0.860057771206	0.347634524107	0.0974284932017	0.00360052264296	0	0	0	0	0	0	0	0	0	57.6382637024	0	0	0	0	0	0	0	0	0	0	0	0	0	0	0
Feb 22 2023 18:05:59	4.82780218124	88.1368865967	96.2643508911	0.00154244410805	55.2775802612	12.6046628952	66.9639129639	-	0	0	0	0	0	0	0	0	0	0	0	0	0	0	0	0	0	0	0	0	0	0	0	0.740874230862	6.96367168427	9.05463409424	8.59098434448	6.88946151733	4.8795466423	3.09440422058	1.75436961651	0.874720156193	0.367583602667	0.11525426805	0.0125155989081	0	0	0	0	0	0	0	0	0	56.6619796753	0	0	0	0	0	0	0	0	0	0	0	0	0	0	0
Feb 22 2023 18:06:00	4.6686296463	88.9393615723	96.431388855	0.0014147402253	57.4169692993	12.3823738098	68.7506027222	-	0	0	0	0	0	0	0	0	0	0	0	0	0	0	0	0	0	0	0	0	0	0	0	0.894656598568	8.68296813965	10.8877849579	8.96661090851	5.80799150467	3.12329316139	1.41541361809	0.537126243114	0.165660232306	0.0384592227638	0.00524431001395	0	0	0	0	0	0	0	0	0	0	59.4747886658	0	0	0	0	0	0	0	0	0	0	0	0	0	0	0
Feb 22 2023 18:06:01	4.70389223099	89.1007003784	96.4920349121	0.00120371044613	58.3783493042	12.7643089294	73.4992523193	-	0	0	0	0	0	0	0	0	0	0	0	0	0	0	0	0	0	0	0	0	0	0	0	0	8.96472740173	10.9659442902	8.68981075287	5.54565382004	3.01459479332	1.41812837124	0.575450539589	0.197066992521	0.053832732141	0.00982381682843	0	0	0	0	0	0	0	0	0	0	60.5649642944	0	0	0	0	0	0	0	0	0	0	0	0	0	0	0
Feb 22 2023 18:06:02	4.01670742035	89.4589767456	96.6264343262	0.00107535114512	60.1175537109	10.9951992035	72.4414291382	-	0	0	0	0	0	0	0	0	0	0	0	0	0	0	0	0	0	0	0	0	0	0	0	9.02051734924	16.3294620514	7.88587617874	2.69579839706	0.737269699574	0.166996255517	0.0315017141402	0.00488802744076	0.000601923442446	5.36083061888e-05	2.32473530559e-06	0	0	0	0	0	0	0	0	0	0	63.1270294189	0	0	0	0	0	0	0	0	0	0	0	0	0	0	0
Feb 22 2023 18:06:03	3.63586068153	89.4084320068	96.6074981689	0.000633039453533	59.5416679382	9.55895137787	79.2372741699	-	0	0	0	0	0	0	0	0	0	0	0	0	0	0	0	0	0	0	0	0	0	0	0	29.4000854492	7.38891744614	0.440001219511	0.0173270199448	0.000512239173986	1.17311137728e-05	2.07965683785e-07	2.79466183528e-09	2.71474492192e-11	1.7055002972e-13	4.42859053313e-16	0	0	0	0	0	0	0	0	0	0	62.7531394958	0	0	0	0	0	0	0	0	0	0	0	0	0	0	0
Feb 22 2023 18:06:04	4.41132640839	89.4754257202	96.632598877	0.00106927950401	60.4168777466	12.1529455185	75.348815918	-	0	0	0	0	0	0	0	0	0	0	0	0	0	0	0	0	0	0	0	0	0	0	0	0.470277160406	16.0246334076	11.49036026	5.61019229889	2.18978834152	0.713934481144	0.196354269981	0.0451548434794	0.00841729529202	0.00117291742936	8.90930241439e-05	0	0	0	0	0	0	0	0	0	0	63.249622345	0	0	0	0	0	0	0	0	0	0	0	0	0	0	0
Feb 22 2023 18:06:05	4.81967306137	88.8817367554	96.4097213745	0.00112572056241	56.7860221863	11.3568258286	71.0777130127	-	0	0	0	0	0	0	0	0	0	0	0	0	0	0	0	0	0	0	0	0	0	0	0	0	3.4380967617	33.6836776733	3.74666833878	0.0370523557067	5.81912172493e-05	1.71762621903e-08	9.1601075683e-13	6.85063042383e-18	3.70943894095e-24	1.77625909761e-32	0	0	0	0	0	0	0	0	0	0	59.0944480896	0	0	0	0	0	0	0	0	0	0	0	0	0	0	0
Feb 22 2023 18:06:06	4.46282625198	88.9536209106	96.4367523193	0.000913488678634	57.5239143372	12.2203598022	78.0750274658	-	0	0	0	0	0	0	0	0	0	0	0	0	0	0	0	0	0	0	0	0	0	0	0	4.21946811676	7.95921373367	8.61898040771	7.37644195557	5.38477993011	3.44108748436	1.93480181694	0.948223292828	0.393472671509	0.128436222672	0.0254354067147	0	0	0	0	0	0	0	0	0	0	59.5696563721	0	0	0	0	0	0	0	0	0	0	0	0	0	0	0
Feb 22 2023 18:06:07	4.79330444336	88.990524292	96.450630188	0.00114523340017	57.8206710815	12.902422905	74.7637710571	-	0	0	0	0	0	0	0	0	0	0	0	0	0	0	0	0	0	0	0	0	0	0	0	0.461496829987	7.47091674805	9.95296287537	8.87415218353	6.33661985397	3.81972241402	1.97324943542	0.869406580925	0.318320035934	0.0905520021915	0.0161464717239	0	0	0	0	0	0	0	0	0	0	59.8164558411	0	0	0	0	0	0	0	0	0	0	0	0	0	0	0
Feb 22 2023 18:06:08	4.99412822723	88.1112213135	96.2600326538	0.00123038585298	55.2442703247	12.841547966	73.0292663574	-	0	0	0	0	0	0	0	0	0	0	0	0	0	0	0	0	0	0	0	0	0	0	0	0	5.69282245636	9.28155231476	9.46237564087	7.6915063858	5.32030105591	3.1969909668	1.66964328289	0.744725763798	0.270766884089	0.0703748613596	0.00622574426234	0	0	0	0	0	0	0	0	2.09088151795e-14	56.592716217	0	0	0	0	0	0	0	0	0	0	0	0	0	0	0
Feb 22 2023 18:06:09	4.32981348038	89.607093811	96.6819000244	0.00121433276217	61.1749343872	11.8570899963	72.3995361328	-	0	0	0	0	0	0	0	0	0	0	0	0	0	0	0	0	0	0	0	0	0	0	0	0	22.1717777252	9.8942193985	2.88839673996	0.656123995781	0.121218137443	0.0183495134115	0.00224587321281	0.000213739782339	1.42871313074e-05	4.24110425001e-07	0	0	0	0	0	0	0	0	0	0	64.2474441528	0	0	0	0	0	0	0	0	0	0	0	0	0	0	0
Feb 22 2023 18:06:10	4.52242326736	89.4005661011	96.6045455933	0.000833421596326	60.034362793	12.5057001114	80.5863647461	-	0	0	0	0	0	0	0	0	0	0	0	0	0	0	0	0	0	0	0	0	0	0	0	0	12.8145103455	11.876748085	7.15760231018	3.43199110031	1.37930035591	0.470709949732	0.135481089354	0.0319713354111	0.00574884330854	0.00060445535928	0	0	0	0	0	0	0	0	0	0	62.6953315735	0	0	0	0	0	0	0	0	0	0	0	0	0	0	0
Feb 22 2023 18:06:11	4.50816631317	89.321723938	96.5749893188	0.00158588029444	59.5363998413	12.3442392349	65.9903793335	-	0	0	0	0	0	0	0	0	0	0	0	0	0	0	0	0	0	0	0	0	0	0	0	0	13.2406578064	11.7865467072	7.15770721436	3.5127427578	1.45881259441	0.518382489681	0.156426474452	0.0389493629336	0.00743000628427	0.000827841111459	0	0	0	0	0	0	0	0	0	0	62.1215171814	0	0	0	0	0	0	0	0	0	0	0	0	0	0	0
Feb 22 2023 18:06:12	4.99661874771	88.7958984375	96.3774108887	0.00265704421327	56.8971633911	13.2740077972	51.8941116333	-	0	0	0	0	0	0	0	0	0	0	0	0	0	0	0	0	0	0	0	0	0	0	0	0	5.76512098312	8.97524166107	9.00733375549	7.25367450714	4.97972202301	2.9694185257	1.53621184826	0.675812780857	0.239704087377	0.0585153512657	0.00292155449279	0	0	0	0	0	0	0	0	0	58.5363197327	0	0	0	0	0	0	0	0	0	0	0	0	0	0	0
Feb 22 2023 18:06:13	5.38043355942	87.9671936035	96.2357711792	0.00244252756238	54.6582603455	12.3617324829	51.731754303	-	0	0	0	0	0	0	0	0	0	0	0	0	0	0	0	0	0	0	0	0	0	0	0	0.000115555281809	0.526125967503	10.0713882446	21.1207923889	10.4142169952	1.58009505272	0.0793014168739	0.00124748097733	4.99305997437e-06	3.01984193207e-09	5.58522717279e-14	1.66161204474e-27	0	0	0	0	0	0	0	0	0	56.2067108154	0	0	0	0	0	0	0	0	0	0	0	0	0	0	0
Feb 22 2023 18:06:14	4.94355869293	88.7824935913	96.3726577759	0.00197193119675	56.7848739624	13.08842659	61.0266456604	-	0	0	0	0	0	0	0	0	0	0	0	0	0	0	0	0	0	0	0	0	0	0	0	0	6.14818096161	9.51135158539	9.14764785767	7.07150030136	4.68815040588	2.71946763992	1.38057386875	0.602828085423	0.216041088104	0.0553766712546	0.00385067728348	0	0	0	0	0	0	0	0	0	58.4550323486	0	0	0	0	0	0	0	0	0	0	0	0	0	0	0
Feb 22 2023 18:06:15	4.82039546967	88.8847045898	96.4108352661	0.00136434123851	57.2250099182	12.7968816757	70.5230026245	-	0	0	0	0	0	0	0	0	0	0	0	0	0	0	0	0	0	0	0	0	0	0	0	0	7.36697149277	10.5294933319	9.27680683136	6.50137042999	3.86889362335	1.99391484261	0.889014840126	0.336018681526	0.101961821318	0.0210314895958	0.000587955291849	0	0	0	0	0	0	0	0	0	59.1139297485	0	0	0	0	0	0	0	0	0	0	0	0	0	0	0
Feb 22 2023 18:06:16	4.85964488983	88.9014358521	96.4171295166	0.00196185428649	56.8921470642	11.3955392838	54.5982551575	-	0	0	0	0	0	0	0	0	0	0	0	0	0	0	0	0	0	0	0	0	0	0	0	0	0	40.7760696411	2.22204416325e-12	0	0	0	0	0	0	0	0	0	0	0	0	0	0	0	0	0	59.2239303589	0	0	0	0	0	0	0	0	0	0	0	0	0	0	0
Feb 22 2023 18:06:17	4.43391895294	88.9476394653	96.4345092773	0.00162603217177	57.3925476074	11.919880867	63.7682304382	-	0	0	0	0	0	0	0	0	0	0	0	0	0	0	0	0	0	0	0	0	0	0	0	3.57661366463	9.55984401703	9.8257894516	7.58908462524	4.91739368439	2.76733708382	1.36418831348	0.584903419018	0.212527513504	0.0612649060786	0.0112079754472	0	0	0	0	0	0	0	0	0	0	59.5298461914	0	0	0	0	0	0	0	0	0	0	0	0	0	0	0
Feb 22 2023 18:06:18	5.10757923126	88.1287231445	96.2629776001	0.0017050266033	55.4768371582	13.3963756561	65.9307632446	-	0	0	0	0	0	0	0	0	0	0	0	0	0	0	0	0	0	0	0	0	0	0	0	0.132666707039	5.12428283691	7.7629275322	8.30042552948	7.41066837311	5.80410003662	4.05164813995	2.51990008354	1.37467515469	0.631278455257	0.217517539859	0.0299836359918	0	0	0	0	0	0	0	0	0	56.6399269104	0	0	0	0	0	0	0	0	0	0	0	0	0	0	0
Feb 22 2023 18:06:19	4.79937028885	88.9064941406	96.4190292358	0.00183835497592	56.9128837585	11.3171043396	57.2135391235	-	0	0	0	0	0	0	0	0	0	0	0	0	0	0	0	0	0	0	0	0	0	0	0	0	4.34108781815	33.720867157	2.66109275818	0.0196484215558	2.43707581831e-05	5.98035354571e-09	2.78593635791e-13	1.92525667186e-18	1.04563907417e-24	5.86326149678e-33	0	0	0	0	0	0	0	0	0	0	59.2572822571	0	0	0	0	0	0	0	0	0	0	0	0	0	0	0
Feb 22 2023 18:06:20	4.75586891174	88.9649734497	96.4410247803	0.00207845796831	57.6262893677	12.705072403	58.5518226624	-	0	0	0	0	0	0	0	0	0	0	0	0	0	0	0	0	0	0	0	0	0	0	0	0	8.17488384247	10.9664974213	9.08862018585	6.01752328873	3.39419460297	1.66250669956	0.706255972385	0.25502410531	0.0741639137268	0.0146902147681	0.000277499493677	0	0	0	0	0	0	0	0	0	59.6453590393	0	0	0	0	0	0	0	0	0	0	0	0	0	0	0
Feb 22 2023 18:06:21	4.83492136002	87.9525222778	96.2332992554	0.00278641772456	54.8857460022	12.5531721115	48.2113647461	-	0	0	0	0	0	0	0	0	0	0	0	0	0	0	0	0	0	0	0	0	0	0	0	1.41620755196	6.38713598251	8.53822231293	8.4448595047	7.04154825211	5.15950298309	3.36483573914	1.94806456566	0.98279106617	0.412113636732	0.125422343612	0.0116273490712	0	0	0	0	0	0	0	0	0	56.1676673889	0	0	0	0	0	0	0	0	0	0	0	0	0	0	0
Feb 22 2023 18:06:22	4.57141113281	88.5833969116	96.3393249512	0.0012781706173	56.0970726013	12.0199146271	70.4947662354	-	0	0	0	0	0	0	0	0	0	0	0	0	0	0	0	0	0	0	0	0	0	0	0	2.21170330048	8.80950546265	9.92147445679	8.27920627594	5.82157278061	3.58955478668	1.96314847469	0.948326587677	0.396086752415	0.135422065854	0.0319457128644	0.000540701556019	0	0	0	0	0	0	0	0	0	57.8915100098	0	0	0	0	0	0	0	0	0	0	0	0	0	0	0
Feb 22 2023 18:06:23	5.24993610382	87.7657165527	96.2017745972	0.00156837457325	54.6923599243	13.393204689	68.0661621094	-	0	0	0	0	0	0	0	0	0	0	0	0	0	0	0	0	0	0	0	0	0	0	0	0	3.77005815506	7.95867347717	9.03367328644	8.12382888794	6.28273630142	4.28911876678	2.59743833542	1.3807605505	0.624386847019	0.221121311188	0.043716236949	0	0	0	0	0	0	0	0	0	55.6744880676	0	0	0	0	0	0	0	0	0	0	0	0	0	0	0
Feb 22 2023 18:06:24	5.08155965805	88.1349868774	96.2640304565	0.00181201531086	55.3489456177	13.0458946228	63.348941803	-	0	0	0	0	0	0	0	0	0	0	0	0	0	0	0	0	0	0	0	0	0	0	0	0	4.80479621887	9.15489578247	9.55776691437	7.8533411026	5.50307655334	3.37270760536	1.81423914433	0.845226347446	0.328366488218	0.0959192961454	0.0128178652376	0	0	0	0	0	0	0	0	0	56.6568489075	0	0	0	0	0	0	0	0	0	0	0	0	0	0	0
Feb 22 2023 18:06:25	5.29756641388	86.008972168	95.9412918091	0.00121167127509	51.2598609924	12.9311962128	73.5693283081	-	0	0	0	0	0	0	0	0	0	0	0	0	0	0	0	0	0	0	0	0	0	0	0	0	3.88812303543	7.21089076996	8.5597076416	8.35202217102	7.14088535309	5.46684503555	3.76360559464	2.30995869637	1.23229300976	0.536764025688	0.154912635684	0	0	0	0	0	0	0	0	0	51.3839912415	0	0	0	0	0	0	0	0	0	0	0	0	0	0	0
Feb 22 2023 18:06:26	5.17655086517	87.1736602783	96.1015014648	0.00213388027623	53.4672317505	13.120256424	58.7201538086	-	0	0	0	0	0	0	0	0	0	0	0	0	0	0	0	0	0	0	0	0	0	0	0	0	4.68497943878	7.64019107819	8.50123023987	7.86903476715	6.40010309219	4.657725811	3.03881239891	1.756742239	0.871892571449	0.342331409454	0.0763825178146	0	0	0	0	0	0	0	0	0	54.1605758667	0	0	0	0	0	0	0	0	0	0	0	0	0	0	0
Feb 22 2023 18:06:27	4.93044900894	86.2052230835	95.9599456787	0.00187658309005	51.4703025818	12.2967977524	60.5467147827	-	0	0	0	0	0	0	0	0	0	0	0	0	0	0	0	0	0	0	0	0	0	0	0	1.73782849312	5.46288585663	7.46826219559	8.00543022156	7.45570278168	6.24399995804	4.7560338974	3.29199099541	2.04436898232	1.10335493088	0.477034449577	0.118850156665	0	0	0	0	0	0	0	0	0	51.8342666626	0	0	0	0	0	0	0	0	0	0	0	0	0	0	0
Feb 22 2023 18:06:28	4.93376970291	85.9292449951	95.9337005615	0.00185715523548	51.0563735962	12.3751935959	61.0089073181	-	0	0	0	0	0	0	0	0	0	0	0	0	0	0	0	0	0	0	0	0	0	0	0	2.4344432354	5.05161809921	6.68450307846	7.33962202072	7.14747238159	6.32633733749	5.12854623795	3.79812312126	2.53486275673	1.47588789463	0.6902962327	0.185283765197	0	0	0	0	0	0	0	0	1.37829226588e-14	51.2030067444	0	0	0	0	0	0	0	0	0	0	0	0	0	0	0
Feb 22 2023 18:06:29	5.03771829605	88.0103378296	96.2430419922	0.00222297711298	54.9269294739	12.5944757462	55.8057060242	-	0	0	0	0	0	0	0	0	0	0	0	0	0	0	0	0	0	0	0	0	0	0	0	0	4.4570350647	11.0942077637	10.8717927933	7.97619915009	4.88049888611	2.5727956295	1.17575860023	0.46034809947	0.148991599679	0.0362037457526	0.00431182002649	0	0	0	0	0	0	0	0	0	56.3218612671	0	0	0	0	0	0	0	0	0	0	0	0	0	0	0
Feb 22 2023 18:06:30	5.91426610947	12.7067117691	95.7734603882	0.00130760879256	48.264213562	13.0530529022	71.9060058594	-	0	0	0	0	0	0	0	0	0	0	0	0	0	0	0	0	0	0	0	0	0	0	0	0	0	4.45152854919	10.2837991714	11.76055336	10.2050800323	7.32399129868	4.46862602234	2.3296186924	1.02742528915	0.37251278758	0.103581257164	0.0175789035857	0	0	0	0	0	0	0	0	47.6557044983	0	0	0	0	0	0	0	0	0	0	0	0	0	0	0
Feb 22 2023 18:06:31	5.70408630371	87.4020233154	96.1402511597	0.00208230991848	53.9148445129	13.6992712021	60.4469604492	-	0	0	0	0	0	0	0	0	0	0	0	0	0	0	0	0	0	0	0	0	0	0	0	0	0	6.26467084885	11.541012764	11.3439102173	8.19346427917	4.67508411407	2.15330243111	0.799662053585	0.234492197633	0.0513837561011	0.00710036046803	6.43434686936e-05	0	0	0	0	0	0	0	0	54.7358512878	0	0	0	0	0	0	0	0	0	0	0	0	0	0	0
Feb 22 2023 18:06:32	5.62377882004	85.7767181396	95.9191665649	0.00130128557794	51.1415557861	13.7042360306	73.2982940674	-	0	0	0	0	0	0	0	0	0	0	0	0	0	0	0	0	0	0	0	0	0	0	0	0	2.52949810028	5.69942951202	7.52106523514	8.05244636536	7.54260730743	6.34164428711	4.81855010986	3.2891023159	1.97529530525	0.992014706135	0.357423454523	0.0210856236517	0	0	0	0	0	0	0	0	50.8598403931	0	0	0	0	0	0	0	0	0	0	0	0	0	0	0
Feb 22 2023 18:06:33	5.51583003998	86.4258422852	95.9808654785	0.00174136750866	52.1813583374	13.5383501053	65.5703277588	-	0	0	0	0	0	0	0	0	0	0	0	0	0	0	0	0	0	0	0	0	0	0	0	0	2.52361559868	6.48903942108	8.36490535736	8.49570083618	7.43668460846	5.77644920349	4.01143932343	2.47410583496	1.3242855072	0.580968141556	0.174108743668	0	0	0	0	0	0	0	0	0	52.3486976624	0	0	0	0	0	0	0	0	0	0	0	0	0	0	0
Feb 22 2023 18:06:34	6.23964118958	15.7837467194	95.7603530884	0.00192596681882	48.6989173889	14.3593873978	64.4827957153	-	0	0	0	0	0	0	0	0	0	0	0	0	0	0	0	0	0	0	0	0	0	0	0	0	0.152775496244	3.75528287888	6.63665676117	8.35512256622	8.77394008636	8.05256748199	6.56313514709	4.75451040268	3.02639579773	1.64375007153	0.709108650684	0.189826756716	0	0	0	0	0	0	0	0	47.3869247437	0	0	0	0	0	0	0	0	0	0	0	0	0	0	0
Feb 22 2023 18:06:35	5.91833019257	18.7001285553	95.8547286987	0.00114460231271	50.1665229797	14.1124315262	76.7070922852	-	0	0	0	0	0	0	0	0	0	0	0	0	0	0	0	0	0	0	0	0	0	0	0	0	1.44962537289	4.6879992485	6.93899917603	8.02534389496	8.00317668915	7.10868453979	5.68153953552	4.07378959656	2.57846641541	1.38530528545	0.568719744682	0.106482617557	0	0	0	0	0	0	0	0	49.3918685913	0	0	0	0	0	0	0	0	0	0	0	0	0	0	0
Feb 22 2023 18:06:36	5.38116168976	86.9471130371	96.0629806519	0.00126771919895	53.2015266418	13.6051187515	73.7330703735	-	0	0	0	0	0	0	0	0	0	0	0	0	0	0	0	0	0	0	0	0	0	0	0	0	3.73256802559	6.52911949158	7.80431032181	7.78033304214	6.83617210388	5.39368724823	3.83117675781	2.42429184914	1.32743191719	0.584134757519	0.156540900469	0	0	0	0	0	0	0	0	4.12626171024e-15	53.6002349854	0	0	0	0	0	0	0	0	0	0	0	0	0	0	0
Feb 22 2023 18:06:37	5.26622009277	85.9068603516	95.9315643311	0.00214223191142	51.1992340088	13.052447319	58.4156913757	-	0	0	0	0	0	0	0	0	0	0	0	0	0	0	0	0	0	0	0	0	0	0	0	0.801556944847	4.0886387825	6.33286380768	7.46244955063	7.57282686234	6.88774442673	5.69335174561	4.28140878677	2.89913630486	1.72104632854	0.838856875896	0.267728030682	0	0	0	0	0	0	0	0	0	51.1523895264	0	0	0	0	0	0	0	0	0	0	0	0	0	0	0
Feb 22 2023 18:06:38	5.33819675446	87.1903305054	96.1043319702	0.00179331109393	53.5845718384	13.4463443756	64.5761947632	-	0	0	0	0	0	0	0	0	0	0	0	0	0	0	0	0	0	0	0	0	0	0	0	0	3.55170440674	7.16409111023	8.51464080811	8.15693283081	6.77556037903	4.99845933914	3.29021000862	1.91411006451	0.956639647484	0.382073253393	0.0933784395456	0	0	0	0	0	0	0	0	0	54.2021980286	0	0	0	0	0	0	0	0	0	0	0	0	0	0	0
Feb 22 2023 18:06:39	4.70563173294	89.0484771729	96.4724121094	0.000888059788849	57.7090034485	11.3489351273	76.6627349854	-	0	0	0	0	0	0	0	0	0	0	0	0	0	0	0	0	0	0	0	0	0	0	0	0	7.69777870178	30.9431858063	1.13503146172	0.0158988311887	0.00012349509052	5.85226359817e-07	1.70524705467e-09	2.90035118318e-12	2.50428382526e-15	7.33706928588e-19	3.14015411603e-24	0	0	0	0	0	0	0	0	3.25273797697e-14	60.2079811096	0	0	0	0	0	0	0	0	0	0	0	0	0	0	0
Feb 22 2023 18:06:40	5.75021219254	85.4375076294	95.8867492676	0.00114656239748	50.1526794434	13.0687742233	74.8292236328	-	0	0	0	0	0	0	0	0	0	0	0	0	0	0	0	0	0	0	0	0	0	0	0	0	0	5.85525178909	11.20819664	11.6212568283	9.23865318298	6.07767534256	3.3887732029	1.60518026352	0.637010097504	0.204053774476	0.0478474907577	0.00533904507756	0	0	0	0	0	0	0	0	50.1107635498	0	0	0	0	0	0	0	0	0	0	0	0	0	0	0
Feb 22 2023 18:06:41	4.59562301636	89.3600158691	96.5893478394	0.00162374298088	59.5996170044	11.7244510651	63.0241317749	-	0	0	0	0	0	0	0	0	0	0	0	0	0	0	0	0	0	0	0	0	0	0	0	0	11.5040149689	25.1250228882	0.96419107914	0.0077542825602	2.0462061002e-05	1.99223606501e-08	7.06305760406e-12	8.04207967293e-16	2.12107381349e-20	4.44720859171e-26	0	0	0	0	0	0	0	0	0	0	62.3989944458	0	0	0	0	0	0	0	0	0	0	0	0	0	0	0
Feb 22 2023 18:06:42	5.54742956161	86.5189666748	95.989944458	0.00154091336299	52.3816986084	13.6448554993	69.029838562	-	0	0	0	0	0	0	0	0	0	0	0	0	0	0	0	0	0	0	0	0	0	0	0	0	2.33993840218	6.38827848434	8.3248090744	8.4940738678	7.45488929749	5.80107736588	4.03445196152	2.49187660217	1.33620178699	0.588034152985	0.177849084139	0	0	0	0	0	0	0	0	0	52.5685310364	0	0	0	0	0	0	0	0	0	0	0	0	0	0	0
Feb 22 2023 18:06:43	4.85709190369	87.8363571167	96.2137069702	0.00114141975064	54.621887207	12.5263204575	74.1676940918	-	0	0	0	0	0	0	0	0	0	0	0	0	0	0	0	0	0	0	0	0	0	0	0	0.787484109402	6.63106870651	8.93371772766	8.71946620941	7.15626907349	5.16671562195	3.32838630676	1.91032266617	0.960559368134	0.405150294304	0.126714289188	0.0140574472025	0	0	0	0	0	0	0	0	0	55.8600921631	0	0	0	0	0	0	0	0	0	0	0	0	0	0	0
Feb 22 2023 18:06:44	4.87741041183	88.5154571533	96.3279418945	0.000915278214961	56.2153015137	12.9887828827	79.3590698242	-	0	0	0	0	0	0	0	0	0	0	0	0	0	0	0	0	0	0	0	0	0	0	0	1.05185735226	6.31126594543	8.34385871887	8.16610336304	6.77263450623	4.96087646484	3.25048971176	1.90104603767	0.975354135036	0.419811099768	0.133008748293	0.0122914835811	0	0	0	0	0	0	0	0	0	57.7014045715	0	0	0	0	0	0	0	0	0	0	0	0	0	0	0
Feb 22 2023 18:06:45	4.96886539459	87.5090637207	96.1583786011	0.00113005517051	53.9077682495	12.5098228455	74.3565826416	-	0	0	0	0	0	0	0	0	0	0	0	0	0	0	0	0	0	0	0	0	0	0	0	0	5.90282917023	9.4766368866	9.61208438873	7.86278676987	5.5319609642	3.4175786972	1.85667777061	0.873996317387	0.342576384544	0.100426606834	0.0132409231737	0	0	0	0	0	0	0	0	0	55.0092048645	0	0	0	0	0	0	0	0	0	0	0	0	0	0	0
Feb 22 2023 18:06:46	4.92666053772	85.9152145386	95.9323654175	0.00123806926422	50.8287773132	12.04570961	71.3502502441	-	0	0	0	0	0	0	0	0	0	0	0	0	0	0	0	0	0	0	0	0	0	0	0	1.16668617725	5.79378700256	8.19809055328	8.69712352753	7.87697887421	6.34843349457	4.61660861969	3.02926301956	1.77076458931	0.892550766468	0.356962621212	0.0814834982157	0	0	0	0	0	0	0	0	5.13229756477e-15	51.1712684631	0	0	0	0	0	0	0	0	0	0	0	0	0	0	0
Feb 22 2023 18:06:47	5.55440664291	85.7360839844	95.9152832031	0.00129816366825	51.0919799805	13.6588039398	73.3245620728	-	0	0	0	0	0	0	0	0	0	0	0	0	0	0	0	0	0	0	0	0	0	0	0	0.0743344798684	3.2004096508	5.60823249817	7.09136104584	7.60581207275	7.26256275177	6.28029346466	4.93248081207	3.4884314537	2.1691532135	1.11936354637	0.398484796286	0	0	0	0	0	0	0	0	0	50.769077301	0	0	0	0	0	0	0	0	0	0	0	0	0	0	0
Feb 22 2023 18:06:48	5.05956363678	87.4321365356	96.1453475952	0.00201218668371	53.9101638794	12.9246702194	60.0820426941	-	0	0	0	0	0	0	0	0	0	0	0	0	0	0	0	0	0	0	0	0	0	0	0	0	5.45358514786	8.21923828125	8.69682788849	7.696641922	5.98983192444	4.16671466827	2.59221625328	1.42295300961	0.665173232555	0.240800440311	0.0435101315379	0	0	0	0	0	0	0	0	0	54.8125076294	0	0	0	0	0	0	0	0	0	0	0	0	0	0	0
Feb 22 2023 18:06:49	5.09475421906	87.8039550781	96.2082366943	0.00178102741484	54.6333465576	12.9542388916	63.6769065857	-	0	0	0	0	0	0	0	0	0	0	0	0	0	0	0	0	0	0	0	0	0	0	0	0	4.88213205338	8.73574352264	9.4316368103	8.06988048553	5.87123298645	3.71566152573	2.04948139191	0.970212638378	0.377977401018	0.108109720051	0.0131101608276	0	0	0	0	0	0	0	0	0	55.7748184204	0	0	0	0	0	0	0	0	0	0	0	0	0	0	0
Feb 22 2023 18:06:50	4.95550918579	88.4880828857	96.323348999	0.00119965104386	56.1039657593	12.9773826599	73.8562316895	-	0	0	0	0	0	0	0	0	0	0	0	0	0	0	0	0	0	0	0	0	0	0	0	0	6.03892278671	9.44923877716	9.19271373749	7.2333073616	4.9114151001	2.9366710186	1.54809439182	0.708798229694	0.270605534315	0.0767753720284	0.00834569521248	0	0	0	0	0	0	0	0	0	57.6251144409	0	0	0	0	0	0	0	0	0	0	0	0	0	0	0
Feb 22 2023 18:06:51	4.58691692352	86.9742050171	96.0675964355	0.00250026676804	52.6116218567	11.4984016418	48.7648086548	-	0	0	0	0	0	0	0	0	0	0	0	0	0	0	0	0	0	0	0	0	0	0	0	3.11463403702	7.55806493759	9.13699150085	8.58628463745	6.89789485931	4.8953332901	3.09825396538	1.74094295502	0.851168274879	0.344590008259	0.100383862853	0.00875119864941	0	0	0	0	0	0	0	0	6.98264569673e-15	53.6667175293	0	0	0	0	0	0	0	0	0	0	0	0	0	0	0
Feb 22 2023 18:06:52	4.95918703079	87.3543624878	96.1321716309	0.00133136135992	53.7355194092	12.7038221359	70.8387680054	-	0	0	0	0	0	0	0	0	0	0	0	0	0	0	0	0	0	0	0	0	0	0	0	1.65593194962	5.29073476791	7.45335674286	8.03000736237	7.36225223541	5.95706558228	4.30217218399	2.76504516602	1.55314946175	0.72895616293	0.25268509984	0.0337383784354	0	0	0	0	0	0	0	0	0	54.6149024963	0	0	0	0	0	0	0	0	0	0	0	0	0	0	0
Feb 22 2023 18:06:53	4.84840393066	88.8098449707	96.3826599121	0.00140614085831	56.8443756104	12.813211441	69.8038787842	-	0	0	0	0	0	0	0	0	0	0	0	0	0	0	0	0	0	0	0	0	0	0	0	0	7.07593536377	10.2065868378	9.27653312683	6.7469792366	4.18140029907	2.25090098381	1.05156552792	0.418137669563	0.134386867285	0.0299214478582	0.00134745892137	0	0	0	0	0	0	0	0	0	58.6263046265	0	0	0	0	0	0	0	0	0	0	0	0	0	0	0
Feb 22 2023 18:06:54	4.56364870071	89.0707397461	96.4807739258	0.00130972068291	58.0793571472	12.2024517059	70.5521774292	-	0	0	0	0	0	0	0	0	0	0	0	0	0	0	0	0	0	0	0	0	0	0	0	0	11.6901187897	11.8817892075	8.1259469986	4.5097155571	2.13530993462	0.874166846275	0.307844430208	0.0910171046853	0.0212371051311	0.00319298752584	0	0	0	0	0	0	0	0	0	0	60.3596611023	0	0	0	0	0	0	0	0	0	0	0	0	0	0	0
Feb 22 2023 18:06:55	4.02444887161	89.1899261475	96.5255355835	0.00160845485516	58.4426498413	10.6703557968	60.7667388916	-	0	0	0	0	0	0	0	0	0	0	0	0	0	0	0	0	0	0	0	0	0	0	0	8.87239837646	15.8397750854	8.94717979431	3.60359025002	1.16065871716	0.309117496014	0.0684719979763	0.0124731725082	0.00180758454371	0.000191542203538	1.06629049696e-05	0	0	0	0	0	0	0	0	0	0	61.1843223572	0	0	0	0	0	0	0	0	0	0	0	0	0	0	0
Feb 22 2023 18:06:56	4.15623044968	86.4459838867	95.9827728271	0.000953260692768	51.4388237	10.6120090485	73.7835922241	-	0	0	0	0	0	0	0	0	0	0	0	0	0	0	0	0	0	0	0	0	0	0	2.50184416771	5.56326389313	7.2836971283	7.70878791809	7.14415073395	5.96895456314	4.54519796371	3.15443205833	1.97622478008	1.09076344967	0.500957727432	0.160827428102	0.00477818399668	0	0	0	0	0	0	0	0	0	52.3961181641	0	0	0	0	0	0	0	0	0	0	0	0	0	0	0
Feb 22 2023 18:06:57	-1.00000001505e+30	-1.00000001505e+30	-1.00000001505e+30	-1.00000002538e+26	-1.00000001505e+30	-1.00000001505e+30	99.9215087891	-	0	0	0	0	0	0	0	0	0	0	0	0	0	0	0	0	0	0	0	0	0	0	0	0	0	0	0	0	0	0	0	0	0	0	0	0	0	0	0	0	0	0	0	0	0	0	0	0	0	0	0	0	0	0	0	0	0	0	0	0
Feb 22 2023 18:06:58	-1.00000001505e+30	-1.00000001505e+30	-1.00000001505e+30	-1.00000002538e+26	-1.00000001505e+30	-1.00000001505e+30	99.9890823364	-	0	0	0	0	0	0	0	0	0	0	0	0	0	0	0	0	0	0	0	0	0	0	0	0	0	0	0	0	0	0	0	0	0	0	0	0	0	0	0	0	0	0	0	0	0	0	0	0	0	0	0	0	0	0	0	0	0	0	0	0
Feb 22 2023 18:06:59	-1.00000001505e+30	-1.00000001505e+30	-1.00000001505e+30	-1.00000002538e+26	-1.00000001505e+30	-1.00000001505e+30	99.957321167	-	0	0	0	0	0	0	0	0	0	0	0	0	0	0	0	0	0	0	0	0	0	0	0	0	0	0	0	0	0	0	0	0	0	0	0	0	0	0	0	0	0	0	0	0	0	0	0	0	0	0	0	0	0	0	0	0	0	0	0	0
Feb 22 2023 18:07:00	-1.00000001505e+30	-1.00000001505e+30	-1.00000001505e+30	-1.00000002538e+26	-1.00000001505e+30	-1.00000001505e+30	100.012039185	-	0	0	0	0	0	0	0	0	0	0	0	0	0	0	0	0	0	0	0	0	0	0	0	0	0	0	0	0	0	0	0	0	0	0	0	0	0	0	0	0	0	0	0	0	0	0	0	0	0	0	0	0	0	0	0	0	0	0	0	0
Feb 22 2023 18:07:01	-1.00000001505e+30	-1.00000001505e+30	-1.00000001505e+30	-1.00000002538e+26	-1.00000001505e+30	-1.00000001505e+30	99.9825057983	-	0	0	0	0	0	0	0	0	0	0	0	0	0	0	0	0	0	0	0	0	0	0	0	0	0	0	0	0	0	0	0	0	0	0	0	0	0	0	0	0	0	0	0	0	0	0	0	0	0	0	0	0	0	0	0	0	0	0	0	0
Feb 22 2023 18:07:02	-1.00000001505e+30	-1.00000001505e+30	-1.00000001505e+30	-1.00000002538e+26	-1.00000001505e+30	-1.00000001505e+30	99.9320144653	-	0	0	0	0	0	0	0	0	0	0	0	0	0	0	0	0	0	0	0	0	0	0	0	0	0	0	0	0	0	0	0	0	0	0	0	0	0	0	0	0	0	0	0	0	0	0	0	0	0	0	0	0	0	0	0	0	0	0	0	0
Feb 22 2023 18:07:03	-1.00000001505e+30	-1.00000001505e+30	-1.00000001505e+30	-1.00000002538e+26	-1.00000001505e+30	-1.00000001505e+30	99.9732131958	-	0	0	0	0	0	0	0	0	0	0	0	0	0	0	0	0	0	0	0	0	0	0	0	0	0	0	0	0	0	0	0	0	0	0	0	0	0	0	0	0	0	0	0	0	0	0	0	0	0	0	0	0	0	0	0	0	0	0	0	0
Feb 22 2023 18:07:04	-1.00000001505e+30	-1.00000001505e+30	-1.00000001505e+30	-1.00000002538e+26	-1.00000001505e+30	-1.00000001505e+30	99.8239059448	-	0	0	0	0	0	0	0	0	0	0	0	0	0	0	0	0	0	0	0	0	0	0	0	0	0	0	0	0	0	0	0	0	0	0	0	0	0	0	0	0	0	0	0	0	0	0	0	0	0	0	0	0	0	0	0	0	0	0	0	0
Feb 22 2023 18:07:05	-1.00000001505e+30	-1.00000001505e+30	-1.00000001505e+30	-1.00000002538e+26	-1.00000001505e+30	-1.00000001505e+30	99.8817672729	-	0	0	0	0	0	0	0	0	0	0	0	0	0	0	0	0	0	0	0	0	0	0	0	0	0	0	0	0	0	0	0	0	0	0	0	0	0	0	0	0	0	0	0	0	0	0	0	0	0	0	0	0	0	0	0	0	0	0	0	0
Feb 22 2023 18:07:06	-1.00000001505e+30	-1.00000001505e+30	-1.00000001505e+30	-1.00000002538e+26	-1.00000001505e+30	-1.00000001505e+30	99.9797515869	-	0	0	0	0	0	0	0	0	0	0	0	0	0	0	0	0	0	0	0	0	0	0	0	0	0	0	0	0	0	0	0	0	0	0	0	0	0	0	0	0	0	0	0	0	0	0	0	0	0	0	0	0	0	0	0	0	0	0	0	0
Feb 22 2023 18:07:07	-1.00000001505e+30	-1.00000001505e+30	-1.00000001505e+30	-1.00000002538e+26	-1.00000001505e+30	-1.00000001505e+30	99.9750213623	-	0	0	0	0	0	0	0	0	0	0	0	0	0	0	0	0	0	0	0	0	0	0	0	0	0	0	0	0	0	0	0	0	0	0	0	0	0	0	0	0	0	0	0	0	0	0	0	0	0	0	0	0	0	0	0	0	0	0	0	0
Feb 22 2023 18:07:08	-1.00000001505e+30	-1.00000001505e+30	-1.00000001505e+30	-1.00000002538e+26	-1.00000001505e+30	-1.00000001505e+30	99.9643478394	-	0	0	0	0	0	0	0	0	0	0	0	0	0	0	0	0	0	0	0	0	0	0	0	0	0	0	0	0	0	0	0	0	0	0	0	0	0	0	0	0	0	0	0	0	0	0	0	0	0	0	0	0	0	0	0	0	0	0	0	0
Feb 22 2023 18:07:09	-1.00000001505e+30	-1.00000001505e+30	-1.00000001505e+30	-1.00000002538e+26	-1.00000001505e+30	-1.00000001505e+30	99.9852676392	-	0	0	0	0	0	0	0	0	0	0	0	0	0	0	0	0	0	0	0	0	0	0	0	0	0	0	0	0	0	0	0	0	0	0	0	0	0	0	0	0	0	0	0	0	0	0	0	0	0	0	0	0	0	0	0	0	0	0	0	0
Feb 22 2023 18:07:10	-1.00000001505e+30	-1.00000001505e+30	-1.00000001505e+30	-1.00000002538e+26	-1.00000001505e+30	-1.00000001505e+30	99.9936065674	-	0	0	0	0	0	0	0	0	0	0	0	0	0	0	0	0	0	0	0	0	0	0	0	0	0	0	0	0	0	0	0	0	0	0	0	0	0	0	0	0	0	0	0	0	0	0	0	0	0	0	0	0	0	0	0	0	0	0	0	0
Feb 22 2023 18:07:11	-1.00000001505e+30	-1.00000001505e+30	-1.00000001505e+30	-1.00000002538e+26	-1.00000001505e+30	-1.00000001505e+30	99.9975967407	-	0	0	0	0	0	0	0	0	0	0	0	0	0	0	0	0	0	0	0	0	0	0	0	0	0	0	0	0	0	0	0	0	0	0	0	0	0	0	0	0	0	0	0	0	0	0	0	0	0	0	0	0	0	0	0	0	0	0	0	0
Feb 22 2023 18:07:12	-1.00000001505e+30	-1.00000001505e+30	-1.00000001505e+30	-1.00000002538e+26	-1.00000001505e+30	-1.00000001505e+30	99.9954071045	-	0	0	0	0	0	0	0	0	0	0	0	0	0	0	0	0	0	0	0	0	0	0	0	0	0	0	0	0	0	0	0	0	0	0	0	0	0	0	0	0	0	0	0	0	0	0	0	0	0	0	0	0	0	0	0	0	0	0	0	0
Feb 22 2023 18:07:13	-1.00000001505e+30	-1.00000001505e+30	-1.00000001505e+30	-1.00000002538e+26	-1.00000001505e+30	-1.00000001505e+30	100.004302979	-	0	0	0	0	0	0	0	0	0	0	0	0	0	0	0	0	0	0	0	0	0	0	0	0	0	0	0	0	0	0	0	0	0	0	0	0	0	0	0	0	0	0	0	0	0	0	0	0	0	0	0	0	0	0	0	0	0	0	0	0
Feb 22 2023 18:07:14	-1.00000001505e+30	-1.00000001505e+30	-1.00000001505e+30	-1.00000002538e+26	-1.00000001505e+30	-1.00000001505e+30	100.00920105	-	0	0	0	0	0	0	0	0	0	0	0	0	0	0	0	0	0	0	0	0	0	0	0	0	0	0	0	0	0	0	0	0	0	0	0	0	0	0	0	0	0	0	0	0	0	0	0	0	0	0	0	0	0	0	0	0	0	0	0	0
Feb 22 2023 18:07:15	-1.00000001505e+30	-1.00000001505e+30	-1.00000001505e+30	-1.00000002538e+26	-1.00000001505e+30	-1.00000001505e+30	99.9708557129	-	0	0	0	0	0	0	0	0	0	0	0	0	0	0	0	0	0	0	0	0	0	0	0	0	0	0	0	0	0	0	0	0	0	0	0	0	0	0	0	0	0	0	0	0	0	0	0	0	0	0	0	0	0	0	0	0	0	0	0	0
Feb 22 2023 18:07:16	-1.00000001505e+30	-1.00000001505e+30	-1.00000001505e+30	-1.00000002538e+26	-1.00000001505e+30	-1.00000001505e+30	99.9711380005	-	0	0	0	0	0	0	0	0	0	0	0	0	0	0	0	0	0	0	0	0	0	0	0	0	0	0	0	0	0	0	0	0	0	0	0	0	0	0	0	0	0	0	0	0	0	0	0	0	0	0	0	0	0	0	0	0	0	0	0	0
Feb 22 2023 18:07:17	-1.00000001505e+30	-1.00000001505e+30	-1.00000001505e+30	-1.00000002538e+26	-1.00000001505e+30	-1.00000001505e+30	100.009559631	-	0	0	0	0	0	0	0	0	0	0	0	0	0	0	0	0	0	0	0	0	0	0	0	0	0	0	0	0	0	0	0	0	0	0	0	0	0	0	0	0	0	0	0	0	0	0	0	0	0	0	0	0	0	0	0	0	0	0	0	0
Feb 22 2023 18:07:18	-1.00000001505e+30	-1.00000001505e+30	-1.00000001505e+30	-1.00000002538e+26	-1.00000001505e+30	-1.00000001505e+30	100.029823303	-	0	0	0	0	0	0	0	0	0	0	0	0	0	0	0	0	0	0	0	0	0	0	0	0	0	0	0	0	0	0	0	0	0	0	0	0	0	0	0	0	0	0	0	0	0	0	0	0	0	0	0	0	0	0	0	0	0	0	0	0
