Date-Time	Dx(10)	Dx(50)	Dx(90)	Cv(%)	D[4][3]	D[3][2]	Transmission	0.10000020	0.11659167	0.13593590	0.15848963	0.18478534	0.21544389	0.25118914	0.29286504	0.34145555	0.39810795	0.46415979	0.54117060	0.63095856	0.73564368	0.85769761	1.00000191	1.16591668	1.35935903	1.58489633	1.84785342	2.15443897	2.51189137	2.92865038	3.41455555	3.98107958	4.64159775	5.41170597	6.30958605	7.35643721	8.57697582	10.00002003	11.65916729	13.59359074	15.84896278	18.47853470	21.54438972	25.11891365	29.28650284	34.14555740	39.81079483	46.41598129	54.11705780	63.09585953	73.56436920	85.76976013	100.00019836	116.59166718	135.93591309	158.48962402	184.78533936	215.44389343	251.18913269	292.86502075	341.45556641	398.10794067	464.15979004	541.17059326	630.95855713	735.64367676	857.69757080	1000.00195313
Mar 10 2023 19:47:37	-1.00000001505e+30	-1.00000001505e+30	-1.00000001505e+30	-1.00000002538e+26	-1.00000001505e+30	-1.00000001505e+30	92.2929916382	-	0	0	0	0	0	0	0	0	0	0	0	0	0	0	0	0	0	0	0	0	0	0	0	0	0	0	0	0	0	0	0	0	0	0	0	0	0	0	0	0	0	0	0	0	0	0	0	0	0	0	0	0	0	0	0	0	0	0	0	0
Mar 10 2023 19:47:38	-1.00000001505e+30	-1.00000001505e+30	-1.00000001505e+30	-1.00000002538e+26	-1.00000001505e+30	-1.00000001505e+30	87.2559585571	-	0	0	0	0	0	0	0	0	0	0	0	0	0	0	0	0	0	0	0	0	0	0	0	0	0	0	0	0	0	0	0	0	0	0	0	0	0	0	0	0	0	0	0	0	0	0	0	0	0	0	0	0	0	0	0	0	0	0	0	0
Mar 10 2023 19:47:39	-1.00000001505e+30	-1.00000001505e+30	-1.00000001505e+30	-1.00000002538e+26	-1.00000001505e+30	-1.00000001505e+30	84.479598999	-	0	0	0	0	0	0	0	0	0	0	0	0	0	0	0	0	0	0	0	0	0	0	0	0	0	0	0	0	0	0	0	0	0	0	0	0	0	0	0	0	0	0	0	0	0	0	0	0	0	0	0	0	0	0	0	0	0	0	0	0
Mar 10 2023 19:47:40	-1.00000001505e+30	-1.00000001505e+30	-1.00000001505e+30	-1.00000002538e+26	-1.00000001505e+30	-1.00000001505e+30	92.2158432007	-	0	0	0	0	0	0	0	0	0	0	0	0	0	0	0	0	0	0	0	0	0	0	0	0	0	0	0	0	0	0	0	0	0	0	0	0	0	0	0	0	0	0	0	0	0	0	0	0	0	0	0	0	0	0	0	0	0	0	0	0
Mar 10 2023 19:47:41	-1.00000001505e+30	-1.00000001505e+30	-1.00000001505e+30	-1.00000002538e+26	-1.00000001505e+30	-1.00000001505e+30	82.5246658325	-	0	0	0	0	0	0	0	0	0	0	0	0	0	0	0	0	0	0	0	0	0	0	0	0	0	0	0	0	0	0	0	0	0	0	0	0	0	0	0	0	0	0	0	0	0	0	0	0	0	0	0	0	0	0	0	0	0	0	0	0
Mar 10 2023 19:47:42	-1.00000001505e+30	-1.00000001505e+30	-1.00000001505e+30	-1.00000002538e+26	-1.00000001505e+30	-1.00000001505e+30	88.048324585	-	0	0	0	0	0	0	0	0	0	0	0	0	0	0	0	0	0	0	0	0	0	0	0	0	0	0	0	0	0	0	0	0	0	0	0	0	0	0	0	0	0	0	0	0	0	0	0	0	0	0	0	0	0	0	0	0	0	0	0	0
Mar 10 2023 19:47:43	-1.00000001505e+30	-1.00000001505e+30	-1.00000001505e+30	-1.00000002538e+26	-1.00000001505e+30	-1.00000001505e+30	88.6165161133	-	0	0	0	0	0	0	0	0	0	0	0	0	0	0	0	0	0	0	0	0	0	0	0	0	0	0	0	0	0	0	0	0	0	0	0	0	0	0	0	0	0	0	0	0	0	0	0	0	0	0	0	0	0	0	0	0	0	0	0	0
Mar 10 2023 19:47:44	-1.00000001505e+30	-1.00000001505e+30	-1.00000001505e+30	-1.00000002538e+26	-1.00000001505e+30	-1.00000001505e+30	98.1446304321	-	0	0	0	0	0	0	0	0	0	0	0	0	0	0	0	0	0	0	0	0	0	0	0	0	0	0	0	0	0	0	0	0	0	0	0	0	0	0	0	0	0	0	0	0	0	0	0	0	0	0	0	0	0	0	0	0	0	0	0	0
Mar 10 2023 19:47:45	-1.00000001505e+30	-1.00000001505e+30	-1.00000001505e+30	-1.00000002538e+26	-1.00000001505e+30	-1.00000001505e+30	88.7320251465	-	0	0	0	0	0	0	0	0	0	0	0	0	0	0	0	0	0	0	0	0	0	0	0	0	0	0	0	0	0	0	0	0	0	0	0	0	0	0	0	0	0	0	0	0	0	0	0	0	0	0	0	0	0	0	0	0	0	0	0	0
Mar 10 2023 19:47:46	-1.00000001505e+30	-1.00000001505e+30	-1.00000001505e+30	-1.00000002538e+26	-1.00000001505e+30	-1.00000001505e+30	87.8398208618	-	0	0	0	0	0	0	0	0	0	0	0	0	0	0	0	0	0	0	0	0	0	0	0	0	0	0	0	0	0	0	0	0	0	0	0	0	0	0	0	0	0	0	0	0	0	0	0	0	0	0	0	0	0	0	0	0	0	0	0	0
Mar 10 2023 19:47:47	-1.00000001505e+30	-1.00000001505e+30	-1.00000001505e+30	-1.00000002538e+26	-1.00000001505e+30	-1.00000001505e+30	90.745552063	-	0	0	0	0	0	0	0	0	0	0	0	0	0	0	0	0	0	0	0	0	0	0	0	0	0	0	0	0	0	0	0	0	0	0	0	0	0	0	0	0	0	0	0	0	0	0	0	0	0	0	0	0	0	0	0	0	0	0	0	0
Mar 10 2023 19:47:48	-1.00000001505e+30	-1.00000001505e+30	-1.00000001505e+30	-1.00000002538e+26	-1.00000001505e+30	-1.00000001505e+30	86.1252365112	-	0	0	0	0	0	0	0	0	0	0	0	0	0	0	0	0	0	0	0	0	0	0	0	0	0	0	0	0	0	0	0	0	0	0	0	0	0	0	0	0	0	0	0	0	0	0	0	0	0	0	0	0	0	0	0	0	0	0	0	0
Mar 10 2023 19:47:49	5.46742391586	12.1509008408	89.6182556152	0.000663147075102	22.2483825684	8.66579055786	74.804397583	-	0	0	0	0	0	0	0	0	0	0	0	0	0	0	0.49422621727	0.827555656433	0.930994868279	0.813425421715	0.548928022385	0.24948066473	0.0326282009482	0.00121761125047	0.241604983807	0.818946480751	1.75457787514	3.02026987076	4.54781103134	6.19794034958	7.78991746902	9.09972000122	9.91003799438	10.0428647995	9.40978336334	8.04834842682	6.13417720795	3.96616339684	1.91241073608	0.340303391218	0	0	0	0	0	0	12.8666791916	0	0	0	0	0	0	0	0	0	0	0	0	0	0	0
Mar 10 2023 19:47:50	-1.00000001505e+30	-1.00000001505e+30	-1.00000001505e+30	-1.00000002538e+26	-1.00000001505e+30	-1.00000001505e+30	83.7900314331	-	0	0	0	0	0	0	0	0	0	0	0	0	0	0	0	0	0	0	0	0	0	0	0	0	0	0	0	0	0	0	0	0	0	0	0	0	0	0	0	0	0	0	0	0	0	0	0	0	0	0	0	0	0	0	0	0	0	0	0	0
Mar 10 2023 19:47:51	-1.00000001505e+30	-1.00000001505e+30	-1.00000001505e+30	-1.00000002538e+26	-1.00000001505e+30	-1.00000001505e+30	93.0133666992	-	0	0	0	0	0	0	0	0	0	0	0	0	0	0	0	0	0	0	0	0	0	0	0	0	0	0	0	0	0	0	0	0	0	0	0	0	0	0	0	0	0	0	0	0	0	0	0	0	0	0	0	0	0	0	0	0	0	0	0	0
Mar 10 2023 19:47:52	-1.00000001505e+30	-1.00000001505e+30	-1.00000001505e+30	-1.00000002538e+26	-1.00000001505e+30	-1.00000001505e+30	92.5184936523	-	0	0	0	0	0	0	0	0	0	0	0	0	0	0	0	0	0	0	0	0	0	0	0	0	0	0	0	0	0	0	0	0	0	0	0	0	0	0	0	0	0	0	0	0	0	0	0	0	0	0	0	0	0	0	0	0	0	0	0	0
Mar 10 2023 19:47:53	-1.00000001505e+30	-1.00000001505e+30	-1.00000001505e+30	-1.00000002538e+26	-1.00000001505e+30	-1.00000001505e+30	83.6294174194	-	0	0	0	0	0	0	0	0	0	0	0	0	0	0	0	0	0	0	0	0	0	0	0	0	0	0	0	0	0	0	0	0	0	0	0	0	0	0	0	0	0	0	0	0	0	0	0	0	0	0	0	0	0	0	0	0	0	0	0	0
Mar 10 2023 19:47:54	-1.00000001505e+30	-1.00000001505e+30	-1.00000001505e+30	-1.00000002538e+26	-1.00000001505e+30	-1.00000001505e+30	84.0613327026	-	0	0	0	0	0	0	0	0	0	0	0	0	0	0	0	0	0	0	0	0	0	0	0	0	0	0	0	0	0	0	0	0	0	0	0	0	0	0	0	0	0	0	0	0	0	0	0	0	0	0	0	0	0	0	0	0	0	0	0	0
Mar 10 2023 19:47:55	-1.00000001505e+30	-1.00000001505e+30	-1.00000001505e+30	-1.00000002538e+26	-1.00000001505e+30	-1.00000001505e+30	86.9085998535	-	0	0	0	0	0	0	0	0	0	0	0	0	0	0	0	0	0	0	0	0	0	0	0	0	0	0	0	0	0	0	0	0	0	0	0	0	0	0	0	0	0	0	0	0	0	0	0	0	0	0	0	0	0	0	0	0	0	0	0	0
Mar 10 2023 19:47:56	-1.00000001505e+30	-1.00000001505e+30	-1.00000001505e+30	-1.00000002538e+26	-1.00000001505e+30	-1.00000001505e+30	91.6539077759	-	0	0	0	0	0	0	0	0	0	0	0	0	0	0	0	0	0	0	0	0	0	0	0	0	0	0	0	0	0	0	0	0	0	0	0	0	0	0	0	0	0	0	0	0	0	0	0	0	0	0	0	0	0	0	0	0	0	0	0	0
Mar 10 2023 19:47:57	-1.00000001505e+30	-1.00000001505e+30	-1.00000001505e+30	-1.00000002538e+26	-1.00000001505e+30	-1.00000001505e+30	89.0054855347	-	0	0	0	0	0	0	0	0	0	0	0	0	0	0	0	0	0	0	0	0	0	0	0	0	0	0	0	0	0	0	0	0	0	0	0	0	0	0	0	0	0	0	0	0	0	0	0	0	0	0	0	0	0	0	0	0	0	0	0	0
Mar 10 2023 19:47:58	-1.00000001505e+30	-1.00000001505e+30	-1.00000001505e+30	-1.00000002538e+26	-1.00000001505e+30	-1.00000001505e+30	87.5715942383	-	0	0	0	0	0	0	0	0	0	0	0	0	0	0	0	0	0	0	0	0	0	0	0	0	0	0	0	0	0	0	0	0	0	0	0	0	0	0	0	0	0	0	0	0	0	0	0	0	0	0	0	0	0	0	0	0	0	0	0	0
Mar 10 2023 19:47:59	-1.00000001505e+30	-1.00000001505e+30	-1.00000001505e+30	-1.00000002538e+26	-1.00000001505e+30	-1.00000001505e+30	96.589805603	-	0	0	0	0	0	0	0	0	0	0	0	0	0	0	0	0	0	0	0	0	0	0	0	0	0	0	0	0	0	0	0	0	0	0	0	0	0	0	0	0	0	0	0	0	0	0	0	0	0	0	0	0	0	0	0	0	0	0	0	0
Mar 10 2023 19:48:00	5.63469266891	12.1034440994	92.5902709961	0.000533437298145	27.2454662323	9.16923618317	80.1650772095	-	0	0	0	0	0	0	0	0	0	0	0	0	0	0	0	2.66337800026	3.02007099884e-11	0	0	0	0	0	0.161346971989	0.839384257793	1.90089511871	3.29258584976	4.91727113724	6.60137891769	8.13613796234	9.28021335602	9.81866455078	9.59875679016	8.57971668243	6.86139535904	4.68405818939	2.40106463432	0.413623929024	0	0	0	0	0	0	0	19.8501167297	0	0	0	0	0	0	0	0	0	0	0	0	0	0	0
Mar 10 2023 19:48:01	-1.00000001505e+30	-1.00000001505e+30	-1.00000001505e+30	-1.00000002538e+26	-1.00000001505e+30	-1.00000001505e+30	90.3779296875	-	0	0	0	0	0	0	0	0	0	0	0	0	0	0	0	0	0	0	0	0	0	0	0	0	0	0	0	0	0	0	0	0	0	0	0	0	0	0	0	0	0	0	0	0	0	0	0	0	0	0	0	0	0	0	0	0	0	0	0	0
Mar 10 2023 19:48:02	-1.00000001505e+30	-1.00000001505e+30	-1.00000001505e+30	-1.00000002538e+26	-1.00000001505e+30	-1.00000001505e+30	88.3228683472	-	0	0	0	0	0	0	0	0	0	0	0	0	0	0	0	0	0	0	0	0	0	0	0	0	0	0	0	0	0	0	0	0	0	0	0	0	0	0	0	0	0	0	0	0	0	0	0	0	0	0	0	0	0	0	0	0	0	0	0	0
Mar 10 2023 19:48:03	-1.00000001505e+30	-1.00000001505e+30	-1.00000001505e+30	-1.00000002538e+26	-1.00000001505e+30	-1.00000001505e+30	84.4958496094	-	0	0	0	0	0	0	0	0	0	0	0	0	0	0	0	0	0	0	0	0	0	0	0	0	0	0	0	0	0	0	0	0	0	0	0	0	0	0	0	0	0	0	0	0	0	0	0	0	0	0	0	0	0	0	0	0	0	0	0	0
Mar 10 2023 19:48:04	-1.00000001505e+30	-1.00000001505e+30	-1.00000001505e+30	-1.00000002538e+26	-1.00000001505e+30	-1.00000001505e+30	86.9690093994	-	0	0	0	0	0	0	0	0	0	0	0	0	0	0	0	0	0	0	0	0	0	0	0	0	0	0	0	0	0	0	0	0	0	0	0	0	0	0	0	0	0	0	0	0	0	0	0	0	0	0	0	0	0	0	0	0	0	0	0	0
Mar 10 2023 19:48:05	-1.00000001505e+30	-1.00000001505e+30	-1.00000001505e+30	-1.00000002538e+26	-1.00000001505e+30	-1.00000001505e+30	83.4426803589	-	0	0	0	0	0	0	0	0	0	0	0	0	0	0	0	0	0	0	0	0	0	0	0	0	0	0	0	0	0	0	0	0	0	0	0	0	0	0	0	0	0	0	0	0	0	0	0	0	0	0	0	0	0	0	0	0	0	0	0	0
Mar 10 2023 19:48:06	-1.00000001505e+30	-1.00000001505e+30	-1.00000001505e+30	-1.00000002538e+26	-1.00000001505e+30	-1.00000001505e+30	86.023727417	-	0	0	0	0	0	0	0	0	0	0	0	0	0	0	0	0	0	0	0	0	0	0	0	0	0	0	0	0	0	0	0	0	0	0	0	0	0	0	0	0	0	0	0	0	0	0	0	0	0	0	0	0	0	0	0	0	0	0	0	0
Mar 10 2023 19:48:07	-1.00000001505e+30	-1.00000001505e+30	-1.00000001505e+30	-1.00000002538e+26	-1.00000001505e+30	-1.00000001505e+30	85.3706817627	-	0	0	0	0	0	0	0	0	0	0	0	0	0	0	0	0	0	0	0	0	0	0	0	0	0	0	0	0	0	0	0	0	0	0	0	0	0	0	0	0	0	0	0	0	0	0	0	0	0	0	0	0	0	0	0	0	0	0	0	0
Mar 10 2023 19:48:08	-1.00000001505e+30	-1.00000001505e+30	-1.00000001505e+30	-1.00000002538e+26	-1.00000001505e+30	-1.00000001505e+30	84.3680953979	-	0	0	0	0	0	0	0	0	0	0	0	0	0	0	0	0	0	0	0	0	0	0	0	0	0	0	0	0	0	0	0	0	0	0	0	0	0	0	0	0	0	0	0	0	0	0	0	0	0	0	0	0	0	0	0	0	0	0	0	0
Mar 10 2023 19:48:09	-1.00000001505e+30	-1.00000001505e+30	-1.00000001505e+30	-1.00000002538e+26	-1.00000001505e+30	-1.00000001505e+30	96.1732635498	-	0	0	0	0	0	0	0	0	0	0	0	0	0	0	0	0	0	0	0	0	0	0	0	0	0	0	0	0	0	0	0	0	0	0	0	0	0	0	0	0	0	0	0	0	0	0	0	0	0	0	0	0	0	0	0	0	0	0	0	0
Mar 10 2023 19:48:10	5.32066631317	12.9897317886	93.8097229004	0.000625836662948	31.9631748199	9.38467693329	77.7527770996	-	0	0	0	0	0	0	0	0	0	0	0	0	0	0	0.441115528345	0.730826258659	0.80983287096	0.695812702179	0.467622548342	0.234912872314	0.104744315147	0.164172396064	0.481548964977	1.0996812582	2.01156616211	3.16566228867	4.48163414001	5.82461643219	7.0396437645	7.95297527313	8.40940380096	8.29410076141	7.56314754486	6.26379394531	4.54429388046	2.65441060066	0.923057436943	0	0	0	0	0	0	0	25.6414318085	0	0	0	0	0	0	0	0	0	0	0	0	0	0	0
Mar 10 2023 19:48:11	5.8010892868	12.7409629822	92.7496185303	0.000544065202121	28.0966262817	9.69163417816	80.7000427246	-	0	0	0	0	0	0	0	0	0	0	0	0	0	0	0	0	2.84384942055	0	0	0	0	0	0.220843985677	0.75035315752	1.61921787262	2.81590366364	4.28707551956	5.90377092361	7.48669862747	8.80289268494	9.61504077911	9.71840953827	8.99879646301	7.47958135605	5.34604549408	2.94105195999	0.713162243366	0	0	0	0	0	0	0	20.4573192596	0	0	0	0	0	0	0	0	0	0	0	0	0	0	0
Mar 10 2023 19:48:12	-1.00000001505e+30	-1.00000001505e+30	-1.00000001505e+30	-1.00000002538e+26	-1.00000001505e+30	-1.00000001505e+30	91.8368225098	-	0	0	0	0	0	0	0	0	0	0	0	0	0	0	0	0	0	0	0	0	0	0	0	0	0	0	0	0	0	0	0	0	0	0	0	0	0	0	0	0	0	0	0	0	0	0	0	0	0	0	0	0	0	0	0	0	0	0	0	0
Mar 10 2023 19:48:13	-1.00000001505e+30	-1.00000001505e+30	-1.00000001505e+30	-1.00000002538e+26	-1.00000001505e+30	-1.00000001505e+30	83.5731201172	-	0	0	0	0	0	0	0	0	0	0	0	0	0	0	0	0	0	0	0	0	0	0	0	0	0	0	0	0	0	0	0	0	0	0	0	0	0	0	0	0	0	0	0	0	0	0	0	0	0	0	0	0	0	0	0	0	0	0	0	0
Mar 10 2023 19:48:14	-1.00000001505e+30	-1.00000001505e+30	-1.00000001505e+30	-1.00000002538e+26	-1.00000001505e+30	-1.00000001505e+30	84.047492981	-	0	0	0	0	0	0	0	0	0	0	0	0	0	0	0	0	0	0	0	0	0	0	0	0	0	0	0	0	0	0	0	0	0	0	0	0	0	0	0	0	0	0	0	0	0	0	0	0	0	0	0	0	0	0	0	0	0	0	0	0
Mar 10 2023 19:48:15	-1.00000001505e+30	-1.00000001505e+30	-1.00000001505e+30	-1.00000002538e+26	-1.00000001505e+30	-1.00000001505e+30	86.7472000122	-	0	0	0	0	0	0	0	0	0	0	0	0	0	0	0	0	0	0	0	0	0	0	0	0	0	0	0	0	0	0	0	0	0	0	0	0	0	0	0	0	0	0	0	0	0	0	0	0	0	0	0	0	0	0	0	0	0	0	0	0
Mar 10 2023 19:48:16	-1.00000001505e+30	-1.00000001505e+30	-1.00000001505e+30	-1.00000002538e+26	-1.00000001505e+30	-1.00000001505e+30	84.6245498657	-	0	0	0	0	0	0	0	0	0	0	0	0	0	0	0	0	0	0	0	0	0	0	0	0	0	0	0	0	0	0	0	0	0	0	0	0	0	0	0	0	0	0	0	0	0	0	0	0	0	0	0	0	0	0	0	0	0	0	0	0
Mar 10 2023 19:48:17	5.71661615372	13.0319280624	94.0094833374	0.000514163519256	32.8970336914	9.57067394257	80.8138198853	-	0	0	0	0	0	0	0	0	0	0	0	0	0	0	0	0	3.61095452309	0	0	0	0	0	0.115317210555	0.64001840353	1.53307509422	2.75689744949	4.23180913925	5.80558204651	7.2857336998	8.43957901001	9.04742527008	8.93666172028	8.03426456451	6.4051322937	4.26645374298	1.97289645672	0	0	0	0	0	0	0	0	26.9181995392	0	0	0	0	0	0	0	0	0	0	0	0	0	0	0
Mar 10 2023 19:48:18	-1.00000001505e+30	-1.00000001505e+30	-1.00000001505e+30	-1.00000002538e+26	-1.00000001505e+30	-1.00000001505e+30	89.7401809692	-	0	0	0	0	0	0	0	0	0	0	0	0	0	0	0	0	0	0	0	0	0	0	0	0	0	0	0	0	0	0	0	0	0	0	0	0	0	0	0	0	0	0	0	0	0	0	0	0	0	0	0	0	0	0	0	0	0	0	0	0
Mar 10 2023 19:48:19	-1.00000001505e+30	-1.00000001505e+30	-1.00000001505e+30	-1.00000002538e+26	-1.00000001505e+30	-1.00000001505e+30	81.7941589355	-	0	0	0	0	0	0	0	0	0	0	0	0	0	0	0	0	0	0	0	0	0	0	0	0	0	0	0	0	0	0	0	0	0	0	0	0	0	0	0	0	0	0	0	0	0	0	0	0	0	0	0	0	0	0	0	0	0	0	0	0
Mar 10 2023 19:48:20	5.86479043961	12.5006656647	89.6979522705	0.000698459043633	22.7139759064	9.80628299713	77.0136108398	-	0	0	0	0	0	0	0	0	0	0	0	0	0	0	0	0	2.07546305656	0	0	0	0	0	0.200623780489	0.801648497581	1.74247646332	3.00146484375	4.51902532578	6.16503429413	7.76749229431	9.10940647125	9.97564601898	10.1847267151	9.63727092743	8.35188961029	6.48033046722	4.30206775665	2.18229317665	0.512401461601	0	0	0	0	0	0	12.9907369614	0	0	0	0	0	0	0	0	0	0	0	0	0	0	0
Mar 10 2023 19:48:21	-1.00000001505e+30	-1.00000001505e+30	-1.00000001505e+30	-1.00000002538e+26	-1.00000001505e+30	-1.00000001505e+30	87.8784255981	-	0	0	0	0	0	0	0	0	0	0	0	0	0	0	0	0	0	0	0	0	0	0	0	0	0	0	0	0	0	0	0	0	0	0	0	0	0	0	0	0	0	0	0	0	0	0	0	0	0	0	0	0	0	0	0	0	0	0	0	0
Mar 10 2023 19:48:22	-1.00000001505e+30	-1.00000001505e+30	-1.00000001505e+30	-1.00000002538e+26	-1.00000001505e+30	-1.00000001505e+30	92.0691986084	-	0	0	0	0	0	0	0	0	0	0	0	0	0	0	0	0	0	0	0	0	0	0	0	0	0	0	0	0	0	0	0	0	0	0	0	0	0	0	0	0	0	0	0	0	0	0	0	0	0	0	0	0	0	0	0	0	0	0	0	0
Mar 10 2023 19:48:23	-1.00000001505e+30	-1.00000001505e+30	-1.00000001505e+30	-1.00000002538e+26	-1.00000001505e+30	-1.00000001505e+30	89.7390975952	-	0	0	0	0	0	0	0	0	0	0	0	0	0	0	0	0	0	0	0	0	0	0	0	0	0	0	0	0	0	0	0	0	0	0	0	0	0	0	0	0	0	0	0	0	0	0	0	0	0	0	0	0	0	0	0	0	0	0	0	0
Mar 10 2023 19:48:24	5.09638595581	12.764881134	93.8641052246	0.000490832957439	31.967798233	8.50020694733	79.5686569214	-	0	0	0	0	0	0	0	0	0	0	0	0	0	0	0.650501012802	1.08170616627	1.21873819828	1.08375155926	0.773518204689	0.421959638596	0.160491108894	0.0956352427602	0.308829218149	0.853096425533	1.73233020306	2.90079665184	4.27670288086	5.7161898613	7.04535675049	8.06082439423	8.57612705231	8.44907283783	7.6240568161	6.16208934784	4.2521314621	2.19950890541	0.379446744919	0	0	0	0	0	0	0	25.9771499634	0	0	0	0	0	0	0	0	0	0	0	0	0	0	0
Mar 10 2023 19:48:25	5.42298650742	12.4920682907	92.4487457275	0.000619368336629	27.0994148254	8.86378192902	76.5395202637	-	0	0	0	0	0	0	0	0	0	0	0	0	0	0	0.509815990925	0.85331684351	0.960622191429	0.842445611954	0.576004564762	0.275839626789	0.0600204616785	0.0298983827233	0.269087225199	0.838164329529	1.75114381313	2.97279000282	4.43031549454	5.98336219788	7.45577669144	8.63474464417	9.31804466248	9.34389781952	8.63617134094	7.23683452606	5.31869888306	3.17705655098	1.1864951849	0	0	0	0	0	0	0	19.3394527435	0	0	0	0	0	0	0	0	0	0	0	0	0	0	0
Mar 10 2023 19:48:26	-1.00000001505e+30	-1.00000001505e+30	-1.00000001505e+30	-1.00000002538e+26	-1.00000001505e+30	-1.00000001505e+30	83.0819168091	-	0	0	0	0	0	0	0	0	0	0	0	0	0	0	0	0	0	0	0	0	0	0	0	0	0	0	0	0	0	0	0	0	0	0	0	0	0	0	0	0	0	0	0	0	0	0	0	0	0	0	0	0	0	0	0	0	0	0	0	0
Mar 10 2023 19:48:27	-1.00000001505e+30	-1.00000001505e+30	-1.00000001505e+30	-1.00000002538e+26	-1.00000001505e+30	-1.00000001505e+30	88.1530380249	-	0	0	0	0	0	0	0	0	0	0	0	0	0	0	0	0	0	0	0	0	0	0	0	0	0	0	0	0	0	0	0	0	0	0	0	0	0	0	0	0	0	0	0	0	0	0	0	0	0	0	0	0	0	0	0	0	0	0	0	0
Mar 10 2023 19:48:28	-1.00000001505e+30	-1.00000001505e+30	-1.00000001505e+30	-1.00000002538e+26	-1.00000001505e+30	-1.00000001505e+30	83.9190597534	-	0	0	0	0	0	0	0	0	0	0	0	0	0	0	0	0	0	0	0	0	0	0	0	0	0	0	0	0	0	0	0	0	0	0	0	0	0	0	0	0	0	0	0	0	0	0	0	0	0	0	0	0	0	0	0	0	0	0	0	0
Mar 10 2023 19:48:29	5.438539505	14.5838756561	94.9606933594	0.000562847126275	39.492313385	9.15910816193	78.0301895142	-	0	0	0	0	0	0	0	0	0	0	0	0	0	0	0.646593689919	1.09770786762	1.27449822426	1.1831792593	0.899603307247	0.539450585842	0.224137067795	0.0585092045367	0.127496063709	0.493960827589	1.18267285824	2.17279148102	3.40415501595	4.75412845612	6.05949211121	7.11578035355	7.72266960144	7.71278381348	7.00032329559	5.62176513672	3.75878095627	1.7320394516	0	0	0	0	0	0	0	0	35.2174797058	0	0	0	0	0	0	0	0	0	0	0	0	0	0	0
Mar 10 2023 19:48:30	4.32962656021	12.9127292633	94.596786499	0.000446408026619	35.9106140137	7.70647335052	78.6732025146	-	0	0	0	0	0	0	0	0	0	0	0	0	0	0	0.912142932415	1.49699449539	1.67300570011	1.49080944061	1.09088099003	0.646639168262	0.312826395035	0.202858328819	0.393850266933	0.92438262701	1.77656280994	2.88551068306	4.1558470726	5.44028377533	6.57251644135	7.37000417709	7.67637586594	7.38422489166	6.47001266479	5.01699876785	3.22108125687	1.37412393093	0	0	0	0	0	0	0	0	31.5120658875	0	0	0	0	0	0	0	0	0	0	0	0	0	0	0
Mar 10 2023 19:48:31	5.6112036705	12.9071340561	91.6829528809	0.000536840583663	25.8492984772	9.123503685	79.9720916748	-	0	0	0	0	0	0	0	0	0	0	0	0	0	0	0.467903226614	0.788122236729	0.896000385284	0.797262430191	0.55753839016	0.278544574976	0.0688710510731	0.0245004985482	0.226342588663	0.736702203751	1.57877802849	2.73005366325	4.13155698776	5.6595082283	7.15230417252	8.40774059296	9.22696590424	9.44193172455	8.9593629837	7.79451656342	6.08748102188	4.09919023514	2.17378306389	0.679949641228	0	0	0	0	0	0	17.0350894928	0	0	0	0	0	0	0	0	0	0	0	0	0	0	0
Mar 10 2023 19:48:32	-1.00000001505e+30	-1.00000001505e+30	-1.00000001505e+30	-1.00000002538e+26	-1.00000001505e+30	-1.00000001505e+30	82.3812713623	-	0	0	0	0	0	0	0	0	0	0	0	0	0	0	0	0	0	0	0	0	0	0	0	0	0	0	0	0	0	0	0	0	0	0	0	0	0	0	0	0	0	0	0	0	0	0	0	0	0	0	0	0	0	0	0	0	0	0	0	0
Mar 10 2023 19:48:33	-1.00000001505e+30	-1.00000001505e+30	-1.00000001505e+30	-1.00000002538e+26	-1.00000001505e+30	-1.00000001505e+30	83.9895629883	-	0	0	0	0	0	0	0	0	0	0	0	0	0	0	0	0	0	0	0	0	0	0	0	0	0	0	0	0	0	0	0	0	0	0	0	0	0	0	0	0	0	0	0	0	0	0	0	0	0	0	0	0	0	0	0	0	0	0	0	0
Mar 10 2023 19:48:34	4.99115180969	13.0191736221	94.0623321533	0.000483939918922	33.0165481567	8.39710617065	79.4228820801	-	0	0	0	0	0	0	0	0	0	0	0	0	0	0	0.689440429211	1.14918243885	1.30210697651	1.17227232456	0.859797656536	0.500541865826	0.225257158279	0.138798758388	0.321662694216	0.825664401054	1.65400278568	2.76448512077	4.08142995834	5.47076225281	6.76836538315	7.77984714508	8.32245826721	8.25058937073	7.49696350098	6.10500812531	4.24590873718	2.21365046501	0.38475856185	0	0	0	0	0	0	1.25740062351e-13	27.2770462036	0	0	0	0	0	0	0	0	0	0	0	0	0	0	0
Mar 10 2023 19:48:35	-1.00000001505e+30	-1.00000001505e+30	-1.00000001505e+30	-1.00000002538e+26	-1.00000001505e+30	-1.00000001505e+30	83.210067749	-	0	0	0	0	0	0	0	0	0	0	0	0	0	0	0	0	0	0	0	0	0	0	0	0	0	0	0	0	0	0	0	0	0	0	0	0	0	0	0	0	0	0	0	0	0	0	0	0	0	0	0	0	0	0	0	0	0	0	0	0
Mar 10 2023 19:48:36	-1.00000001505e+30	-1.00000001505e+30	-1.00000001505e+30	-1.00000002538e+26	-1.00000001505e+30	-1.00000001505e+30	89.9841156006	-	0	0	0	0	0	0	0	0	0	0	0	0	0	0	0	0	0	0	0	0	0	0	0	0	0	0	0	0	0	0	0	0	0	0	0	0	0	0	0	0	0	0	0	0	0	0	0	0	0	0	0	0	0	0	0	0	0	0	0	0
Mar 10 2023 19:48:37	5.86730241776	13.0131959915	92.2086029053	0.000593355973251	27.0244846344	10.0130434036	80.1219711304	-	0	0	0	0	0	0	0	0	0	0	0	0	0	0	0	2.20558651638e-13	2.37350177765	2.31662933144e-25	0	0	0	0	0.244533777237	0.7986561656	1.67201554775	2.84421634674	4.2593870163	5.79534053802	7.29052209854	8.54081249237	9.34297943115	9.524310112	8.98840236664	7.7502207756	5.95341873169	3.86977601051	1.86484658718	0.344186812639	0	0	0	0	0	0	18.5428714752	0	0	0	0	0	0	0	0	0	0	0	0	0	0	0
Mar 10 2023 19:48:38	-1.00000001505e+30	-1.00000001505e+30	-1.00000001505e+30	-1.00000002538e+26	-1.00000001505e+30	-1.00000001505e+30	84.8890457153	-	0	0	0	0	0	0	0	0	0	0	0	0	0	0	0	0	0	0	0	0	0	0	0	0	0	0	0	0	0	0	0	0	0	0	0	0	0	0	0	0	0	0	0	0	0	0	0	0	0	0	0	0	0	0	0	0	0	0	0	0
Mar 10 2023 19:48:39	5.46634626389	12.5661334991	91.776260376	0.000760858005378	25.7154483795	8.97807979584	72.5623779297	-	0	0	0	0	0	0	0	0	0	0	0	0	0	0	0.466588228941	0.781204521656	0.879984259605	0.773356795311	0.533046245575	0.26515609026	0.0791558474302	0.0695479288697	0.315099030733	0.873807609081	1.76150202751	2.94923019409	4.37274074554	5.90415906906	7.37895679474	8.59380245209	9.34967327118	9.47978115082	8.89408302307	7.61414861679	5.79058885574	3.69935488701	1.70270299911	0.187167152762	0	0	0	0	0	0	17.2851734161	0	0	0	0	0	0	0	0	0	0	0	0	0	0	0
Mar 10 2023 19:48:40	5.67511463165	12.0202188492	86.2896194458	0.000688618165441	20.486743927	9.4479970932	76.6389846802	-	0	0	0	0	0	0	0	0	0	0	0	0	0	0	0	0	2.04061317444	0	0	0	0	0	0.318804472685	0.982395291328	1.99169409275	3.31612348557	4.88605880737	6.55934667587	8.15448665619	9.44956874847	10.2322788239	10.3337612152	9.67661190033	8.30590438843	6.39530277252	4.23190498352	2.16622805595	0.552902638912	0	0	0	0	0	0	10.4060020447	0	0	0	0	0	0	0	0	0	0	0	0	0	0	0
Mar 10 2023 19:48:41	-1.00000001505e+30	-1.00000001505e+30	-1.00000001505e+30	-1.00000002538e+26	-1.00000001505e+30	-1.00000001505e+30	84.8475570679	-	0	0	0	0	0	0	0	0	0	0	0	0	0	0	0	0	0	0	0	0	0	0	0	0	0	0	0	0	0	0	0	0	0	0	0	0	0	0	0	0	0	0	0	0	0	0	0	0	0	0	0	0	0	0	0	0	0	0	0	0
Mar 10 2023 19:48:42	-1.00000001505e+30	-1.00000001505e+30	-1.00000001505e+30	-1.00000002538e+26	-1.00000001505e+30	-1.00000001505e+30	87.3561935425	-	0	0	0	0	0	0	0	0	0	0	0	0	0	0	0	0	0	0	0	0	0	0	0	0	0	0	0	0	0	0	0	0	0	0	0	0	0	0	0	0	0	0	0	0	0	0	0	0	0	0	0	0	0	0	0	0	0	0	0	0
Mar 10 2023 19:48:43	5.83531093597	12.8449077606	92.5590057373	0.00054766604444	27.690164566	10.0200014114	81.5869979858	-	0	0	0	0	0	0	0	0	0	0	0	0	0	0	0	0	2.28315472603	0	0	0	0	0.00178595876787	0.272372215986	0.839735209942	1.72828137875	2.91841173172	4.35418319702	5.91204214096	7.42667531967	8.68686485291	9.47928619385	9.61862373352	8.99615097046	7.61967277527	5.63751125336	3.34385752678	1.14633142948	0	0	0	0	0	0	0	19.7350730896	0	0	0	0	0	0	0	0	0	0	0	0	0	0	0
Mar 10 2023 19:48:44	5.10940408707	12.992603302	94.2917938232	0.000443534401711	34.2237586975	8.61893939972	81.4984588623	-	0	0	0	0	0	0	0	0	0	0	0	0	0	0	0.659849822521	1.09513342381	1.23089170456	1.09096419811	0.774502038956	0.417455434799	0.152239024639	0.0852396413684	0.296827882528	0.838127911091	1.71045362949	2.86535835266	4.21875953674	5.62550067902	6.91201257706	7.87720012665	8.33846092224	8.15822029114	7.285176754	5.78392314911	3.84728527069	1.78622436523	0	0	0	0	0	0	0	0	28.9501934052	0	0	0	0	0	0	0	0	0	0	0	0	0	0	0
Mar 10 2023 19:48:45	5.55640888214	12.6794395447	92.7413253784	0.000509664940182	28.0383892059	9.33038520813	81.4657440186	-	0	0	0	0	0	0	0	0	0	0	0	0	0	0	0.427662402391	0.71290320158	0.795821547508	0.686397790909	0.453230828047	0.199007660151	0.0310486555099	0.0423851944506	0.30983120203	0.889817535877	1.79692780972	2.99873566628	4.42653131485	5.94687891006	7.3908457756	8.55235958099	9.23323726654	9.27144622803	8.58546638489	7.20796060562	5.30230045319	3.15879058838	1.15559840202	0	0	0	0	0	0	1.87370400669e-15	20.4248256683	0	0	0	0	0	0	0	0	0	0	0	0	0	0	0
Mar 10 2023 19:48:46	-1.00000001505e+30	-1.00000001505e+30	-1.00000001505e+30	-1.00000002538e+26	-1.00000001505e+30	-1.00000001505e+30	88.4407958984	-	0	0	0	0	0	0	0	0	0	0	0	0	0	0	0	0	0	0	0	0	0	0	0	0	0	0	0	0	0	0	0	0	0	0	0	0	0	0	0	0	0	0	0	0	0	0	0	0	0	0	0	0	0	0	0	0	0	0	0	0
Mar 10 2023 19:48:47	-1.00000001505e+30	-1.00000001505e+30	-1.00000001505e+30	-1.00000002538e+26	-1.00000001505e+30	-1.00000001505e+30	84.0017318726	-	0	0	0	0	0	0	0	0	0	0	0	0	0	0	0	0	0	0	0	0	0	0	0	0	0	0	0	0	0	0	0	0	0	0	0	0	0	0	0	0	0	0	0	0	0	0	0	0	0	0	0	0	0	0	0	0	0	0	0	0
Mar 10 2023 19:48:48	5.91013622284	13.0960550308	92.1430130005	0.000502457201947	26.8631820679	9.74443721771	82.0432815552	-	0	0	0	0	0	0	0	0	0	0	0	0	0	0	0	0	2.9415500164	0	0	0	0	0	0.163840979338	0.65756881237	1.47921204567	2.61851096153	4.02919816971	5.59736824036	7.16403436661	8.51914978027	9.44372940063	9.73944473267	9.27895259857	8.04967403412	6.1816945076	3.95497870445	1.7671661377	0.0730914548039	0	0	0	0	0	0	18.3408355713	0	0	0	0	0	0	0	0	0	0	0	0	0	0	0
Mar 10 2023 19:48:49	-1.00000001505e+30	-1.00000001505e+30	-1.00000001505e+30	-1.00000002538e+26	-1.00000001505e+30	-1.00000001505e+30	84.1371536255	-	0	0	0	0	0	0	0	0	0	0	0	0	0	0	0	0	0	0	0	0	0	0	0	0	0	0	0	0	0	0	0	0	0	0	0	0	0	0	0	0	0	0	0	0	0	0	0	0	0	0	0	0	0	0	0	0	0	0	0	0
Mar 10 2023 19:48:50	5.73563289642	12.396697998	91.8801116943	0.000550665485207	25.8244972229	9.77196979523	81.1902008057	-	0	0	0	0	0	0	0	0	0	0	0	0	0	0	0	1.49233341071e-13	2.2068696022	2.73787227541e-36	0	0	0	0	0.283770531416	0.908401310444	1.87127923965	3.14377212524	4.65876102448	6.27726602554	7.82006835938	9.06541633606	9.79726409912	9.83819484711	9.09872627258	7.61327981949	5.55574607849	3.23513150215	1.05408477783	0	0	0	0	0	0	0	17.5719680786	0	0	0	0	0	0	0	0	0	0	0	0	0	0	0
Mar 10 2023 19:48:51	5.71394395828	12.084687233	90.6184234619	0.000760919763707	23.482503891	9.68508052826	75.1309356689	-	0	0	0	0	0	0	0	0	0	0	0	0	0	0	0	1.32084913753e-12	1.93703198433	8.46104012759e-40	0	0	0	0	0.274994015694	0.948168635368	1.97186613083	3.31244683266	4.89583826065	6.57302761078	8.15504837036	9.41224861145	10.126411438	10.1260547638	9.33634853363	7.81181621552	5.74429416656	3.44949889183	1.31647658348	0	0	0	0	0	0	0	14.6084394455	0	0	0	0	0	0	0	0	0	0	0	0	0	0	0
Mar 10 2023 19:48:52	-1.00000001505e+30	-1.00000001505e+30	-1.00000001505e+30	-1.00000002538e+26	-1.00000001505e+30	-1.00000001505e+30	82.692489624	-	0	0	0	0	0	0	0	0	0	0	0	0	0	0	0	0	0	0	0	0	0	0	0	0	0	0	0	0	0	0	0	0	0	0	0	0	0	0	0	0	0	0	0	0	0	0	0	0	0	0	0	0	0	0	0	0	0	0	0	0
Mar 10 2023 19:48:53	-1.00000001505e+30	-1.00000001505e+30	-1.00000001505e+30	-1.00000002538e+26	-1.00000001505e+30	-1.00000001505e+30	87.6606445313	-	0	0	0	0	0	0	0	0	0	0	0	0	0	0	0	0	0	0	0	0	0	0	0	0	0	0	0	0	0	0	0	0	0	0	0	0	0	0	0	0	0	0	0	0	0	0	0	0	0	0	0	0	0	0	0	0	0	0	0	0
Mar 10 2023 19:48:54	5.73079252243	12.6823787689	91.5380859375	0.00055141519988	25.4374141693	9.7907333374	81.1137466431	-	0	0	0	0	0	0	0	0	0	0	0	0	0	0	0	0	2.29357481003	0	0	0	0	0.026942204684	0.327557265759	0.930286645889	1.85084068775	3.06029129028	4.49579763412	6.0303106308	7.50236129761	8.71410179138	9.47259616852	9.61714363098	9.05999183655	7.81660604477	6.0213470459	3.92958903313	1.89042687416	0.299875199795	0	0	0	0	0	0	16.6603603363	0	0	0	0	0	0	0	0	0	0	0	0	0	0	0
Mar 10 2023 19:48:55	-1.00000001505e+30	-1.00000001505e+30	-1.00000001505e+30	-1.00000002538e+26	-1.00000001505e+30	-1.00000001505e+30	85.0351333618	-	0	0	0	0	0	0	0	0	0	0	0	0	0	0	0	0	0	0	0	0	0	0	0	0	0	0	0	0	0	0	0	0	0	0	0	0	0	0	0	0	0	0	0	0	0	0	0	0	0	0	0	0	0	0	0	0	0	0	0	0
Mar 10 2023 19:48:56	-1.00000001505e+30	-1.00000001505e+30	-1.00000001505e+30	-1.00000002538e+26	-1.00000001505e+30	-1.00000001505e+30	89.7097091675	-	0	0	0	0	0	0	0	0	0	0	0	0	0	0	0	0	0	0	0	0	0	0	0	0	0	0	0	0	0	0	0	0	0	0	0	0	0	0	0	0	0	0	0	0	0	0	0	0	0	0	0	0	0	0	0	0	0	0	0	0
Mar 10 2023 19:48:57	-1.00000001505e+30	-1.00000001505e+30	-1.00000001505e+30	-1.00000002538e+26	-1.00000001505e+30	-1.00000001505e+30	83.1495666504	-	0	0	0	0	0	0	0	0	0	0	0	0	0	0	0	0	0	0	0	0	0	0	0	0	0	0	0	0	0	0	0	0	0	0	0	0	0	0	0	0	0	0	0	0	0	0	0	0	0	0	0	0	0	0	0	0	0	0	0	0
Mar 10 2023 19:48:58	-1.00000001505e+30	-1.00000001505e+30	-1.00000001505e+30	-1.00000002538e+26	-1.00000001505e+30	-1.00000001505e+30	87.0523757935	-	0	0	0	0	0	0	0	0	0	0	0	0	0	0	0	0	0	0	0	0	0	0	0	0	0	0	0	0	0	0	0	0	0	0	0	0	0	0	0	0	0	0	0	0	0	0	0	0	0	0	0	0	0	0	0	0	0	0	0	0
Mar 10 2023 19:48:59	-1.00000001505e+30	-1.00000001505e+30	-1.00000001505e+30	-1.00000002538e+26	-1.00000001505e+30	-1.00000001505e+30	83.4658050537	-	0	0	0	0	0	0	0	0	0	0	0	0	0	0	0	0	0	0	0	0	0	0	0	0	0	0	0	0	0	0	0	0	0	0	0	0	0	0	0	0	0	0	0	0	0	0	0	0	0	0	0	0	0	0	0	0	0	0	0	0
Mar 10 2023 19:49:00	-1.00000001505e+30	-1.00000001505e+30	-1.00000001505e+30	-1.00000002538e+26	-1.00000001505e+30	-1.00000001505e+30	83.2172622681	-	0	0	0	0	0	0	0	0	0	0	0	0	0	0	0	0	0	0	0	0	0	0	0	0	0	0	0	0	0	0	0	0	0	0	0	0	0	0	0	0	0	0	0	0	0	0	0	0	0	0	0	0	0	0	0	0	0	0	0	0
Mar 10 2023 19:49:01	-1.00000001505e+30	-1.00000001505e+30	-1.00000001505e+30	-1.00000002538e+26	-1.00000001505e+30	-1.00000001505e+30	87.4733810425	-	0	0	0	0	0	0	0	0	0	0	0	0	0	0	0	0	0	0	0	0	0	0	0	0	0	0	0	0	0	0	0	0	0	0	0	0	0	0	0	0	0	0	0	0	0	0	0	0	0	0	0	0	0	0	0	0	0	0	0	0
Mar 10 2023 19:49:02	-1.00000001505e+30	-1.00000001505e+30	-1.00000001505e+30	-1.00000002538e+26	-1.00000001505e+30	-1.00000001505e+30	99.9671401978	-	0	0	0	0	0	0	0	0	0	0	0	0	0	0	0	0	0	0	0	0	0	0	0	0	0	0	0	0	0	0	0	0	0	0	0	0	0	0	0	0	0	0	0	0	0	0	0	0	0	0	0	0	0	0	0	0	0	0	0	0
Mar 10 2023 19:49:03	-1.00000001505e+30	-1.00000001505e+30	-1.00000001505e+30	-1.00000002538e+26	-1.00000001505e+30	-1.00000001505e+30	99.9614105225	-	0	0	0	0	0	0	0	0	0	0	0	0	0	0	0	0	0	0	0	0	0	0	0	0	0	0	0	0	0	0	0	0	0	0	0	0	0	0	0	0	0	0	0	0	0	0	0	0	0	0	0	0	0	0	0	0	0	0	0	0
Mar 10 2023 19:49:04	-1.00000001505e+30	-1.00000001505e+30	-1.00000001505e+30	-1.00000002538e+26	-1.00000001505e+30	-1.00000001505e+30	100.006103516	-	0	0	0	0	0	0	0	0	0	0	0	0	0	0	0	0	0	0	0	0	0	0	0	0	0	0	0	0	0	0	0	0	0	0	0	0	0	0	0	0	0	0	0	0	0	0	0	0	0	0	0	0	0	0	0	0	0	0	0	0
Mar 10 2023 19:49:05	-1.00000001505e+30	-1.00000001505e+30	-1.00000001505e+30	-1.00000002538e+26	-1.00000001505e+30	-1.00000001505e+30	100.004959106	-	0	0	0	0	0	0	0	0	0	0	0	0	0	0	0	0	0	0	0	0	0	0	0	0	0	0	0	0	0	0	0	0	0	0	0	0	0	0	0	0	0	0	0	0	0	0	0	0	0	0	0	0	0	0	0	0	0	0	0	0
Mar 10 2023 19:49:06	-1.00000001505e+30	-1.00000001505e+30	-1.00000001505e+30	-1.00000002538e+26	-1.00000001505e+30	-1.00000001505e+30	100.015960693	-	0	0	0	0	0	0	0	0	0	0	0	0	0	0	0	0	0	0	0	0	0	0	0	0	0	0	0	0	0	0	0	0	0	0	0	0	0	0	0	0	0	0	0	0	0	0	0	0	0	0	0	0	0	0	0	0	0	0	0	0
Mar 10 2023 19:49:07	-1.00000001505e+30	-1.00000001505e+30	-1.00000001505e+30	-1.00000002538e+26	-1.00000001505e+30	-1.00000001505e+30	100.00226593	-	0	0	0	0	0	0	0	0	0	0	0	0	0	0	0	0	0	0	0	0	0	0	0	0	0	0	0	0	0	0	0	0	0	0	0	0	0	0	0	0	0	0	0	0	0	0	0	0	0	0	0	0	0	0	0	0	0	0	0	0
Mar 10 2023 19:49:08	-1.00000001505e+30	-1.00000001505e+30	-1.00000001505e+30	-1.00000002538e+26	-1.00000001505e+30	-1.00000001505e+30	99.9411087036	-	0	0	0	0	0	0	0	0	0	0	0	0	0	0	0	0	0	0	0	0	0	0	0	0	0	0	0	0	0	0	0	0	0	0	0	0	0	0	0	0	0	0	0	0	0	0	0	0	0	0	0	0	0	0	0	0	0	0	0	0
Mar 10 2023 19:49:09	-1.00000001505e+30	-1.00000001505e+30	-1.00000001505e+30	-1.00000002538e+26	-1.00000001505e+30	-1.00000001505e+30	99.9786529541	-	0	0	0	0	0	0	0	0	0	0	0	0	0	0	0	0	0	0	0	0	0	0	0	0	0	0	0	0	0	0	0	0	0	0	0	0	0	0	0	0	0	0	0	0	0	0	0	0	0	0	0	0	0	0	0	0	0	0	0	0
Mar 10 2023 19:49:10	-1.00000001505e+30	-1.00000001505e+30	-1.00000001505e+30	-1.00000002538e+26	-1.00000001505e+30	-1.00000001505e+30	99.9981307983	-	0	0	0	0	0	0	0	0	0	0	0	0	0	0	0	0	0	0	0	0	0	0	0	0	0	0	0	0	0	0	0	0	0	0	0	0	0	0	0	0	0	0	0	0	0	0	0	0	0	0	0	0	0	0	0	0	0	0	0	0
Mar 10 2023 19:49:11	-1.00000001505e+30	-1.00000001505e+30	-1.00000001505e+30	-1.00000002538e+26	-1.00000001505e+30	-1.00000001505e+30	99.9775314331	-	0	0	0	0	0	0	0	0	0	0	0	0	0	0	0	0	0	0	0	0	0	0	0	0	0	0	0	0	0	0	0	0	0	0	0	0	0	0	0	0	0	0	0	0	0	0	0	0	0	0	0	0	0	0	0	0	0	0	0	0
Mar 10 2023 19:49:12	-1.00000001505e+30	-1.00000001505e+30	-1.00000001505e+30	-1.00000002538e+26	-1.00000001505e+30	-1.00000001505e+30	99.9867248535	-	0	0	0	0	0	0	0	0	0	0	0	0	0	0	0	0	0	0	0	0	0	0	0	0	0	0	0	0	0	0	0	0	0	0	0	0	0	0	0	0	0	0	0	0	0	0	0	0	0	0	0	0	0	0	0	0	0	0	0	0
Mar 10 2023 19:49:13	-1.00000001505e+30	-1.00000001505e+30	-1.00000001505e+30	-1.00000002538e+26	-1.00000001505e+30	-1.00000001505e+30	99.5772628784	-	0	0	0	0	0	0	0	0	0	0	0	0	0	0	0	0	0	0	0	0	0	0	0	0	0	0	0	0	0	0	0	0	0	0	0	0	0	0	0	0	0	0	0	0	0	0	0	0	0	0	0	0	0	0	0	0	0	0	0	0
Mar 10 2023 19:49:14	-1.00000001505e+30	-1.00000001505e+30	-1.00000001505e+30	-1.00000002538e+26	-1.00000001505e+30	-1.00000001505e+30	99.9588165283	-	0	0	0	0	0	0	0	0	0	0	0	0	0	0	0	0	0	0	0	0	0	0	0	0	0	0	0	0	0	0	0	0	0	0	0	0	0	0	0	0	0	0	0	0	0	0	0	0	0	0	0	0	0	0	0	0	0	0	0	0
Mar 10 2023 19:49:15	-1.00000001505e+30	-1.00000001505e+30	-1.00000001505e+30	-1.00000002538e+26	-1.00000001505e+30	-1.00000001505e+30	100.006759644	-	0	0	0	0	0	0	0	0	0	0	0	0	0	0	0	0	0	0	0	0	0	0	0	0	0	0	0	0	0	0	0	0	0	0	0	0	0	0	0	0	0	0	0	0	0	0	0	0	0	0	0	0	0	0	0	0	0	0	0	0
Mar 10 2023 19:49:16	-1.00000001505e+30	-1.00000001505e+30	-1.00000001505e+30	-1.00000002538e+26	-1.00000001505e+30	-1.00000001505e+30	99.9948806763	-	0	0	0	0	0	0	0	0	0	0	0	0	0	0	0	0	0	0	0	0	0	0	0	0	0	0	0	0	0	0	0	0	0	0	0	0	0	0	0	0	0	0	0	0	0	0	0	0	0	0	0	0	0	0	0	0	0	0	0	0
Mar 10 2023 19:49:17	-1.00000001505e+30	-1.00000001505e+30	-1.00000001505e+30	-1.00000002538e+26	-1.00000001505e+30	-1.00000001505e+30	99.9619903564	-	0	0	0	0	0	0	0	0	0	0	0	0	0	0	0	0	0	0	0	0	0	0	0	0	0	0	0	0	0	0	0	0	0	0	0	0	0	0	0	0	0	0	0	0	0	0	0	0	0	0	0	0	0	0	0	0	0	0	0	0
Mar 10 2023 19:49:18	-1.00000001505e+30	-1.00000001505e+30	-1.00000001505e+30	-1.00000002538e+26	-1.00000001505e+30	-1.00000001505e+30	99.9860076904	-	0	0	0	0	0	0	0	0	0	0	0	0	0	0	0	0	0	0	0	0	0	0	0	0	0	0	0	0	0	0	0	0	0	0	0	0	0	0	0	0	0	0	0	0	0	0	0	0	0	0	0	0	0	0	0	0	0	0	0	0
Mar 10 2023 19:49:19	-1.00000001505e+30	-1.00000001505e+30	-1.00000001505e+30	-1.00000002538e+26	-1.00000001505e+30	-1.00000001505e+30	99.7229919434	-	0	0	0	0	0	0	0	0	0	0	0	0	0	0	0	0	0	0	0	0	0	0	0	0	0	0	0	0	0	0	0	0	0	0	0	0	0	0	0	0	0	0	0	0	0	0	0	0	0	0	0	0	0	0	0	0	0	0	0	0
Mar 10 2023 19:49:20	-1.00000001505e+30	-1.00000001505e+30	-1.00000001505e+30	-1.00000002538e+26	-1.00000001505e+30	-1.00000001505e+30	99.9820022583	-	0	0	0	0	0	0	0	0	0	0	0	0	0	0	0	0	0	0	0	0	0	0	0	0	0	0	0	0	0	0	0	0	0	0	0	0	0	0	0	0	0	0	0	0	0	0	0	0	0	0	0	0	0	0	0	0	0	0	0	0
Mar 10 2023 19:49:21	-1.00000001505e+30	-1.00000001505e+30	-1.00000001505e+30	-1.00000002538e+26	-1.00000001505e+30	-1.00000001505e+30	99.9672851563	-	0	0	0	0	0	0	0	0	0	0	0	0	0	0	0	0	0	0	0	0	0	0	0	0	0	0	0	0	0	0	0	0	0	0	0	0	0	0	0	0	0	0	0	0	0	0	0	0	0	0	0	0	0	0	0	0	0	0	0	0
Mar 10 2023 19:49:22	-1.00000001505e+30	-1.00000001505e+30	-1.00000001505e+30	-1.00000002538e+26	-1.00000001505e+30	-1.00000001505e+30	99.9911651611	-	0	0	0	0	0	0	0	0	0	0	0	0	0	0	0	0	0	0	0	0	0	0	0	0	0	0	0	0	0	0	0	0	0	0	0	0	0	0	0	0	0	0	0	0	0	0	0	0	0	0	0	0	0	0	0	0	0	0	0	0
Mar 10 2023 19:49:23	-1.00000001505e+30	-1.00000001505e+30	-1.00000001505e+30	-1.00000002538e+26	-1.00000001505e+30	-1.00000001505e+30	100.017616272	-	0	0	0	0	0	0	0	0	0	0	0	0	0	0	0	0	0	0	0	0	0	0	0	0	0	0	0	0	0	0	0	0	0	0	0	0	0	0	0	0	0	0	0	0	0	0	0	0	0	0	0	0	0	0	0	0	0	0	0	0
Mar 10 2023 19:49:24	-1.00000001505e+30	-1.00000001505e+30	-1.00000001505e+30	-1.00000002538e+26	-1.00000001505e+30	-1.00000001505e+30	99.967124939	-	0	0	0	0	0	0	0	0	0	0	0	0	0	0	0	0	0	0	0	0	0	0	0	0	0	0	0	0	0	0	0	0	0	0	0	0	0	0	0	0	0	0	0	0	0	0	0	0	0	0	0	0	0	0	0	0	0	0	0	0
Mar 10 2023 19:49:25	-1.00000001505e+30	-1.00000001505e+30	-1.00000001505e+30	-1.00000002538e+26	-1.00000001505e+30	-1.00000001505e+30	99.97706604	-	0	0	0	0	0	0	0	0	0	0	0	0	0	0	0	0	0	0	0	0	0	0	0	0	0	0	0	0	0	0	0	0	0	0	0	0	0	0	0	0	0	0	0	0	0	0	0	0	0	0	0	0	0	0	0	0	0	0	0	0
Mar 10 2023 19:49:26	-1.00000001505e+30	-1.00000001505e+30	-1.00000001505e+30	-1.00000002538e+26	-1.00000001505e+30	-1.00000001505e+30	99.9835586548	-	0	0	0	0	0	0	0	0	0	0	0	0	0	0	0	0	0	0	0	0	0	0	0	0	0	0	0	0	0	0	0	0	0	0	0	0	0	0	0	0	0	0	0	0	0	0	0	0	0	0	0	0	0	0	0	0	0	0	0	0
Mar 10 2023 19:49:27	-1.00000001505e+30	-1.00000001505e+30	-1.00000001505e+30	-1.00000002538e+26	-1.00000001505e+30	-1.00000001505e+30	99.9716491699	-	0	0	0	0	0	0	0	0	0	0	0	0	0	0	0	0	0	0	0	0	0	0	0	0	0	0	0	0	0	0	0	0	0	0	0	0	0	0	0	0	0	0	0	0	0	0	0	0	0	0	0	0	0	0	0	0	0	0	0	0
Mar 10 2023 19:49:28	-1.00000001505e+30	-1.00000001505e+30	-1.00000001505e+30	-1.00000002538e+26	-1.00000001505e+30	-1.00000001505e+30	95.1342010498	-	0	0	0	0	0	0	0	0	0	0	0	0	0	0	0	0	0	0	0	0	0	0	0	0	0	0	0	0	0	0	0	0	0	0	0	0	0	0	0	0	0	0	0	0	0	0	0	0	0	0	0	0	0	0	0	0	0	0	0	0
Mar 10 2023 19:49:29	-1.00000001505e+30	-1.00000001505e+30	-1.00000001505e+30	-1.00000002538e+26	-1.00000001505e+30	-1.00000001505e+30	99.9917068481	-	0	0	0	0	0	0	0	0	0	0	0	0	0	0	0	0	0	0	0	0	0	0	0	0	0	0	0	0	0	0	0	0	0	0	0	0	0	0	0	0	0	0	0	0	0	0	0	0	0	0	0	0	0	0	0	0	0	0	0	0
Mar 10 2023 19:49:30	-1.00000001505e+30	-1.00000001505e+30	-1.00000001505e+30	-1.00000002538e+26	-1.00000001505e+30	-1.00000001505e+30	92.6856613159	-	0	0	0	0	0	0	0	0	0	0	0	0	0	0	0	0	0	0	0	0	0	0	0	0	0	0	0	0	0	0	0	0	0	0	0	0	0	0	0	0	0	0	0	0	0	0	0	0	0	0	0	0	0	0	0	0	0	0	0	0
Mar 10 2023 19:49:31	5.66313695908	16.9959926605	70.016494751	0.000589628354646	27.2011699677	10.586514473	81.2840576172	-	0	0	0	0	0	0	0	0	0	0	0	0	0	0	0.339483320713	0.574293553829	0.65738594532	0.600158691406	0.460613518953	0.318530976772	0.248699709773	0.310198962688	0.550607919693	0.996886968613	1.6336094141	2.41951417923	3.30255484581	4.20497369766	5.05032777786	5.76689434052	6.29841184616	6.60727310181	6.67224216461	6.48163175583	6.03245925903	5.34602308273	4.4980134964	3.64794278145	3.03293848038	2.89961576462	3.36572861671	4.26784324646	5.08278846741	5.01135444641	3.32100105286	0	0	0	0	0	0	0	0	0	0	0	0	0	0	0
Mar 10 2023 19:49:32	-1.00000001505e+30	-1.00000001505e+30	-1.00000001505e+30	-1.00000002538e+26	-1.00000001505e+30	-1.00000001505e+30	96.2502593994	-	0	0	0	0	0	0	0	0	0	0	0	0	0	0	0	0	0	0	0	0	0	0	0	0	0	0	0	0	0	0	0	0	0	0	0	0	0	0	0	0	0	0	0	0	0	0	0	0	0	0	0	0	0	0	0	0	0	0	0	0
Mar 10 2023 19:49:33	-1.00000001505e+30	-1.00000001505e+30	-1.00000001505e+30	-1.00000002538e+26	-1.00000001505e+30	-1.00000001505e+30	99.9562225342	-	0	0	0	0	0	0	0	0	0	0	0	0	0	0	0	0	0	0	0	0	0	0	0	0	0	0	0	0	0	0	0	0	0	0	0	0	0	0	0	0	0	0	0	0	0	0	0	0	0	0	0	0	0	0	0	0	0	0	0	0
Mar 10 2023 19:49:34	-1.00000001505e+30	-1.00000001505e+30	-1.00000001505e+30	-1.00000002538e+26	-1.00000001505e+30	-1.00000001505e+30	100.011566162	-	0	0	0	0	0	0	0	0	0	0	0	0	0	0	0	0	0	0	0	0	0	0	0	0	0	0	0	0	0	0	0	0	0	0	0	0	0	0	0	0	0	0	0	0	0	0	0	0	0	0	0	0	0	0	0	0	0	0	0	0
Mar 10 2023 19:49:35	-1.00000001505e+30	-1.00000001505e+30	-1.00000001505e+30	-1.00000002538e+26	-1.00000001505e+30	-1.00000001505e+30	93.9451065063	-	0	0	0	0	0	0	0	0	0	0	0	0	0	0	0	0	0	0	0	0	0	0	0	0	0	0	0	0	0	0	0	0	0	0	0	0	0	0	0	0	0	0	0	0	0	0	0	0	0	0	0	0	0	0	0	0	0	0	0	0
Mar 10 2023 19:49:36	-1.00000001505e+30	-1.00000001505e+30	-1.00000001505e+30	-1.00000002538e+26	-1.00000001505e+30	-1.00000001505e+30	83.6981277466	-	0	0	0	0	0	0	0	0	0	0	0	0	0	0	0	0	0	0	0	0	0	0	0	0	0	0	0	0	0	0	0	0	0	0	0	0	0	0	0	0	0	0	0	0	0	0	0	0	0	0	0	0	0	0	0	0	0	0	0	0
Mar 10 2023 19:49:37	-1.00000001505e+30	-1.00000001505e+30	-1.00000001505e+30	-1.00000002538e+26	-1.00000001505e+30	-1.00000001505e+30	89.101234436	-	0	0	0	0	0	0	0	0	0	0	0	0	0	0	0	0	0	0	0	0	0	0	0	0	0	0	0	0	0	0	0	0	0	0	0	0	0	0	0	0	0	0	0	0	0	0	0	0	0	0	0	0	0	0	0	0	0	0	0	0
Mar 10 2023 19:49:38	-1.00000001505e+30	-1.00000001505e+30	-1.00000001505e+30	-1.00000002538e+26	-1.00000001505e+30	-1.00000001505e+30	88.5109863281	-	0	0	0	0	0	0	0	0	0	0	0	0	0	0	0	0	0	0	0	0	0	0	0	0	0	0	0	0	0	0	0	0	0	0	0	0	0	0	0	0	0	0	0	0	0	0	0	0	0	0	0	0	0	0	0	0	0	0	0	0
Mar 10 2023 19:49:39	-1.00000001505e+30	-1.00000001505e+30	-1.00000001505e+30	-1.00000002538e+26	-1.00000001505e+30	-1.00000001505e+30	88.1175842285	-	0	0	0	0	0	0	0	0	0	0	0	0	0	0	0	0	0	0	0	0	0	0	0	0	0	0	0	0	0	0	0	0	0	0	0	0	0	0	0	0	0	0	0	0	0	0	0	0	0	0	0	0	0	0	0	0	0	0	0	0
Mar 10 2023 19:49:40	-1.00000001505e+30	-1.00000001505e+30	-1.00000001505e+30	-1.00000002538e+26	-1.00000001505e+30	-1.00000001505e+30	86.756729126	-	0	0	0	0	0	0	0	0	0	0	0	0	0	0	0	0	0	0	0	0	0	0	0	0	0	0	0	0	0	0	0	0	0	0	0	0	0	0	0	0	0	0	0	0	0	0	0	0	0	0	0	0	0	0	0	0	0	0	0	0
Mar 10 2023 19:49:41	4.38843107224	13.9460487366	95.1435012817	0.00044828170212	40.6297912598	7.99489355087	79.0812072754	-	0	0	0	0	0	0	0	0	0	0	0	0	0	0	0.8982655406	1.51504170895	1.71099102497	1.52949821949	1.12019836903	0.667344689369	0.326670587063	0.197158306837	0.338617384434	0.799769282341	1.58004724979	2.62186741829	3.83043479919	5.05369520187	6.12078380585	6.84769010544	7.08150577545	6.72499990463	5.77109670639	4.32369804382	2.6010415554	0.918070137501	0	0	0	0	0	0	0	0	37.4215164185	0	0	0	0	0	0	0	0	0	0	0	0	0	0	0
Mar 10 2023 19:49:42	-1.00000001505e+30	-1.00000001505e+30	-1.00000001505e+30	-1.00000002538e+26	-1.00000001505e+30	-1.00000001505e+30	97.7967376709	-	0	0	0	0	0	0	0	0	0	0	0	0	0	0	0	0	0	0	0	0	0	0	0	0	0	0	0	0	0	0	0	0	0	0	0	0	0	0	0	0	0	0	0	0	0	0	0	0	0	0	0	0	0	0	0	0	0	0	0	0
Mar 10 2023 19:49:43	-1.00000001505e+30	-1.00000001505e+30	-1.00000001505e+30	-1.00000002538e+26	-1.00000001505e+30	-1.00000001505e+30	87.3452072144	-	0	0	0	0	0	0	0	0	0	0	0	0	0	0	0	0	0	0	0	0	0	0	0	0	0	0	0	0	0	0	0	0	0	0	0	0	0	0	0	0	0	0	0	0	0	0	0	0	0	0	0	0	0	0	0	0	0	0	0	0
Mar 10 2023 19:49:44	-1.00000001505e+30	-1.00000001505e+30	-1.00000001505e+30	-1.00000002538e+26	-1.00000001505e+30	-1.00000001505e+30	99.7436676025	-	0	0	0	0	0	0	0	0	0	0	0	0	0	0	0	0	0	0	0	0	0	0	0	0	0	0	0	0	0	0	0	0	0	0	0	0	0	0	0	0	0	0	0	0	0	0	0	0	0	0	0	0	0	0	0	0	0	0	0	0
Mar 10 2023 19:49:45	-1.00000001505e+30	-1.00000001505e+30	-1.00000001505e+30	-1.00000002538e+26	-1.00000001505e+30	-1.00000001505e+30	99.9289321899	-	0	0	0	0	0	0	0	0	0	0	0	0	0	0	0	0	0	0	0	0	0	0	0	0	0	0	0	0	0	0	0	0	0	0	0	0	0	0	0	0	0	0	0	0	0	0	0	0	0	0	0	0	0	0	0	0	0	0	0	0
Mar 10 2023 19:49:46	-1.00000001505e+30	-1.00000001505e+30	-1.00000001505e+30	-1.00000002538e+26	-1.00000001505e+30	-1.00000001505e+30	85.5303344727	-	0	0	0	0	0	0	0	0	0	0	0	0	0	0	0	0	0	0	0	0	0	0	0	0	0	0	0	0	0	0	0	0	0	0	0	0	0	0	0	0	0	0	0	0	0	0	0	0	0	0	0	0	0	0	0	0	0	0	0	0
Mar 10 2023 19:49:47	-1.00000001505e+30	-1.00000001505e+30	-1.00000001505e+30	-1.00000002538e+26	-1.00000001505e+30	-1.00000001505e+30	83.9775161743	-	0	0	0	0	0	0	0	0	0	0	0	0	0	0	0	0	0	0	0	0	0	0	0	0	0	0	0	0	0	0	0	0	0	0	0	0	0	0	0	0	0	0	0	0	0	0	0	0	0	0	0	0	0	0	0	0	0	0	0	0
Mar 10 2023 19:49:48	-1.00000001505e+30	-1.00000001505e+30	-1.00000001505e+30	-1.00000002538e+26	-1.00000001505e+30	-1.00000001505e+30	94.2402572632	-	0	0	0	0	0	0	0	0	0	0	0	0	0	0	0	0	0	0	0	0	0	0	0	0	0	0	0	0	0	0	0	0	0	0	0	0	0	0	0	0	0	0	0	0	0	0	0	0	0	0	0	0	0	0	0	0	0	0	0	0
Mar 10 2023 19:49:49	-1.00000001505e+30	-1.00000001505e+30	-1.00000001505e+30	-1.00000002538e+26	-1.00000001505e+30	-1.00000001505e+30	83.2725372314	-	0	0	0	0	0	0	0	0	0	0	0	0	0	0	0	0	0	0	0	0	0	0	0	0	0	0	0	0	0	0	0	0	0	0	0	0	0	0	0	0	0	0	0	0	0	0	0	0	0	0	0	0	0	0	0	0	0	0	0	0
Mar 10 2023 19:49:50	-1.00000001505e+30	-1.00000001505e+30	-1.00000001505e+30	-1.00000002538e+26	-1.00000001505e+30	-1.00000001505e+30	92.2295761108	-	0	0	0	0	0	0	0	0	0	0	0	0	0	0	0	0	0	0	0	0	0	0	0	0	0	0	0	0	0	0	0	0	0	0	0	0	0	0	0	0	0	0	0	0	0	0	0	0	0	0	0	0	0	0	0	0	0	0	0	0
Mar 10 2023 19:49:51	5.84778690338	12.3842000961	90.9213409424	0.000597122998443	24.1610145569	9.84375286102	80.0740280151	-	0	0	0	0	0	0	0	0	0	0	0	0	0	0	0	0	2.04513025284	0	0	0	0	0	0.187021046877	0.802247524261	1.76806783676	3.06122279167	4.61744832993	6.29691171646	7.9152765274	9.24100494385	10.0474538803	10.1485919952	9.45234394073	7.99825191498	5.96999120712	3.68382549286	1.53690350056	0	0	0	0	0	0	0	15.2283086777	0	0	0	0	0	0	0	0	0	0	0	0	0	0	0
Mar 10 2023 19:49:52	-1.00000001505e+30	-1.00000001505e+30	-1.00000001505e+30	-1.00000002538e+26	-1.00000001505e+30	-1.00000001505e+30	91.7339248657	-	0	0	0	0	0	0	0	0	0	0	0	0	0	0	0	0	0	0	0	0	0	0	0	0	0	0	0	0	0	0	0	0	0	0	0	0	0	0	0	0	0	0	0	0	0	0	0	0	0	0	0	0	0	0	0	0	0	0	0	0
Mar 10 2023 19:49:53	-1.00000001505e+30	-1.00000001505e+30	-1.00000001505e+30	-1.00000002538e+26	-1.00000001505e+30	-1.00000001505e+30	87.253616333	-	0	0	0	0	0	0	0	0	0	0	0	0	0	0	0	0	0	0	0	0	0	0	0	0	0	0	0	0	0	0	0	0	0	0	0	0	0	0	0	0	0	0	0	0	0	0	0	0	0	0	0	0	0	0	0	0	0	0	0	0
Mar 10 2023 19:49:54	5.87712526321	12.7039365768	91.0761108398	0.000710693304427	24.659160614	9.86621379852	76.5537261963	-	0	0	0	0	0	0	0	0	0	0	0	0	0	0	0	0	2.26474547386	0	0	0	0	0	0.221490696073	0.784735560417	1.67910528183	2.88881802559	4.36063814163	5.97179746628	7.55523443222	8.89495372772	9.7716217041	9.99446773529	9.45254611969	8.15556812286	6.2545003891	4.03936862946	1.89720749855	0.248306274414	0	0	0	0	0	0	15.5648927689	0	0	0	0	0	0	0	0	0	0	0	0	0	0	0
Mar 10 2023 19:49:55	-1.00000001505e+30	-1.00000001505e+30	-1.00000001505e+30	-1.00000002538e+26	-1.00000001505e+30	-1.00000001505e+30	83.8430786133	-	0	0	0	0	0	0	0	0	0	0	0	0	0	0	0	0	0	0	0	0	0	0	0	0	0	0	0	0	0	0	0	0	0	0	0	0	0	0	0	0	0	0	0	0	0	0	0	0	0	0	0	0	0	0	0	0	0	0	0	0
Mar 10 2023 19:49:56	-1.00000001505e+30	-1.00000001505e+30	-1.00000001505e+30	-1.00000002538e+26	-1.00000001505e+30	-1.00000001505e+30	82.983505249	-	0	0	0	0	0	0	0	0	0	0	0	0	0	0	0	0	0	0	0	0	0	0	0	0	0	0	0	0	0	0	0	0	0	0	0	0	0	0	0	0	0	0	0	0	0	0	0	0	0	0	0	0	0	0	0	0	0	0	0	0
Mar 10 2023 19:49:57	-1.00000001505e+30	-1.00000001505e+30	-1.00000001505e+30	-1.00000002538e+26	-1.00000001505e+30	-1.00000001505e+30	90.4129943848	-	0	0	0	0	0	0	0	0	0	0	0	0	0	0	0	0	0	0	0	0	0	0	0	0	0	0	0	0	0	0	0	0	0	0	0	0	0	0	0	0	0	0	0	0	0	0	0	0	0	0	0	0	0	0	0	0	0	0	0	0
Mar 10 2023 19:49:58	-1.00000001505e+30	-1.00000001505e+30	-1.00000001505e+30	-1.00000002538e+26	-1.00000001505e+30	-1.00000001505e+30	92.1164016724	-	0	0	0	0	0	0	0	0	0	0	0	0	0	0	0	0	0	0	0	0	0	0	0	0	0	0	0	0	0	0	0	0	0	0	0	0	0	0	0	0	0	0	0	0	0	0	0	0	0	0	0	0	0	0	0	0	0	0	0	0
Mar 10 2023 19:49:59	5.75268268585	12.4472665787	91.055015564	0.000753287225962	24.4102935791	9.74105453491	75.1730728149	-	0	0	0	0	0	0	0	0	0	0	0	0	0	0	0	8.15348656646e-13	2.18049716949	2.09020849416e-34	0	0	0	0	0.298319578171	0.91215467453	1.85613143444	3.10510540009	4.59719133377	6.20190858841	7.74844503403	9.02298164368	9.81410980225	9.94431495667	9.31806564331	7.95806407928	6.02178239822	3.79791307449	1.66629445553	0.0385415665805	0	0	0	0	0	0	15.5181884766	0	0	0	0	0	0	0	0	0	0	0	0	0	0	0
Mar 10 2023 19:50:00	-1.00000001505e+30	-1.00000001505e+30	-1.00000001505e+30	-1.00000002538e+26	-1.00000001505e+30	-1.00000001505e+30	88.3122177124	-	0	0	0	0	0	0	0	0	0	0	0	0	0	0	0	0	0	0	0	0	0	0	0	0	0	0	0	0	0	0	0	0	0	0	0	0	0	0	0	0	0	0	0	0	0	0	0	0	0	0	0	0	0	0	0	0	0	0	0	0
Mar 10 2023 19:50:01	-1.00000001505e+30	-1.00000001505e+30	-1.00000001505e+30	-1.00000002538e+26	-1.00000001505e+30	-1.00000001505e+30	92.1922607422	-	0	0	0	0	0	0	0	0	0	0	0	0	0	0	0	0	0	0	0	0	0	0	0	0	0	0	0	0	0	0	0	0	0	0	0	0	0	0	0	0	0	0	0	0	0	0	0	0	0	0	0	0	0	0	0	0	0	0	0	0
Mar 10 2023 19:50:02	6.17957878113	13.397310257	93.0058822632	0.000635894597508	29.3321170807	10.3409938812	79.2535705566	-	0	0	0	0	0	0	0	0	0	0	0	0	0	0	0	0	2.53613162041	0	0	0	0	0	0.0253188274801	0.488554775715	1.28673088551	2.41923451424	3.84646987915	5.45680427551	7.08581352234	8.50806713104	9.48269844055	9.78602981567	9.26978778839	7.91403579712	5.86283636093	3.43441748619	1.08377242088	0	0	0	0	0	0	0	21.51329422	0	0	0	0	0	0	0	0	0	0	0	0	0	0	0
Mar 10 2023 19:50:03	5.8924036026	13.2965641022	94.0013809204	0.000552843674086	33.0591812134	10.1820144653	81.1947021484	-	0	0	0	0	0	0	0	0	0	0	0	0	0	0	0	0	2.79418444633	0	0	0	0	0	0.14697112143	0.670015633106	1.53778064251	2.72246050835	4.15553665161	5.69904947281	7.17280864716	8.35266304016	9.02057361603	8.99678230286	8.19189357758	6.64800310135	4.5594086647	2.26578164101	0.202069193125	0	0	0	0	0	0	0	26.8640155792	0	0	0	0	0	0	0	0	0	0	0	0	0	0	0
Mar 10 2023 19:50:04	-1.00000001505e+30	-1.00000001505e+30	-1.00000001505e+30	-1.00000002538e+26	-1.00000001505e+30	-1.00000001505e+30	83.9317016602	-	0	0	0	0	0	0	0	0	0	0	0	0	0	0	0	0	0	0	0	0	0	0	0	0	0	0	0	0	0	0	0	0	0	0	0	0	0	0	0	0	0	0	0	0	0	0	0	0	0	0	0	0	0	0	0	0	0	0	0	0
Mar 10 2023 19:50:05	-1.00000001505e+30	-1.00000001505e+30	-1.00000001505e+30	-1.00000002538e+26	-1.00000001505e+30	-1.00000001505e+30	84.3308410645	-	0	0	0	0	0	0	0	0	0	0	0	0	0	0	0	0	0	0	0	0	0	0	0	0	0	0	0	0	0	0	0	0	0	0	0	0	0	0	0	0	0	0	0	0	0	0	0	0	0	0	0	0	0	0	0	0	0	0	0	0
Mar 10 2023 19:50:06	6.3129863739	13.3344669342	92.5136413574	0.00071676436346	27.9362277985	10.5365343094	77.6709365845	-	0	0	0	0	0	0	0	0	0	0	0	0	0	0	0	0	2.19947719574	0	0	0	0	0	0	0.396337121725	1.20017683506	2.3543806076	3.82322669029	5.49564647675	7.20283842087	8.70914077759	9.76087474823	10.1213312149	9.6334066391	8.27582073212	6.19859361649	3.72938776016	1.32894098759	0	0	0	0	0	0	0	19.5704345703	0	0	0	0	0	0	0	0	0	0	0	0	0	0	0
Mar 10 2023 19:50:07	-1.00000001505e+30	-1.00000001505e+30	-1.00000001505e+30	-1.00000002538e+26	-1.00000001505e+30	-1.00000001505e+30	92.1199569702	-	0	0	0	0	0	0	0	0	0	0	0	0	0	0	0	0	0	0	0	0	0	0	0	0	0	0	0	0	0	0	0	0	0	0	0	0	0	0	0	0	0	0	0	0	0	0	0	0	0	0	0	0	0	0	0	0	0	0	0	0
Mar 10 2023 19:50:08	-1.00000001505e+30	-1.00000001505e+30	-1.00000001505e+30	-1.00000002538e+26	-1.00000001505e+30	-1.00000001505e+30	82.4485168457	-	0	0	0	0	0	0	0	0	0	0	0	0	0	0	0	0	0	0	0	0	0	0	0	0	0	0	0	0	0	0	0	0	0	0	0	0	0	0	0	0	0	0	0	0	0	0	0	0	0	0	0	0	0	0	0	0	0	0	0	0
Mar 10 2023 19:50:09	5.71501398087	12.6716365814	92.0015487671	0.000586291542277	26.1964912415	9.12934875488	77.6087188721	-	0	0	0	0	0	0	0	0	0	0	0	0	0	0	0	0	3.70244073868	0	0	0	0	0	0.13646273315	0.643079519272	1.50277507305	2.69995427132	4.18043279648	5.81666517258	7.43349027634	8.80303859711	9.6910943985	9.89117622375	9.28036689758	7.86622619629	5.8128490448	3.4405901432	1.18014788628	0	0	0	0	0	0	0	17.919210434	0	0	0	0	0	0	0	0	0	0	0	0	0	0	0
Mar 10 2023 19:50:10	-1.00000001505e+30	-1.00000001505e+30	-1.00000001505e+30	-1.00000002538e+26	-1.00000001505e+30	-1.00000001505e+30	83.0959472656	-	0	0	0	0	0	0	0	0	0	0	0	0	0	0	0	0	0	0	0	0	0	0	0	0	0	0	0	0	0	0	0	0	0	0	0	0	0	0	0	0	0	0	0	0	0	0	0	0	0	0	0	0	0	0	0	0	0	0	0	0
Mar 10 2023 19:50:11	6.04853439331	12.7841863632	91.0351486206	0.000533029844519	24.6003341675	9.72920799255	81.2334213257	-	0	0	0	0	0	0	0	0	0	0	0	0	0	0	0	8.81534022211e-14	2.75530457497	6.85252413752e-21	0	0	0	0	0.00149286119267	0.497069895267	1.3556176424	2.57402849197	4.1059551239	5.82588815689	7.55351781845	9.04686927795	10.0551176071	10.3556995392	9.81558990479	8.44076824188	6.39989805222	4.01837110519	1.72438132763	0	0	0	0	0	0	2.47743076325e-14	15.4744300842	0	0	0	0	0	0	0	0	0	0	0	0	0	0	0
Mar 10 2023 19:50:12	-1.00000001505e+30	-1.00000001505e+30	-1.00000001505e+30	-1.00000002538e+26	-1.00000001505e+30	-1.00000001505e+30	89.1460800171	-	0	0	0	0	0	0	0	0	0	0	0	0	0	0	0	0	0	0	0	0	0	0	0	0	0	0	0	0	0	0	0	0	0	0	0	0	0	0	0	0	0	0	0	0	0	0	0	0	0	0	0	0	0	0	0	0	0	0	0	0
Mar 10 2023 19:50:13	-1.00000001505e+30	-1.00000001505e+30	-1.00000001505e+30	-1.00000002538e+26	-1.00000001505e+30	-1.00000001505e+30	86.542350769	-	0	0	0	0	0	0	0	0	0	0	0	0	0	0	0	0	0	0	0	0	0	0	0	0	0	0	0	0	0	0	0	0	0	0	0	0	0	0	0	0	0	0	0	0	0	0	0	0	0	0	0	0	0	0	0	0	0	0	0	0
Mar 10 2023 19:50:14	-1.00000001505e+30	-1.00000001505e+30	-1.00000001505e+30	-1.00000002538e+26	-1.00000001505e+30	-1.00000001505e+30	92.3116073608	-	0	0	0	0	0	0	0	0	0	0	0	0	0	0	0	0	0	0	0	0	0	0	0	0	0	0	0	0	0	0	0	0	0	0	0	0	0	0	0	0	0	0	0	0	0	0	0	0	0	0	0	0	0	0	0	0	0	0	0	0
Mar 10 2023 19:50:15	-1.00000001505e+30	-1.00000001505e+30	-1.00000001505e+30	-1.00000002538e+26	-1.00000001505e+30	-1.00000001505e+30	88.3294525146	-	0	0	0	0	0	0	0	0	0	0	0	0	0	0	0	0	0	0	0	0	0	0	0	0	0	0	0	0	0	0	0	0	0	0	0	0	0	0	0	0	0	0	0	0	0	0	0	0	0	0	0	0	0	0	0	0	0	0	0	0
Mar 10 2023 19:50:16	-1.00000001505e+30	-1.00000001505e+30	-1.00000001505e+30	-1.00000002538e+26	-1.00000001505e+30	-1.00000001505e+30	84.9530258179	-	0	0	0	0	0	0	0	0	0	0	0	0	0	0	0	0	0	0	0	0	0	0	0	0	0	0	0	0	0	0	0	0	0	0	0	0	0	0	0	0	0	0	0	0	0	0	0	0	0	0	0	0	0	0	0	0	0	0	0	0
Mar 10 2023 19:50:17	-1.00000001505e+30	-1.00000001505e+30	-1.00000001505e+30	-1.00000002538e+26	-1.00000001505e+30	-1.00000001505e+30	88.6922683716	-	0	0	0	0	0	0	0	0	0	0	0	0	0	0	0	0	0	0	0	0	0	0	0	0	0	0	0	0	0	0	0	0	0	0	0	0	0	0	0	0	0	0	0	0	0	0	0	0	0	0	0	0	0	0	0	0	0	0	0	0
Mar 10 2023 19:50:18	5.96386051178	13.3055419922	93.9446868896	0.000607179070357	32.8192481995	10.1894140244	79.6259994507	-	0	0	0	0	0	0	0	0	0	0	0	0	0	0	1.18343444841e-29	0.710897445679	1.97088098526	9.13371074622e-19	0	0	0	0	0.0724279880524	0.602831661701	1.48711049557	2.69589519501	4.15784978867	5.73014688492	7.22781276703	8.42249965668	9.09464740753	9.06647491455	8.25427341461	6.70791339874	4.62821626663	2.35668540001	0.322801560163	0	0	0	0	0	0	0	26.4906349182	0	0	0	0	0	0	0	0	0	0	0	0	0	0	0
Mar 10 2023 19:50:19	6.03456783295	13.4402236938	93.9599380493	0.00074561254587	32.9743041992	10.4071455002	76.1146697998	-	0	0	0	0	0	0	0	0	0	0	0	0	0	0	0	2.76967836686e-12	2.62905359268	4.12933178116e-15	0	0	0	0	0.0546401813626	0.564671039581	1.42346811295	2.6075258255	4.05177593231	5.6209526062	7.13482570648	8.36600399017	9.09035396576	9.11980342865	8.35646820068	6.83637428284	4.75200223923	2.44544482231	0.356548428535	0	0	0	0	0	0	0	26.5900878906	0	0	0	0	0	0	0	0	0	0	0	0	0	0	0
Mar 10 2023 19:50:20	6.32183885574	13.5031738281	92.4028930664	0.000609333335888	27.7683639526	10.4106731415	80.2122802734	-	0	0	0	0	0	0	0	0	0	0	0	0	0	0	0	0	2.47099685669	0	0	0	0	0	0	0.39078938961	1.14764153957	2.25109148026	3.67208313942	5.30858612061	7.00065422058	8.52035999298	9.61829280853	10.0569486618	9.6722574234	8.43023300171	6.46419620514	4.08354854584	1.7328659296	0	0	0	0	0	0	0	19.1794567108	0	0	0	0	0	0	0	0	0	0	0	0	0	0	0
Mar 10 2023 19:50:21	-1.00000001505e+30	-1.00000001505e+30	-1.00000001505e+30	-1.00000002538e+26	-1.00000001505e+30	-1.00000001505e+30	83.7630233765	-	0	0	0	0	0	0	0	0	0	0	0	0	0	0	0	0	0	0	0	0	0	0	0	0	0	0	0	0	0	0	0	0	0	0	0	0	0	0	0	0	0	0	0	0	0	0	0	0	0	0	0	0	0	0	0	0	0	0	0	0
Mar 10 2023 19:50:22	-1.00000001505e+30	-1.00000001505e+30	-1.00000001505e+30	-1.00000002538e+26	-1.00000001505e+30	-1.00000001505e+30	89.5934524536	-	0	0	0	0	0	0	0	0	0	0	0	0	0	0	0	0	0	0	0	0	0	0	0	0	0	0	0	0	0	0	0	0	0	0	0	0	0	0	0	0	0	0	0	0	0	0	0	0	0	0	0	0	0	0	0	0	0	0	0	0
Mar 10 2023 19:50:23	-1.00000001505e+30	-1.00000001505e+30	-1.00000001505e+30	-1.00000002538e+26	-1.00000001505e+30	-1.00000001505e+30	94.2347412109	-	0	0	0	0	0	0	0	0	0	0	0	0	0	0	0	0	0	0	0	0	0	0	0	0	0	0	0	0	0	0	0	0	0	0	0	0	0	0	0	0	0	0	0	0	0	0	0	0	0	0	0	0	0	0	0	0	0	0	0	0
Mar 10 2023 19:50:24	-1.00000001505e+30	-1.00000001505e+30	-1.00000001505e+30	-1.00000002538e+26	-1.00000001505e+30	-1.00000001505e+30	86.3427963257	-	0	0	0	0	0	0	0	0	0	0	0	0	0	0	0	0	0	0	0	0	0	0	0	0	0	0	0	0	0	0	0	0	0	0	0	0	0	0	0	0	0	0	0	0	0	0	0	0	0	0	0	0	0	0	0	0	0	0	0	0
Mar 10 2023 19:50:25	-1.00000001505e+30	-1.00000001505e+30	-1.00000001505e+30	-1.00000002538e+26	-1.00000001505e+30	-1.00000001505e+30	84.7222061157	-	0	0	0	0	0	0	0	0	0	0	0	0	0	0	0	0	0	0	0	0	0	0	0	0	0	0	0	0	0	0	0	0	0	0	0	0	0	0	0	0	0	0	0	0	0	0	0	0	0	0	0	0	0	0	0	0	0	0	0	0
Mar 10 2023 19:50:26	6.38670635223	13.8278617859	92.747428894	0.000953418493737	28.8963165283	10.7074079514	71.6485748291	-	0	0	0	0	0	0	0	0	0	0	0	0	0	0	0	0	2.30323290825	0	0	0	0	0	0.00478166295215	0.420038074255	1.14959776402	2.20418763161	3.55881404877	5.1228890419	6.75129461288	8.23415088654	9.33634090424	9.8265209198	9.53367614746	8.40329360962	6.54000043869	4.22555160522	1.89036536217	0.0465264469385	0	0	0	0	0	0	20.4487247467	0	0	0	0	0	0	0	0	0	0	0	0	0	0	0
Mar 10 2023 19:50:27	5.81496477127	12.6130628586	92.8611297607	0.000632565410342	28.3892059326	9.94734382629	79.0207061768	-	0	0	0	0	0	0	0	0	0	0	0	0	0	0	6.93672279943e-27	0.958743333817	1.15800321102	2.63435497723e-18	0	0	0	0	0.232540279627	0.838127374649	1.79319512844	3.06606936455	4.58228635788	6.19560623169	7.7186832428	8.92228889465	9.58920669556	9.5471868515	8.72005176544	7.16395139694	5.07996082306	2.79960727692	0.730345368385	0	0	0	0	0	0	0	20.9041461945	0	0	0	0	0	0	0	0	0	0	0	0	0	0	0
Mar 10 2023 19:50:28	-1.00000001505e+30	-1.00000001505e+30	-1.00000001505e+30	-1.00000002538e+26	-1.00000001505e+30	-1.00000001505e+30	87.2678833008	-	0	0	0	0	0	0	0	0	0	0	0	0	0	0	0	0	0	0	0	0	0	0	0	0	0	0	0	0	0	0	0	0	0	0	0	0	0	0	0	0	0	0	0	0	0	0	0	0	0	0	0	0	0	0	0	0	0	0	0	0
Mar 10 2023 19:50:29	-1.00000001505e+30	-1.00000001505e+30	-1.00000001505e+30	-1.00000002538e+26	-1.00000001505e+30	-1.00000001505e+30	86.3782730103	-	0	0	0	0	0	0	0	0	0	0	0	0	0	0	0	0	0	0	0	0	0	0	0	0	0	0	0	0	0	0	0	0	0	0	0	0	0	0	0	0	0	0	0	0	0	0	0	0	0	0	0	0	0	0	0	0	0	0	0	0
Mar 10 2023 19:50:30	6.0413351059	12.7170085907	89.149772644	0.000585734029301	22.3509235382	10.2001676559	81.367805481	-	0	0	0	0	0	0	0	0	0	0	0	0	0	0	0	1.41049417155e-13	1.65492105484	2.14860568889e-36	0	0	0	0	0.156063705683	0.727711975574	1.63273775578	2.86021256447	4.36060762405	6.01395130157	7.65413999557	9.06381511688	10.0213689804	10.3326663971	9.88206100464	8.67211151123	6.84242916107	4.66638040543	2.50943112373	0.768566071987	0	0	0	0	0	0	12.1808233261	0	0	0	0	0	0	0	0	0	0	0	0	0	0	0
Mar 10 2023 19:50:31	6.17065143585	13.2441120148	92.350982666	0.000940495869145	27.4832668304	10.6821708679	72.6985702515	-	0	0	0	0	0	0	0	0	0	0	0	0	0	0	0	0	1.72452652454	0	0	0	0	0	0.136659011245	0.651702523232	1.48312556744	2.62812495232	4.04723262787	5.63392066956	7.23196125031	8.62783908844	9.59336566925	9.91589450836	9.4524974823	8.17939758301	6.22586774826	3.88513994217	1.58139371872	0	0	0	0	0	0	0	19.0013504028	0	0	0	0	0	0	0	0	0	0	0	0	0	0	0
Mar 10 2023 19:50:32	6.21250104904	13.0890445709	89.593208313	0.000549658725504	23.1236934662	10.7035083771	83.4582672119	-	0	0	0	0	0	0	0	0	0	0	0	0	0	0	0	6.4623097997e-14	1.27635359764	1.67548834747e-34	0	0	0	0	0.172577187419	0.696284890175	1.53308784962	2.68491125107	4.11647224426	5.72560691833	7.3609046936	8.81367588043	9.86138534546	10.2967739105	9.97987651825	8.88348484039	7.12156677246	4.95468521118	2.7542116642	0.939993560314	0	0	0	0	0	0	12.8281593323	0	0	0	0	0	0	0	0	0	0	0	0	0	0	0
Mar 10 2023 19:50:33	-1.00000001505e+30	-1.00000001505e+30	-1.00000001505e+30	-1.00000002538e+26	-1.00000001505e+30	-1.00000001505e+30	84.829208374	-	0	0	0	0	0	0	0	0	0	0	0	0	0	0	0	0	0	0	0	0	0	0	0	0	0	0	0	0	0	0	0	0	0	0	0	0	0	0	0	0	0	0	0	0	0	0	0	0	0	0	0	0	0	0	0	0	0	0	0	0
Mar 10 2023 19:50:34	6.20113039017	13.5222606659	92.3890457153	0.00108503783122	27.75963974	10.4737758636	67.9784469604	-	0	0	0	0	0	0	0	0	0	0	0	0	0	0	0	0	2.24601316452	0	0	0	0	0	0.102431327105	0.568018376827	1.34456682205	2.43352365494	3.80179286003	5.3525762558	6.93945217133	8.35812854767	9.3850030899	9.80505180359	9.46405792236	8.31925678253	6.47740268707	4.21110534668	1.93207263947	0.127931714058	0	0	0	0	0	0	19.1316165924	0	0	0	0	0	0	0	0	0	0	0	0	0	0	0
Mar 10 2023 19:50:35	-1.00000001505e+30	-1.00000001505e+30	-1.00000001505e+30	-1.00000002538e+26	-1.00000001505e+30	-1.00000001505e+30	84.9078216553	-	0	0	0	0	0	0	0	0	0	0	0	0	0	0	0	0	0	0	0	0	0	0	0	0	0	0	0	0	0	0	0	0	0	0	0	0	0	0	0	0	0	0	0	0	0	0	0	0	0	0	0	0	0	0	0	0	0	0	0	0
Mar 10 2023 19:50:36	-1.00000001505e+30	-1.00000001505e+30	-1.00000001505e+30	-1.00000002538e+26	-1.00000001505e+30	-1.00000001505e+30	83.0660858154	-	0	0	0	0	0	0	0	0	0	0	0	0	0	0	0	0	0	0	0	0	0	0	0	0	0	0	0	0	0	0	0	0	0	0	0	0	0	0	0	0	0	0	0	0	0	0	0	0	0	0	0	0	0	0	0	0	0	0	0	0
Mar 10 2023 19:50:37	5.31533145905	12.4163532257	92.8436355591	0.000454454740975	28.1442317963	8.9749917984	82.5410766602	-	0	0	0	0	0	0	0	0	0	0	0	0	0	0	0.483541935682	0.794658899307	0.874959588051	0.74540990591	0.489397168159	0.223001182079	0.0619456991553	0.100936055183	0.411861628294	1.04163610935	1.99323570728	3.22097992897	4.64358472824	6.11958646774	7.47852468491	8.52159404755	9.06765270233	8.97934818268	8.20316886902	6.79669809341	4.93755149841	2.91117215157	1.0667617321	0	0	0	0	0	0	0	20.8327941895	0	0	0	0	0	0	0	0	0	0	0	0	0	0	0
Mar 10 2023 19:50:38	5.99705982208	13.5454616547	93.4465560913	0.000618678925093	30.9258956909	10.5418691635	80.3493499756	-	0	0	0	0	0	0	0	0	0	0	0	0	0	0	0	2.32805550011e-12	2.20456981659	9.40098919833e-23	0	0	0	0	0.233612954617	0.75377458334	1.57706832886	2.68748021126	4.03503131866	5.50647592545	6.94899702072	8.16571426392	8.95586490631	9.14185333252	8.61393165588	7.36824274063	5.53268098831	3.37809467316	1.29631400108	0	0	0	0	0	0	0	23.6003017426	0	0	0	0	0	0	0	0	0	0	0	0	0	0	0
Mar 10 2023 19:50:39	-1.00000001505e+30	-1.00000001505e+30	-1.00000001505e+30	-1.00000002538e+26	-1.00000001505e+30	-1.00000001505e+30	87.5172119141	-	0	0	0	0	0	0	0	0	0	0	0	0	0	0	0	0	0	0	0	0	0	0	0	0	0	0	0	0	0	0	0	0	0	0	0	0	0	0	0	0	0	0	0	0	0	0	0	0	0	0	0	0	0	0	0	0	0	0	0	0
Mar 10 2023 19:50:40	-1.00000001505e+30	-1.00000001505e+30	-1.00000001505e+30	-1.00000002538e+26	-1.00000001505e+30	-1.00000001505e+30	89.4795532227	-	0	0	0	0	0	0	0	0	0	0	0	0	0	0	0	0	0	0	0	0	0	0	0	0	0	0	0	0	0	0	0	0	0	0	0	0	0	0	0	0	0	0	0	0	0	0	0	0	0	0	0	0	0	0	0	0	0	0	0	0
Mar 10 2023 19:50:41	5.96588897705	12.9824466705	91.6103820801	0.000615536700934	25.7669658661	10.0445699692	79.6152648926	-	0	0	0	0	0	0	0	0	0	0	0	0	0	0	0	0	2.28587341309	0	0	0	0	0	0.198857724667	0.726088583469	1.57556390762	2.73750114441	4.16592311859	5.74766778946	7.32389593124	8.68409347534	9.60890483856	9.90031242371	9.43280887604	8.19723796844	6.32730436325	4.10409069061	1.92032492161	0.218197882175	0	0	0	0	0	0	16.8453521729	0	0	0	0	0	0	0	0	0	0	0	0	0	0	0
Mar 10 2023 19:50:42	6.00593280792	12.5276021957	87.5626907349	0.000629384769127	21.349779129	9.91488075256	79.3931732178	-	0	0	0	0	0	0	0	0	0	0	0	0	0	0	0	1.7876476124e-12	1.92198944092	4.20389539297e-43	0	0	0	0	0.110888376832	0.682805418968	1.60432362556	2.86475467682	4.41261434555	6.12188386917	7.81751489639	9.27032566071	10.2473201752	10.5462665558	10.050526619	8.77088069916	6.86284303665	4.61830234528	2.4154381752	0.651913225651	0	0	0	0	0	0	11.0294084549	0	0	0	0	0	0	0	0	0	0	0	0	0	0	0
Mar 10 2023 19:50:43	6.27939987183	12.8502111435	31.5931911469	0.000529356533661	20.6388034821	10.156952858	82.7389450073	-	0	0	0	0	0	0	0	0	0	0	0	0	0	0	0	0	1.91575419903	0	0	0	0	0	0	0.420549154282	1.27342021465	2.49346637726	4.04359006882	5.80768680573	7.61141204834	9.21408843994	10.3625469208	10.8283510208	10.4700641632	9.28267383575	7.41859006882	5.17698669434	2.94524550438	1.12349677086	0.0332207679749	0	0	0	0	0	9.5788564682	0	0	0	0	0	0	0	0	0	0	0	0	0	0	0
Mar 10 2023 19:50:44	5.87728357315	12.4961051941	90.8675384521	0.000557729508728	24.1384048462	9.81744480133	81.0907363892	-	0	0	0	0	0	0	0	0	0	0	0	0	0	0	0	0	2.18254971504	0	0	0	0	0	0.191784396768	0.770736157894	1.69402694702	2.94611215591	4.47138786316	6.14044141769	7.7767329216	9.15176010132	10.0342721939	10.2243404388	9.60778713226	8.19887733459	6.16085529327	3.80227279663	1.5315182209	0	0	0	0	0	0	0	15.1145563126	0	0	0	0	0	0	0	0	0	0	0	0	0	0	0
Mar 10 2023 19:50:45	5.74642133713	13.2205657959	94.4983291626	0.000484715157654	35.7600479126	10.5227804184	84.1454772949	-	0	0	0	0	0	0	0	0	0	0	0	0	0	0	0	0	2.26147055626	0	0	0	0	0	0.259194195271	0.886426985264	1.85958480835	3.11906981468	4.56459093094	6.03286790848	7.33317899704	8.25179100037	8.60600948334	8.27285957336	7.23126983643	5.58679676056	3.57280635834	1.52431535721	0	0	0	0	0	0	0	0	30.6377677917	0	0	0	0	0	0	0	0	0	0	0	0	0	0	0
Mar 10 2023 19:50:46	-1.00000001505e+30	-1.00000001505e+30	-1.00000001505e+30	-1.00000002538e+26	-1.00000001505e+30	-1.00000001505e+30	84.3523864746	-	0	0	0	0	0	0	0	0	0	0	0	0	0	0	0	0	0	0	0	0	0	0	0	0	0	0	0	0	0	0	0	0	0	0	0	0	0	0	0	0	0	0	0	0	0	0	0	0	0	0	0	0	0	0	0	0	0	0	0	0
Mar 10 2023 19:50:47	-1.00000001505e+30	-1.00000001505e+30	-1.00000001505e+30	-1.00000002538e+26	-1.00000001505e+30	-1.00000001505e+30	85.0273284912	-	0	0	0	0	0	0	0	0	0	0	0	0	0	0	0	0	0	0	0	0	0	0	0	0	0	0	0	0	0	0	0	0	0	0	0	0	0	0	0	0	0	0	0	0	0	0	0	0	0	0	0	0	0	0	0	0	0	0	0	0
Mar 10 2023 19:50:48	-1.00000001505e+30	-1.00000001505e+30	-1.00000001505e+30	-1.00000002538e+26	-1.00000001505e+30	-1.00000001505e+30	87.9867324829	-	0	0	0	0	0	0	0	0	0	0	0	0	0	0	0	0	0	0	0	0	0	0	0	0	0	0	0	0	0	0	0	0	0	0	0	0	0	0	0	0	0	0	0	0	0	0	0	0	0	0	0	0	0	0	0	0	0	0	0	0
Mar 10 2023 19:50:49	-1.00000001505e+30	-1.00000001505e+30	-1.00000001505e+30	-1.00000002538e+26	-1.00000001505e+30	-1.00000001505e+30	87.712310791	-	0	0	0	0	0	0	0	0	0	0	0	0	0	0	0	0	0	0	0	0	0	0	0	0	0	0	0	0	0	0	0	0	0	0	0	0	0	0	0	0	0	0	0	0	0	0	0	0	0	0	0	0	0	0	0	0	0	0	0	0
Mar 10 2023 19:50:50	-1.00000001505e+30	-1.00000001505e+30	-1.00000001505e+30	-1.00000002538e+26	-1.00000001505e+30	-1.00000001505e+30	85.5884094238	-	0	0	0	0	0	0	0	0	0	0	0	0	0	0	0	0	0	0	0	0	0	0	0	0	0	0	0	0	0	0	0	0	0	0	0	0	0	0	0	0	0	0	0	0	0	0	0	0	0	0	0	0	0	0	0	0	0	0	0	0
Mar 10 2023 19:50:51	-1.00000001505e+30	-1.00000001505e+30	-1.00000001505e+30	-1.00000002538e+26	-1.00000001505e+30	-1.00000001505e+30	91.2311782837	-	0	0	0	0	0	0	0	0	0	0	0	0	0	0	0	0	0	0	0	0	0	0	0	0	0	0	0	0	0	0	0	0	0	0	0	0	0	0	0	0	0	0	0	0	0	0	0	0	0	0	0	0	0	0	0	0	0	0	0	0
Mar 10 2023 19:50:52	5.67712068558	13.0444278717	92.2999420166	0.00050050590653	27.2065696716	9.37130069733	81.7314529419	-	0	0	0	0	0	0	0	0	0	0	0	0	0	0	0.445485711098	0.745450258255	0.83819180727	0.732724487782	0.496601998806	0.230603531003	0.0395286045969	0.0147763257846	0.233414679766	0.753627419472	1.59507858753	2.73526263237	4.11706018448	5.62148237228	7.09132051468	8.3281917572	9.13395118713	9.33783626556	8.84114837646	7.65380334854	5.91448020935	3.88950109482	1.93629825115	0.44264253974	0	0	0	0	0	1.1178938397e-14	18.8315486908	0	0	0	0	0	0	0	0	0	0	0	0	0	0	0
Mar 10 2023 19:50:53	6.27876281738	13.399274826	59.7397155762	0.000751907820813	20.5826702118	10.498667717	77.1845474243	-	0	0	0	0	0	0	0	0	0	0	0	0	0	0	0	0	1.75254237652	0	0	0	0	0	0.114724345505	0.590289831161	1.37111783028	2.46552419662	3.84734916687	5.42386007309	7.05214452744	8.53071022034	9.6395406723	10.1706829071	9.98024463654	9.03332614899	7.42985773087	5.40816020966	3.3083524704	1.51642239094	0.38249450922	0.128451153636	0.749330639839	1.94645488262	3.1317346096	3.53290176392	2.49378609657	0	0	0	0	0	0	0	0	0	0	0	0	0	0	0
Mar 10 2023 19:50:54	5.66220235825	12.7283792496	62.0611000061	0.000573807395995	20.3751754761	9.52347278595	80.3597412109	-	0	0	0	0	0	0	0	0	0	0	0	0	0	0	0.314949125051	0.528819799423	0.592409133911	0.511528909206	0.33993563056	0.160264194012	0.0603466704488	0.119119741023	0.406212091446	0.975918054581	1.84587311745	2.99506998062	4.37174510956	5.8655500412	7.33089065552	8.58329105377	9.4353351593	9.72164821625	9.33934688568	8.28170585632	6.65841197968	4.69932126999	2.72633981705	1.10429096222	0.162192583084	0.0993220284581	0.882904589176	2.18354940414	3.39006257057	3.73038697243	2.58327031136	0	0	0	0	0	0	0	0	0	0	0	0	0	0	0
Mar 10 2023 19:50:55	5.82368373871	12.2438192368	86.8558349609	0.000911421549972	20.91198349	9.87079048157	71.9098129272	-	0	0	0	0	0	0	0	0	0	0	0	0	0	0	0	0	1.58509778976	0	0	0	0	0	0.256632626057	0.919281601906	1.9196767807	3.22943258286	4.78264808655	6.44368028641	8.03771877289	9.34903812408	10.1683664322	10.3251657486	9.7347240448	8.43051052094	6.57373666763	4.44163370132	2.38043069839	0.746757626534	0	0	0	0	0	0	10.6754665375	0	0	0	0	0	0	0	0	0	0	0	0	0	0	0
Mar 10 2023 19:50:56	6.04908895493	13.1103878021	92.7744750977	0.000585805333685	28.4814052582	10.4519357681	81.3884887695	-	0	0	0	0	0	0	0	0	0	0	0	0	0	0	0	0	1.99148082733	0	0	0	0	0	0.156619086862	0.692921817303	1.55404818058	2.72891902924	4.16878652573	5.75530767441	7.32313251495	8.65389919281	9.52142524719	9.72354888916	9.13585948944	7.75769710541	5.7405500412	3.39368796349	1.14681529999	0	0	0	0	0	0	0	20.5553131104	0	0	0	0	0	0	0	0	0	0	0	0	0	0	0
Mar 10 2023 19:50:57	-1.00000001505e+30	-1.00000001505e+30	-1.00000001505e+30	-1.00000002538e+26	-1.00000001505e+30	-1.00000001505e+30	84.8807983398	-	0	0	0	0	0	0	0	0	0	0	0	0	0	0	0	0	0	0	0	0	0	0	0	0	0	0	0	0	0	0	0	0	0	0	0	0	0	0	0	0	0	0	0	0	0	0	0	0	0	0	0	0	0	0	0	0	0	0	0	0
Mar 10 2023 19:50:58	-1.00000001505e+30	-1.00000001505e+30	-1.00000001505e+30	-1.00000002538e+26	-1.00000001505e+30	-1.00000001505e+30	84.703163147	-	0	0	0	0	0	0	0	0	0	0	0	0	0	0	0	0	0	0	0	0	0	0	0	0	0	0	0	0	0	0	0	0	0	0	0	0	0	0	0	0	0	0	0	0	0	0	0	0	0	0	0	0	0	0	0	0	0	0	0	0
Mar 10 2023 19:50:59	-1.00000001505e+30	-1.00000001505e+30	-1.00000001505e+30	-1.00000002538e+26	-1.00000001505e+30	-1.00000001505e+30	86.8224716187	-	0	0	0	0	0	0	0	0	0	0	0	0	0	0	0	0	0	0	0	0	0	0	0	0	0	0	0	0	0	0	0	0	0	0	0	0	0	0	0	0	0	0	0	0	0	0	0	0	0	0	0	0	0	0	0	0	0	0	0	0
Mar 10 2023 19:51:00	-1.00000001505e+30	-1.00000001505e+30	-1.00000001505e+30	-1.00000002538e+26	-1.00000001505e+30	-1.00000001505e+30	92.3674926758	-	0	0	0	0	0	0	0	0	0	0	0	0	0	0	0	0	0	0	0	0	0	0	0	0	0	0	0	0	0	0	0	0	0	0	0	0	0	0	0	0	0	0	0	0	0	0	0	0	0	0	0	0	0	0	0	0	0	0	0	0
Mar 10 2023 19:51:01	6.21633338928	13.8079624176	68.5699996948	0.000574370380491	22.7950458527	10.4064674377	81.4300003052	-	0	0	0	0	0	0	0	0	0	0	0	0	0	0	0	1.46472582869e-13	2.2419230938	9.61632108864e-23	0	0	0	0.000819609267637	0.195323884487	0.631196677685	1.34854078293	2.35649824142	3.6341509819	5.10160684586	6.63243913651	8.04431629181	9.13150501251	9.69008922577	9.56524372101	8.69742298126	7.1572675705	5.16245126724	3.05670762062	1.26045715809	0.181562870741	0.100346550345	1.03385984898	2.63363933563	4.17400598526	4.67624759674	3.29237890244	0	0	0	0	0	0	0	0	0	0	0	0	0	0	0
Mar 10 2023 19:51:02	-1.00000001505e+30	-1.00000001505e+30	-1.00000001505e+30	-1.00000002538e+26	-1.00000001505e+30	-1.00000001505e+30	89.5858383179	-	0	0	0	0	0	0	0	0	0	0	0	0	0	0	0	0	0	0	0	0	0	0	0	0	0	0	0	0	0	0	0	0	0	0	0	0	0	0	0	0	0	0	0	0	0	0	0	0	0	0	0	0	0	0	0	0	0	0	0	0
Mar 10 2023 19:51:03	-1.00000001505e+30	-1.00000001505e+30	-1.00000001505e+30	-1.00000002538e+26	-1.00000001505e+30	-1.00000001505e+30	89.8288040161	-	0	0	0	0	0	0	0	0	0	0	0	0	0	0	0	0	0	0	0	0	0	0	0	0	0	0	0	0	0	0	0	0	0	0	0	0	0	0	0	0	0	0	0	0	0	0	0	0	0	0	0	0	0	0	0	0	0	0	0	0
Mar 10 2023 19:51:04	-1.00000001505e+30	-1.00000001505e+30	-1.00000001505e+30	-1.00000002538e+26	-1.00000001505e+30	-1.00000001505e+30	90.0426177979	-	0	0	0	0	0	0	0	0	0	0	0	0	0	0	0	0	0	0	0	0	0	0	0	0	0	0	0	0	0	0	0	0	0	0	0	0	0	0	0	0	0	0	0	0	0	0	0	0	0	0	0	0	0	0	0	0	0	0	0	0
Mar 10 2023 19:51:05	-1.00000001505e+30	-1.00000001505e+30	-1.00000001505e+30	-1.00000002538e+26	-1.00000001505e+30	-1.00000001505e+30	88.9423675537	-	0	0	0	0	0	0	0	0	0	0	0	0	0	0	0	0	0	0	0	0	0	0	0	0	0	0	0	0	0	0	0	0	0	0	0	0	0	0	0	0	0	0	0	0	0	0	0	0	0	0	0	0	0	0	0	0	0	0	0	0
Mar 10 2023 19:51:06	5.31354856491	13.0235309601	64.4455413818	0.000640505051706	22.4644985199	9.83567523956	79.2772445679	-	0	0	0	0	0	0	0	0	0	0	0	0	0	0	0.271561086178	0.436701059341	0.452691733837	0.341518819332	0.17674998939	0.0555391199887	0.0676956176758	0.282417267561	0.752268016338	1.50156331062	2.49620890617	3.66046309471	4.8994140625	6.07758998871	7.06284046173	7.73569583893	8.01580047607	7.87576293945	7.345266819	6.49824810028	5.43388319016	4.26845502853	3.13582134247	2.19773054123	1.63636600971	1.60742259026	2.14604973793	3.06208467484	3.88934993744	3.95628404617	2.66055703163	0	0	0	0	0	0	0	0	0	0	0	0	0	0	0
Mar 10 2023 19:51:07	5.52352762222	13.2883443832	44.2041244507	0.0007687912439	19.6929740906	9.94493103027	75.9373626709	-	0	0	0	0	0	0	0	0	0	0	0	0	0	0	0.270409911871	0.435977995396	0.452821135521	0.339504718781	0.165261149406	0.0239734407514	0.0048140916042	0.178754091263	0.601572751999	1.30346763134	2.2607114315	3.40867972374	4.66194248199	5.89236497879	6.97037506104	7.77313613892	8.21314430237	8.25361537933	7.91544151306	7.26542711258	6.39335870743	5.39541530609	4.36441421509	3.39757394791	2.60245966911	2.08249235153	1.89261066914	1.97848975658	2.13545465469	2.03081393242	1.33553087711	0	0	0	0	0	0	0	0	0	0	0	0	0	0	0
Mar 10 2023 19:51:08	5.606320858	13.2242736816	52.1094665527	0.000724056677427	20.5267601013	10.2071409225	77.6469192505	-	0	0	0	0	0	0	0	0	0	0	0	0	0	0	0	7.82889649376e-14	1.46192288399	0	0	0	0	0.147740349174	0.565718233585	1.26192641258	2.21924424171	3.37932109833	4.66079950333	5.93641662598	7.07180404663	7.93184185028	8.41154098511	8.4535446167	8.06120491028	7.2943315506	6.25301742554	5.06399822235	3.86737108231	2.81459474564	2.05906796455	1.72441995144	1.84260904789	2.28447341919	2.72716999054	2.70527601242	1.80064535141	0	0	0	0	0	0	0	0	0	0	0	0	0	0	0
Mar 10 2023 19:51:09	-1.00000001505e+30	-1.00000001505e+30	-1.00000001505e+30	-1.00000002538e+26	-1.00000001505e+30	-1.00000001505e+30	82.959274292	-	0	0	0	0	0	0	0	0	0	0	0	0	0	0	0	0	0	0	0	0	0	0	0	0	0	0	0	0	0	0	0	0	0	0	0	0	0	0	0	0	0	0	0	0	0	0	0	0	0	0	0	0	0	0	0	0	0	0	0	0
Mar 10 2023 19:51:10	-1.00000001505e+30	-1.00000001505e+30	-1.00000001505e+30	-1.00000002538e+26	-1.00000001505e+30	-1.00000001505e+30	87.3128356934	-	0	0	0	0	0	0	0	0	0	0	0	0	0	0	0	0	0	0	0	0	0	0	0	0	0	0	0	0	0	0	0	0	0	0	0	0	0	0	0	0	0	0	0	0	0	0	0	0	0	0	0	0	0	0	0	0	0	0	0	0
Mar 10 2023 19:51:11	-1.00000001505e+30	-1.00000001505e+30	-1.00000001505e+30	-1.00000002538e+26	-1.00000001505e+30	-1.00000001505e+30	99.4224014282	-	0	0	0	0	0	0	0	0	0	0	0	0	0	0	0	0	0	0	0	0	0	0	0	0	0	0	0	0	0	0	0	0	0	0	0	0	0	0	0	0	0	0	0	0	0	0	0	0	0	0	0	0	0	0	0	0	0	0	0	0
Mar 10 2023 19:51:12	-1.00000001505e+30	-1.00000001505e+30	-1.00000001505e+30	-1.00000002538e+26	-1.00000001505e+30	-1.00000001505e+30	98.4543914795	-	0	0	0	0	0	0	0	0	0	0	0	0	0	0	0	0	0	0	0	0	0	0	0	0	0	0	0	0	0	0	0	0	0	0	0	0	0	0	0	0	0	0	0	0	0	0	0	0	0	0	0	0	0	0	0	0	0	0	0	0
Mar 10 2023 19:51:13	-1.00000001505e+30	-1.00000001505e+30	-1.00000001505e+30	-1.00000002538e+26	-1.00000001505e+30	-1.00000001505e+30	98.3998031616	-	0	0	0	0	0	0	0	0	0	0	0	0	0	0	0	0	0	0	0	0	0	0	0	0	0	0	0	0	0	0	0	0	0	0	0	0	0	0	0	0	0	0	0	0	0	0	0	0	0	0	0	0	0	0	0	0	0	0	0	0
Mar 10 2023 19:51:14	-1.00000001505e+30	-1.00000001505e+30	-1.00000001505e+30	-1.00000002538e+26	-1.00000001505e+30	-1.00000001505e+30	99.8552017212	-	0	0	0	0	0	0	0	0	0	0	0	0	0	0	0	0	0	0	0	0	0	0	0	0	0	0	0	0	0	0	0	0	0	0	0	0	0	0	0	0	0	0	0	0	0	0	0	0	0	0	0	0	0	0	0	0	0	0	0	0
Mar 10 2023 19:51:15	-1.00000001505e+30	-1.00000001505e+30	-1.00000001505e+30	-1.00000002538e+26	-1.00000001505e+30	-1.00000001505e+30	99.6284255981	-	0	0	0	0	0	0	0	0	0	0	0	0	0	0	0	0	0	0	0	0	0	0	0	0	0	0	0	0	0	0	0	0	0	0	0	0	0	0	0	0	0	0	0	0	0	0	0	0	0	0	0	0	0	0	0	0	0	0	0	0
Mar 10 2023 19:51:16	-1.00000001505e+30	-1.00000001505e+30	-1.00000001505e+30	-1.00000002538e+26	-1.00000001505e+30	-1.00000001505e+30	91.9509429932	-	0	0	0	0	0	0	0	0	0	0	0	0	0	0	0	0	0	0	0	0	0	0	0	0	0	0	0	0	0	0	0	0	0	0	0	0	0	0	0	0	0	0	0	0	0	0	0	0	0	0	0	0	0	0	0	0	0	0	0	0
Mar 10 2023 19:51:17	-1.00000001505e+30	-1.00000001505e+30	-1.00000001505e+30	-1.00000002538e+26	-1.00000001505e+30	-1.00000001505e+30	93.2618484497	-	0	0	0	0	0	0	0	0	0	0	0	0	0	0	0	0	0	0	0	0	0	0	0	0	0	0	0	0	0	0	0	0	0	0	0	0	0	0	0	0	0	0	0	0	0	0	0	0	0	0	0	0	0	0	0	0	0	0	0	0
Mar 10 2023 19:51:18	-1.00000001505e+30	-1.00000001505e+30	-1.00000001505e+30	-1.00000002538e+26	-1.00000001505e+30	-1.00000001505e+30	91.1675949097	-	0	0	0	0	0	0	0	0	0	0	0	0	0	0	0	0	0	0	0	0	0	0	0	0	0	0	0	0	0	0	0	0	0	0	0	0	0	0	0	0	0	0	0	0	0	0	0	0	0	0	0	0	0	0	0	0	0	0	0	0
Mar 10 2023 19:51:19	5.27951908112	13.1927671432	59.8026008606	0.000666506297421	21.0771656036	8.87977313995	75.2289276123	-	0	0	0	0	0	0	0	0	0	0	0	0	0	0	0.466123461723	0.789173305035	0.900863230228	0.810173034668	0.590091466904	0.347298711538	0.187613770366	0.199448898435	0.456867098808	1.00910556316	1.85147631168	2.93777680397	4.1973361969	5.50884914398	6.73687362671	7.73482465744	8.37458515167	8.563996315	8.26520061493	7.50119590759	6.35390949249	4.96255540848	3.51572704315	2.24270796776	1.3839956522	1.13129425049	1.5318915844	2.39447832108	3.25250291824	3.4400832653	2.36198115349	0	0	0	0	0	0	0	0	0	0	0	0	0	0	0
Mar 10 2023 19:51:20	-1.00000001505e+30	-1.00000001505e+30	-1.00000001505e+30	-1.00000002538e+26	-1.00000001505e+30	-1.00000001505e+30	91.6817169189	-	0	0	0	0	0	0	0	0	0	0	0	0	0	0	0	0	0	0	0	0	0	0	0	0	0	0	0	0	0	0	0	0	0	0	0	0	0	0	0	0	0	0	0	0	0	0	0	0	0	0	0	0	0	0	0	0	0	0	0	0
Mar 10 2023 19:51:21	5.18820858002	11.9205884933	57.3962593079	0.000807358359452	19.0543823242	8.72989654541	71.148399353	-	0	0	0	0	0	0	0	0	0	0	0	0	0	0	0.388786256313	0.646391987801	0.713952720165	0.606816828251	0.4010027349	0.20325820148	0.117592953146	0.230043634772	0.612063169479	1.30935168266	2.3123486042	3.56782460213	4.99483394623	6.45657110214	7.7960319519	8.83874320984	9.42724990845	9.44470596313	8.8444108963	7.66756105423	6.04782438278	4.20563459396	2.42002701759	0.990168273449	0.17769138515	0.136005029082	0.828211843967	1.9683150053	3.02519488335	3.32090640068	2.30049157143	0	0	0	0	0	0	0	0	0	0	0	0	0	0	0
Mar 10 2023 19:51:22	5.5529961586	13.9572906494	68.2214431763	0.000717529619578	23.6747188568	9.48696327209	75.213470459	-	0	0	0	0	0	0	0	0	0	0	0	0	0	0	0.417116612196	0.707087695599	0.808757185936	0.729249477386	0.532491624355	0.31281337142	0.164851889014	0.16904066503	0.394131600857	0.888320446014	1.65462720394	2.66018152237	3.84878373146	5.11652946472	6.33992767334	7.37586259842	8.08816051483	8.36426353455	8.13783550262	7.40481090546	6.23380470276	4.77418470383	3.25208449364	1.95490098	1.18365204334	1.16782593727	1.94025075436	3.2238972187	4.39930486679	4.61501312256	3.14023828506	0	0	0	0	0	0	0	0	0	0	0	0	0	0	0
Mar 10 2023 19:51:23	5.56228160858	13.7903709412	62.5390281677	0.00092637661146	22.1632480621	9.54156684875	69.6781845093	-	0	0	0	0	0	0	0	0	0	0	0	0	0	0	0.383389532566	0.6465883255	0.732939720154	0.651368200779	0.465082943439	0.265910416842	0.145217582583	0.180147603154	0.436245322227	0.958605647087	1.74773275852	2.76906394958	3.96553874016	5.23410129547	6.45361852646	7.48540973663	8.19914627075	8.48903560638	8.29488372803	7.61584854126	6.51772451401	5.13759946823	3.67745113373	2.38967680931	1.53695213795	1.32157063484	1.78215003014	2.70079064369	3.57688069344	3.7171561718	2.52218317986	0	0	0	0	0	0	0	0	0	0	0	0	0	0	0
Mar 10 2023 19:51:24	-1.00000001505e+30	-1.00000001505e+30	-1.00000001505e+30	-1.00000002538e+26	-1.00000001505e+30	-1.00000001505e+30	82.5523910522	-	0	0	0	0	0	0	0	0	0	0	0	0	0	0	0	0	0	0	0	0	0	0	0	0	0	0	0	0	0	0	0	0	0	0	0	0	0	0	0	0	0	0	0	0	0	0	0	0	0	0	0	0	0	0	0	0	0	0	0	0
Mar 10 2023 19:51:25	-1.00000001505e+30	-1.00000001505e+30	-1.00000001505e+30	-1.00000002538e+26	-1.00000001505e+30	-1.00000001505e+30	92.1674728394	-	0	0	0	0	0	0	0	0	0	0	0	0	0	0	0	0	0	0	0	0	0	0	0	0	0	0	0	0	0	0	0	0	0	0	0	0	0	0	0	0	0	0	0	0	0	0	0	0	0	0	0	0	0	0	0	0	0	0	0	0
Mar 10 2023 19:51:26	-1.00000001505e+30	-1.00000001505e+30	-1.00000001505e+30	-1.00000002538e+26	-1.00000001505e+30	-1.00000001505e+30	96.6927642822	-	0	0	0	0	0	0	0	0	0	0	0	0	0	0	0	0	0	0	0	0	0	0	0	0	0	0	0	0	0	0	0	0	0	0	0	0	0	0	0	0	0	0	0	0	0	0	0	0	0	0	0	0	0	0	0	0	0	0	0	0
Mar 10 2023 19:51:27	-1.00000001505e+30	-1.00000001505e+30	-1.00000001505e+30	-1.00000002538e+26	-1.00000001505e+30	-1.00000001505e+30	99.9437484741	-	0	0	0	0	0	0	0	0	0	0	0	0	0	0	0	0	0	0	0	0	0	0	0	0	0	0	0	0	0	0	0	0	0	0	0	0	0	0	0	0	0	0	0	0	0	0	0	0	0	0	0	0	0	0	0	0	0	0	0	0
Mar 10 2023 19:51:28	-1.00000001505e+30	-1.00000001505e+30	-1.00000001505e+30	-1.00000002538e+26	-1.00000001505e+30	-1.00000001505e+30	91.4456634521	-	0	0	0	0	0	0	0	0	0	0	0	0	0	0	0	0	0	0	0	0	0	0	0	0	0	0	0	0	0	0	0	0	0	0	0	0	0	0	0	0	0	0	0	0	0	0	0	0	0	0	0	0	0	0	0	0	0	0	0	0
Mar 10 2023 19:51:29	-1.00000001505e+30	-1.00000001505e+30	-1.00000001505e+30	-1.00000002538e+26	-1.00000001505e+30	-1.00000001505e+30	92.637512207	-	0	0	0	0	0	0	0	0	0	0	0	0	0	0	0	0	0	0	0	0	0	0	0	0	0	0	0	0	0	0	0	0	0	0	0	0	0	0	0	0	0	0	0	0	0	0	0	0	0	0	0	0	0	0	0	0	0	0	0	0
Mar 10 2023 19:51:30	6.43089580536	21.9890518188	82.7409057617	0.00098189606797	37.6012382507	10.7962017059	69.2967376709	-	0	0	0	0	0	0	0	0	0	0	0	0	0	0	0.506820559502	0.893329739571	1.09576666355	1.1081212759	0.971582233906	0.752200722694	0.517422139645	0.327081531286	0.237393558025	0.295116454363	0.526390433311	0.948163688183	1.56810259819	2.37069869041	3.3156235218	4.32657575607	5.28975296021	6.05260801315	6.44008731842	6.29241704941	5.52705287933	4.2108259201	2.62289261818	1.26222729683	0.752540528774	1.6335619688	4.03955936432	7.40191411972	10.3439941406	10.9221315384	7.44804525375	0	0	0	0	0	0	0	0	0	0	0	0	0	0	0
Mar 10 2023 19:51:31	5.67511987686	14.6819658279	75.4940795898	0.000754785549361	26.7891559601	9.32360649109	72.9537963867	-	0	0	0	0	0	0	0	0	0	0	0	0	0	0	0.508167624474	0.878458082676	1.03967666626	0.990084946156	0.78668910265	0.519830405712	0.284051448107	0.163602113724	0.234500825405	0.557285487652	1.15668129921	2.02745890617	3.14015197754	4.41590309143	5.74233436584	6.96671819687	7.9191327095	8.42854118347	8.35585784912	7.63115119934	6.29147529602	4.51142024994	2.60873126984	1.01501882076	0.188825547695	0.475507467985	1.9162068367	4.08665037155	6.05897808075	6.56788778305	4.53301095963	0	0	0	0	0	0	0	0	0	0	0	0	0	0	0
Mar 10 2023 19:51:32	5.58715772629	14.9288024902	72.9791793823	0.000687823398039	26.0698375702	9.3990650177	75.325843811	-	0	0	0	0	0	0	0	0	0	0	0	0	0	0	0.487882137299	0.840891778469	0.990444302559	0.937083721161	0.739766120911	0.490131914616	0.282569468021	0.19903627038	0.311205238104	0.672862350941	1.29744708538	2.16700387001	3.24239015579	4.43958187103	5.65145111084	6.74419927597	7.57843351364	8.02251243591	7.97578620911	7.39184093475	6.30209589005	4.83821201324	3.24145746231	1.85074746609	1.04416632652	1.12813711166	2.17160010338	3.85278844833	5.40648841858	5.75380039215	3.94799780846	0	0	0	0	0	0	0	0	0	0	0	0	0	0	0
Mar 10 2023 19:51:33	6.53566503525	19.3145065308	80.7821731567	0.000611157563981	34.2700767517	10.5429534912	79.2608566284	-	0	0	0	0	0	0	0	0	0	0	0	0	0	0	0.515383183956	0.903927445412	1.09686243534	1.08592200279	0.91417568922	0.654352009296	0.384289175272	0.175039499998	0.0930046662688	0.194739148021	0.51320797205	1.06388795376	1.8460701704	2.82417678833	3.93231582642	5.06413888931	6.08243513107	6.82508516312	7.12837505341	6.86390161514	5.9888625145	4.5999584198	2.97417068481	1.56671011448	0.927152693272	1.52411866188	3.47559714317	6.29597520828	8.80249404907	9.31642246246	6.36725950241	0	0	0	0	0	0	0	0	0	0	0	0	0	0	0
Mar 10 2023 19:51:34	4.18067884445	21.2842292786	81.8628616333	0.000583890709095	36.1085853577	9.01252746582	76.1349029541	-	0	0	0	0	0	0	0	0	0	0	0	0	0	0	0.721527695656	1.28067994118	1.58946275711	1.63602900505	1.47098016739	1.1779500246	0.842300713062	0.538708746433	0.336371719837	0.291521936655	0.43231523037	0.775955140591	1.33136534691	2.0836019516	2.99568247795	3.99732375145	4.98105573654	5.79907226563	6.27630186081	6.2460808754	5.6119260788	4.42088747025	2.92886185646	1.60918831825	1.05942964554	1.79863274097	3.96074795723	7.01808834076	9.69068145752	10.1770381927	6.92024230957	0	0	0	0	0	0	0	0	0	0	0	0	0	0	0
Mar 10 2023 19:51:35	-1.00000001505e+30	-1.00000001505e+30	-1.00000001505e+30	-1.00000002538e+26	-1.00000001505e+30	-1.00000001505e+30	95.4377059937	-	0	0	0	0	0	0	0	0	0	0	0	0	0	0	0	0	0	0	0	0	0	0	0	0	0	0	0	0	0	0	0	0	0	0	0	0	0	0	0	0	0	0	0	0	0	0	0	0	0	0	0	0	0	0	0	0	0	0	0	0
Mar 10 2023 19:51:36	-1.00000001505e+30	-1.00000001505e+30	-1.00000001505e+30	-1.00000002538e+26	-1.00000001505e+30	-1.00000001505e+30	88.838508606	-	0	0	0	0	0	0	0	0	0	0	0	0	0	0	0	0	0	0	0	0	0	0	0	0	0	0	0	0	0	0	0	0	0	0	0	0	0	0	0	0	0	0	0	0	0	0	0	0	0	0	0	0	0	0	0	0	0	0	0	0
Mar 10 2023 19:51:37	-1.00000001505e+30	-1.00000001505e+30	-1.00000001505e+30	-1.00000002538e+26	-1.00000001505e+30	-1.00000001505e+30	88.8565216064	-	0	0	0	0	0	0	0	0	0	0	0	0	0	0	0	0	0	0	0	0	0	0	0	0	0	0	0	0	0	0	0	0	0	0	0	0	0	0	0	0	0	0	0	0	0	0	0	0	0	0	0	0	0	0	0	0	0	0	0	0
Mar 10 2023 19:51:38	-1.00000001505e+30	-1.00000001505e+30	-1.00000001505e+30	-1.00000002538e+26	-1.00000001505e+30	-1.00000001505e+30	99.7435836792	-	0	0	0	0	0	0	0	0	0	0	0	0	0	0	0	0	0	0	0	0	0	0	0	0	0	0	0	0	0	0	0	0	0	0	0	0	0	0	0	0	0	0	0	0	0	0	0	0	0	0	0	0	0	0	0	0	0	0	0	0
Mar 10 2023 19:51:39	-1.00000001505e+30	-1.00000001505e+30	-1.00000001505e+30	-1.00000002538e+26	-1.00000001505e+30	-1.00000001505e+30	98.6266403198	-	0	0	0	0	0	0	0	0	0	0	0	0	0	0	0	0	0	0	0	0	0	0	0	0	0	0	0	0	0	0	0	0	0	0	0	0	0	0	0	0	0	0	0	0	0	0	0	0	0	0	0	0	0	0	0	0	0	0	0	0
Mar 10 2023 19:51:40	-1.00000001505e+30	-1.00000001505e+30	-1.00000001505e+30	-1.00000002538e+26	-1.00000001505e+30	-1.00000001505e+30	99.2464294434	-	0	0	0	0	0	0	0	0	0	0	0	0	0	0	0	0	0	0	0	0	0	0	0	0	0	0	0	0	0	0	0	0	0	0	0	0	0	0	0	0	0	0	0	0	0	0	0	0	0	0	0	0	0	0	0	0	0	0	0	0
Mar 10 2023 19:51:41	-1.00000001505e+30	-1.00000001505e+30	-1.00000001505e+30	-1.00000002538e+26	-1.00000001505e+30	-1.00000001505e+30	99.374420166	-	0	0	0	0	0	0	0	0	0	0	0	0	0	0	0	0	0	0	0	0	0	0	0	0	0	0	0	0	0	0	0	0	0	0	0	0	0	0	0	0	0	0	0	0	0	0	0	0	0	0	0	0	0	0	0	0	0	0	0	0
Mar 10 2023 19:51:42	-1.00000001505e+30	-1.00000001505e+30	-1.00000001505e+30	-1.00000002538e+26	-1.00000001505e+30	-1.00000001505e+30	98.9622802734	-	0	0	0	0	0	0	0	0	0	0	0	0	0	0	0	0	0	0	0	0	0	0	0	0	0	0	0	0	0	0	0	0	0	0	0	0	0	0	0	0	0	0	0	0	0	0	0	0	0	0	0	0	0	0	0	0	0	0	0	0
Mar 10 2023 19:51:43	-1.00000001505e+30	-1.00000001505e+30	-1.00000001505e+30	-1.00000002538e+26	-1.00000001505e+30	-1.00000001505e+30	98.9581298828	-	0	0	0	0	0	0	0	0	0	0	0	0	0	0	0	0	0	0	0	0	0	0	0	0	0	0	0	0	0	0	0	0	0	0	0	0	0	0	0	0	0	0	0	0	0	0	0	0	0	0	0	0	0	0	0	0	0	0	0	0
Mar 10 2023 19:51:44	-1.00000001505e+30	-1.00000001505e+30	-1.00000001505e+30	-1.00000002538e+26	-1.00000001505e+30	-1.00000001505e+30	99.7706375122	-	0	0	0	0	0	0	0	0	0	0	0	0	0	0	0	0	0	0	0	0	0	0	0	0	0	0	0	0	0	0	0	0	0	0	0	0	0	0	0	0	0	0	0	0	0	0	0	0	0	0	0	0	0	0	0	0	0	0	0	0
Mar 10 2023 19:51:45	-1.00000001505e+30	-1.00000001505e+30	-1.00000001505e+30	-1.00000002538e+26	-1.00000001505e+30	-1.00000001505e+30	99.3616943359	-	0	0	0	0	0	0	0	0	0	0	0	0	0	0	0	0	0	0	0	0	0	0	0	0	0	0	0	0	0	0	0	0	0	0	0	0	0	0	0	0	0	0	0	0	0	0	0	0	0	0	0	0	0	0	0	0	0	0	0	0
Mar 10 2023 19:51:46	-1.00000001505e+30	-1.00000001505e+30	-1.00000001505e+30	-1.00000002538e+26	-1.00000001505e+30	-1.00000001505e+30	99.2488021851	-	0	0	0	0	0	0	0	0	0	0	0	0	0	0	0	0	0	0	0	0	0	0	0	0	0	0	0	0	0	0	0	0	0	0	0	0	0	0	0	0	0	0	0	0	0	0	0	0	0	0	0	0	0	0	0	0	0	0	0	0
Mar 10 2023 19:51:47	-1.00000001505e+30	-1.00000001505e+30	-1.00000001505e+30	-1.00000002538e+26	-1.00000001505e+30	-1.00000001505e+30	99.8001251221	-	0	0	0	0	0	0	0	0	0	0	0	0	0	0	0	0	0	0	0	0	0	0	0	0	0	0	0	0	0	0	0	0	0	0	0	0	0	0	0	0	0	0	0	0	0	0	0	0	0	0	0	0	0	0	0	0	0	0	0	0
Mar 10 2023 19:51:48	-1.00000001505e+30	-1.00000001505e+30	-1.00000001505e+30	-1.00000002538e+26	-1.00000001505e+30	-1.00000001505e+30	99.7051467896	-	0	0	0	0	0	0	0	0	0	0	0	0	0	0	0	0	0	0	0	0	0	0	0	0	0	0	0	0	0	0	0	0	0	0	0	0	0	0	0	0	0	0	0	0	0	0	0	0	0	0	0	0	0	0	0	0	0	0	0	0
Mar 10 2023 19:51:49	-1.00000001505e+30	-1.00000001505e+30	-1.00000001505e+30	-1.00000002538e+26	-1.00000001505e+30	-1.00000001505e+30	99.4727630615	-	0	0	0	0	0	0	0	0	0	0	0	0	0	0	0	0	0	0	0	0	0	0	0	0	0	0	0	0	0	0	0	0	0	0	0	0	0	0	0	0	0	0	0	0	0	0	0	0	0	0	0	0	0	0	0	0	0	0	0	0
Mar 10 2023 19:51:50	-1.00000001505e+30	-1.00000001505e+30	-1.00000001505e+30	-1.00000002538e+26	-1.00000001505e+30	-1.00000001505e+30	99.8583068848	-	0	0	0	0	0	0	0	0	0	0	0	0	0	0	0	0	0	0	0	0	0	0	0	0	0	0	0	0	0	0	0	0	0	0	0	0	0	0	0	0	0	0	0	0	0	0	0	0	0	0	0	0	0	0	0	0	0	0	0	0
Mar 10 2023 19:51:51	-1.00000001505e+30	-1.00000001505e+30	-1.00000001505e+30	-1.00000002538e+26	-1.00000001505e+30	-1.00000001505e+30	99.9833908081	-	0	0	0	0	0	0	0	0	0	0	0	0	0	0	0	0	0	0	0	0	0	0	0	0	0	0	0	0	0	0	0	0	0	0	0	0	0	0	0	0	0	0	0	0	0	0	0	0	0	0	0	0	0	0	0	0	0	0	0	0
Mar 10 2023 19:51:52	-1.00000001505e+30	-1.00000001505e+30	-1.00000001505e+30	-1.00000002538e+26	-1.00000001505e+30	-1.00000001505e+30	99.9639816284	-	0	0	0	0	0	0	0	0	0	0	0	0	0	0	0	0	0	0	0	0	0	0	0	0	0	0	0	0	0	0	0	0	0	0	0	0	0	0	0	0	0	0	0	0	0	0	0	0	0	0	0	0	0	0	0	0	0	0	0	0
Mar 10 2023 19:51:53	-1.00000001505e+30	-1.00000001505e+30	-1.00000001505e+30	-1.00000002538e+26	-1.00000001505e+30	-1.00000001505e+30	99.9566497803	-	0	0	0	0	0	0	0	0	0	0	0	0	0	0	0	0	0	0	0	0	0	0	0	0	0	0	0	0	0	0	0	0	0	0	0	0	0	0	0	0	0	0	0	0	0	0	0	0	0	0	0	0	0	0	0	0	0	0	0	0
Mar 10 2023 19:51:54	-1.00000001505e+30	-1.00000001505e+30	-1.00000001505e+30	-1.00000002538e+26	-1.00000001505e+30	-1.00000001505e+30	99.9563446045	-	0	0	0	0	0	0	0	0	0	0	0	0	0	0	0	0	0	0	0	0	0	0	0	0	0	0	0	0	0	0	0	0	0	0	0	0	0	0	0	0	0	0	0	0	0	0	0	0	0	0	0	0	0	0	0	0	0	0	0	0
Mar 10 2023 19:51:55	-1.00000001505e+30	-1.00000001505e+30	-1.00000001505e+30	-1.00000002538e+26	-1.00000001505e+30	-1.00000001505e+30	99.9901504517	-	0	0	0	0	0	0	0	0	0	0	0	0	0	0	0	0	0	0	0	0	0	0	0	0	0	0	0	0	0	0	0	0	0	0	0	0	0	0	0	0	0	0	0	0	0	0	0	0	0	0	0	0	0	0	0	0	0	0	0	0
Mar 10 2023 19:51:56	-1.00000001505e+30	-1.00000001505e+30	-1.00000001505e+30	-1.00000002538e+26	-1.00000001505e+30	-1.00000001505e+30	99.99269104	-	0	0	0	0	0	0	0	0	0	0	0	0	0	0	0	0	0	0	0	0	0	0	0	0	0	0	0	0	0	0	0	0	0	0	0	0	0	0	0	0	0	0	0	0	0	0	0	0	0	0	0	0	0	0	0	0	0	0	0	0
Mar 10 2023 19:51:57	-1.00000001505e+30	-1.00000001505e+30	-1.00000001505e+30	-1.00000002538e+26	-1.00000001505e+30	-1.00000001505e+30	99.9479980469	-	0	0	0	0	0	0	0	0	0	0	0	0	0	0	0	0	0	0	0	0	0	0	0	0	0	0	0	0	0	0	0	0	0	0	0	0	0	0	0	0	0	0	0	0	0	0	0	0	0	0	0	0	0	0	0	0	0	0	0	0
Mar 10 2023 19:51:58	-1.00000001505e+30	-1.00000001505e+30	-1.00000001505e+30	-1.00000002538e+26	-1.00000001505e+30	-1.00000001505e+30	99.9588317871	-	0	0	0	0	0	0	0	0	0	0	0	0	0	0	0	0	0	0	0	0	0	0	0	0	0	0	0	0	0	0	0	0	0	0	0	0	0	0	0	0	0	0	0	0	0	0	0	0	0	0	0	0	0	0	0	0	0	0	0	0
