Date-Time	Dx(10)	Dx(50)	Dx(90)	Cv(%)	D[4][3]	D[3][2]	Transmission	0.10000020	0.11659167	0.13593590	0.15848963	0.18478534	0.21544389	0.25118914	0.29286504	0.34145555	0.39810795	0.46415979	0.54117060	0.63095856	0.73564368	0.85769761	1.00000191	1.16591668	1.35935903	1.58489633	1.84785342	2.15443897	2.51189137	2.92865038	3.41455555	3.98107958	4.64159775	5.41170597	6.30958605	7.35643721	8.57697582	10.00002003	11.65916729	13.59359074	15.84896278	18.47853470	21.54438972	25.11891365	29.28650284	34.14555740	39.81079483	46.41598129	54.11705780	63.09585953	73.56436920	85.76976013	100.00019836	116.59166718	135.93591309	158.48962402	184.78533936	215.44389343	251.18913269	292.86502075	341.45556641	398.10794067	464.15979004	541.17059326	630.95855713	735.64367676	857.69757080	1000.00195313
Feb 22 2023 18:03:26	1.51711499691	88.6148452759	96.3445968628	0.000187406039913	56.9212265015	7.00039100647	87.7006759644	-	0	0	0	0	0	0	0	0	0	0	0	0	0	0	0.000162230498972	0.22684019804	3.92498111725	8.0501947403	3.9883878231	0.669501423836	0.0481162406504	0.00190396129619	6.37835182715e-05	4.35201400251e-06	2.11692190533e-06	1.17936187962e-05	0.0003015807888	0.0104910731316	0.234738528728	2.36632037163	8.99498462677	10.6158533096	2.8042113781	0.0830203741789	3.62951286661e-05	1.27243415191e-18	0	0	0	0	0	0	0	0	57.9798774719	0	0	0	0	0	0	0	0	0	0	0	0	0	0	0
Feb 22 2023 18:03:27	6.41892290115	90.565612793	97.0393753052	0.000353124924004	68.6338348389	10.7230892181	85.7767333984	-	0	0	0	0	0	0	0	0	0	0	0	0	0	0	0	0	0	8.62754440308	0	0	0	0	0	0	0	0	0	13.9859008789	4.85979938507	0.000238912412897	2.62051880195e-10	1.2717329509e-17	2.56285377407e-26	1.11797537607e-36	0	0	0	0	0	0	0	0	0	0	72.526512146	0	0	0	0	0	0	0	0	0	0	0	0	0	0	0
Feb 22 2023 18:03:28	-1.00000001505e+30	-1.00000001505e+30	-1.00000001505e+30	-1.00000002538e+26	-1.00000001505e+30	-1.00000001505e+30	99.0270385742	-	0	0	0	0	0	0	0	0	0	0	0	0	0	0	0	0	0	0	0	0	0	0	0	0	0	0	0	0	0	0	0	0	0	0	0	0	0	0	0	0	0	0	0	0	0	0	0	0	0	0	0	0	0	0	0	0	0	0	0	0
Feb 22 2023 18:03:29	1.59513127804	90.623878479	97.0610275269	0.000268393952865	69.1830825806	10.2584409714	88.2369537354	-	0	0	0	0	0	0	0	0	0	0	0	0	0	0	0	0	0	10.0320491791	0	0	0	0	0	0	0	0	0	0	16.8720283508	0	0	0	0	0	0	0	0	0	0	0	0	0	0	0	73.0959243774	0	0	0	0	0	0	0	0	0	0	0	0	0	0	0
Feb 22 2023 18:03:30	7.51631450653	90.7642822266	97.1131591797	0.00043152688886	70.5339126587	11.6685409546	84.0688323975	-	0	0	0	0	0	0	0	0	0	0	0	0	0	0	0	0	0	8.31559467316	1.83167974603e-13	0	0	0	0	0	0	0	0	0	13.990524292	2.85188770294	0.314915001392	0.0222746375948	0.00101141561754	2.70901746262e-05	3.05339540319e-07	0	0	0	0	0	0	0	0	0	74.5037689209	0	0	0	0	0	0	0	0	0	0	0	0	0	0	0
Feb 22 2023 18:03:31	6.68234205246	90.4768600464	97.0063781738	0.000564822577871	68.1306381226	10.5292100906	77.5109710693	-	0	0	0	0	0	0	0	0	0	0	0	0	0	0	0	0	0	9.50366592407	0	0	0	0	0	0	0	0	0	2.92318105698	8.2826499939	5.18394041061	1.89811193943	0.454339444637	0.0714320912957	0.00692367739975	0.000322140927892	0	0	0	0	0	0	0	0	0	71.6754302979	0	0	0	0	0	0	0	0	0	0	0	0	0	0	0
Feb 22 2023 18:03:32	6.41273450851	90.5793914795	97.0444946289	0.000571739510633	68.7620162964	10.4104404449	77.1588821411	-	0	0	0	0	0	0	0	0	0	0	0	0	0	0	0	0	0	9.36773395538	1.20099008863e-11	0	0	0	0	0	0	0	0	8.49810123444	9.41809844971	0.0555136986077	0.000164137192769	2.74077308404e-07	2.52920295818e-10	1.16350695354e-13	1.91795622393e-17	0	0	0	0	0	0	0	0	0	72.6603851318	0	0	0	0	0	0	0	0	0	0	0	0	0	0	0
Feb 22 2023 18:03:33	1.56507635117	89.6784439087	96.7085952759	0.000622362713329	62.8679885864	9.6239156723	73.3798370361	-	0	0	0	0	0	0	0	0	0	0	0	0	0	0	0	0	0	10.6866931915	0	0	0	0	0	0	0	0	0.521222352982	1.92406213284	3.57591915131	4.72109746933	4.88550662994	4.08658266068	2.75718998909	1.44826757908	0.526914298534	0.0657655522227	0	0	0	0	0	0	0	0	64.80078125	0	0	0	0	0	0	0	0	0	0	0	0	0	0	0
Feb 22 2023 18:03:34	1.51302921772	89.8998184204	96.7913284302	0.000420285970904	64.1373214722	7.38156890869	75.0252456665	-	0	0	0	0	0	0	0	0	0	0	0	0	0	0	2.29446703927e-27	9.20726606068e-10	0.0347141623497	15.0634737015	2.36674618721	0.000450706138508	1.14210495228e-10	1.33869973295e-20	3.38833147177e-35	0	0	0	0	0	3.99663372788e-28	7.8867190285e-14	0.000106436098577	5.998295784	9.95922470093	2.71900808002e-05	4.22100855791e-21	0	0	0	0	0	0	0	0	0	66.576965332	0	0	0	0	0	0	0	0	0	0	0	0	0	0	0
Feb 22 2023 18:03:35	6.36448287964	90.2597198486	96.9255599976	0.000586388981901	66.486366272	10.6540746689	77.3692092896	-	0	0	0	0	0	0	0	0	0	0	0	0	0	0	0	0	0	8.82110500336	0	0	0	0	0	0	0	0	0.95488846302	5.1965045929	6.57860326767	4.9804110527	2.57653570175	0.939381122589	0.238136544824	0.0393461361527	0.00334876822308	0	0	0	0	0	0	0	0	0	69.6717376709	0	0	0	0	0	0	0	0	0	0	0	0	0	0	0
Feb 22 2023 18:03:36	7.96840286255	90.6234588623	97.0608673096	0.000793759827502	69.6649246216	12.8027858734	75.1273117065	-	0	0	0	0	0	0	0	0	0	0	0	0	0	0	0	0	0	7.17372894287	0	0	0	0	0	0	0	0	0	0	6.6037273407	7.40709447861	4.00760602951	1.36511290073	0.304776459932	0.0429813936353	0.00322617404163	7.95751657279e-06	0	0	0	0	0	0	0	0	73.0917358398	0	0	0	0	0	0	0	0	0	0	0	0	0	0	0
Feb 22 2023 18:03:37	7.7706155777	90.2352600098	96.9164505005	0.000721262011211	66.6876907349	11.0702600479	73.4669113159	-	0	0	0	0	0	0	0	0	0	0	0	0	0	0	0	0	0	9.00032520294	0	0	0	0	0	0	0	0	0	0	4.13451385498	6.73340797424	5.84003973007	3.27317643166	1.22619378567	0.297770172358	0.0407959669828	0.00106238794979	0	0	0	0	0	0	0	0	69.4527130127	0	0	0	0	0	0	0	0	0	0	0	0	0	0	0
Feb 22 2023 18:03:38	6.92496728897	89.7898330688	96.7502441406	0.000479165784782	63.6056251526	9.36318016052	77.0985565186	-	0	0	0	0	0	0	0	0	0	0	0	0	0	0	0	0	9.4544172287	0	0	0	0	0	0	0	0	0	0	1.36345458031	4.29222011566	5.98284578323	5.73517179489	4.1120634079	2.23351383209	0.89115947485	0.232491061091	0.019586417824	0	0	0	0	0	0	0	0	65.6830749512	0	0	0	0	0	0	0	0	0	0	0	0	0	0	0
Feb 22 2023 18:03:39	1.5772138834	90.1905059814	96.899772644	0.000367589585949	66.3047866821	10.1811656952	83.998374939	-	0	0	0	0	0	0	0	0	0	0	0	0	0	0	0	0	0	10.4053506851	8.18156848693e-13	0	0	0	0	0	0	0	0	0	2.81286478043	6.01352024078	6.05138921738	3.74432396889	1.49239432812	0.372850179672	0.0507143437862	0.00116395228542	0	0	0	0	0	0	0	0	69.0554275513	0	0	0	0	0	0	0	0	0	0	0	0	0	0	0
Feb 22 2023 18:03:40	1.35419476032	90.009147644	96.8321456909	0.000430630345363	65.2713623047	9.1884393692	78.3356399536	-	0	0	0	0	0	0	0	0	0	0	0	0	0	0	0	0	10.3169527054	0	0	0	0	0	0	0	0	0	0	0	1.71283876896	4.31850481033	5.74657058716	5.17563295364	3.30921149254	1.47622132301	0.414240777493	0.0409065186977	0	0	0	0	0	0	0	0	67.4889221191	0	0	0	0	0	0	0	0	0	0	0	0	0	0	0
Feb 22 2023 18:03:41	1.35064601898	89.9672546387	96.8165054321	0.00050220178673	64.9091873169	9.06230545044	74.9499282837	-	0	0	0	0	0	0	0	0	0	0	0	0	0	0	0	4.20531773467e-13	10.421587944	1.85386316161e-37	0	0	0	0	0	0	0	0	0	0	2.23682308197	4.85186862946	5.87226057053	4.90669202805	2.9504942894	1.25243580341	0.338341921568	0.0328553505242	0	0	0	0	0	0	0	0	67.1366424561	0	0	0	0	0	0	0	0	0	0	0	0	0	0	0
Feb 22 2023 18:03:42	1.64608252048	89.0174789429	96.4607620239	0.000674831506331	58.9123344421	7.07547950745	64.5388717651	-	0	0	0	0	0	0	0	0	0	0	0	0	0	0	0.323314756155	1.54735171795	3.09017276764	4.02652359009	3.91105031967	2.97492909431	1.78867185116	0.826360583305	0.269274115562	0.0512717179954	0.00398460635915	0.000217059277929	0.00219729216769	0.0428106412292	0.305545181036	1.15677678585	2.82718253136	4.80365848541	5.69461774826	4.40821218491	1.79610586166	0.151834771037	0	0	0	0	0	0	0	0	59.9979324341	0	0	0	0	0	0	0	0	0	0	0	0	0	0	0
Feb 22 2023 18:03:43	1.71104300022	89.339630127	96.581703186	0.000463204953121	60.4829406738	7.14576339722	74.5903930664	-	0	0	0	0	0	0	0	0	0	0	0	0	0	0	0.84193778038	1.87237465382	2.67289805412	3.0704369545	3.03711843491	2.65443205833	2.0636267662	1.41348981857	0.828191101551	0.396690428257	0.160252436996	0.0993849337101	0.197929799557	0.522929131985	1.13235282898	1.97934019566	2.88443803787	3.54726839066	3.63461923599	2.94606137276	1.60068976879	0.192538201809	0	0	0	0	0	0	0	0	62.2510032654	0	0	0	0	0	0	0	0	0	0	0	0	0	0	0
Feb 22 2023 18:03:44	1.53361344337	90.1950149536	96.9014587402	0.000451089901617	65.8830490112	9.20552921295	78.8558120728	-	0	0	0	0	0	0	0	0	0	0	0	0	0	0	0	0	0	11.5638818741	0	0	0	0	0	0	0	0	0	2.92994356155	6.62607336044	5.6690120697	2.90765833855	0.968869805336	0.209783509374	0.0277594868094	0.00177705974784	0	0	0	0	0	0	0	0	0	69.0952453613	0	0	0	0	0	0	0	0	0	0	0	0	0	0	0
Feb 22 2023 18:03:45	1.5699659586	89.972076416	96.8183135986	0.000586890906561	64.6045227051	9.73536586761	74.9189376831	-	0	0	0	0	0	0	0	0	0	0	0	0	0	0	0	0	0	10.5712795258	0	0	0	0	0	0	0	0	0.187372386456	2.38512825966	4.58984136581	5.42717075348	4.63052225113	2.97658729553	1.43997311592	0.502510488033	0.108949236572	0.00361846829765	0	0	0	0	0	0	0	0	67.1770477295	0	0	0	0	0	0	0	0	0	0	0	0	0	0	0
Feb 22 2023 18:03:46	7.37589979172	90.2844390869	96.9347686768	0.000372287002392	66.9492111206	10.7074756622	84.7338104248	-	0	0	0	0	0	0	0	0	0	0	0	0	0	0	0	0	0	9.48795509338	5.14159366667e-14	0	0	0	0	0	0	0	0	0.434979468584	4.75032424927	6.41472768784	5.06903266907	2.69330191612	0.983638882637	0.238167658448	0.0328669212759	0.000586734502576	0	0	0	0	0	0	0	0	69.8944244385	0	0	0	0	0	0	0	0	0	0	0	0	0	0	0
Feb 22 2023 18:03:47	7.52256011963	89.7926177979	96.7512817383	0.000421730306698	64.0261306763	9.82775306702	80.3432998657	-	0	0	0	0	0	0	0	0	0	0	0	0	0	0	0	0	9.12052154541	0	0	0	0	0	0	0	0	0	0	0.633127331734	2.49051642418	4.29391717911	5.28227186203	5.07807445526	3.88498568535	2.31622195244	0.988725185394	0.206207901239	0	0	0	0	0	0	0	0	65.7054290771	0	0	0	0	0	0	0	0	0	0	0	0	0	0	0
Feb 22 2023 18:03:48	1.57183539867	89.1471786499	96.5094909668	0.00032850378193	59.8129959106	7.50137901306	80.9557342529	-	0	0	0	0	0	0	0	0	0	0	0	0	0	0	8.49218304211e-06	0.0544622950256	2.26654672623	8.1539106369	5.49918031693	0.930933654308	0.0424320995808	0.000460744602606	8.14858822196e-07	1.17045498293e-10	9.42176240692e-16	2.05433277808e-19	7.28029476846e-16	2.16157647337e-10	3.5535852021e-06	0.00364033551887	0.407234013081	6.34491872787	13.0555477142	2.34410977364	0.01051071845	5.97424110182e-09	0	0	0	0	0	0	0	0	60.8861045837	0	0	0	0	0	0	0	0	0	0	0	0	0	0	0
Feb 22 2023 18:03:49	1.66562688351	87.8140106201	96.2099304199	0.000652646296658	55.6333007813	6.96392250061	65.40234375	-	0	0	0	0	0	0	0	0	0	0	0	0	0	0	0.318660318851	1.50419735909	2.98442578316	3.89906954765	3.84586310387	3.0276901722	1.94351041317	1.01445937157	0.420646131039	0.136457130313	0.0396450646222	0.0194779355079	0.0350016355515	0.135010451078	0.506850540638	1.46384048462	3.17915892601	5.19298458099	6.25420045853	5.22491502762	2.59042191505	0.462264567614	0	0	0	0	0	0	0	0	55.8012466431	0	0	0	0	0	0	0	0	0	0	0	0	0	0	0
Feb 22 2023 18:03:50	1.31887245178	89.3362808228	96.5804519653	0.000396304938477	61.16040802	8.32961940765	77.9760513306	-	0	0	0	0	0	0	0	0	0	0	0	0	0	0	0	0	11.4776659012	0	0	0	0	0	0	0	0	0	0.00765989162028	0.798683226109	2.10759854317	3.57761240005	4.71181106567	5.07638692856	4.51552295685	3.2453558445	1.74482762814	0.51012891531	0	0	0	0	0	0	0	0	62.2267494202	0	0	0	0	0	0	0	0	0	0	0	0	0	0	0
Feb 22 2023 18:03:51	1.65222680569	89.0451126099	96.4711456299	0.000556947721634	59.1617851257	7.29583263397	70.3272094727	-	0	0	0	0	0	0	0	0	0	0	0	0	0	0	0.209113776684	1.36557710171	3.09331941605	4.18464279175	3.97589015961	2.81862926483	1.5105547905	0.594011843204	0.156466379762	0.0229588020593	0.00149290973786	0.000136450020364	0.00108836684376	0.0229786224663	0.209930077195	0.985663771629	2.81627464294	5.24716901779	6.35541296005	4.61055850983	1.55063390732	0.0824086219072	0	0	0	0	0	0	0	0	60.1850852966	0	0	0	0	0	0	0	0	0	0	0	0	0	0	0
Feb 22 2023 18:03:52	7.37799501419	90.6024856567	97.0530776978	0.000935725925956	69.0913772583	10.6756830215	65.9641113281	-	0	0	0	0	0	0	0	0	0	0	0	0	0	0	0	0	0	9.41183567047	0	0	0	0	0	0	0	0	0	0	14.582324028	2.82327842712	0.278476685286	0.0175253972411	0.000712935405318	1.73873995664e-05	1.90437219771e-07	0	0	0	0	0	0	0	0	0	72.8858261108	0	0	0	0	0	0	0	0	0	0	0	0	0	0	0
Feb 22 2023 18:03:53	7.6126704216	90.4808578491	97.0078659058	0.00107221514918	68.4148025513	10.9814338684	62.741394043	-	0	0	0	0	0	0	0	0	0	0	0	0	0	0	0	0	0	9.31301307678	0	0	0	0	0	0	0	0	0	0	5.05085945129	6.78265523911	4.55720090866	1.93733429909	0.540911257267	0.0956199765205	0.00902644265443	2.81260690826e-05	0	0	0	0	0	0	0	0	71.7133483887	0	0	0	0	0	0	0	0	0	0	0	0	0	0	0
Feb 22 2023 18:03:54	1.5892226696	90.3669052124	96.9654693604	0.000974894210231	67.3731002808	10.2189254761	63.2643814087	-	0	0	0	0	0	0	0	0	0	0	0	0	0	0	0	0	0	10.1431627274	0	0	0	0	0	0	0	0	0	0.915729701519	6.34766578674	6.50313043594	3.72210860252	1.35447251797	0.31763023138	0.0455964431167	0.00328158214688	0	0	0	0	0	0	0	0	1.24049831822e-13	70.6472244263	0	0	0	0	0	0	0	0	0	0	0	0	0	0	0
Feb 22 2023 18:03:55	1.60533511639	88.8934707642	96.4141311646	0.000718258146662	58.1091995239	6.82016420364	61.3425750732	-	0	0	0	0	0	0	0	0	0	0	0	0	0	0	0.00335281807929	0.34204608202	2.73144507408	6.33591794968	6.34466171265	3.20390510559	0.855985283852	0.116344630718	0.00697273481637	0.000145141224493	1.00298927919e-06	1.68608842444e-08	1.27120358684e-07	3.06883339363e-05	0.00365092558786	0.124860092998	1.43454730511	6.08138275146	9.14777565002	3.87067651749	0.224706321955	5.93619624851e-05	0	0	0	0	0	0	0	0	59.1715316772	0	0	0	0	0	0	0	0	0	0	0	0	0	0	0
Feb 22 2023 18:03:56	1.60488057137	89.1544113159	96.5122070313	0.000762272218708	59.0741577148	6.3334569931	57.8332176208	-	0	0	0	0	0	0	0	0	0	0	0	0	0	0	1.25872635841	2.27044343948	2.9463262558	3.2563726902	3.22471404076	2.91730451584	2.42315220833	1.83398461342	1.23421084881	0.704689621925	0.325160861015	0.158821120858	0.239894866943	0.571340203285	1.11208152771	1.7714881897	2.4152097702	2.87190818787	2.9646229744	2.56351518631	1.64604985714	0.353621572256	0	0	0	0	0	0	0	0	60.9363632202	0	0	0	0	0	0	0	0	0	0	0	0	0	0	0
Feb 22 2023 18:03:57	1.66348457336	87.9469070435	96.2323532104	0.000634574971627	55.402217865	6.41380929947	64.2565155029	-	0	0	0	0	0	0	0	0	0	0	0	0	0	0	1.0404779911	2.03116893768	2.76132249832	3.15036296844	3.19238042831	2.93964624405	2.47990036011	1.91087400913	1.32580125332	0.813353419304	0.453980088234	0.299426048994	0.374446630478	0.705304026604	1.29380953312	2.07430291176	2.90554213524	3.57274961472	3.82507324219	3.45285224915	2.39317321777	0.851327061653	0	0	0	0	0	0	2.38220738935e-42	7.54179162697e-14	56.1527252197	0	0	0	0	0	0	0	0	0	0	0	0	0	0	0
Feb 22 2023 18:03:58	1.56447780132	89.14868927	96.510055542	0.000530357996468	59.4014587402	6.85872840881	69.0671386719	-	0	0	0	0	0	0	0	0	0	0	0	0	0	0	0.000283662549919	0.171280950308	2.79079341888	7.74687242508	6.37161874771	1.92135572433	0.225514307618	0.00964416284114	0.000122102341265	3.53122942442e-07	4.13328843374e-10	2.11415555201e-11	3.4263782922e-09	4.37751350546e-06	0.00149602850433	0.105071499944	1.81440341473	8.18293857574	8.47681999207	1.27871525288	0.00647093402222	1.31329747424e-11	0	0	0	0	0	0	0	0	60.8965950012	0	0	0	0	0	0	0	0	0	0	0	0	0	0	0
Feb 22 2023 18:03:59	1.56450104713	89.8698501587	96.7801437378	0.000399502256187	64.0051956177	7.75157356262	77.743057251	-	0	0	0	0	0	0	0	0	0	0	0	0	0	0	7.31379202534e-07	0.0227998811752	1.93190705776	8.83193492889	5.24343538284	0.548799514771	0.0103174941614	2.63074234681e-05	4.06301925437e-09	5.16612128442e-15	2.04571871936e-25	3.1406842855e-36	8.79134744384e-21	5.21847365667e-12	1.12352893211e-06	0.00352882640436	0.597252726555	8.1688451767	8.04365158081	0.266349822283	2.00438098545e-05	4.88804742323e-25	0	0	0	0	0	0	2.80259692865e-43	3.10908288318e-14	66.3311309814	0	0	0	0	0	0	0	0	0	0	0	0	0	0	0
Feb 22 2023 18:04:00	1.55661141872	89.2604751587	96.5520172119	0.000167195539689	60.1942253113	7.03408384323	89.1609954834	-	0	0	0	0	0	0	0	0	0	0	0	0	0	0	0.00323001178913	0.431813031435	3.45357322693	6.95598697662	5.38892126083	1.86476576328	0.29259082675	0.0184654220939	0.000330467766616	7.13920201179e-07	1.86353935755e-11	6.61969317733e-18	8.03039718056e-11	2.97480346489e-06	0.00163380720187	0.103482671082	1.5365819931	6.78579902649	8.82398414612	2.58649492264	0.069692440331	1.136048013e-06	0	0	0	0	0	0	0	0	61.6826477051	0	0	0	0	0	0	0	0	0	0	0	0	0	0	0
Feb 22 2023 18:04:01	6.78830623627	90.2581939697	96.9249954224	0.000346600631019	66.545753479	10.7282562256	85.9540863037	-	0	0	0	0	0	0	0	0	0	0	0	0	0	0	0	0	0	8.92969894409	0	0	0	0	0	0	0	0	0	3.44059848785	7.27275753021	6.17765522003	3.18147420883	1.07032775879	0.235268563032	0.0319719910622	0.00220934557728	0	0	0	0	0	0	0	0	0	69.6580352783	0	0	0	0	0	0	0	0	0	0	0	0	0	0	0
Feb 22 2023 18:04:02	7.08131074905	90.2708740234	96.9297180176	0.000434548855992	66.7179870605	10.7604465485	82.6749649048	-	0	0	0	0	0	0	0	0	0	0	0	0	0	0	0	0	0	9.08967971802	3.06227021822e-13	0	0	0	0	0	0	0	0	1.77348148823	6.83103895187	6.56331396103	3.86869835854	1.5671299696	0.442421078682	0.0833731070161	0.00882909633219	2.18982131628e-05	0	0	0	0	0	0	0	0	69.7720108032	0	0	0	0	0	0	0	0	0	0	0	0	0	0	0
Feb 22 2023 18:04:03	7.3108663559	90.3235015869	96.9493103027	0.000455288740341	67.1812133789	10.648443222	81.5655517578	-	0	0	0	0	0	0	0	0	0	0	0	0	0	0	0	0	0	9.54194164276	0	0	0	0	0	0	0	0	0	0.56817227602	5.45704555511	6.51924610138	4.58886861801	2.18362998962	0.716858148575	0.156028389931	0.0190674029291	0.000116517534479	0	0	0	0	0	0	0	0	70.2490234375	0	0	0	0	0	0	0	0	0	0	0	0	0	0	0
Feb 22 2023 18:04:04	1.60581815243	88.5156555176	96.3279724121	0.000590933952481	57.0037078857	6.72743988037	66.6594238281	-	0	0	0	0	0	0	0	0	0	0	0	0	0	0	0.0281349606812	0.731286346912	3.12880134583	5.59808635712	5.55550193787	3.41963100433	1.35391545296	0.336729973555	0.0479389168322	0.00335526862182	0.000113410111226	6.44122701488e-06	1.88649173651e-05	0.000770691258367	0.0227702837437	0.292639791965	1.77377688885	5.41492795944	8.18750572205	5.36480617523	1.02482759953	0.0124883372337	0	0	0	0	0	0	0	0	57.7019691467	0	0	0	0	0	0	0	0	0	0	0	0	0	0	0
Feb 22 2023 18:04:05	1.52935028076	89.4990844727	96.641456604	0.000806169293355	61.8929901123	9.09727287292	64.989982605	-	0	0	0	0	0	0	0	0	0	0	0	0	0	0	0	0	1.6410204415e-31	11.8765707016	5.36244551368e-13	0	0	0	0	0	0	0	0.107932321727	1.09290337563	2.58420372009	4.03727912903	4.86312150955	4.72730636597	3.72729420662	2.31825137138	1.03309094906	0.205355763435	0	0	0	0	0	0	0	0	63.4266929626	0	0	0	0	0	0	0	0	0	0	0	0	0	0	0
Feb 22 2023 18:04:06	7.6258392334	90.7654953003	97.113609314	0.000745714292862	70.6006317139	11.7640542984	74.1903152466	-	0	0	0	0	0	0	0	0	0	0	0	0	0	0	0	0	0	8.33087539673	0	0	0	0	0	0	0	0	0	0	9.8810634613	6.69358587265	0.56700527668	0.0112904282287	5.62212553632e-05	5.80561945185e-08	5.38588444676e-12	0	0	0	0	0	0	0	0	0	74.5161209106	0	0	0	0	0	0	0	0	0	0	0	0	0	0	0
Feb 22 2023 18:04:07	1.33986938	90.1075820923	96.8688659668	0.00052573683206	65.7242431641	8.88104629517	73.3838043213	-	0	0	0	0	0	0	0	0	0	0	0	0	0	0	0	1.707678561e-14	10.754576683	0	0	0	0	0	0	0	0	0	0	0.13229829073	2.70441365242	5.22943544388	5.7643494606	4.19799518585	2.07550048828	0.676734626293	0.128181084991	0.00589822465554	0	0	0	0	0	0	0	0	68.3306121826	0	0	0	0	0	0	0	0	0	0	0	0	0	0	0
Feb 22 2023 18:04:08	1.55702257156	89.8724517822	96.7811126709	0.000518940563779	64.0253448486	9.58797931671	77.0784301758	-	0	0	0	0	0	0	0	0	0	0	0	0	0	0	0	0	0	10.8832101822	2.27164627712e-13	0	0	0	0	0	0	0	0.327634513378	1.99849903584	3.83227849007	4.88111400604	4.71512842178	3.58715653419	2.14582395554	0.969888448715	0.288346886635	0.0185102261603	0	0	0	0	0	0	0	0	66.3524093628	0	0	0	0	0	0	0	0	0	0	0	0	0	0	0
Feb 22 2023 18:04:09	1.33044075966	90.0059051514	96.8309326172	0.00051902566338	64.9143981934	8.5951499939	72.9538879395	-	0	0	0	0	0	0	0	0	0	0	0	0	0	0	0	0	11.0662784576	0	0	0	0	0	0	0	0	0	0	1.09032964706	3.48454856873	5.19702005386	5.1760058403	3.71314024925	1.93702876568	0.708499252796	0.158295750618	0.00733487261459	0	0	0	0	0	0	1.40129846432e-43	2.15210658403e-14	67.461517334	0	0	0	0	0	0	0	0	0	0	0	0	0	0	0
Feb 22 2023 18:04:10	1.58688235283	90.3985595703	96.9772491455	0.000911114213523	67.7490310669	10.3089580536	65.210357666	-	0	0	0	0	0	0	0	0	0	0	0	0	0	0	0	0	0	10.3184614182	0	0	0	0	0	0	0	0	0	0	3.6260881424	6.68053483963	5.15708446503	2.40917158127	0.720888316631	0.13415928185	0.0132201081142	9.11600945983e-05	0	0	0	0	0	0	0	0	70.9403076172	0	0	0	0	0	0	0	0	0	0	0	0	0	0	0
Feb 22 2023 18:04:11	1.69010698795	87.6628036499	96.184387207	0.000446287187515	55.2564315796	6.97656154633	75.0024185181	-	0	0	0	0	0	0	0	0	0	0	0	0	0	0	0.412848860025	1.57856845856	2.85697412491	3.60897040367	3.58453345299	2.94238305092	2.04005217552	1.1998333931	0.595128595829	0.253284037113	0.108015954494	0.0726158320904	0.113955922425	0.299515724182	0.808636307716	1.84657680988	3.41585659981	5.04152536392	5.78496551514	4.86641168594	2.60344052315	0.559871435165	0	0	0	0	0	0	0	0	55.4060325623	0	0	0	0	0	0	0	0	0	0	0	0	0	0	0
Feb 22 2023 18:04:12	1.66614425182	87.4583129883	96.1497879028	0.000382632570108	54.8743591309	6.79116344452	77.57371521	-	0	0	0	0	0	0	0	0	0	0	0	0	0	0	0.458444595337	1.65639781952	2.93887472153	3.70422816277	3.71112346649	3.09244775772	2.17929673195	1.29307365417	0.629879057407	0.244058907032	0.0796729922295	0.0354563742876	0.0517055094242	0.173115849495	0.575522899628	1.49942696095	3.02612805367	4.772793293	5.82153463364	5.24932146072	3.10366439819	0.824351072311	0.00018019862182	0	0	0	0	0	1.40129846432e-43	2.07488343726e-14	54.8793029785	0	0	0	0	0	0	0	0	0	0	0	0	0	0	0
Feb 22 2023 18:04:13	7.64627790451	90.3652877808	96.9648666382	0.000559026666451	67.5972976685	10.9179821014	78.3249282837	-	0	0	0	0	0	0	0	0	0	0	0	0	0	0	0	0	0	9.35515499115	0	0	0	0	0	0	0	0	0	0	4.17529773712	6.50262546539	5.31921005249	2.79491066933	0.975310921669	0.21824669838	0.0266972258687	0.000282249442535	0	0	0	0	0	0	0	0	70.6322631836	0	0	0	0	0	0	0	0	0	0	0	0	0	0	0
Feb 22 2023 18:04:14	6.63304710388	89.789352417	96.7500610352	0.000485336204292	63.7575340271	9.2608089447	76.4168167114	-	0	0	0	0	0	0	0	0	0	0	0	0	0	0	0	0	9.82538032532	0	0	0	0	0	0	0	0	0	0	1.0594111681	3.15760564804	4.85834217072	5.38850927353	4.6348991394	3.12842679024	1.61234676838	0.573175370693	0.0827199518681	0	0	0	0	0	0	0	0	65.67918396	0	0	0	0	0	0	0	0	0	0	0	0	0	0	0
Feb 22 2023 18:04:15	1.52370774746	89.7168502808	96.7229614258	0.000431326770922	63.0818862915	8.94115257263	78.9631729126	-	0	0	0	0	0	0	0	0	0	0	0	0	0	0	0	0	0	12.3188781738	0	0	0	0	0	0	0	0	0	0.991120100021	2.70502829552	4.29602956772	4.96050834656	4.41192388535	3.04252147675	1.5737195015	0.540964961052	0.0568813346326	0	0	0	0	0	0	0	0	65.1024246216	0	0	0	0	0	0	0	0	0	0	0	0	0	0	0
Feb 22 2023 18:04:16	1.52236044407	89.92578125	96.8010253906	0.000487449782668	64.2204971313	7.34905719757	71.7702713013	-	0	0	0	0	0	0	0	0	0	0	0	0	0	0	6.90228916266e-24	1.38224223178e-08	0.0598854161799	14.0759420395	3.58719038963	0.00289823766798	8.53295123449e-09	4.213384409e-17	3.69972917783e-29	0	0	0	0	2.1523944412e-40	7.19686639075e-23	3.834403281e-11	0.00127488642465	8.50803852081	6.97331047058	4.6421719162e-05	1.54052669716e-19	0	0	0	0	0	0	0	9.80908925027e-43	5.05567437144e-14	66.7914123535	0	0	0	0	0	0	0	0	0	0	0	0	0	0	0
Feb 22 2023 18:04:17	1.55692708492	89.597328186	96.6782455444	0.000292592158075	62.5253372192	7.99027013779	83.5523910522	-	0	0	0	0	0	0	0	0	0	0	0	0	0	0	3.10018180016e-07	0.0204063244164	2.08595967293	8.92576694489	4.21187353134	0.307209312916	0.0035397883039	4.73434329251e-06	3.00757585503e-10	9.25716352354e-17	8.02217229385e-29	0	2.22600301849e-25	1.73308226494e-14	3.38345635953e-08	0.000433832465205	0.205472186208	6.34885120392	12.7682151794	0.949481666088	0.000405183120165	9.67718066054e-14	0	0	0	0	0	0	0	0	64.17237854	0	0	0	0	0	0	0	0	0	0	0	0	0	0	0
Feb 22 2023 18:04:18	7.75657272339	90.2882766724	96.9361953735	0.000576457474381	67.1913375854	10.9250650406	77.6508026123	-	0	0	0	0	0	0	0	0	0	0	0	0	0	0	0	0	0	9.49896907806	2.21962617557e-12	0	0	0	0	0	0	0	0	0	2.39868283272	5.17275619507	5.79390335083	4.24320077896	2.11852955818	0.702875137329	0.136077463627	0.00594571884722	0	0	0	0	0	0	0	0	69.9290542603	0	0	0	0	0	0	0	0	0	0	0	0	0	0	0
Feb 22 2023 18:04:19	1.59724009037	87.5512161255	96.165512085	0.000543801579624	54.8362884521	6.48652982712	68.0598754883	-	0	0	0	0	0	0	0	0	0	0	0	0	0	0	0.225337937474	1.48177468777	3.39089155197	4.65854930878	4.53408145905	3.34108924866	1.90904176235	0.839525341988	0.273796766996	0.0638788789511	0.0123552437872	0.00470174755901	0.0107261510566	0.0637154951692	0.339146733284	1.25056731701	3.17790770531	5.6096663475	6.71118402481	5.00073194504	1.84203064442	0.141796767712	0	0	0	0	0	0	0	0	55.1175003052	0	0	0	0	0	0	0	0	0	0	0	0	0	0	0
Feb 22 2023 18:04:20	1.77486491203	88.3933868408	96.3074569702	0.000367317319615	57.2757949829	7.62581110001	80.5791702271	-	0	0	0	0	0	0	0	0	0	0	0	0	0	0	0.508930146694	1.54548275471	2.53845953941	3.09890031815	3.09242725372	2.61482095718	1.88931250572	1.14802110195	0.557349085808	0.193608030677	0.0394810400903	0.00543625699356	0.0128180608153	0.108746983111	0.489032834768	1.38418018818	2.84895253181	4.53488349915	5.659907341	5.40266418457	3.62028813362	1.30835032463	0.0353521890938	0	0	0	0	0	0	0	57.3625907898	0	0	0	0	0	0	0	0	0	0	0	0	0	0	0
Feb 22 2023 18:04:21	1.88649249077	88.6741256714	96.3545227051	0.000309672264848	57.9389343262	8.17618656158	84.4618988037	-	0	0	0	0	0	0	0	0	0	0	0	0	0	0	0.58635187149	1.51541805267	2.29368567467	2.67468500137	2.60761427879	2.19125699997	1.59817409515	0.998060762882	0.51279091835	0.203284919262	0.0646297261119	0.0393894426525	0.109518773854	0.38534283638	1.02936923504	2.11931800842	3.52451753616	4.83414363861	5.44515180588	4.87138223648	3.1547472477	1.09405636787	0	0	0	0	0	0	0	0	58.1471214294	0	0	0	0	0	0	0	0	0	0	0	0	0	0	0
Feb 22 2023 18:04:22	1.3292273283	89.1580505371	96.5135726929	0.000355965923518	60.5540275574	8.60163497925	80.5570373535	-	0	0	0	0	0	0	0	0	0	0	0	0	0	0	0	0	11.1078767776	0	0	0	0	0	0	0	0	0	0	0.44143396616	1.35197281837	2.65060997009	4.04610872269	5.08655929565	5.33455657959	4.60005903244	3.08552455902	1.33359634876	0	0	0	0	0	0	0	0	60.9617004395	0	0	0	0	0	0	0	0	0	0	0	0	0	0	0
Feb 22 2023 18:04:23	1.58025276661	89.1522979736	96.5114135742	0.000330751965521	59.957359314	7.77131032944	81.4410552979	-	0	0	0	0	0	0	0	0	0	0	0	0	0	0	3.29340873577e-05	0.0897202417254	2.51290249825	7.56292772293	4.92002010345	0.896624565125	0.0483075007796	0.00067493255483	1.65276844655e-06	3.34905020383e-10	3.18094181265e-15	1.18065432704e-18	1.33058271161e-14	2.2654182974e-09	1.62822798302e-05	0.00847912207246	0.582280099392	6.74829769135	12.8297386169	2.85148572922	0.026823233813	2.05989408641e-07	0	0	0	0	0	0	0	0	60.9216690063	0	0	0	0	0	0	0	0	0	0	0	0	0	0	0
Feb 22 2023 18:04:24	1.35295283794	89.5589752197	96.6638870239	0.000313175609335	62.6922302246	9.07006549835	83.5930709839	-	0	0	0	0	0	0	0	0	0	0	0	0	0	0	0	0	10.3532981873	0	0	0	0	0	0	0	0	0	0	0.553618967533	1.72406065464	3.19894361496	4.50033187866	5.10470724106	4.72316598892	3.49128651619	1.90916025639	0.56211066246	0	0	0	0	0	0	0	0	63.8793182373	0	0	0	0	0	0	0	0	0	0	0	0	0	0	0
Feb 22 2023 18:04:25	1.34923541546	89.2989501953	96.566444397	0.000369489338482	61.5041236877	9.04167747498	80.8445892334	-	0	0	0	0	0	0	0	0	0	0	0	0	0	0	0	6.5324031991e-13	10.4638490677	0	0	0	0	0	0	0	0	0	0.0108920298517	0.426067978144	1.25315642357	2.43122196198	3.73193764687	4.78370094299	5.18666744232	4.69499492645	3.37226510048	1.62646710873	0.0611267127097	0	0	0	0	0	0	0	61.9576530457	0	0	0	0	0	0	0	0	0	0	0	0	0	0	0
Feb 22 2023 18:04:26	1.38677442074	88.9122390747	96.4211959839	0.000553861900698	59.197555542	7.67579126358	68.5197906494	-	0	0	0	0	0	0	0	0	0	0	0	0	0	0	0	1.6636924477e-11	8.90473365784	5.00483751297	3.20820947586e-09	3.08128607356e-26	0	0	0	0	0	0	0.00031390771619	0.232920095325	0.81785094738	1.79605877399	3.06026291847	4.31570625305	5.12801885605	5.08402919769	4.01318311691	2.16301727295	0.18384860456	0	0	0	0	0	0	0	59.2952194214	0	0	0	0	0	0	0	0	0	0	0	0	0	0	0
Feb 22 2023 18:04:27	1.30668640137	89.5391693115	96.6564712524	0.000396836840082	62.4714889526	8.11177825928	77.1096420288	-	0	0	0	0	0	0	0	0	0	0	0	0	0	0	0	0	12.2892484665	0	0	0	0	0	0	0	0	0	0	0.208597719669	1.16255998611	2.54154491425	3.94510889053	4.82202100754	4.75319051743	3.72067475319	2.15052938461	0.67758256197	0	0	0	0	0	0	0	0	63.7289390564	0	0	0	0	0	0	0	0	0	0	0	0	0	0	0
Feb 22 2023 18:04:28	8.32044887543	90.4580383301	96.9993743896	0.000408340158174	68.6871261597	11.3115186691	83.9723587036	-	0	0	0	0	0	0	0	0	0	0	0	0	0	0	0	0	0	9.45450878143	7.78377064409e-14	0	0	0	0	0	0	0	0	0	0.852658689022	3.19020295143	4.93315029144	4.8629732132	3.27895236015	1.4912570715	0.407746523619	0.0311719663441	0	0	0	0	0	0	0	0	71.4973754883	0	0	0	0	0	0	0	0	0	0	0	0	0	0	0
Feb 22 2023 18:04:29	8.40985679626	90.3712997437	96.9671096802	0.000440647156211	67.9878845215	12.0746545792	84.1919555664	-	0	0	0	0	0	0	0	0	0	0	0	0	0	0	0	0	0	8.18450260162	0	0	0	0	0	0	0	0	0	0	2.24360799789	4.87210130692	5.75815439224	4.56541776657	2.52217936516	0.945267260075	0.21068148315	0.0103061245754	0	0	0	0	0	0	0	0	70.6877822876	0	0	0	0	0	0	0	0	0	0	0	0	0	0	0
Feb 22 2023 18:04:30	1.35837960243	89.1202926636	96.4993896484	0.000346280925442	60.6918334961	9.19099617004	82.2601547241	-	0	0	0	0	0	0	0	0	0	0	0	0	0	0	0	0	10.1965713501	0	0	0	0	0	0	0	0	0	0	0.266284257174	1.09223234653	2.31491184235	3.71597790718	4.91514110565	5.48015499115	5.11550807953	3.83730649948	2.03361129761	0.332346826792	0	0	0	0	0	0	0	60.6999511719	0	0	0	0	0	0	0	0	0	0	0	0	0	0	0
Feb 22 2023 18:04:31	1.54824829102	89.9250106812	96.800743103	0.000398439064156	64.7005462646	9.7829284668	82.0115356445	-	0	0	0	0	0	0	0	0	0	0	0	0	0	0	0	0	0	11.1069326401	0	0	0	0	0	0	0	0	0	0.273661494255	1.94410347939	3.81881403923	4.9623632431	4.80282735825	3.54412508011	1.94662249088	0.716755270958	0.0987606942654	0	0	0	0	0	0	0	0	66.7850341797	0	0	0	0	0	0	0	0	0	0	0	0	0	0	0
Feb 22 2023 18:04:32	1.58947849274	90.2580566406	96.9249420166	0.000414160895161	67.0276031494	10.5685386658	82.7082366943	-	0	0	0	0	0	0	0	0	0	0	0	0	0	0	0	0	0	10.1377439499	0	0	0	0	0	0	0	0	0	0	1.54702603817	4.15983247757	5.48807764053	4.74330091476	2.82974171638	1.14233100414	0.276957511902	0.0181838143617	0	0	0	0	0	0	0	0	69.6568069458	0	0	0	0	0	0	0	0	0	0	0	0	0	0	0
Feb 22 2023 18:04:33	7.36609554291	90.4085998535	96.9809875488	0.000366488064174	67.9544143677	10.8929214478	85.108253479	-	0	0	0	0	0	0	0	0	0	0	0	0	0	0	0	0	0	9.50244998932	0	0	0	0	0	0	0	0	0	0.465745985508	3.2534031868	5.61000776291	5.39002847672	3.22384881973	1.21497964859	0.274852275848	0.0309322699904	0	0	0	0	0	0	0	0	0	71.0337524414	0	0	0	0	0	0	0	0	0	0	0	0	0	0	0
Feb 22 2023 18:04:34	7.93348884583	90.2746963501	96.931137085	0.000441391399363	67.1729507446	11.0671777725	82.605430603	-	0	0	0	0	0	0	0	0	0	0	0	0	0	0	0	0	0	9.36928653717	8.0407787362e-14	0	0	0	0	0	0	0	0	0	1.96700930595	4.68994379044	5.74502563477	4.63998651505	2.585034132	0.970089614391	0.215855807066	0.0112798865885	0	0	0	0	0	0	0	0	69.8064880371	0	0	0	0	0	0	0	0	0	0	0	0	0	0	0
Feb 22 2023 18:04:35	8.39136314392	90.3424682617	96.9563751221	0.000492746650707	67.7610855103	11.5421733856	81.5708084106	-	0	0	0	0	0	0	0	0	0	0	0	0	0	0	0	0	0	8.87926006317	0	0	0	0	0	0	0	0	0	0	1.47545802593	4.40446233749	5.82677698135	4.9009847641	2.7870221138	1.05335438251	0.235530152917	0.0146195013076	0	0	0	0	0	0	0	0	70.4225311279	0	0	0	0	0	0	0	0	0	0	0	0	0	0	0
Feb 22 2023 18:04:36	1.33777499199	89.6989135742	96.7162475586	0.000374757597456	63.1532440186	8.68711662292	79.9166183472	-	0	0	0	0	0	0	0	0	0	0	0	0	0	0	0	0	10.8221035004	0	0	0	0	0	0	0	0	0	0.0463264249265	1.17567503452	2.79461359978	4.25797748566	4.94626331329	4.5971827507	3.4354891777	2.00385665894	0.82246607542	0.136840596795	0	0	0	0	0	0	0	0	64.9612045288	0	0	0	0	0	0	0	0	0	0	0	0	0	0	0
Feb 22 2023 18:04:37	1.69492375851	88.6982879639	96.3585662842	0.000353933195584	57.7189292908	7.29640579224	80.210105896	-	0	0	0	0	0	0	0	0	0	0	0	0	0	0	0.454266518354	1.62603449821	2.84691381454	3.52190947533	3.4359190464	2.75414443016	1.82980692387	0.986963629723	0.405409991741	0.110725581646	0.0160871520638	0.00206214515492	0.00886491965503	0.0887861847878	0.445166230202	1.36110591888	2.93276238441	4.72647953033	5.73971986771	5.04249429703	2.81426358223	0.634582459927	0	0	0	0	0	0	0	0	58.2155342102	0	0	0	0	0	0	0	0	0	0	0	0	0	0	0
Feb 22 2023 18:04:38	6.89809513092	89.7451324463	96.7335357666	0.000395286944695	63.6004142761	10.5170307159	83.6621017456	-	0	0	0	0	0	0	0	0	0	0	0	0	0	0	0	0	0	9.56212902069	0	0	0	0	0	0	0	0	0	1.07086026669	2.90330052376	4.51984167099	5.24844932556	4.83382797241	3.55961251259	2.03525304794	0.812892436981	0.127581939101	0	0	0	0	0	0	0	0	65.3262481689	0	0	0	0	0	0	0	0	0	0	0	0	0	0	0
Feb 22 2023 18:04:39	1.59145057201	90.1075820923	96.8688659668	0.000642585277092	66.0485687256	10.5453424454	74.4891662598	-	0	0	0	0	0	0	0	0	0	0	0	0	0	0	0	0	0	10.0961790085	0	0	0	0	0	0	0	0	0	0	1.35227024555	3.81750130653	5.45761060715	5.22456884384	3.52950954437	1.65597236156	0.486351132393	0.0494205579162	0	0	0	0	0	0	0	0	68.3306121826	0	0	0	0	0	0	0	0	0	0	0	0	0	0	0
Feb 22 2023 18:04:40	6.86135005951	89.7062911987	96.7190093994	0.000382877129596	63.4327278137	9.37888526917	81.0702514648	-	0	0	0	0	0	0	0	0	0	0	0	0	0	0	0	9.48502778056e-13	9.75614452362	2.965016992e-33	0	0	0	0	0	0	0	0	0	0.720933616161	2.39339351654	4.09820652008	5.1346039772	5.07535123825	4.01225423813	2.47698545456	1.09051632881	0.222409650683	0	0	0	0	0	0	0	0	65.019203186	0	0	0	0	0	0	0	0	0	0	0	0	0	0	0
Feb 22 2023 18:04:41	8.142578125	90.3223190308	96.9488754272	0.000791379075963	67.5197067261	11.4183607101	71.9035949707	-	0	0	0	0	0	0	0	0	0	0	0	0	0	0	0	0	0	8.89640045166	0	0	0	0	0	0	0	0	0	0	2.17416119576	5.16120433807	5.95082235336	4.42984342575	2.23967027664	0.752863526344	0.149052709341	0.00774720683694	0	0	0	0	0	0	0	0	70.2382354736	0	0	0	0	0	0	0	0	0	0	0	0	0	0	0
Feb 22 2023 18:04:42	6.52946281433	89.8574295044	96.7754974365	0.000400383694796	64.2424468994	10.3484544754	83.1362915039	-	0	0	0	0	0	0	0	0	0	0	0	0	0	0	0	0	0	9.88515949249	3.49125025764e-14	0	0	0	0	0	0	0	0	1.10041821003	2.95990419388	4.54644870758	5.14219379425	4.55185365677	3.17810177803	1.69804000854	0.622711539268	0.0854219421744	0	0	0	0	0	0	0	0	66.2297515869	0	0	0	0	0	0	0	0	0	0	0	0	0	0	0
Feb 22 2023 18:04:43	7.76367902756	89.8104324341	96.7579421997	0.000735988956876	64.1929779053	10.2837638855	69.6853713989	-	0	0	0	0	0	0	0	0	0	0	0	0	0	0	0	0	8.47159957886	0	0	0	0	0	0	0	0	0	0	0.811343848705	2.64181375504	4.39634370804	5.3352022171	5.09584140778	3.88605117798	2.31432032585	0.989512443542	0.209223181009	0	0	0	0	0	0	0	0	65.8487472534	0	0	0	0	0	0	0	0	0	0	0	0	0	0	0
Feb 22 2023 18:04:44	6.73732328415	89.8140716553	96.7593002319	0.000397618190618	63.9475021362	9.45152759552	80.6588745117	-	0	0	0	0	0	0	0	0	0	0	0	0	0	0	0	3.97154436616e-14	9.50921058655	1.72250892506e-34	0	0	0	0	0	0	0	0	0.0721868798137	1.47977793217	3.24237012863	4.62597417831	5.06892442703	4.46023607254	3.15927481651	1.7431397438	0.668988823891	0.0918015986681	0	0	0	0	0	0	0	0	65.8781204224	0	0	0	0	0	0	0	0	0	0	0	0	0	0	0
Feb 22 2023 18:04:45	7.27204370499	90.2925109863	96.9377746582	0.000423459714511	67.0931167603	10.7727556229	82.8723526001	-	0	0	0	0	0	0	0	0	0	0	0	0	0	0	0	0	0	9.52648925781	0	0	0	0	0	0	0	0	0	0.591583848	3.55432939529	5.62267684937	5.34158706665	3.41083788872	1.48827552795	0.426918953657	0.0687960609794	0.00108731817454	0	0	0	0	0	0	0	0	69.9674224854	0	0	0	0	0	0	0	0	0	0	0	0	0	0	0
Feb 22 2023 18:04:46	1.57932829857	90.0930862427	96.8634567261	0.000394225033233	65.871635437	10.3238639832	83.1208267212	-	0	0	0	0	0	0	0	0	0	0	0	0	0	0	0	0	0	10.3580617905	0	0	0	0	0	0	0	0	0	0	1.8221424818	4.10152196884	5.37951564789	4.91508197784	3.23886656761	1.50332427025	0.437627255917	0.0384432338178	0	0	0	0	0	0	0	0	68.2054214478	0	0	0	0	0	0	0	0	0	0	0	0	0	0	0
Feb 22 2023 18:04:47	1.72763085365	87.2963485718	96.1223297119	0.000498931971379	54.5192337036	7.14440345764	73.0950088501	-	0	0	0	0	0	0	0	0	0	0	0	0	0	0	0.651917755604	1.75808334351	2.69740128517	3.14343261719	3.03684306145	2.51939940453	1.81933104992	1.14305317402	0.620504915714	0.299468010664	0.159514352679	0.155057504773	0.300277382135	0.704632937908	1.49437236786	2.6816380024	4.05858612061	5.16237735748	5.41710042953	4.47165870667	2.57134485245	0.665691673756	0	0	0	0	0	0	7.00649232162e-43	3.39085550816e-14	54.4683151245	0	0	0	0	0	0	0	0	0	0	0	0	0	0	0
Feb 22 2023 18:04:48	1.67958784103	89.0086593628	96.4574508667	0.000549561576918	58.7824821472	7.14623689651	70.4578552246	-	0	0	0	0	0	0	0	0	0	0	0	0	0	0	0.540194392204	1.73285269737	2.89135146141	3.50380992889	3.4079041481	2.76332116127	1.88619995117	1.0684620142	0.480866372585	0.161154255271	0.0428204126656	0.022711949423	0.0650002658367	0.269859701395	0.837554216385	1.90835261345	3.34490132332	4.59564685822	4.8770942688	3.75129842758	1.72558653355	0.184598878026	0	0	0	0	0	0	0	0	59.9384613037	0	0	0	0	0	0	0	0	0	0	0	0	0	0	0
Feb 22 2023 18:04:49	1.57489144802	89.6959228516	96.715133667	0.00039617283619	63.1700935364	9.88801383972	82.5309295654	-	0	0	0	0	0	0	0	0	0	0	0	0	0	0	0	0	0	10.457865715	0	0	0	0	0	0	0	0	0.332709372044	1.45918667316	2.91484904289	4.17364263535	4.7567281723	4.45196199417	3.41545057297	2.07464575768	0.889374136925	0.135859385133	0	0	0	0	0	0	0	0	64.9377288818	0	0	0	0	0	0	0	0	0	0	0	0	0	0	0
Feb 22 2023 18:04:50	1.58237338066	89.7049713135	96.7185134888	0.000422421348048	63.3656616211	10.1101150513	81.83253479	-	0	0	0	0	0	0	0	0	0	0	0	0	0	0	0	0	0	10.2908153534	2.48138505186e-14	0	0	0	0	0	0	0	0	0.743034780025	2.40316152573	4.08508872986	5.08212852478	4.97494983673	3.87935495377	2.34813308716	1.0008649826	0.18361248076	0	0	0	0	0	0	0	0	65.0088577271	0	0	0	0	0	0	0	0	0	0	0	0	0	0	0
Feb 22 2023 18:04:51	1.31539916992	89.7318954468	96.7285842896	0.000344060128555	63.4319038391	8.39513969421	80.5839691162	-	0	0	0	0	0	0	0	0	0	0	0	0	0	0	0	5.19902690506e-14	11.6079692841	1.49782806371e-36	0	0	0	0	0	0	0	0	0	0.282391637564	1.86049616337	3.67998433113	4.91829061508	4.98820209503	3.93218398094	2.35818862915	0.978280961514	0.172712773085	0	0	0	0	0	0	0	0	65.2212982178	0	0	0	0	0	0	0	0	0	0	0	0	0	0	0
Feb 22 2023 18:04:52	1.35876166821	89.4967193604	96.6405715942	0.000396864401409	62.2823410034	9.11172771454	79.8464889526	-	0	0	0	0	0	0	0	0	0	0	0	0	0	0	0	0	10.1857395172	0	0	0	0	0	0	0	0	0	0	0.609886109829	1.95584988594	3.52969431877	4.78701305389	5.22789859772	4.66291332245	3.33266472816	1.77436447144	0.525015950203	0	0	0	0	0	0	0	0	63.4089584351	0	0	0	0	0	0	0	0	0	0	0	0	0	0	0
Feb 22 2023 18:04:53	1.58996975422	90.1695022583	96.8919448853	0.000615334080067	66.190826416	10.3298244476	75.0894699097	-	0	0	0	0	0	0	0	0	0	0	0	0	0	0	0	0	0	10.1273527145	0	0	0	0	0	0	0	0	0	0.344172954559	3.17986989021	5.5401058197	5.65834283829	3.85194039345	1.78559362888	0.544692754745	0.0947634503245	0.00275634624995	0	0	0	0	0	0	0	0	68.8704071045	0	0	0	0	0	0	0	0	0	0	0	0	0	0	0
Feb 22 2023 18:04:54	7.26706409454	90.2878036499	96.9360198975	0.000730054744054	66.9787521362	11.091550827	73.3448867798	-	0	0	0	0	0	0	0	0	0	0	0	0	0	0	0	0	0	8.82450485229	0	0	0	0	0	0	0	0	0	1.4009128809	5.14127540588	6.30178022385	4.78768634796	2.48543524742	0.892175734043	0.212492838502	0.0285853724927	0.000323425454553	0	0	0	0	0	0	0	0	69.9248275757	0	0	0	0	0	0	0	0	0	0	0	0	0	0	0
Feb 22 2023 18:04:55	7.68340778351	90.0783157349	96.8579483032	0.000552170909941	65.7403869629	11.0734148026	78.9788513184	-	0	0	0	0	0	0	0	0	0	0	0	0	0	0	0	0	0	9.00800704956	0	0	0	0	0	0	0	0	0	0.413439363241	3.03710174561	5.29962110519	5.80783176422	4.51573848724	2.54770970345	1.01543605328	0.255660444498	0.0212104525417	0	0	0	0	0	0	0	0	68.0782470703	0	0	0	0	0	0	0	0	0	0	0	0	0	0	0
Feb 22 2023 18:04:56	1.57993304729	88.9645233154	96.4408569336	0.000432403496234	58.848690033	7.52975606918	75.899055481	-	0	0	0	0	0	0	0	0	0	0	0	0	0	0	0.000447924918262	0.219106793404	2.96284198761	6.97617912292	4.95979642868	1.31193399429	0.136241301894	0.00514779798687	5.60146690987e-05	1.24090036024e-07	8.02874017269e-11	2.29670449325e-12	6.21689755231e-10	1.40532301884e-06	0.000676491181366	0.0611164495349	1.32764518261	7.73765897751	11.400967598	3.18400001526	0.0738118812442	5.54526513952e-06	0	0	0	0	0	0	0	1.56998112427e-13	59.642364502	0	0	0	0	0	0	0	0	0	0	0	0	0	0	0
Feb 22 2023 18:04:57	1.58522355556	90.1553192139	96.8866577148	0.000514396524522	66.1028594971	10.2736263275	78.5712814331	-	0	0	0	0	0	0	0	0	0	0	0	0	0	0	0	0	0	10.2287788391	2.07358917092e-15	0	0	0	0	0	0	0	0	0.415890574455	2.95716094971	5.29841279984	5.64610862732	4.01978492737	1.94892656803	0.621754765511	0.11340123415	0.0037468217779	0	0	0	0	0	0	0	0	68.7460403442	0	0	0	0	0	0	0	0	0	0	0	0	0	0	0
Feb 22 2023 18:04:58	1.58062207699	90.3473892212	96.9582061768	0.0004289567878	67.4850311279	10.3665456772	81.828994751	-	0	0	0	0	0	0	0	0	0	0	0	0	0	0	0	0	0	10.3293676376	2.2413304936e-13	0	0	0	0	0	0	0	0	0	2.73154330254	5.34639930725	5.47229480743	3.58881425858	1.56151759624	0.435573339462	0.066227145493	0.000653313181829	0	0	0	0	0	0	0	0	70.4676055908	0	0	0	0	0	0	0	0	0	0	0	0	0	0	0
Feb 22 2023 18:04:59	1.54664075375	89.8340835571	96.7667770386	0.00043869073852	63.99766922	9.63295555115	80.1759033203	-	0	0	0	0	0	0	0	0	0	0	0	0	0	0	0	0	0	11.1490650177	0	0	0	0	0	0	0	0	0	0.625236451626	2.50849938393	4.33102178574	5.17026901245	4.66288661957	3.22478294373	1.66045570374	0.566323876381	0.0614900998771	0	0	0	0	0	0	0	0	66.0399703979	0	0	0	0	0	0	0	0	0	0	0	0	0	0	0
Feb 22 2023 18:05:00	1.53358221054	89.276725769	96.5581130981	0.00056801980827	60.8497428894	9.26366996765	74.2894439697	-	0	0	0	0	0	0	0	0	0	0	0	0	0	0	0	0	0	11.5661039352	0	0	0	0	0	0	0	0	0.18267442286	0.897687554359	2.07454276085	3.43837070465	4.55992794037	5.01501178741	4.58961677551	3.41073918343	1.89961898327	0.567197918892	0	0	0	0	0	0	0	0	61.7985076904	0	0	0	0	0	0	0	0	0	0	0	0	0	0	0
Feb 22 2023 18:05:01	1.76826047897	89.0714187622	96.4810333252	0.000533629383426	59.5533714294	7.89959287643	73.6491394043	-	0	0	0	0	0	0	0	0	0	0	0	0	0	0	0.382547587156	1.45632815361	2.61348366737	3.25354480743	3.15419149399	2.48779582977	1.61356604099	0.845265924931	0.338171571493	0.093468375504	0.0171186439693	0.00527888908982	0.0181021783501	0.118273161352	0.510840713978	1.47297000885	3.07637929916	4.83117198944	5.68406009674	4.76234197617	2.44770479202	0.453067660332	0	0	0	0	0	0	0	0	60.3643302917	0	0	0	0	0	0	0	0	0	0	0	0	0	0	0
Feb 22 2023 18:05:02	1.3316539526	89.3402404785	96.5819320679	0.000415551359765	61.9488868713	8.85473060608	78.1029281616	-	0	0	0	0	0	0	0	0	0	0	0	0	0	0	0	1.37438658337e-37	11.0250377655	7.31790225205e-13	0	0	0	0	0	0	0	0	0	0.0843530371785	0.669344723225	1.68417787552	3.01060056686	4.32320690155	5.1566286087	5.09747362137	4.02165126801	2.24254918098	0.429590851068	0	0	0	0	0	0	0	62.2553901672	0	0	0	0	0	0	0	0	0	0	0	0	0	0	0
Feb 22 2023 18:05:03	1.75737166405	87.2248077393	96.1101913452	0.000563061097637	55.085647583	7.59083366394	71.7670059204	-	0	0	0	0	0	0	0	0	0	0	0	0	0	0	0.29845136404	1.32662844658	2.59412264824	3.41836166382	3.45155262947	2.80621266365	1.86259818077	0.992622852325	0.400831222534	0.108671665192	0.0162187013775	0.0014672561083	0.00187157909386	0.0261694099754	0.204081386328	0.866631150246	2.39401888847	4.69781064987	6.7290058136	6.90851306915	4.7086930275	1.73567557335	0.161300420761	0	0	0	0	0	0	0	54.2884902954	0	0	0	0	0	0	0	0	0	0	0	0	0	0	0
Feb 22 2023 18:05:04	1.30010938644	88.9684448242	96.4423294067	0.000530431047082	59.4162139893	7.70287895203	69.3416519165	-	0	0	0	0	0	0	0	0	0	0	0	0	0	0	0	0	12.9602861404	0	0	0	0	0	0	0	0	0	0	0.360447227955	1.14721441269	2.31767082214	3.64932537079	4.75854969025	5.21990013123	4.76118659973	3.43467926979	1.65938830376	0.0628032386303	0	0	0	0	0	0	0	59.668548584	0	0	0	0	0	0	0	0	0	0	0	0	0	0	0
Feb 22 2023 18:05:05	1.33376026154	89.7349014282	96.7297058105	0.000455532921478	63.8294715881	8.88393497467	76.356086731	-	0	0	0	0	0	0	0	0	0	0	0	0	0	0	0	0	10.9542484283	0	0	0	0	0	0	0	0	0	0	0	0.941272437572	2.51251935959	4.14595031738	5.11336517334	4.91684436798	3.6520678997	1.95504236221	0.563593387604	0	0	0	0	0	0	0	0	65.2450942993	0	0	0	0	0	0	0	0	0	0	0	0	0	0	0
Feb 22 2023 18:05:06	1.35585963726	89.3379745483	96.5810852051	0.00042141546146	61.8348770142	9.2230796814	78.8373718262	-	0	0	0	0	0	0	0	0	0	0	0	0	0	0	0	0	10.2686767578	0	0	0	0	0	0	0	0	0	0	0.160957381129	0.95672494173	2.18701958656	3.62608385086	4.85456705093	5.39502334595	4.94199371338	3.55967926979	1.71755754948	0.0926993712783	0	0	0	0	0	0	0	62.2390136719	0	0	0	0	0	0	0	0	0	0	0	0	0	0	0
Feb 22 2023 18:05:07	1.54555010796	90.010055542	96.8324813843	0.000459624483483	65.2177047729	9.77087497711	79.4960861206	-	0	0	0	0	0	0	0	0	0	0	0	0	0	0	0	0	0	11.177857399	5.2859619622e-14	0	0	0	0	0	0	0	0	0.213399395347	1.93427872658	3.93458724022	5.08488941193	4.73704004288	3.25792980194	1.60969793797	0.507120728493	0.0466518998146	0	0	0	0	0	0	0	0	67.4965515137	0	0	0	0	0	0	0	0	0	0	0	0	0	0	0
Feb 22 2023 18:05:08	1.3092135191	89.8130111694	96.7589035034	0.00040730056935	63.8373718262	8.18586540222	76.8446807861	-	0	0	0	0	0	0	0	0	0	0	0	0	0	0	0	0	12.0503540039	0	0	0	0	0	0	0	0	0	0	0.291037082672	1.9680403471	3.81961417198	4.93120956421	4.76331949234	3.52454590797	1.95100307465	0.728288054466	0.103045150638	0	0	0	0	0	0	0	0	65.8695526123	0	0	0	0	0	0	0	0	0	0	0	0	0	0	0
Feb 22 2023 18:05:09	7.04684448242	89.4829711914	96.6354293823	0.000514364161063	62.3444480896	9.53153324127	75.8367767334	-	0	0	0	0	0	0	0	0	0	0	0	0	0	0	0	0	9.53334236145	0	0	0	0	0	0	0	0	0	0.0287383440882	0.752441883087	1.95076441765	3.36100769043	4.56195497513	5.12166309357	4.79728841782	3.67720127106	2.15677714348	0.75281471014	0	0	0	0	0	0	0	0	63.3060035706	0	0	0	0	0	0	0	0	0	0	0	0	0	0	0
Feb 22 2023 18:05:10	1.59079658985	89.4320831299	96.616355896	0.000507138553075	61.6091804504	9.94788646698	78.5000686646	-	0	0	0	0	0	0	0	0	0	0	0	0	0	0	0	0	0	10.1099205017	0	0	0	0	0	0	0	0	0.268379837275	1.56827926636	3.17248225212	4.52616930008	5.15348720551	4.85210800171	3.77976441383	2.36249041557	1.0706537962	0.208708509803	0	0	0	0	0	0	0	0	62.9275550842	0	0	0	0	0	0	0	0	0	0	0	0	0	0	0
Feb 22 2023 18:05:11	1.57111573219	88.1508407593	96.2667007446	0.000483048614115	56.2887458801	7.00599765778	72.0583114624	-	0	0	0	0	0	0	0	0	0	0	0	0	0	0	0.0339967831969	0.922989189625	3.67650771141	5.69760131836	4.59258174896	2.14541864395	0.595158278942	0.0934928134084	0.00728975282982	0.000242086782237	5.79220341024e-06	2.91773790195e-06	9.99502299237e-05	0.00483333598822	0.0980619937181	0.859611570835	3.68070650101	8.04252147675	8.59738731384	3.81189036369	0.438021868467	0.00186752318405	0	0	0	0	0	0	0	0	56.6997108459	0	0	0	0	0	0	0	0	0	0	0	0	0	0	0
Feb 22 2023 18:05:12	7.03661727905	89.982170105	96.8220748901	0.000549817050342	64.9577713013	10.9009971619	78.9115066528	-	0	0	0	0	0	0	0	0	0	0	0	0	0	0	0	0	0	8.90020465851	0	0	0	0	0	0	0	0	0	1.89513111115	4.14061975479	5.39785766602	5.17504644394	3.83485269547	2.19749164581	0.933873951435	0.25320070982	0.0100451167673	0	0	0	0	0	0	0	0	67.261680603	0	0	0	0	0	0	0	0	0	0	0	0	0	0	0
Feb 22 2023 18:05:13	7.31724834442	90.1637268066	96.889793396	0.000420369557105	66.1981735229	11.2113752365	83.8642196655	-	0	0	0	0	0	0	0	0	0	0	0	0	0	0	0	0	0	8.64275360107	0	0	0	0	0	0	0	0	0	1.45230066776	4.31914901733	5.77360248566	5.21480178833	3.43556785583	1.66179275513	0.565129816532	0.114264108241	0.00093375047436	0	0	0	0	0	0	0	0	68.8197021484	0	0	0	0	0	0	0	0	0	0	0	0	0	0	0
Feb 22 2023 18:05:14	7.72989606857	90.3818283081	96.9710235596	0.000492886698339	67.7522277832	11.3408403397	81.4295654297	-	0	0	0	0	0	0	0	0	0	0	0	0	0	0	0	0	0	8.7484960556	1.34821976716e-13	0	0	0	0	0	0	0	0	0.270018935204	4.38129997253	6.60883188248	5.39426469803	2.74088954926	0.882427871227	0.171833723783	0.016840191558	0	0	0	0	0	0	0	0	0	70.7851028442	0	0	0	0	0	0	0	0	0	0	0	0	0	0	0
Feb 22 2023 18:05:15	7.11532497406	89.8881988525	96.7869949341	0.00040839400026	64.398727417	11.2099552155	84.4300460815	-	0	0	0	0	0	0	0	0	0	0	0	0	0	0	0	0	0	8.3625793457	1.37500836997e-13	0	0	0	0	0	0	0	0.094218224287	2.2068002224	4.22714662552	5.31747961044	5.15819883347	4.01758480072	2.50881814957	1.20730912685	0.390169084072	0.0282150544226	0	0	0	0	0	0	0	0	66.4814834595	0	0	0	0	0	0	0	0	0	0	0	0	0	0	0
Feb 22 2023 18:05:16	7.26969957352	89.9577255249	96.8129501343	0.000649278983474	64.89478302	11.0536184311	75.8935089111	-	0	0	0	0	0	0	0	0	0	0	0	0	0	0	0	0	0	8.79265499115	0	0	0	0	0	0	0	0	0	1.38331031799	3.63590455055	5.20250701904	5.38110971451	4.28475952148	2.64286088943	1.21919167042	0.370226442814	0.0304646361619	0	0	0	0	0	0	0	0	67.0570068359	0	0	0	0	0	0	0	0	0	0	0	0	0	0	0
Feb 22 2023 18:05:17	1.71694648266	87.8734054565	96.2199554443	0.000465808960143	55.8990402222	7.24205875397	74.8210601807	-	0	0	0	0	0	0	0	0	0	0	0	0	0	0	0.562905967236	1.69180560112	2.74009943008	3.28694796562	3.21279120445	2.6542673111	1.87236297131	1.11466550827	0.539229035378	0.200118362904	0.0593592189252	0.0295966435224	0.070121102035	0.272211074829	0.833508729935	1.91636919975	3.44818496704	4.9631357193	5.68687152863	4.99221658707	3.01513671875	0.880242884159	0	0	0	0	0	0	0	0	55.9578552246	0	0	0	0	0	0	0	0	0	0	0	0	0	0	0
Feb 22 2023 18:05:18	1.94176983833	86.5783843994	96.0000991821	0.000639482110273	53.5453529358	7.67614269257	69.5775909424	-	0	0	0	0	0	0	0	0	0	0	0	0	0	0	0.796250641346	1.54680120945	2.09643816948	2.38863706589	2.42127561569	2.23420214653	1.89318466187	1.47175467014	1.04069006443	0.6686398983	0.421693086624	0.350467979908	0.494137555361	0.898532748222	1.5840139389	2.50764966011	3.54306316376	4.47039651871	5.00308036804	4.86546802521	3.91158795357	2.26418733597	0.418228894472	0	0	0	0	0	0	0	52.7096214294	0	0	0	0	0	0	0	0	0	0	0	0	0	0	0
Feb 22 2023 18:05:19	1.61626780033	88.8827590942	96.4101028442	0.000617921003141	58.3456497192	7.36394548416	67.4761276245	-	0	0	0	0	0	0	0	0	0	0	0	0	0	0	0.0163901373744	0.645625889301	3.13253211975	5.49998521805	4.83492612839	2.41559433937	0.713612675667	0.121165372431	0.0106876995414	0.000432865490438	1.07150344775e-05	1.51982874286e-06	1.62864744198e-05	0.00089659076184	0.0284613016993	0.383732497692	2.34978699684	6.80065059662	8.91879940033	4.48215961456	0.540742278099	0.0026451270096	0	0	0	0	0	0	0	0	59.101146698	0	0	0	0	0	0	0	0	0	0	0	0	0	0	0
Feb 22 2023 18:05:20	1.56801998615	88.0175323486	96.2442550659	0.000702461518813	55.8952980042	6.61853551865	60.5491294861	-	0	0	0	0	0	0	0	0	0	0	0	0	0	0	0.00166333105881	0.311765611172	3.05942749977	7.1713848114	6.35150384903	2.545545578	0.488868504763	0.0432146936655	0.00151745602489	1.73171210918e-05	8.26099082474e-08	2.76615685912e-09	4.98815637684e-08	1.53311011672e-05	0.00230747251771	0.100123360753	1.39737033844	6.7453660965	10.7294912338	4.45990943909	0.24927559495	0.000143813231261	0	0	0	0	0	0	0	0	56.3410873413	0	0	0	0	0	0	0	0	0	0	0	0	0	0	0
Feb 22 2023 18:05:21	1.70235550404	88.9437789917	96.433052063	0.000442117860075	58.3712501526	7.12282085419	75.5359191895	-	0	0	0	0	0	0	0	0	0	0	0	0	0	0	0.648597002029	1.77619946003	2.76748919487	3.27500295639	3.21192860603	2.7022960186	1.97331011295	1.24427223206	0.664059758186	0.297147452831	0.128350928426	0.0962567701936	0.184799656272	0.485469758511	1.12811434269	2.1438331604	3.35038566589	4.31269168854	4.48432826996	3.55170750618	1.8096987009	0.259912371635	0	0	0	0	0	0	0	0	59.5041503906	0	0	0	0	0	0	0	0	0	0	0	0	0	0	0
Feb 22 2023 18:05:22	8.04953956604	90.3163452148	96.946647644	0.000578701263294	67.4300003052	11.569065094	78.9473495483	-	0	0	0	0	0	0	0	0	0	0	0	0	0	0	0	0	0	8.58815002441	4.04632897284e-13	0	0	0	0	0	0	0	0	0	3.08788990974	5.74659109116	5.87262296677	3.98380684853	1.85499751568	0.575283944607	0.103393115103	0.00347267114557	0	0	0	0	0	0	0	0	70.1837921143	0	0	0	0	0	0	0	0	0	0	0	0	0	0	0
Feb 22 2023 18:05:23	1.52112150192	89.3140792847	96.5721206665	0.000416165828938	60.8648147583	8.77429771423	79.2932891846	-	0	0	0	0	0	0	0	0	0	0	0	0	0	0	0	0	0	12.5334024429	0	0	0	0	0	0	0	0	0.100303731859	0.885660648346	2.18197083473	3.62064766884	4.68349075317	4.93504714966	4.25763273239	2.92821526527	1.46406304836	0.343102663755	0	0	0	0	0	0	0	0	62.0664596558	0	0	0	0	0	0	0	0	0	0	0	0	0	0	0
Feb 22 2023 18:05:24	6.91629552841	90.3942718506	96.9756546021	0.000682472425979	67.5981063843	10.7815294266	74.1459960938	-	0	0	0	0	0	0	0	0	0	0	0	0	0	0	0	0	0	9.15114402771	0	0	0	0	0	0	0	0	0	2.27649497986	6.92894029617	6.17207527161	3.21751618385	1.08302021027	0.236574977636	0.031682472676	0.00209808349609	0	0	0	0	0	0	0	0	0	70.9004516602	0	0	0	0	0	0	0	0	0	0	0	0	0	0	0
Feb 22 2023 18:05:25	1.66306531429	87.5625228882	96.167427063	0.000697116134688	55.1142539978	6.92750930786	63.3988189697	-	0	0	0	0	0	0	0	0	0	0	0	0	0	0	0.319267481565	1.50814378262	2.99510407448	3.91675233841	3.86559772491	3.04215908051	1.94837903976	1.01092946529	0.413501501083	0.130159780383	0.0356691330671	0.0166030265391	0.0310760810971	0.128840342164	0.50542062521	1.49240982533	3.27266907692	5.35526227951	6.42787075043	5.33695793152	2.63017249107	0.470434308052	0	0	0	0	0	0	0	0	55.1466217041	0	0	0	0	0	0	0	0	0	0	0	0	0	0	0
Feb 22 2023 18:05:26	1.57482910156	87.1201019287	96.0924072266	0.000505756179336	54.062789917	6.57246541977	69.625213623	-	0	0	0	0	0	0	0	0	0	0	0	0	0	0	5.63507055631e-05	0.0902252420783	2.30412364006	7.98175239563	7.21294116974	2.22530412674	0.261301606894	0.0116794221103	0.000183212250704	1.00988597751e-06	4.20356638386e-09	2.28273969172e-10	3.06975866948e-09	1.03555453279e-06	0.000335089513101	0.0348353013396	0.99243336916	7.47941970825	13.2595720291	4.02600669861	0.0926386117935	1.01624309536e-05	0	0	0	0	0	0	0	0	54.0271835327	0	0	0	0	0	0	0	0	0	0	0	0	0	0	0
Feb 22 2023 18:05:27	1.70030903816	87.1396331787	96.0957260132	0.000533930317033	54.433139801	7.00151634216	71.0469818115	-	0	0	0	0	0	0	0	0	0	0	0	0	0	0	0.433309704065	1.56894552708	2.79316830635	3.53683376312	3.56404995918	2.99066853523	2.12467622757	1.27217960358	0.625629901886	0.244047448039	0.0789175331593	0.0333051420748	0.0461521744728	0.156741559505	0.537567436695	1.44079387188	2.98236322403	4.82469940186	6.06364917755	5.70759439468	3.65208935738	1.20717048645	0.0396890304983	0	0	0	0	0	0	0	54.0757598877	0	0	0	0	0	0	0	0	0	0	0	0	0	0	0
Feb 22 2023 18:05:28	1.5980681181	87.9846496582	96.2387161255	0.00056055164896	55.7182159424	6.55111789703	67.4550170898	-	0	0	0	0	0	0	0	0	0	0	0	0	0	0	0.146746963263	1.29832386971	3.38569879532	4.89474344254	4.75581407547	3.35878777504	1.77734231949	0.702365279198	0.200947329402	0.041024889797	0.00737893953919	0.00289722159505	0.00677675614133	0.0432678163052	0.261946082115	1.0969991684	3.07284545898	5.72505283356	6.83302307129	4.69186878204	1.38633334637	0.0565610490739	0	0	0	0	0	0	1.40129846432e-43	1.67231849299e-14	56.2532539368	0	0	0	0	0	0	0	0	0	0	0	0	0	0	0
Feb 22 2023 18:05:29	1.55477786064	87.2945709229	96.1220245361	0.000476486777188	54.1808280945	6.50394153595	70.7657165527	-	0	0	0	0	0	0	0	0	0	0	0	0	0	0	0.0211387909949	0.802904009819	3.72938370705	6.25207185745	5.27710819244	2.58575391769	0.789051115513	0.155418589711	0.0207042898983	0.00230744713917	0.000439012539573	0.000427499384386	0.00234486931004	0.0251835826784	0.233403459191	1.37001681328	4.66398859024	8.66205596924	7.8984708786	2.82299661636	0.220701515675	0.00030141681782	0	0	0	0	0	0	0	0	54.4638290405	0	0	0	0	0	0	0	0	0	0	0	0	0	0	0
Feb 22 2023 18:05:30	1.56525969505	90.0561294556	96.8496704102	0.000500355497934	65.4533996582	10.0065975189	78.4923248291	-	0	0	0	0	0	0	0	0	0	0	0	0	0	0	0	0	0	10.6823120117	1.77876431032e-12	0	0	0	0	0	0	0	0	0.189649239182	2.29969263077	4.81371974945	5.8290348053	4.6658949852	2.53051352501	0.90339410305	0.187601715326	0.0100592952222	0	0	0	0	0	0	0	0	67.8881378174	0	0	0	0	0	0	0	0	0	0	0	0	0	0	0
Feb 22 2023 18:05:31	6.919298172	90.5442810059	97.0314483643	0.000565688940696	68.7773590088	11.6669044495	79.8571853638	-	0	0	0	0	0	0	0	0	0	0	0	0	0	0	0	0	0	7.94574451447	0	0	0	0	0	0	0	0	0	4.33798742294	7.42158508301	5.10320901871	2.15154004097	0.597836732864	0.109004989266	0.0122068710625	0.00065360107692	0	0	0	0	0	0	0	0	0	72.3202285767	0	0	0	0	0	0	0	0	0	0	0	0	0	0	0
Feb 22 2023 18:05:32	7.95062732697	90.7177047729	97.0958633423	0.000699008698575	70.3822631836	11.9885931015	75.8763580322	-	0	0	0	0	0	0	0	0	0	0	0	0	0	0	0	0	0	8.31949424744	0	0	0	0	0	0	0	0	0	0	4.53461074829	7.35076236725	4.16392755508	1.32222831249	0.249773234129	0.0269107166678	0.0013530976139	0	0	0	0	0	0	0	0	0	74.0309448242	0	0	0	0	0	0	0	0	0	0	0	0	0	0	0
Feb 22 2023 18:05:33	8.1606464386	90.6934204102	97.0868530273	0.000640257261693	70.2137680054	11.8203458786	77.2640457153	-	0	0	0	0	0	0	0	0	0	0	0	0	0	0	0	0	0	8.5893611908	2.17707601079e-12	0	0	0	0	0	0	0	0	0	2.91426038742	7.52774047852	5.01817893982	1.76636350155	0.355746686459	0.0395816452801	0.00201331102289	0	0	0	0	0	0	0	0	0	73.7867507935	0	0	0	0	0	0	0	0	0	0	0	0	0	0	0
Feb 22 2023 18:05:34	7.94482469559	90.4816055298	97.008140564	0.000649427471217	68.5618362427	11.6320915222	76.7896270752	-	0	0	0	0	0	0	0	0	0	0	0	0	0	0	0	0	0	8.55685710907	1.57202308354e-13	0	0	0	0	0	0	0	0	0	3.91850399971	6.59987020493	5.35865259171	2.7257630825	0.906802535057	0.191075921059	0.0217952672392	0.000236305189901	0	0	0	0	0	0	0	0	71.720451355	0	0	0	0	0	0	0	0	0	0	0	0	0	0	0
Feb 22 2023 18:05:35	6.14719820023	89.6875991821	96.712020874	0.000732074026018	63.0037612915	10.2918014526	71.5636291504	-	0	0	0	0	0	0	0	0	0	0	0	0	0	0	0	0	0	9.46814250946	3.58897482046e-12	0	0	0	0	0	0	0	0.737147092819	2.26337647438	3.89033770561	4.91743183136	4.96167421341	4.09645414352	2.75319933891	1.45027005672	0.529287695885	0.0602577216923	0	0	0	0	0	0	0	0	64.8724212646	0	0	0	0	0	0	0	0	0	0	0	0	0	0	0
Feb 22 2023 18:05:36	7.40813302994	90.4181671143	96.9845428467	0.000441731594037	67.986618042	11.3013267517	83.1321029663	-	0	0	0	0	0	0	0	0	0	0	0	0	0	0	0	0	0	8.76384449005	0	0	0	0	0	0	0	0	0	1.07623577118	4.53238201141	6.20125293732	4.90041351318	2.45347523689	0.783314347267	0.151427805424	0.0146134551615	0	0	0	0	0	0	0	0	0	71.1230392456	0	0	0	0	0	0	0	0	0	0	0	0	0	0	0
Feb 22 2023 18:05:37	1.54168832302	89.4486694336	96.6225738525	0.00051374558825	61.9035110474	9.51396083832	76.9636154175	-	0	0	0	0	0	0	0	0	0	0	0	0	0	0	0	0	0	11.2811756134	0	0	0	0	0	0	0	0	0.104325138032	0.766473472118	1.90927147865	3.27324008942	4.4225320816	4.91252231598	4.51252746582	3.34974527359	1.85865652561	0.559088289738	0	0	0	0	0	0	0	0	63.0504417419	0	0	0	0	0	0	0	0	0	0	0	0	0	0	0
Feb 22 2023 18:05:38	1.58555114269	90.117515564	96.8725662231	0.000414948124671	65.9442214966	10.3257541656	82.3828430176	-	0	0	0	0	0	0	0	0	0	0	0	0	0	0	0	0	0	10.2217006683	2.53945844388e-13	0	0	0	0	0	0	0	0	0.492098689079	2.54719996452	4.52750301361	5.24026584625	4.37429714203	2.67836713791	1.16493976116	0.316094249487	0.0208579301834	0	0	0	0	0	0	0	0	68.4166717529	0	0	0	0	0	0	0	0	0	0	0	0	0	0	0
Feb 22 2023 18:05:39	1.58190715313	89.6814498901	96.7097167969	0.000557838066015	63.0152549744	9.92328071594	76.4596633911	-	0	0	0	0	0	0	0	0	0	0	0	0	0	0	0	0	0	10.3010463715	8.27964053655e-13	0	0	0	0	0	0	0	0.146621406078	1.60651576519	3.36115217209	4.68209266663	5.05555963516	4.41275691986	3.11902523041	1.7273068428	0.669555664063	0.094057098031	0	0	0	0	0	0	0	0	64.8243103027	0	0	0	0	0	0	0	0	0	0	0	0	0	0	0
Feb 22 2023 18:05:40	1.33753323555	89.6942749023	96.714515686	0.000498579989653	63.2086334229	8.73077392578	74.2784042358	-	0	0	0	0	0	0	0	0	0	0	0	0	0	0	0	0	10.8299617767	0	0	0	0	0	0	0	0	0	0	0.883449733257	2.43913388252	3.993881464	4.90116500854	4.78420734406	3.74892997742	2.29719948769	1.0013076067	0.195966482162	0	0	0	0	0	0	0	0	64.9248046875	0	0	0	0	0	0	0	0	0	0	0	0	0	0	0
Feb 22 2023 18:05:41	1.69242620468	88.9359436035	96.4301071167	0.000434261601185	58.4486427307	7.1769785881	75.9858703613	-	0	0	0	0	0	0	0	0	0	0	0	0	0	0	0.570030510426	1.73221802711	2.82701182365	3.40542340279	3.33062338829	2.74267172813	1.91978442669	1.12737011909	0.533175945282	0.190729379654	0.0538678131998	0.0273835416883	0.0710825994611	0.280187964439	0.842268288136	1.88234221935	3.27401041985	4.52214717865	4.90588998795	3.95932579041	2.02427387238	0.326050400734	0	0	0	0	0	0	0	0	59.452129364	0	0	0	0	0	0	0	0	0	0	0	0	0	0	0
Feb 22 2023 18:05:42	1.83229804039	88.9573440552	96.4381561279	0.000587888527662	58.658493042	7.47574996948	70.5594482422	-	0	0	0	0	0	0	0	0	0	0	0	0	0	0	0.928909599781	1.71737003326	2.2842643261	2.5873734951	2.62506270409	2.4315431118	2.06559252739	1.59566569328	1.09139955044	0.626595318317	0.282493561506	0.133709862828	0.23311522603	0.607866585255	1.23990833759	2.05322861671	2.90958213806	3.6086473465	3.91788887978	3.63590931892	2.6757133007	1.1536719799	0	0	0	0	0	0	4.20389539297e-43	2.89757028592e-14	59.5944900513	0	0	0	0	0	0	0	0	0	0	0	0	0	0	0
Feb 22 2023 18:05:43	1.57335221767	87.594367981	96.1728134155	0.000568636576645	54.9626312256	6.5005235672	66.4433288574	-	0	0	0	0	0	0	0	0	0	0	0	0	0	0	0.0210327561945	0.727882266045	3.42687964439	6.13647794724	5.70879554749	3.12546300888	1.0520029068	0.21406263113	0.0244240984321	0.00145034841262	5.97792677581e-05	9.64958780969e-06	5.21032743563e-05	0.00159505091142	0.0370291806757	0.419991880655	2.34953069687	6.62737560272	9.03220367432	5.08747053146	0.770985901356	0.00645902240649	0	0	0	0	0	0	0	0	55.2287635803	0	0	0	0	0	0	0	0	0	0	0	0	0	0	0
Feb 22 2023 18:05:44	1.31769657135	89.8723602295	96.7810745239	0.000377318705432	64.1210479736	8.38248157501	78.9474639893	-	0	0	0	0	0	0	0	0	0	0	0	0	0	0	0	0	11.5214118958	0	0	0	0	0	0	0	0	0	0	0.832584023476	2.75268745422	4.46891021729	5.07220745087	4.34054040909	2.83151721954	1.36301839352	0.427605956793	0.0378713868558	0	0	0	0	0	0	0	0	66.3516464233	0	0	0	0	0	0	0	0	0	0	0	0	0	0	0
Feb 22 2023 18:05:45	1.58185982704	89.4967803955	96.6405944824	0.000549013493583	61.851890564	7.73228359222	70.9712600708	-	0	0	0	0	0	0	0	0	0	0	0	0	0	0	5.02842740389e-05	0.0988934859633	2.49441862106	7.51981067657	5.24419403076	1.07211875916	0.0662458240986	0.00103991955984	2.47762727668e-06	2.54922805087e-10	3.41918878142e-17	1.09257601375e-30	1.92232948647e-18	1.60361543489e-10	5.59631234864e-06	0.00509429397061	0.444325447083	5.76324510574	11.4328317642	2.43160963058	0.0166971180588	1.16413580997e-08	0	0	0	0	0	0	0	0	63.4094161987	0	0	0	0	0	0	0	0	0	0	0	0	0	0	0
Feb 22 2023 18:05:46	6.38573694229	90.1847076416	96.8976135254	0.000231155223446	65.8204345703	10.0649833679	89.7583312988	-	0	0	0	0	0	0	0	0	0	0	0	0	0	0	0	0	0	9.59985733032	0	0	0	0	0	0	0	0	0	6.33743572235	7.82383537292	4.7919011116	1.86495292187	0.485025018454	0.0834512710571	0.00887906830758	0.000456709356513	0	0	0	0	0	0	0	0	0	69.0042114258	0	0	0	0	0	0	0	0	0	0	0	0	0	0	0
Feb 22 2023 18:05:47	6.25357866287	90.3367156982	96.9542312622	0.000358975521522	66.9193649292	9.97854614258	84.2956619263	-	0	0	0	0	0	0	0	0	0	0	0	0	0	0	0	0	0	9.99961280823	2.63827198613e-14	0	0	0	0	0	0	0	0	4.63499641418	9.59529972076	4.13554763794	1.0610986948	0.181371748447	0.0207376834005	0.00148917897604	5.27363627043e-05	0	0	0	0	0	0	0	0	0	70.3697891235	0	0	0	0	0	0	0	0	0	0	0	0	0	0	0
Feb 22 2023 18:05:48	6.72821521759	90.2341537476	96.9160385132	0.000602033396717	66.4514846802	10.4331531525	76.0158996582	-	0	0	0	0	0	0	0	0	0	0	0	0	0	0	0	0	0	9.63318252563	5.15487006108e-14	0	0	0	0	0	0	0	0	1.77359724045	5.50064373016	6.46591329575	4.49596595764	2.00404214859	0.574485480785	0.100457154214	0.00884423870593	0	0	0	0	0	0	0	0	0	69.4428710938	0	0	0	0	0	0	0	0	0	0	0	0	0	0	0
Feb 22 2023 18:05:49	7.26141834259	90.4528884888	96.9974594116	0.000905908003915	68.0980682373	11.1828680038	68.3306732178	-	0	0	0	0	0	0	0	0	0	0	0	0	0	0	0	0	0	8.68919372559	0	0	0	0	0	0	0	0	0	1.64362680912	7.32569599152	6.41025161743	3.20628738403	1.0313000679	0.215368002653	0.0276571717113	0.00177505530883	0	0	0	0	0	0	0	0	0	71.4488449097	0	0	0	0	0	0	0	0	0	0	0	0	0	0	0
Feb 22 2023 18:05:50	1.53173351288	89.6604690552	96.7018661499	0.000443445198471	62.7213859558	7.86557912827	75.5586547852	-	0	0	0	0	0	0	0	0	0	0	0	0	0	0	9.02514148038e-06	0.0795976743102	3.16894054413	8.49620056152	3.35930466652	0.253422558308	0.00359754264355	7.05361435394e-06	8.32948654494e-10	9.47565699577e-16	3.60407788958e-24	1.40770246918e-22	3.64526998539e-14	2.03367847007e-08	0.000142515666084	0.0547456890345	2.22282743454	11.3770828247	6.14739894867	0.176175281405	2.80178282992e-05	1.20615896781e-19	0	0	0	0	0	0	0	0	64.6605224609	0	0	0	0	0	0	0	0	0	0	0	0	0	0	0
Feb 22 2023 18:05:51	6.34082221985	89.6015014648	96.6798019409	0.000548355979845	62.6356582642	9.20133781433	73.7390594482	-	0	0	0	0	0	0	0	0	0	0	0	0	0	0	0	1.41892422291e-12	9.78110313416	0	0	0	0	0	0	0	0	0	0.1844727844	1.4912173748	3.14325046539	4.51631784439	5.09777069092	4.70909881592	3.57086372375	2.16055321693	0.948920369148	0.191997483373	0	0	0	0	0	0	0	0	64.2044296265	0	0	0	0	0	0	0	0	0	0	0	0	0	0	0
Feb 22 2023 18:05:52	6.3635263443	90.034324646	96.8415374756	0.000602196494583	65.1458358765	10.2119140625	75.4850692749	-	0	0	0	0	0	0	0	0	0	0	0	0	0	0	0	0	0	9.96630764008	0	0	0	0	0	0	0	0	0	1.23174846172	4.27557659149	6.03783082962	5.43006086349	3.38063693047	1.47121870518	0.430103391409	0.072572261095	0.00162953324616	0	0	0	0	0	0	0	0	67.7023162842	0	0	0	0	0	0	0	0	0	0	0	0	0	0	0
Feb 22 2023 18:05:53	1.32350003719	89.673500061	96.7067489624	0.000618472055066	62.7999000549	8.35515117645	68.0055007935	-	0	0	0	0	0	0	0	0	0	0	0	0	0	0	0	0	11.309053421	0	0	0	0	0	0	0	0	0	0	1.46885621548	3.40064048767	4.84674835205	5.15096855164	4.29452562332	2.820956707	1.41224718094	0.479432463646	0.054411124438	0	0	0	0	0	0	0	0	64.7621536255	0	0	0	0	0	0	0	0	0	0	0	0	0	0	0
Feb 22 2023 18:05:54	1.78470087051	88.1881942749	96.2729797363	0.000634983647615	56.8611297607	7.70422840118	69.1301116943	-	0	0	0	0	0	0	0	0	0	0	0	0	0	0	0.469987690449	1.50486207008	2.52392148972	3.09639358521	3.07175278664	2.56058955193	1.81199979782	1.07368123531	0.50912976265	0.177416965365	0.042247120291	0.0119558852166	0.0265286080539	0.144323036075	0.560066521168	1.50463044643	3.02774953842	4.7547326088	5.86113500595	5.51076507568	3.62111973763	1.28613448143	0.0479679629207	0	0	0	0	0	1.68155815719e-42	1.50001962484e-14	56.8009185791	0	0	0	0	0	0	0	0	0	0	0	0	0	0	0
Feb 22 2023 18:05:55	1.51994979382	89.6328659058	96.6915435791	0.000633190618828	62.4158096313	8.68046569824	69.9930953979	-	0	0	0	0	0	0	0	0	0	0	0	0	0	0	0	0	0	12.6331939697	2.82313692687e-14	0	0	0	0	0	0	0	0.21682626009	1.54838955402	3.2731256485	4.55544948578	4.81185102463	4.02074718475	2.65987944603	1.34231936932	0.453140676022	0.0388211868703	0	0	0	0	0	0	0	0	64.4462585449	0	0	0	0	0	0	0	0	0	0	0	0	0	0	0
Feb 22 2023 18:05:56	7.66521501541	90.4028549194	96.9788513184	0.000623029423878	67.8592681885	11.2354221344	76.9310073853	-	0	0	0	0	0	0	0	0	0	0	0	0	0	0	0	0	0	8.84450149536	3.29738775347e-12	0	0	0	0	0	0	0	0	0.142880961299	5.4905500412	6.69150257111	4.71290254593	2.23326539993	0.7282730937	0.156989768147	0.0188210010529	2.38781667576e-05	0	0	0	0	0	0	0	0	70.9802856445	0	0	0	0	0	0	0	0	0	0	0	0	0	0	0
Feb 22 2023 18:05:57	1.56117892265	89.9151916504	96.7970733643	0.000598987273406	64.3798828125	9.73488807678	74.3466567993	-	0	0	0	0	0	0	0	0	0	0	0	0	0	0	0	0	0	10.7807703018	0	0	0	0	0	0	0	0	0	1.58118903637	3.55028891563	4.88599777222	4.94942188263	3.867405653	2.33177137375	1.04068350792	0.296014338732	0.0126926172525	0	0	0	0	0	0	0	0	66.7037658691	0	0	0	0	0	0	0	0	0	0	0	0	0	0	0
Feb 22 2023 18:05:58	1.54960048199	89.7828826904	96.7476425171	0.000511286896653	63.4101638794	9.41340255737	77.0126953125	-	0	0	0	0	0	0	0	0	0	0	0	0	0	0	0	0	0	11.0717735291	0	0	0	0	0	0	0	0	0.635141313076	2.18495678902	3.81891512871	4.75015211105	4.61783742905	3.60726380348	2.25188040733	1.07640516758	0.340093165636	0.0182558223605	0	0	0	0	0	0	0	0	65.6273269653	0	0	0	0	0	0	0	0	0	0	0	0	0	0	0
Feb 22 2023 18:05:59	1.87500476837	89.464553833	96.6285247803	0.00071284925798	61.55519104	7.95190858841	66.9639129639	-	0	0	0	0	0	0	0	0	0	0	0	0	0	0	0.941433012486	1.70908868313	2.22757744789	2.46581292152	2.43577241898	2.18492841721	1.78279769421	1.3047837019	0.823155224323	0.409812629223	0.139772459865	0.0773865580559	0.26116079092	0.70201176405	1.3640601635	2.15510988235	2.92623925209	3.47933125496	3.6051466465	3.1500711441	2.09023308754	0.59576189518	0	0	0	0	0	0	0	0	63.1685562134	0	0	0	0	0	0	0	0	0	0	0	0	0	0	0
Feb 22 2023 18:06:00	6.30835914612	90.0528488159	96.848449707	0.00080041209003	65.2362594604	10.1806278229	68.7506027222	-	0	0	0	0	0	0	0	0	0	0	0	0	0	0	0	0	0	9.96485233307	7.60107444651e-14	0	0	0	0	0	0	0	0	1.80388653278	4.50865268707	5.8580288887	5.07715272903	3.11089539528	1.35046374798	0.397439211607	0.0675042942166	0.00102159322705	0	0	0	0	0	0	0	0	67.8600997925	0	0	0	0	0	0	0	0	0	0	0	0	0	0	0
Feb 22 2023 18:06:01	7.58605909348	90.3556900024	96.9612960815	0.000742286560126	67.562286377	11.366402626	73.4992523193	-	0	0	0	0	0	0	0	0	0	0	0	0	0	0	0	0	0	8.65462493896	8.21887859419e-13	0	0	0	0	0	0	0	0	0.733559370041	4.56327056885	6.22936868668	5.09159708023	2.81070065498	1.06659674644	0.267762422562	0.038043756038	0.000569850031752	0	0	0	0	0	0	0	0	70.5439147949	0	0	0	0	0	0	0	0	0	0	0	0	0	0	0
Feb 22 2023 18:06:02	7.56930923462	90.8253707886	97.1358184814	0.000846925307997	71.0889434814	12.2135486603	72.4414291382	-	0	0	0	0	0	0	0	0	0	0	0	0	0	0	0	0	0	7.72084760666	0	0	0	0	0	0	0	0	0	0	14.8934707642	2.124751091	0.12418602407	0.00403104443103	7.38750095479e-05	6.87887279582e-07	2.09276529439e-09	0	0	0	0	0	0	0	0	0	75.1326370239	0	0	0	0	0	0	0	0	0	0	0	0	0	0	0
Feb 22 2023 18:06:03	7.52274274826	90.8222961426	97.1346817017	0.000607046298683	71.0275802612	12.1123437881	79.2372741699	-	0	0	0	0	0	0	0	0	0	0	0	0	0	0	0	0	0	7.76108789444	1.62586856142e-14	0	0	0	0	0	0	0	0	0	17.1381893158	0	0	0	0	0	0	0	0	0	0	0	0	0	0	0	75.1007232666	0	0	0	0	0	0	0	0	0	0	0	0	0	0	0
Feb 22 2023 18:06:04	7.64640951157	90.8065795898	97.1288528442	0.000737567490432	70.9865646362	12.1877708435	75.348815918	-	0	0	0	0	0	0	0	0	0	0	0	0	0	0	0	0	0	7.87625408173	0	0	0	0	0	0	0	0	0	0	10.7939395905	5.24646234512	1.02501809597	0.112769670784	0.00722085731104	0.000249962788075	3.41645568369e-06	0	0	0	0	0	0	0	0	0	74.938079834	0	0	0	0	0	0	0	0	0	0	0	0	0	0	0
Feb 22 2023 18:06:05	7.14011669159	90.1225509644	96.8744430542	0.000804756127764	65.7761535645	11.0195608139	71.0777130127	-	0	0	0	0	0	0	0	0	0	0	0	0	0	0	0	0	0	8.66611289978	4.91991836811e-14	0	0	0	0	0	0	0	0	1.94877457619	5.35577630997	6.499979496	5.05673837662	2.71448802948	1.01142299175	0.250618189573	0.035233438015	0.00049880577717	0	0	0	0	0	0	0	0	68.460357666	0	0	0	0	0	0	0	0	0	0	0	0	0	0	0
Feb 22 2023 18:06:06	6.45273542404	90.0929718018	96.8634109497	0.000530862831511	65.416305542	10.1846380234	78.0750274658	-	0	0	0	0	0	0	0	0	0	0	0	0	0	0	0	0	0	9.83399486542	5.38578350754e-13	0	0	0	0	0	0	0	0	2.29124999046	5.36274528503	6.41241598129	4.75384426117	2.28688526154	0.708729863167	0.133375555277	0.012376723811	0	0	0	0	0	0	0	0	0	68.2043762207	0	0	0	0	0	0	0	0	0	0	0	0	0	0	0
Feb 22 2023 18:06:07	1.52881014347	90.0138778687	96.8339080811	0.000547297473531	64.8996505737	9.20034694672	74.7637710571	-	0	0	0	0	0	0	0	0	0	0	0	0	0	0	0	0	0	11.9174633026	0	0	0	0	0	0	0	0	0	0.580300211906	3.30394721031	5.44663286209	5.40802240372	3.60450291634	1.63880860806	0.488824725151	0.0815221518278	0.00110876967665	0	0	0	0	0	0	0	0	67.5288696289	0	0	0	0	0	0	0	0	0	0	0	0	0	0	0
Feb 22 2023 18:06:08	1.55605101585	89.4965820313	96.6405258179	0.000624697539024	61.8898696899	9.54574489594	73.0292663574	-	0	0	0	0	0	0	0	0	0	0	0	0	0	0	0	0	0	10.9074754715	6.51514432681e-13	0	0	0	0	0	0	0	0	1.25307536125	3.08325171471	4.66049194336	5.32609462738	4.85342502594	3.54818177223	2.02068638802	0.808251261711	0.131155014038	0	0	0	0	0	0	0	0	63.4079093933	0	0	0	0	0	0	0	0	0	0	0	0	0	0	0
Feb 22 2023 18:06:09	7.55997991562	91.016960144	97.2068481445	0.000864901114255	72.7871170044	12.5321798325	72.3995361328	-	0	0	0	0	0	0	0	0	0	0	0	0	0	0	0	0	0	7.69432020187	9.61726087222e-14	0	0	0	0	0	0	0	0	0	15.0766582489	0.0561329238117	8.01282169505e-07	1.12309738332e-12	1.9673341864e-19	2.94688563017e-27	5.36194234477e-37	0	0	0	0	0	0	0	0	0	77.1728897095	0	0	0	0	0	0	0	0	0	0	0	0	0	0	0
Feb 22 2023 18:06:10	7.60055351257	90.712020874	97.0937576294	0.000516292580869	70.1677780151	11.3706912994	80.5863647461	-	0	0	0	0	0	0	0	0	0	0	0	0	0	0	0	0	0	8.87111377716	0	0	0	0	0	0	0	0	0	0	7.94784736633	6.78387355804	2.03741502762	0.34823602438	0.0357146710157	0.00208142423071	5.38183376193e-05	0	0	0	0	0	0	0	0	0	73.9736633301	0	0	0	0	0	0	0	0	0	0	0	0	0	0	0
Feb 22 2023 18:06:11	1.58222532272	90.4850463867	97.0094223022	0.000866562535521	68.1939926147	10.0629558563	65.9903793335	-	0	0	0	0	0	0	0	0	0	0	0	0	0	0	0	0	0	10.488196373	0	0	0	0	0	0	0	0	0	0	8.40186214447	6.54356861115	2.28670954704	0.465586215258	0.0568696409464	0.00392380449921	0.000118919830129	0	0	0	0	0	0	0	0	0	71.7531585693	0	0	0	0	0	0	0	0	0	0	0	0	0	0	0
Feb 22 2023 18:06:12	1.50196301937	89.3478317261	96.584777832	0.0010551152518	60.8112373352	8.00053405762	51.8941116333	-	0	0	0	0	0	0	0	0	0	0	0	0	0	0	0	0	2.74151767969e-33	14.4050750732	3.9952045036e-13	0	0	0	0	0	0	0	0	0.623586118221	1.9708878994	3.5502872467	4.6831445694	4.8255314827	3.92675995827	2.45582056046	1.06483817101	0.183650538325	0	0	0	0	0	0	0	0	62.31042099	0	0	0	0	0	0	0	0	0	0	0	0	0	0	0
Feb 22 2023 18:06:13	1.5000846386	89.4537277222	96.6244735718	0.00103376572952	61.03565979	7.76990318298	51.731754303	-	0	0	0	0	0	0	0	0	0	0	0	0	0	0	0	0	0	14.6206274033	7.00745505459e-13	0	0	0	0	0	0	0	0.390861570835	1.8069627285	3.52636647224	4.63817119598	4.63517522812	3.64985990524	2.25959849358	1.05410313606	0.317984461784	0.0122738145292	0	0	0	0	0	0	0	0	63.08801651	0	0	0	0	0	0	0	0	0	0	0	0	0	0	0
Feb 22 2023 18:06:14	1.3071949482	89.6667327881	96.7042160034	0.000746317964513	62.7541732788	7.96769046783	61.0266456604	-	0	0	0	0	0	0	0	0	0	0	0	0	0	0	0	0	12.2403774261	0	0	0	0	0	0	0	0	0	0	1.03428351879	2.7766160965	4.34881877899	4.99062871933	4.45275449753	3.11369228363	1.65555870533	0.599343121052	0.0785958394408	0	0	0	0	0	0	0	0	64.7093276978	0	0	0	0	0	0	0	0	0	0	0	0	0	0	0
Feb 22 2023 18:06:15	1.34745657444	90.0302734375	96.8400268555	0.000598200887907	65.0910797119	8.88311481476	70.5230026245	-	0	0	0	0	0	0	0	0	0	0	0	0	0	0	0	0	10.5176944733	0	0	0	0	0	0	0	0	0	0	0.772107899189	3.7737030983	5.89660978317	5.61544799805	3.61242437363	1.5951795578	0.467074424028	0.0791344121099	0.00278067891486	0	0	0	0	0	0	0	0	67.6678390503	0	0	0	0	0	0	0	0	0	0	0	0	0	0	0
Feb 22 2023 18:06:16	1.51098632813	89.6738128662	96.7068634033	0.00102479173802	62.5642662048	8.35329055786	54.5982551575	-	0	0	0	0	0	0	0	0	0	0	0	0	0	0	0	0	0	13.4555206299	4.14926556655e-13	0	0	0	0	0	0	0	0	1.09112012386	3.19195795059	4.87109804153	5.1309299469	3.9862704277	2.30126094818	0.950959503651	0.244281977415	0.0119851790369	0	0	0	0	0	0	0	0	64.7646179199	0	0	0	0	0	0	0	0	0	0	0	0	0	0	0
Feb 22 2023 18:06:17	1.52557766438	89.9211502075	96.7993011475	0.000821347872261	64.0714874268	8.89332389832	63.7682304382	-	0	0	0	0	0	0	0	0	0	0	0	0	0	0	0	0	0	12.168507576	0	0	0	0	0	0	0	0	0	1.71096849442	4.66121387482	6.1547203064	4.95079088211	2.56179189682	0.850301623344	0.171365350485	0.0172674879432	0	0	0	0	0	0	0	0	0	66.753074646	0	0	0	0	0	0	0	0	0	0	0	0	0	0	0
Feb 22 2023 18:06:18	1.72746908665	89.091293335	96.488494873	0.000651360780466	59.139591217	7.01069784164	65.9307632446	-	0	0	0	0	0	0	0	0	0	0	0	0	0	0	0.997102379799	1.89651811123	2.55116820335	2.89727020264	2.92901515961	2.68892168999	2.25120401382	1.70138907433	1.12448251247	0.606351912022	0.232889220119	0.0676466301084	0.137806162238	0.476063549519	1.08063137531	1.8759919405	2.71484565735	3.3829138279	3.63685870171	3.27812099457	2.2471768856	0.725268661976	0	0	0	0	0	0	0	0	60.5003662109	0	0	0	0	0	0	0	0	0	0	0	0	0	0	0
Feb 22 2023 18:06:19	1.52472054958	89.9073944092	96.7941589355	0.00101411959622	63.9657325745	8.84897613525	57.2135391235	-	0	0	0	0	0	0	0	0	0	0	0	0	0	0	0	0	0	12.236951828	0	0	0	0	0	0	0	0	0	1.50622653961	5.15680885315	6.24312782288	4.70174360275	2.421656847	0.862913489342	0.203914448619	0.0270429290831	0.000181838215212	0	0	0	0	0	0	0	0	66.6394271851	0	0	0	0	0	0	0	0	0	0	0	0	0	0	0
Feb 22 2023 18:06:20	1.30311143398	89.9071655273	96.7940750122	0.000792911683675	64.1865386963	7.8725810051	58.5518226624	-	0	0	0	0	0	0	0	0	0	0	0	0	0	0	0	0	12.644701004	0	0	0	0	0	0	0	0	0	0	0.0128782121465	2.59835243225	5.04838466644	5.63118124008	4.2419424057	2.22380280495	0.788234651089	0.165482968092	0.00749329058453	0	0	0	0	0	0	0	0	66.6375427246	0	0	0	0	0	0	0	0	0	0	0	0	0	0	0
Feb 22 2023 18:06:21	1.6902140379	88.6202163696	96.3454971313	0.00107845547609	56.8881759644	6.6050453186	48.2113647461	-	0	0	0	0	0	0	0	0	0	0	0	0	0	0	1.08044683933	1.99491655827	2.64862942696	2.99420928955	3.03311491013	2.80899834633	2.39314556122	1.86620819569	1.30822253227	0.801664471626	0.432993322611	0.275769472122	0.376405268908	0.748374640942	1.3569226265	2.11001586914	2.86281943321	3.42203330994	3.57840251923	3.16538143158	2.13139605522	0.614926099777	0	0	0	0	0	0	0	0	57.9950027466	0	0	0	0	0	0	0	0	0	0	0	0	0	0	0
Feb 22 2023 18:06:22	1.51922571659	89.8953475952	96.7896652222	0.00061871833168	63.896156311	8.67069530487	70.4947662354	-	0	0	0	0	0	0	0	0	0	0	0	0	0	0	0	0	0	12.6957025528	0	0	0	0	0	0	0	0	0	1.68236517906	4.28921985626	5.63096952438	4.81261301041	2.83693361282	1.15553426743	0.310320407152	0.0460808500648	3.87133768527e-05	0	0	0	0	0	0	0	0	66.540222168	0	0	0	0	0	0	0	0	0	0	0	0	0	0	0
Feb 22 2023 18:06:23	1.28456687927	89.0813598633	96.4847717285	0.000494486070238	59.5430335999	6.93110609055	68.0661621094	-	0	0	0	0	0	0	0	0	0	0	0	0	0	0	0	0	14.8993272781	0	0	0	0	0	0	0	0	0	0	0.330988109112	1.27125275135	2.61752414703	3.98346328735	4.84605407715	4.8011007309	3.8105700016	2.25750923157	0.749897897243	0	0	0	0	0	0	0	0	60.4323158264	0	0	0	0	0	0	0	0	0	0	0	0	0	0	0
Feb 22 2023 18:06:24	1.31687951088	89.5668334961	96.6668243408	0.000725379504729	62.3825798035	8.33017349243	63.348941803	-	0	0	0	0	0	0	0	0	0	0	0	0	0	0	0	1.56649582086e-13	11.5520305634	0	0	0	0	0	0	0	0	0	0	0.687814593315	2.26286268234	3.91538691521	4.95423316956	4.94231081009	3.94448328018	2.46263957024	1.10230565071	0.23680369556	0	0	0	0	0	0	0	0	63.9391365051	0	0	0	0	0	0	0	0	0	0	0	0	0	0	0
Feb 22 2023 18:06:25	1.81735944748	87.7293014526	96.1956253052	0.000514536281116	55.5305671692	7.42543983459	73.5693283081	-	0	0	0	0	0	0	0	0	0	0	0	0	0	0	0.729808807373	1.66295838356	2.39336061478	2.76011276245	2.74218392372	2.41755914688	1.9142575264	1.3624330759	0.866379678249	0.497535794973	0.290672123432	0.245112225413	0.371414452791	0.737593531609	1.41653382778	2.4003534317	3.53959417343	4.52050828934	4.93011856079	4.43414354324	3.0168197155	1.17130589485	0	0	0	0	0	0	0	0	55.5792388916	0	0	0	0	0	0	0	0	0	0	0	0	0	0	0
Feb 22 2023 18:06:26	1.59924578667	87.9614639282	96.2348022461	0.000769701204263	55.8400306702	6.68979072571	58.7201538086	-	0	0	0	0	0	0	0	0	0	0	0	0	0	0	0.0306019727141	0.772548854351	3.21957921982	5.62579107285	5.46566343307	3.30137681961	1.28618431091	0.316168904305	0.0449035316706	0.00321184843779	0.000119810945762	8.86622092366e-06	2.90239149763e-05	0.00103835132904	0.0276629347354	0.335064888	1.95774400234	5.83201551437	8.69607067108	5.72128677368	1.15253865719	0.0189311727881	0	0	0	0	0	0	0	0	56.1914672852	0	0	0	0	0	0	0	0	0	0	0	0	0	0	0
Feb 22 2023 18:06:27	1.71459269524	86.7421417236	96.0280532837	0.000743162934668	53.0572433472	6.55819606781	60.5467147827	-	0	0	0	0	0	0	0	0	0	0	0	0	0	0	1.0390253067	1.94754195213	2.58750772476	2.91105866432	2.92844700813	2.69444990158	2.28954148293	1.79933869839	1.30398499966	0.880537569523	0.60298281908	0.527652084827	0.690047800541	1.1075476408	1.75828194618	2.56135249138	3.37588977814	4.00200891495	4.21202421188	3.81362628937	2.73576974869	1.12944626808	0	0	0	0	0	0	0	0	53.101940155	0	0	0	0	0	0	0	0	0	0	0	0	0	0	0
Feb 22 2023 18:06:28	1.71406817436	86.6268768311	96.0083847046	0.000729978608433	52.7798881531	6.53375864029	61.0089073181	-	0	0	0	0	0	0	0	0	0	0	0	0	0	0	0.998955845833	1.93136107922	2.60126972198	2.94231367111	2.96026492119	2.71438622475	2.29388213158	1.79304933548	1.29801487923	0.887494921684	0.63096165657	0.575813114643	0.752484202385	1.18030500412	1.84150075912	2.65421319008	3.4702911377	4.07795286179	4.23918771744	3.76261734962	2.60127162933	0.967143177986	0	0	0	0	0	0	0	0	52.8252677917	0	0	0	0	0	0	0	0	0	0	0	0	0	0	0
Feb 22 2023 18:06:29	1.28609001637	89.1395874023	96.5066375732	0.000762856565416	60.001991272	7.06169843674	55.8057060242	-	0	0	0	0	0	0	0	0	0	0	0	0	0	0	0	7.62138697421e-14	14.6828670502	0	0	0	0	0	0	0	0	0	0	0	0.7377628088	2.16638541222	3.82061052322	5.03439807892	5.20585632324	4.20218992233	2.48592972755	0.830558657646	0	0	0	0	0	0	0	0	60.833442688	0	0	0	0	0	0	0	0	0	0	0	0	0	0	0
Feb 22 2023 18:06:30	1.1717594862	26.2406616211	95.8190994263	0.000337119796313	51.7683944702	5.45478439331	71.9060058594	-	0	0	0	0	0	0	0	0	0	0	0	0	0	0	1.25911092758	8.43632411957	6.97130727768	1.8745675087	0.21722060442	0.0118669457734	0.000302012165776	3.14682188218e-06	9.15676245938e-09	1.86829609942e-12	0	0	0	0	0	0.0011348988628	0.0951801836491	0.805970191956	3.16494441032	7.34719705582	10.411026001	8.19741153717	2.55061864853	0.040244974196	0	0	0	0	0	0	48.6155700684	0	0	0	0	0	0	0	0	0	0	0	0	0	0	0
Feb 22 2023 18:06:31	1.2925978899	88.8718719482	96.4060058594	0.000701669545379	59.5899543762	7.53761434555	60.4469604492	-	0	0	0	0	0	0	0	0	0	0	0	0	0	0	0	0	13.8272705078	0	0	0	0	0	0	0	0	0	0	0	0	0.378004014492	1.53043544292	3.26135277748	5.10000371933	6.22055339813	5.84050178528	3.81585836411	0.996250927448	0	0	0	0	0	0	0	59.0297698975	0	0	0	0	0	0	0	0	0	0	0	0	0	0	0
Feb 22 2023 18:06:32	1.59043633938	87.6913223267	96.1892089844	0.000448335922556	55.467010498	6.74750232697	73.2982940674	-	0	0	0	0	0	0	0	0	0	0	0	0	0	0	0.00135059189051	0.263751238585	2.73093056679	6.83331871033	6.52341842651	2.83244729042	0.586046516895	0.0540806204081	0.00178204046097	1.3166770259e-05	9.9016110866e-09	1.12939302008e-12	7.22306719644e-12	1.08455054715e-07	0.000130957341753	0.0174371749163	0.500707030296	4.19370031357	10.9909420013	7.95836305618	1.0256485939	0.00574256991968	7.29829337156e-13	0	0	0	0	0	0	0	55.4801864624	0	0	0	0	0	0	0	0	0	0	0	0	0	0	0
Feb 22 2023 18:06:33	1.58553719521	87.2444839478	96.1135253906	0.000588779046666	54.4663276672	6.53271913528	65.5703277588	-	0	0	0	0	0	0	0	0	0	0	0	0	0	0	6.52770904708e-06	0.0366148352623	1.73230397701	8.20435333252	8.22730541229	2.34694766998	0.208854630589	0.00538336625323	3.03193392028e-05	2.1843296949e-08	1.11714077659e-12	2.59770545806e-17	6.30494665291e-17	7.09391920206e-12	2.25969600365e-07	0.000446553109214	0.092379681766	2.81605815887	13.5088729858	8.17800521851	0.304523169994	7.21871329006e-05	2.68554881052e-20	0	0	0	0	0	6.57279044692e-39	2.86340070578e-13	54.3378410339	0	0	0	0	0	0	0	0	0	0	0	0	0	0	0
Feb 22 2023 18:06:34	1.83861124516	23.9776477814	95.7449417114	0.000706441118382	49.3107261658	6.98969268799	64.4827957153	-	0	0	0	0	0	0	0	0	0	0	0	0	0	0	0.857623755932	1.64665222168	2.24954462051	2.61233067513	2.72294545174	2.60503387451	2.30712938309	1.88871192932	1.41242897511	0.947031736374	0.56979072094	0.352333217859	0.349714517593	0.612544119358	1.17732989788	2.03438687325	3.10351681709	4.21313142776	5.10070514679	5.45634794235	5.01997232437	3.72912931442	1.86201930046	0.0948691815138	0	0	0	0	1.40129846432e-43	2.47130305586e-13	47.0747756958	0	0	0	0	0	0	0	0	0	0	0	0	0	0	0
Feb 22 2023 18:06:35	1.95692574978	86.2040481567	95.9598312378	0.000465473538497	52.9755592346	7.59040260315	76.7070922852	-	0	0	0	0	0	0	0	0	0	0	0	0	0	0	0.811919093132	1.50977122784	2.02960085869	2.33637928963	2.42531991005	2.31882357597	2.05863761902	1.69511330128	1.28146135807	0.877600550652	0.554870486259	0.386023253202	0.433052152395	0.744023501873	1.33446192741	2.17091488838	3.15642809868	4.11538505554	4.80040979385	4.93756628036	4.3131685257	2.8999607563	0.977554917336	0	0	0	0	0	0	0	51.8315544128	0	0	0	0	0	0	0	0	0	0	0	0	0	0	0
Feb 22 2023 18:06:36	1.85347759724	88.7774276733	96.3718109131	0.00051907391753	57.792049408	7.52993631363	73.7330703735	-	0	0	0	0	0	0	0	0	0	0	0	0	0	0	0.912775397301	1.68689918518	2.2423324585	2.53762888908	2.5716149807	2.37869620323	2.01765584946	1.55684816837	1.06573605537	0.617852389812	0.294075191021	0.168573573232	0.293612450361	0.695530116558	1.35502576828	2.19431900978	3.07298970222	3.78845191002	4.10646915436	3.82496666908	2.85719227791	1.32017028332	0	0	0	0	0	0	0	0	58.4405822754	0	0	0	0	0	0	0	0	0	0	0	0	0	0	0
Feb 22 2023 18:06:37	1.5717227459	87.4709320068	96.1519241333	0.000743417127524	54.7443313599	6.49395561218	58.4156913757	-	0	0	0	0	0	0	0	0	0	0	0	0	0	0	0.00156102830078	0.296120464802	2.9656727314	7.16634559631	6.62913990021	2.82570123672	0.593061983585	0.0599296577275	0.00261397939175	4.35613837908e-05	3.86596525459e-07	1.82186976616e-08	1.41387729968e-07	2.08579022001e-05	0.00235993857495	0.0937598124146	1.29846918583	6.49079608917	11.0815658569	5.20764064789	0.373137056828	0.000507951888721	0	0	0	0	0	0	0	0	54.9115524292	0	0	0	0	0	0	0	0	0	0	0	0	0	0	0
Feb 22 2023 18:06:38	1.66368281841	88.5005340576	96.3254394531	0.000642847153358	56.8859176636	6.60627698898	64.5761947632	-	0	0	0	0	0	0	0	0	0	0	0	0	0	0	0.806884348392	1.90104806423	2.82687687874	3.36473250389	3.44366955757	3.11534690857	2.50947189331	1.78103351593	1.07451677322	0.509436488152	0.16151227057	0.0270632766187	0.0252898111939	0.173752069473	0.62274569273	1.44749689102	2.5604968071	3.66930222511	4.32241630554	4.09032535553	2.8498878479	1.0569024086	0	0	0	0	0	0	0	0	57.6597938538	0	0	0	0	0	0	0	0	0	0	0	0	0	0	0
Feb 22 2023 18:06:39	8.70497608185	90.5479278564	97.0327987671	0.000608954811469	69.1449966431	11.09882164	76.6627349854	-	0	0	0	0	0	0	0	0	0	0	0	0	0	0	0	0	0	9.64018440247	4.58712115601e-13	0	0	0	0	0	0	0	0	0	0	5.4303355217	7.16156721115	3.97304105759	1.21417176723	0.207577243447	0.0174623522907	0.00024735784973	0	0	0	0	0	0	0	0	72.3554229736	0	0	0	0	0	0	0	0	0	0	0	0	0	0	0
Feb 22 2023 18:06:40	1.48644602299	87.0853500366	96.0864944458	0.000424351979746	55.6001472473	7.41880750656	74.8292236328	-	0	0	0	0	0	0	0	0	0	0	0	0	0	0	0	0	1.2141556649e-09	16.4132823944	1.53351097443e-38	0	0	0	0	0	0	0	0	0	0	0.191123604774	1.00367987156	2.70929145813	5.08129405975	7.07069396973	7.20904159546	4.88658809662	1.49406516552	0	0	0	0	0	0	0	53.9409408569	0	0	0	0	0	0	0	0	0	0	0	0	0	0	0
Feb 22 2023 18:06:41	1.54722940922	90.5289382935	97.0257415771	0.000950551650021	68.9470062256	10.1685905457	63.0241317749	-	0	0	0	0	0	0	0	0	0	0	0	0	0	0	0	0	0	11.1335945129	1.29540497253e-12	0	0	0	0	0	0	0	0	0	0	3.2171022892	6.33299064636	4.77124452591	1.91237533092	0.41685461998	0.0429007597268	0.000402230216423	0	0	0	0	0	0	0	0	72.1725311279	0	0	0	0	0	0	0	0	0	0	0	0	0	0	0
Feb 22 2023 18:06:42	1.28785634041	88.4872360229	96.3232116699	0.000489847676363	57.8012084961	7.10459470749	69.029838562	-	0	0	0	0	0	0	0	0	0	0	0	0	0	0	0	0	14.4399166107	0	0	0	0	0	0	0	0	0	0	0.092825986445	0.765146315098	1.89827752113	3.33624339104	4.70616674423	5.50724649429	5.32262182236	4.06204843521	2.0966835022	0.150053858757	0	0	0	0	0	0	0	57.6227722168	0	0	0	0	0	0	0	0	0	0	0	0	0	0	0
Feb 22 2023 18:06:43	1.53170013428	89.5739135742	96.6694793701	0.000560522661544	62.1348075867	9.07333946228	74.1676940918	-	0	0	0	0	0	0	0	0	0	0	0	0	0	0	0	0	0	11.7020454407	3.45803572409e-13	0	0	0	0	0	0	0	0.248300611973	1.73767435551	3.52851343155	4.79191207886	5.00254392624	4.17916440964	2.79646945	1.44756650925	0.514107406139	0.0585132278502	0	0	0	0	0	0	0	0	63.9931907654	0	0	0	0	0	0	0	0	0	0	0	0	0	0	0
Feb 22 2023 18:06:44	1.30450284481	89.8383178711	96.7683563232	0.000345156702679	63.8085441589	7.91792154312	79.3590698242	-	0	0	0	0	0	0	0	0	0	0	0	0	0	0	0	4.73616575103e-14	12.5038299561	0	0	0	0	0	0	0	0	0	0	0.739763319492	2.55649209023	4.27778244019	4.95226621628	4.28685045242	2.80816602707	1.34771227837	0.417837411165	0.0350420437753	0	0	0	0	0	0	0	0	66.074256897	0	0	0	0	0	0	0	0	0	0	0	0	0	0	0
Feb 22 2023 18:06:45	1.8525108099	89.3287200928	96.5776138306	0.000516201369464	60.7659835815	7.7814874649	74.3565826416	-	0	0	0	0	0	0	0	0	0	0	0	0	0	0	0.947462379932	1.72527766228	2.25971961021	2.51856565475	2.51034259796	2.27780723572	1.88588011265	1.40660893917	0.910448729992	0.469039618969	0.159686803818	0.0522340424359	0.192543148994	0.601469516754	1.25290346146	2.06229043007	2.88225841522	3.5086915493	3.718126297	3.33706998825	2.32152724266	0.827976703644	0	0	0	0	0	0	0	0	62.1720733643	0	0	0	0	0	0	0	0	0	0	0	0	0	0	0
Feb 22 2023 18:06:46	1.61958146095	87.1589584351	96.0990066528	0.000475144101074	53.8430290222	6.3658914566	71.3502502441	-	0	0	0	0	0	0	0	0	0	0	0	0	0	0	0.641692221165	1.92861104012	3.12678408623	3.76330208778	3.70764183998	3.11407446861	2.26907849312	1.43872904778	0.790173351765	0.383266091347	0.191023170948	0.147380277514	0.231806591153	0.526588857174	1.1765704155	2.25661611557	3.6148891449	4.77908229828	5.08832931519	4.11681556702	2.1741733551	0.409478515387	0	0	0	0	0	0	0	0	54.1238975525	0	0	0	0	0	0	0	0	0	0	0	0	0	0	0
Feb 22 2023 18:06:47	1.83126974106	86.8372344971	96.0442657471	0.000506725744344	53.651184082	7.16094684601	73.3245620728	-	0	0	0	0	0	0	0	0	0	0	0	0	0	0	0.875249803066	1.69928812981	2.30153226852	2.6209769249	2.65707755089	2.4553091526	2.0886888504	1.63741874695	1.17748582363	0.781378686428	0.517197132111	0.43544870615	0.572207450867	0.963338077068	1.6172055006	2.48057866096	3.42345762253	4.23220443726	4.63786697388	4.39043140411	3.37090945244	1.7251213789	0.00751676037908	0	0	0	0	0	0	0	53.3321075439	0	0	0	0	0	0	0	0	0	0	0	0	0	0	0
Feb 22 2023 18:06:48	1.63770544529	88.6509399414	96.3506393433	0.000758461479563	57.2180328369	6.78781318665	60.0820426941	-	0	0	0	0	0	0	0	0	0	0	0	0	0	0	0.39867246151	1.65253424644	3.10586380959	3.973954916	3.91335344315	3.11206626892	2.02907586098	1.07293081284	0.44231942296	0.13480399549	0.0327442958951	0.0138875301927	0.031784914434	0.149633780122	0.575625479221	1.58442115784	3.21005368233	4.8699965477	5.44225597382	4.18060255051	1.80556607246	0.186237454414	0	0	0	0	0	0	0	0	58.081615448	0	0	0	0	0	0	0	0	0	0	0	0	0	0	0
Feb 22 2023 18:06:49	1.7124774456	89.022857666	96.4627838135	0.000693983631209	58.7677154541	6.89771556854	63.6769065857	-	0	0	0	0	0	0	0	0	0	0	0	0	0	0	1.05028700829	1.94128084183	2.58104228973	2.92181015015	2.96173191071	2.73924326897	2.3200609684	1.78031027317	1.19704794884	0.651485264301	0.232015758753	0.0185481030494	0.0668863505125	0.40423309803	1.01031637192	1.80537760258	2.64815807343	3.33687663078	3.63967132568	3.35718679428	2.40433740616	0.897794246674	0	0	0	0	0	0	0	0	60.0342979431	0	0	0	0	0	0	0	0	0	0	0	0	0	0	0
Feb 22 2023 18:06:50	1.30738914013	89.8745422363	96.7818908691	0.000463618751382	64.1640090942	8.1159992218	73.8562316895	-	0	0	0	0	0	0	0	0	0	0	0	0	0	0	0	0	12.2218227386	0	0	0	0	0	0	0	0	0	0	0.013716340065	1.91482448578	4.13173246384	5.33198451996	4.84105587006	3.19347643852	1.49539422989	0.444315373898	0.0421727895737	0	0	0	0	0	0	0	0	66.3695068359	0	0	0	0	0	0	0	0	0	0	0	0	0	0	0
Feb 22 2023 18:06:51	1.5407640934	87.5348358154	96.1627426147	0.000902347557712	54.0305709839	5.69818782806	48.7648086548	-	0	0	0	0	0	0	0	0	0	0	0	0	0	0	1.38248157501	2.4907681942	3.22723674774	3.56143760681	3.5241894722	3.19275474548	2.66871476173	2.05466246605	1.44315087795	0.920741438866	0.569108009338	0.447798520327	0.583285272121	0.965552210808	1.53926241398	2.20111727715	2.81179285049	3.20442700386	3.21610307693	2.73581790924	1.75707805157	0.427134901285	0	0	0	0	0	0	0	0	55.0753822327	0	0	0	0	0	0	0	0	0	0	0	0	0	0	0
Feb 22 2023 18:06:52	1.58066987991	89.0519104004	96.4737014771	0.000501945498399	58.9768562317	6.90380144119	70.8387680054	-	0	0	0	0	0	0	0	0	0	0	0	0	0	0	0.000135006179335	0.119250252843	2.40241837502	7.63052177429	6.81232357025	2.12426018715	0.242754206061	0.00914610456675	8.20109198685e-05	9.0314536294e-08	4.99121273825e-12	4.85130338425e-16	5.74355938244e-13	3.53704301403e-08	9.58725213422e-05	0.0222169030458	0.836657643318	6.58754253387	10.5511884689	2.4060356617	0.0240403097123	1.81338783989e-08	0	0	0	0	0	0	0	0	60.2313346863	0	0	0	0	0	0	0	0	0	0	0	0	0	0	0
Feb 22 2023 18:06:53	1.29474043846	89.7968139648	96.7528533936	0.000500894791912	63.3875350952	7.45301914215	69.8038787842	-	0	0	0	0	0	0	0	0	0	0	0	0	0	0	0	2.16611884679e-12	13.5678501129	3.53383172887e-33	0	0	0	0	0	0	0	0	0	0.414957016706	2.46186494827	4.56044244766	5.28796815872	4.28026485443	2.4651055336	0.977824151516	0.233196556568	0.0113870520145	0	0	0	0	0	0	0	0	65.7391357422	0	0	0	0	0	0	0	0	0	0	0	0	0	0	0
Feb 22 2023 18:06:54	1.57061040401	90.3750534058	96.9685058594	0.0007025290397	67.3467330933	9.76041316986	70.5521774292	-	0	0	0	0	0	0	0	0	0	0	0	0	0	0	0	0	0	10.939324379	0	0	0	0	0	0	0	0	0	0	7.03370332718	7.18952655792	3.17897391319	0.804653227329	0.120782807469	0.0102010779083	0.000389062362956	0	0	0	0	0	0	0	0	0	70.722442627	0	0	0	0	0	0	0	0	0	0	0	0	0	0	0
Feb 22 2023 18:06:55	1.58797502518	90.5583724976	97.0366821289	0.00104457838461	68.6255874634	10.0410614014	60.7667388916	-	0	0	0	0	0	0	0	0	0	0	0	0	0	0	0	0	0	10.2794961929	1.8242066115e-13	0	0	0	0	0	0	0	0	0	17.2640953064	8.90582299204e-14	2.07247055991e-33	0	0	0	0	0	0	0	0	0	0	0	0	0	72.4564056396	0	0	0	0	0	0	0	0	0	0	0	0	0	0	0
Feb 22 2023 18:06:56	1.5060185194	87.6150131226	96.1763076782	0.00035536440555	54.2259750366	5.55612516403	73.7835922241	-	0	0	0	0	0	0	0	0	0	0	0	0	0	0	0.0189953316003	0.809234857559	4.17996549606	7.70725011826	7.04189014435	3.640594244	1.12043237686	0.204215869308	0.0211426950991	0.0012985819485	8.77265774761e-05	4.03114900109e-05	0.000314211385557	0.0069015766494	0.10972828418	0.897276699543	3.66053390503	7.23939752579	6.23946332932	1.75458264351	0.0645223855972	1.01924001683e-07	0	0	0	0	0	0	0	0	55.2821350098	0	0	0	0	0	0	0	0	0	0	0	0	0	0	0
Feb 22 2023 18:06:57	-1.00000001505e+30	-1.00000001505e+30	-1.00000001505e+30	-1.00000002538e+26	-1.00000001505e+30	-1.00000001505e+30	99.9215087891	-	0	0	0	0	0	0	0	0	0	0	0	0	0	0	0	0	0	0	0	0	0	0	0	0	0	0	0	0	0	0	0	0	0	0	0	0	0	0	0	0	0	0	0	0	0	0	0	0	0	0	0	0	0	0	0	0	0	0	0	0
Feb 22 2023 18:06:58	-1.00000001505e+30	-1.00000001505e+30	-1.00000001505e+30	-1.00000002538e+26	-1.00000001505e+30	-1.00000001505e+30	99.9890823364	-	0	0	0	0	0	0	0	0	0	0	0	0	0	0	0	0	0	0	0	0	0	0	0	0	0	0	0	0	0	0	0	0	0	0	0	0	0	0	0	0	0	0	0	0	0	0	0	0	0	0	0	0	0	0	0	0	0	0	0	0
Feb 22 2023 18:06:59	-1.00000001505e+30	-1.00000001505e+30	-1.00000001505e+30	-1.00000002538e+26	-1.00000001505e+30	-1.00000001505e+30	99.957321167	-	0	0	0	0	0	0	0	0	0	0	0	0	0	0	0	0	0	0	0	0	0	0	0	0	0	0	0	0	0	0	0	0	0	0	0	0	0	0	0	0	0	0	0	0	0	0	0	0	0	0	0	0	0	0	0	0	0	0	0	0
Feb 22 2023 18:07:00	-1.00000001505e+30	-1.00000001505e+30	-1.00000001505e+30	-1.00000002538e+26	-1.00000001505e+30	-1.00000001505e+30	100.012039185	-	0	0	0	0	0	0	0	0	0	0	0	0	0	0	0	0	0	0	0	0	0	0	0	0	0	0	0	0	0	0	0	0	0	0	0	0	0	0	0	0	0	0	0	0	0	0	0	0	0	0	0	0	0	0	0	0	0	0	0	0
Feb 22 2023 18:07:01	-1.00000001505e+30	-1.00000001505e+30	-1.00000001505e+30	-1.00000002538e+26	-1.00000001505e+30	-1.00000001505e+30	99.9825057983	-	0	0	0	0	0	0	0	0	0	0	0	0	0	0	0	0	0	0	0	0	0	0	0	0	0	0	0	0	0	0	0	0	0	0	0	0	0	0	0	0	0	0	0	0	0	0	0	0	0	0	0	0	0	0	0	0	0	0	0	0
Feb 22 2023 18:07:02	-1.00000001505e+30	-1.00000001505e+30	-1.00000001505e+30	-1.00000002538e+26	-1.00000001505e+30	-1.00000001505e+30	99.9320144653	-	0	0	0	0	0	0	0	0	0	0	0	0	0	0	0	0	0	0	0	0	0	0	0	0	0	0	0	0	0	0	0	0	0	0	0	0	0	0	0	0	0	0	0	0	0	0	0	0	0	0	0	0	0	0	0	0	0	0	0	0
Feb 22 2023 18:07:03	-1.00000001505e+30	-1.00000001505e+30	-1.00000001505e+30	-1.00000002538e+26	-1.00000001505e+30	-1.00000001505e+30	99.9732131958	-	0	0	0	0	0	0	0	0	0	0	0	0	0	0	0	0	0	0	0	0	0	0	0	0	0	0	0	0	0	0	0	0	0	0	0	0	0	0	0	0	0	0	0	0	0	0	0	0	0	0	0	0	0	0	0	0	0	0	0	0
Feb 22 2023 18:07:04	-1.00000001505e+30	-1.00000001505e+30	-1.00000001505e+30	-1.00000002538e+26	-1.00000001505e+30	-1.00000001505e+30	99.8239059448	-	0	0	0	0	0	0	0	0	0	0	0	0	0	0	0	0	0	0	0	0	0	0	0	0	0	0	0	0	0	0	0	0	0	0	0	0	0	0	0	0	0	0	0	0	0	0	0	0	0	0	0	0	0	0	0	0	0	0	0	0
Feb 22 2023 18:07:05	-1.00000001505e+30	-1.00000001505e+30	-1.00000001505e+30	-1.00000002538e+26	-1.00000001505e+30	-1.00000001505e+30	99.8817672729	-	0	0	0	0	0	0	0	0	0	0	0	0	0	0	0	0	0	0	0	0	0	0	0	0	0	0	0	0	0	0	0	0	0	0	0	0	0	0	0	0	0	0	0	0	0	0	0	0	0	0	0	0	0	0	0	0	0	0	0	0
Feb 22 2023 18:07:06	-1.00000001505e+30	-1.00000001505e+30	-1.00000001505e+30	-1.00000002538e+26	-1.00000001505e+30	-1.00000001505e+30	99.9797515869	-	0	0	0	0	0	0	0	0	0	0	0	0	0	0	0	0	0	0	0	0	0	0	0	0	0	0	0	0	0	0	0	0	0	0	0	0	0	0	0	0	0	0	0	0	0	0	0	0	0	0	0	0	0	0	0	0	0	0	0	0
Feb 22 2023 18:07:07	-1.00000001505e+30	-1.00000001505e+30	-1.00000001505e+30	-1.00000002538e+26	-1.00000001505e+30	-1.00000001505e+30	99.9750213623	-	0	0	0	0	0	0	0	0	0	0	0	0	0	0	0	0	0	0	0	0	0	0	0	0	0	0	0	0	0	0	0	0	0	0	0	0	0	0	0	0	0	0	0	0	0	0	0	0	0	0	0	0	0	0	0	0	0	0	0	0
Feb 22 2023 18:07:08	-1.00000001505e+30	-1.00000001505e+30	-1.00000001505e+30	-1.00000002538e+26	-1.00000001505e+30	-1.00000001505e+30	99.9643478394	-	0	0	0	0	0	0	0	0	0	0	0	0	0	0	0	0	0	0	0	0	0	0	0	0	0	0	0	0	0	0	0	0	0	0	0	0	0	0	0	0	0	0	0	0	0	0	0	0	0	0	0	0	0	0	0	0	0	0	0	0
Feb 22 2023 18:07:09	-1.00000001505e+30	-1.00000001505e+30	-1.00000001505e+30	-1.00000002538e+26	-1.00000001505e+30	-1.00000001505e+30	99.9852676392	-	0	0	0	0	0	0	0	0	0	0	0	0	0	0	0	0	0	0	0	0	0	0	0	0	0	0	0	0	0	0	0	0	0	0	0	0	0	0	0	0	0	0	0	0	0	0	0	0	0	0	0	0	0	0	0	0	0	0	0	0
Feb 22 2023 18:07:10	-1.00000001505e+30	-1.00000001505e+30	-1.00000001505e+30	-1.00000002538e+26	-1.00000001505e+30	-1.00000001505e+30	99.9936065674	-	0	0	0	0	0	0	0	0	0	0	0	0	0	0	0	0	0	0	0	0	0	0	0	0	0	0	0	0	0	0	0	0	0	0	0	0	0	0	0	0	0	0	0	0	0	0	0	0	0	0	0	0	0	0	0	0	0	0	0	0
Feb 22 2023 18:07:11	-1.00000001505e+30	-1.00000001505e+30	-1.00000001505e+30	-1.00000002538e+26	-1.00000001505e+30	-1.00000001505e+30	99.9975967407	-	0	0	0	0	0	0	0	0	0	0	0	0	0	0	0	0	0	0	0	0	0	0	0	0	0	0	0	0	0	0	0	0	0	0	0	0	0	0	0	0	0	0	0	0	0	0	0	0	0	0	0	0	0	0	0	0	0	0	0	0
Feb 22 2023 18:07:12	-1.00000001505e+30	-1.00000001505e+30	-1.00000001505e+30	-1.00000002538e+26	-1.00000001505e+30	-1.00000001505e+30	99.9954071045	-	0	0	0	0	0	0	0	0	0	0	0	0	0	0	0	0	0	0	0	0	0	0	0	0	0	0	0	0	0	0	0	0	0	0	0	0	0	0	0	0	0	0	0	0	0	0	0	0	0	0	0	0	0	0	0	0	0	0	0	0
Feb 22 2023 18:07:13	-1.00000001505e+30	-1.00000001505e+30	-1.00000001505e+30	-1.00000002538e+26	-1.00000001505e+30	-1.00000001505e+30	100.004302979	-	0	0	0	0	0	0	0	0	0	0	0	0	0	0	0	0	0	0	0	0	0	0	0	0	0	0	0	0	0	0	0	0	0	0	0	0	0	0	0	0	0	0	0	0	0	0	0	0	0	0	0	0	0	0	0	0	0	0	0	0
Feb 22 2023 18:07:14	-1.00000001505e+30	-1.00000001505e+30	-1.00000001505e+30	-1.00000002538e+26	-1.00000001505e+30	-1.00000001505e+30	100.00920105	-	0	0	0	0	0	0	0	0	0	0	0	0	0	0	0	0	0	0	0	0	0	0	0	0	0	0	0	0	0	0	0	0	0	0	0	0	0	0	0	0	0	0	0	0	0	0	0	0	0	0	0	0	0	0	0	0	0	0	0	0
Feb 22 2023 18:07:15	-1.00000001505e+30	-1.00000001505e+30	-1.00000001505e+30	-1.00000002538e+26	-1.00000001505e+30	-1.00000001505e+30	99.9708557129	-	0	0	0	0	0	0	0	0	0	0	0	0	0	0	0	0	0	0	0	0	0	0	0	0	0	0	0	0	0	0	0	0	0	0	0	0	0	0	0	0	0	0	0	0	0	0	0	0	0	0	0	0	0	0	0	0	0	0	0	0
Feb 22 2023 18:07:16	-1.00000001505e+30	-1.00000001505e+30	-1.00000001505e+30	-1.00000002538e+26	-1.00000001505e+30	-1.00000001505e+30	99.9711380005	-	0	0	0	0	0	0	0	0	0	0	0	0	0	0	0	0	0	0	0	0	0	0	0	0	0	0	0	0	0	0	0	0	0	0	0	0	0	0	0	0	0	0	0	0	0	0	0	0	0	0	0	0	0	0	0	0	0	0	0	0
Feb 22 2023 18:07:17	-1.00000001505e+30	-1.00000001505e+30	-1.00000001505e+30	-1.00000002538e+26	-1.00000001505e+30	-1.00000001505e+30	100.009559631	-	0	0	0	0	0	0	0	0	0	0	0	0	0	0	0	0	0	0	0	0	0	0	0	0	0	0	0	0	0	0	0	0	0	0	0	0	0	0	0	0	0	0	0	0	0	0	0	0	0	0	0	0	0	0	0	0	0	0	0	0
Feb 22 2023 18:07:18	-1.00000001505e+30	-1.00000001505e+30	-1.00000001505e+30	-1.00000002538e+26	-1.00000001505e+30	-1.00000001505e+30	100.029823303	-	0	0	0	0	0	0	0	0	0	0	0	0	0	0	0	0	0	0	0	0	0	0	0	0	0	0	0	0	0	0	0	0	0	0	0	0	0	0	0	0	0	0	0	0	0	0	0	0	0	0	0	0	0	0	0	0	0	0	0	0
