Date-Time	Dx(10)	Dx(50)	Dx(90)	Cv(%)	D[4][3]	D[3][2]	Transmission	0.10000020	0.11659167	0.13593590	0.15848963	0.18478534	0.21544389	0.25118914	0.29286504	0.34145555	0.39810795	0.46415979	0.54117060	0.63095856	0.73564368	0.85769761	1.00000191	1.16591668	1.35935903	1.58489633	1.84785342	2.15443897	2.51189137	2.92865038	3.41455555	3.98107958	4.64159775	5.41170597	6.30958605	7.35643721	8.57697582	10.00002003	11.65916729	13.59359074	15.84896278	18.47853470	21.54438972	25.11891365	29.28650284	34.14555740	39.81079483	46.41598129	54.11705780	63.09585953	73.56436920	85.76976013	100.00019836	116.59166718	135.93591309	158.48962402	184.78533936	215.44389343	251.18913269	292.86502075	341.45556641	398.10794067	464.15979004	541.17059326	630.95855713	735.64367676	857.69757080	1000.00195313
Feb 22 2023 18:03:26	1.48154222965	88.7300567627	96.3638839722	0.000188233505469	57.1794967651	7.07431650162	87.7006759644	-	0	0	0	0	0	0	0	0	0	0	0	0	0	0	0.201063513756	2.18717646599	4.82472801208	4.60402107239	2.35786986351	0.695111393929	0.119067497551	0.012038256973	0.00102813995909	0.000374500086764	0.00184336898383	0.0205613970757	0.168102264404	0.830117821693	2.59337544441	5.33941555023	7.3333902359	6.45428514481	3.23853111267	0.689957916737	0.0222498718649	0	0	0	0	0	0	0	0	0	58.3056945801	0	0	0	0	0	0	0	0	0	0	0	0	0	0	0
Feb 22 2023 18:03:27	6.50377559662	90.6363601685	97.0656585693	0.000378613098292	69.2776489258	11.3692455292	85.7767333984	-	0	0	0	0	0	0	0	0	0	0	0	0	0	0	0	0	0	7.82638263702	0	0	0	0	0	0	0	0	0	14.3394069672	3.96031403542	0.592916190624	0.0580526143312	0.00381174287759	0.000160889307153	3.76304637939e-06	2.02290291185e-08	0	0	0	0	0	0	0	0	2.1067144272e-14	73.2189559937	0	0	0	0	0	0	0	0	0	0	0	0	0	0	0
Feb 22 2023 18:03:28	-1.00000001505e+30	-1.00000001505e+30	-1.00000001505e+30	-1.00000002538e+26	-1.00000001505e+30	-1.00000001505e+30	99.0270385742	-	0	0	0	0	0	0	0	0	0	0	0	0	0	0	0	0	0	0	0	0	0	0	0	0	0	0	0	0	0	0	0	0	0	0	0	0	0	0	0	0	0	0	0	0	0	0	0	0	0	0	0	0	0	0	0	0	0	0	0	0
Feb 22 2023 18:03:29	6.34709692001	90.6836013794	97.0832061768	0.000275368336588	69.6038284302	10.4402151108	88.2369537354	-	0	0	0	0	0	0	0	0	0	0	0	0	0	0	0	0	0	9.45551109314	0	0	0	0	0	0	0	0	0	10.4946022034	6.33203172684	0.0294291842729	1.08852955236e-05	4.47120868108e-10	1.75898694651e-15	3.07052230267e-22	5.08046748247e-33	0	0	0	0	0	0	0	0	0	73.6884155273	0	0	0	0	0	0	0	0	0	0	0	0	0	0	0
Feb 22 2023 18:03:30	6.58715581894	90.8366775513	97.1400146484	0.00044870423153	71.0661087036	11.9758615494	84.0688323975	-	0	0	0	0	0	0	0	0	0	0	0	0	0	0	0	0	0	7.61618232727	0	0	0	0	0	0	0	0	0	10.52039814	5.23442459106	1.18347895145	0.175927981734	0.0181252900511	0.0012595608132	5.21142865182e-05	5.97639655098e-07	0	0	0	0	0	0	0	0	1.86827905712e-14	75.2501525879	0	0	0	0	0	0	0	0	0	0	0	0	0	0	0
Feb 22 2023 18:03:31	6.63665246964	90.5473098755	97.0325698853	0.000599116145167	68.711227417	11.0459651947	77.5109710693	-	0	0	0	0	0	0	0	0	0	0	0	0	0	0	0	0	6.41475434835e-22	8.71738529205	6.78124624935e-16	0	0	0	0	0	0	0	0	5.45017433167	6.79414653778	4.34321928024	1.77179253101	0.480170816183	0.0845891684294	0.00875990558416	0.000325793749653	0	0	0	0	0	0	0	0	0	72.3494338989	0	0	0	0	0	0	0	0	0	0	0	0	0	0	0
Feb 22 2023 18:03:32	6.53844451904	90.660987854	97.0748062134	0.000618009071331	69.5397109985	11.1485013962	77.1588821411	-	0	0	0	0	0	0	0	0	0	0	0	0	0	0	0	0	0	8.4753484726	0	0	0	0	0	0	0	0	0	8.99146175385	6.3209900856	2.17740178108	0.48886436224	0.0748646184802	0.00762278353795	0.000460000592284	8.69368341228e-06	0	0	0	0	0	0	0	0	0	73.4629745483	0	0	0	0	0	0	0	0	0	0	0	0	0	0	0
Feb 22 2023 18:03:33	6.01546192169	89.8253707886	96.7635192871	0.000676883501001	63.8412475586	10.3115320206	73.3798370361	-	0	0	0	0	0	0	0	0	0	0	0	0	0	0	0	0	0	9.51786518097	0	0	0	0	0	0	0	0	0.910356104374	2.41305994987	3.86193871498	4.70636749268	4.65275430679	3.78532886505	2.49869179726	1.26918792725	0.415066868067	0	0	0	0	0	0	0	0	0	65.9693832397	0	0	0	0	0	0	0	0	0	0	0	0	0	0	0
Feb 22 2023 18:03:34	5.93108987808	89.9717483521	96.8181915283	0.000631251838058	64.5952911377	10.2964859009	75.0252456665	-	0	0	0	0	0	0	0	0	0	0	0	0	0	0	0	0	0	9.3204202652	0	0	0	0	0	0	0	0	1.52240538597	3.52531671524	4.85978412628	4.98579597473	4.04492950439	2.6248755455	1.33629572392	0.499181866646	0.106686353683	0	0	0	0	0	0	0	0	0	67.1743087769	0	0	0	0	0	0	0	0	0	0	0	0	0	0	0
Feb 22 2023 18:03:35	6.17314815521	90.3111343384	96.9447097778	0.000622296298388	66.8570022583	11.1191244125	77.3692092896	-	0	0	0	0	0	0	0	0	0	0	0	0	0	0	0	0	0	7.98303937912	0	0	0	0	0	0	0	0	2.57898306847	5.7697968483	6.15957546234	4.30518198013	2.11796975136	0.740982890129	0.179165378213	0.02721032314	0.00167445081752	0	0	0	0	0	0	0	0	0	70.1364212036	0	0	0	0	0	0	0	0	0	0	0	0	0	0	0
Feb 22 2023 18:03:36	7.40745019913	90.7170257568	97.0956192017	0.000850980519317	70.355758667	13.4489889145	75.1273117065	-	0	0	0	0	0	0	0	0	0	0	0	0	0	0	0	0	0	6.33284235001	0	0	0	0	0	0	0	0	0	3.34971618652	7.48611164093	5.52481746674	2.43658447266	0.699848949909	0.130519032478	0.014697343111	0.000739899813198	0	0	0	0	0	0	0	0	0	74.0241241455	0	0	0	0	0	0	0	0	0	0	0	0	0	0	0
Feb 22 2023 18:03:37	7.42314863205	90.3615646362	96.9634857178	0.000778290734161	67.6035919189	11.7598543167	73.4669113159	-	0	0	0	0	0	0	0	0	0	0	0	0	0	0	0	0	0	8.04182815552	0	0	0	0	0	0	0	0	0	1.72589659691	4.87773513794	6.12169075012	4.85433959961	2.60057163239	0.939339876175	0.215551704168	0.0250433105975	0	0	0	0	0	0	0	0	0	70.5979995728	0	0	0	0	0	0	0	0	0	0	0	0	0	0	0
Feb 22 2023 18:03:38	6.86306333542	89.9345932007	96.8043136597	0.000615479773842	64.5590744019	10.9943656921	77.0985565186	-	0	0	0	0	0	0	0	0	0	0	0	0	0	0	0	0	0	8.50921726227	0	0	0	0	0	0	0	0	0.25842499733	2.82822370529	4.87008905411	5.56260251999	4.87371873856	3.39294195175	1.86556780338	0.771917104721	0.202208101749	0.000614598218817	0	0	0	0	0	0	0	0	66.8644714355	0	0	0	0	0	0	0	0	0	0	0	0	0	0	0
Feb 22 2023 18:03:39	6.83769321442	90.2853851318	96.9351196289	0.00038367707748	66.9698867798	10.5397987366	83.998374939	-	0	0	0	0	0	0	0	0	0	0	0	0	0	0	0	0	0	9.79427814484	0	0	0	0	0	0	0	0	0	0.881778657436	3.88738441467	5.69597387314	5.11587953568	3.08978509903	1.26080322266	0.328061252832	0.043099142611	0	0	0	0	0	0	0	0	0	69.9029541016	0	0	0	0	0	0	0	0	0	0	0	0	0	0	0
Feb 22 2023 18:03:40	7.19544219971	90.1536178589	96.8860244751	0.000551971548703	66.2893218994	10.8154211044	78.3356399536	-	0	0	0	0	0	0	0	0	0	0	0	0	0	0	0	0	0	9.53337574005	0	0	0	0	0	0	0	0	0	0.644483923912	2.62456655502	4.378033638	5.03643989563	4.36222267151	2.87455606461	1.38519275188	0.417321324348	0.0126158837229	0	0	0	0	0	0	0	0	68.7311859131	0	0	0	0	0	0	0	0	0	0	0	0	0	0	0
Feb 22 2023 18:03:41	6.98060941696	90.1132659912	96.8709793091	0.000644991989248	65.9354858398	10.6824455261	74.9499282837	-	0	0	0	0	0	0	0	0	0	0	0	0	0	0	0	0	0	9.59046936035	0	0	0	0	0	0	0	0	0	0.911606490612	3.05086946487	4.69583845139	5.07035446167	4.15192937851	2.59880137444	1.19424700737	0.344918519258	0.0111515168101	0	0	0	0	0	0	2.04309316099e-39	7.35949062108e-13	68.3798141479	0	0	0	0	0	0	0	0	0	0	0	0	0	0	0
Feb 22 2023 18:03:42	1.53473651409	89.218460083	96.5362472534	0.000829604105093	60.2885856628	9.11884593964	64.5388717651	-	0	0	0	0	0	0	0	0	0	0	0	0	0	0	0	0	0	11.4843635559	0	0	0	0	0	0	0	0	0.621947646141	1.66610121727	2.89912605286	4.0142159462	4.69434547424	4.7099480629	4.01833057404	2.8054189682	1.42751371861	0.273739308119	0	0	0	0	0	0	0	0	61.3849525452	0	0	0	0	0	0	0	0	0	0	0	0	0	0	0
Feb 22 2023 18:03:43	1.53964877129	89.483039856	96.6354522705	0.000554712780286	61.4867362976	9.06209564209	74.5903930664	-	0	0	0	0	0	0	0	0	0	0	0	0	0	0	0	0	0	11.3366222382	0	0	0	0	0	0	0	0.274277329445	1.3071000576	2.61441326141	3.78995609283	4.46474313736	4.44541072845	3.76512598991	2.6648619175	1.48929905891	0.541690945625	0	0	0	0	0	0	0	0	0	63.3064994812	0	0	0	0	0	0	0	0	0	0	0	0	0	0	0
Feb 22 2023 18:03:44	1.56048059464	90.2518768311	96.9226379395	0.000473866268294	66.330039978	9.58643436432	78.8558120728	-	0	0	0	0	0	0	0	0	0	0	0	0	0	0	0	0	0	10.797829628	0	0	0	0	0	0	0	0	0.00197596568614	4.53064680099	6.2357583046	4.92318344116	2.63142704964	0.983405947685	0.251666903496	0.04019857198	0.00257774582133	0	0	0	0	0	0	0	0	0	69.6013412476	0	0	0	0	0	0	0	0	0	0	0	0	0	0	0
Feb 22 2023 18:03:45	5.94515323639	90.0506668091	96.8476333618	0.000625146727543	65.1686859131	10.2372617722	74.9189376831	-	0	0	0	0	0	0	0	0	0	0	0	0	0	0	0	0	0	9.65216732025	0	0	0	0	0	0	0	0	0.884249448776	3.02606010437	4.66382217407	5.04582166672	4.1930103302	2.72903084755	1.36841344833	0.495034128428	0.100908041	0	0	0	0	0	0	0	0	0	67.8414840698	0	0	0	0	0	0	0	0	0	0	0	0	0	0	0
Feb 22 2023 18:03:46	7.04867362976	90.3533706665	96.96043396	0.000389562541386	67.4495315552	11.0977315903	84.7338104248	-	0	0	0	0	0	0	0	0	0	0	0	0	0	0	0	0	0	8.86714553833	0	0	0	0	0	0	0	0	0	1.97461640835	4.86362218857	5.84218263626	4.5123758316	2.36913347244	0.839703977108	0.188060879707	0.0205602850765	0	0	0	0	0	0	0	0	0	70.5225982666	0	0	0	0	0	0	0	0	0	0	0	0	0	0	0
Feb 22 2023 18:03:47	7.53537511826	89.9034881592	96.7927017212	0.00053454429144	64.8001022339	11.4523620605	80.3432998657	-	0	0	0	0	0	0	0	0	0	0	0	0	0	0	0	0	0	8.46632385254	0	0	0	0	0	0	0	0	0.0113286431879	1.18861865997	2.72844552994	4.13785839081	4.90440559387	4.73949956894	3.73684692383	2.32162356377	1.00967097282	0.14819355309	0	0	0	0	0	0	0	0	66.6071853638	0	0	0	0	0	0	0	0	0	0	0	0	0	0	0
Feb 22 2023 18:03:48	1.57070553303	89.274055481	96.5571060181	0.000428433413617	60.789478302	9.67782115936	80.9557342529	-	0	0	0	0	0	0	0	0	0	0	0	0	0	0	0	0	0	10.5540714264	0	0	0	0	0	0	0	0.0627829432487	0.608661949635	1.51947391033	2.66095685959	3.78690671921	4.5967912674	4.81832122803	4.31856584549	3.18717479706	1.73160660267	0.375258773565	0	0	0	0	0	0	0	0	61.7794265747	0	0	0	0	0	0	0	0	0	0	0	0	0	0	0
Feb 22 2023 18:03:49	1.49952447414	88.2528915405	96.2838592529	0.000615791417658	56.6557197571	7.18429899216	65.40234375	-	0	0	0	0	0	0	0	0	0	0	0	0	0	0	0.0373926945031	1.27944922447	4.81108808517	5.80739021301	3.06827688217	0.782749414444	0.0943237617612	0.00455641606823	6.15637327428e-05	1.85221239235e-07	7.05127911615e-09	9.49459717958e-07	0.000207511038752	0.0101031875238	0.164078339934	1.18858909607	4.43266487122	8.77350902557	8.65677070618	3.5363483429	0.373554497957	0.00192736601457	0	0	0	0	0	0	0	0	56.9769554138	0	0	0	0	0	0	0	0	0	0	0	0	0	0	0
Feb 22 2023 18:03:50	1.57259988785	89.4569244385	96.6256713867	0.000510693993419	61.8711433411	9.83179759979	77.9760513306	-	0	0	0	0	0	0	0	0	0	0	0	0	0	0	0	0	0	10.5102825165	0	0	0	0	0	0	0	0	0.265983760357	1.27203953266	2.56329393387	3.81838679314	4.66618442535	4.81274604797	4.17633199692	2.94820261002	1.523219347	0.331562250853	0	0	0	0	0	0	0	0	63.1117630005	0	0	0	0	0	0	0	0	0	0	0	0	0	0	0
Feb 22 2023 18:03:51	1.56430745125	89.2141723633	96.5346374512	0.000701803481206	60.3497390747	9.50602245331	70.3272094727	-	0	0	0	0	0	0	0	0	0	0	0	0	0	0	0	0	0	10.7051038742	0	0	0	0	0	0	0	0.0983969569206	0.724047124386	1.73343586922	2.93608260155	4.0395860672	4.7329158783	4.78012943268	4.12158060074	2.92287659645	1.52668297291	0.324471861124	0	0	0	0	0	0	0	0	61.3546905518	0	0	0	0	0	0	0	0	0	0	0	0	0	0	0
Feb 22 2023 18:03:52	6.54156064987	90.7216491699	97.097328186	0.00101107510272	70.0395507813	11.3391876221	65.9641113281	-	0	0	0	0	0	0	0	0	0	0	0	0	0	0	0	0	0	8.25356388092	0	0	0	0	0	0	0	0	0	9.90904903412	6.00449085236	1.49326086044	0.240155011415	0.0266185998917	0.00199100328609	8.99564111023e-05	1.35862489969e-06	0	0	0	0	0	0	0	0	0	74.0707778931	0	0	0	0	0	0	0	0	0	0	0	0	0	0	0
Feb 22 2023 18:03:53	7.12522029877	90.5992507935	97.0518722534	0.00116893113591	69.3030853271	11.7379102707	62.741394043	-	0	0	0	0	0	0	0	0	0	0	0	0	0	0	0	0	0	8.15728282928	0	0	0	0	0	0	0	0	0	2.70980620384	6.17450618744	5.62256669998	3.09114289284	1.10122966766	0.252599596977	0.0346279516816	0.0020831071306	0	0	0	0	0	0	0	0	0	72.8541641235	0	0	0	0	0	0	0	0	0	0	0	0	0	0	0
Feb 22 2023 18:03:54	6.74368619919	90.500289917	97.0150909424	0.00108747615013	68.3992538452	11.1431131363	63.2643814087	-	0	0	0	0	0	0	0	0	0	0	0	0	0	0	0	0	0	8.62550067902	0	0	0	0	0	0	0	0	0	4.39380693436	6.53668880463	5.05626869202	2.48686170578	0.809052705765	0.170963451266	0.0215176790953	0.00111457915045	0	0	0	0	0	0	0	0	0	71.898223877	0	0	0	0	0	0	0	0	0	0	0	0	0	0	0
Feb 22 2023 18:03:55	1.54821848869	89.1244506836	96.5009536743	0.000716919952538	59.3928909302	7.06175088882	61.3425750732	-	0	0	0	0	0	0	0	0	0	0	0	0	0	0	0.256291806698	1.80010592937	3.92913222313	4.70743322372	3.65097665787	1.93167865276	0.688745260239	0.150804638863	0.0160256307572	0.000516989035532	1.17283034342e-05	0.000266058865236	0.0108805056661	0.123612143099	0.65222465992	2.05045127869	4.27891540527	6.06171321869	5.57101392746	2.8660504818	0.523311138153	0.00119267927948	0	0	0	0	0	0	1.40129846432e-43	6.4369739431e-15	60.7286453247	0	0	0	0	0	0	0	0	0	0	0	0	0	0	0
Feb 22 2023 18:03:56	1.51153004169	89.406463623	96.6067581177	0.000785814889241	60.9409484863	7.10177135468	57.8332176208	-	0	0	0	0	0	0	0	0	0	0	0	0	0	0	0.025433074683	1.01937377453	4.48988437653	6.34205102921	3.90893936157	1.1535179615	0.15720269084	0.00801660679281	8.64304092829e-05	3.99959390052e-08	6.21695010468e-14	1.02192725393e-08	4.4850861741e-05	0.00572196720168	0.138944461942	1.17852795124	4.4222741127	7.67473745346	5.54340553284	1.17199742794	0.0211690012366	0	0	0	0	0	0	0	0	0	62.7386741638	0	0	0	0	0	0	0	0	0	0	0	0	0	0	0
Feb 22 2023 18:03:57	1.50543498993	88.4358444214	96.3145828247	0.000596350291744	56.6353607178	6.50293302536	64.2565155029	-	0	0	0	0	0	0	0	0	0	0	0	0	0	0	0.31399127841	2.0210776329	4.26251840591	5.06317901611	3.96300959587	2.14831447601	0.796969532967	0.185082837939	0.0216171499342	0.000871593598276	4.13738562202e-05	0.000690304790623	0.0185523033142	0.168916448951	0.777625918388	2.23951601982	4.44366168976	6.20345497131	5.85528612137	3.28329086304	0.745267093182	0.00702916458249	0	0	0	0	0	0	0	0	57.4800376892	0	0	0	0	0	0	0	0	0	0	0	0	0	0	0
Feb 22 2023 18:03:58	1.52539741993	89.2998733521	96.5667953491	0.000660510850139	60.3450317383	8.60559272766	69.0671386719	-	0	0	0	0	0	0	0	0	0	0	0	0	0	0	0	0	1.49606646516e-11	12.182841301	2.45336585249e-12	0	0	0	0	0	0	0.338958710432	1.27847850323	2.50680351257	3.67283082008	4.42016887665	4.52184438705	3.94957661629	2.88849186897	1.66486644745	0.610884547234	0	0	0	0	0	0	0	0	0	61.9642562866	0	0	0	0	0	0	0	0	0	0	0	0	0	0	0
Feb 22 2023 18:03:59	5.89912939072	89.9404678345	96.8065109253	0.00055022543529	64.4078140259	10.256770134	77.743057251	-	0	0	0	0	0	0	0	0	0	0	0	0	0	0	0	0	0	9.39981460571	0	0	0	0	0	0	0	0	1.46342539787	3.36757087708	4.70149087906	4.9435172081	4.15174865723	2.81469130516	1.50995111465	0.598752677441	0.135726079345	0	0	0	0	0	0	0	0	0	66.9133148193	0	0	0	0	0	0	0	0	0	0	0	0	0	0	0
Feb 22 2023 18:04:00	5.64054346085	89.3634796143	96.5906448364	0.000238141627051	60.7658233643	9.69076251984	89.1609954834	-	0	0	0	0	0	0	0	0	0	0	0	0	0	0	0	0	0	9.78179931641	0	0	0	0	0	0	0	0	1.47927081585	3.54801416397	5.05133724213	5.50594758987	4.91282272339	3.64700269699	2.22633862495	1.06603312492	0.342757463455	0.0144626814872	0	0	0	0	0	0	0	0	62.4242134094	0	0	0	0	0	0	0	0	0	0	0	0	0	0	0
Feb 22 2023 18:04:01	6.69200754166	90.3038787842	96.9420089722	0.000363898318028	66.9026641846	11.1413478851	85.9540863037	-	0	0	0	0	0	0	0	0	0	0	0	0	0	0	0	0	0	8.28083992004	0	0	0	0	0	0	0	0	0.323937296867	4.89510250092	6.70130777359	5.36022901535	2.91395068169	1.11035978794	0.291395425797	0.0486852265894	0.00374005618505	0	0	0	0	0	0	0	0	0	70.0704498291	0	0	0	0	0	0	0	0	0	0	0	0	0	0	0
Feb 22 2023 18:04:02	6.86596727371	90.3218078613	96.9486846924	0.000454590452136	67.0771484375	11.1338310242	82.6749649048	-	0	0	0	0	0	0	0	0	0	0	0	0	0	0	0	0	7.18779239513e-21	8.45578193665	4.2062317171e-13	0	0	0	0	0	0	0	0	3.69510698318	6.66580057144	5.9911699295	3.37183356285	1.24426698685	0.297156840563	0.0425726622343	0.00270687160082	0	0	0	0	0	0	0	0	6.969006264e-14	70.2336044312	0	0	0	0	0	0	0	0	0	0	0	0	0	0	0
Feb 22 2023 18:04:03	6.96543073654	90.3845214844	96.9720306396	0.000478138332255	67.6184387207	11.0587072372	81.5655517578	-	0	0	0	0	0	0	0	0	0	0	0	0	0	0	0	0	0	8.85041236877	0	0	0	0	0	0	0	0	0	2.35803675652	5.51150798798	6.0262055397	4.06293439865	1.78369092941	0.504989385605	0.0856781750917	0.00648719305173	0	0	0	0	0	0	0	0	0	70.8100585938	0	0	0	0	0	0	0	0	0	0	0	0	0	0	0
Feb 22 2023 18:04:04	1.57323122025	88.8874664307	96.4118728638	0.000600873958319	58.2034034729	7.01428413391	66.6594238281	-	0	0	0	0	0	0	0	0	0	0	0	0	0	0	0.609602987766	2.13706970215	3.51778817177	3.92143988609	3.2890894413	2.14220166206	1.06893372536	0.378761768341	0.077397711575	0.00491861067712	1.22254359667e-05	0.00325336912647	0.0647097304463	0.351937264204	1.08480024338	2.35972118378	3.94467926025	5.18168115616	5.23932504654	3.78145503998	1.57192385197	0.13725155592	0	0	0	0	0	0	2.80259692865e-43	7.75771895995e-15	59.1320457458	0	0	0	0	0	0	0	0	0	0	0	0	0	0	0
Feb 22 2023 18:04:05	1.5817592144	89.6885757446	96.712387085	0.000891549279913	63.0153656006	9.86238765717	64.989982605	-	0	0	0	0	0	0	0	0	0	0	0	0	0	0	0	0	0	10.3042974472	0	0	0	0	0	0	0	0	0.666430175304	2.02047371864	3.41347455978	4.38977050781	4.63976335526	4.11116409302	3.02578496933	1.77066302299	0.715033531189	0.0630376935005	0	0	0	0	0	0	0	0	64.8801116943	0	0	0	0	0	0	0	0	0	0	0	0	0	0	0
Feb 22 2023 18:04:06	6.50327730179	90.8673706055	97.1513977051	0.000777244800702	71.2655487061	11.9969148636	74.1903152466	-	0	0	0	0	0	0	0	0	0	0	0	0	0	0	0	0	0	7.38830661774	0	0	0	0	0	0	0	0	0	16.306558609	0.734164118767	6.14758675965e-07	2.81478048098e-15	1.52948999188e-25	7.70327397002e-38	0	0	0	0	0	0	0	0	0	0	0	75.5709686279	0	0	0	0	0	0	0	0	0	0	0	0	0	0	0
Feb 22 2023 18:04:07	6.58416938782	90.2396087646	96.9180679321	0.000680157216266	66.6781082153	10.5228404999	73.3838043213	-	0	0	0	0	0	0	0	0	0	0	0	0	0	0	0	0	0	9.79289627075	0	0	0	0	0	0	0	0	0	1.42534184456	3.648645401	5.01197767258	4.78994083405	3.36477708817	1.73198604584	0.618318259716	0.124546907842	0	0	0	0	0	0	0	0	0	69.491569519	0	0	0	0	0	0	0	0	0	0	0	0	0	0	0
Feb 22 2023 18:04:08	5.75222969055	89.978805542	96.8208236694	0.000557902676519	64.7314453125	10.1542139053	77.0784301758	-	0	0	0	0	0	0	0	0	0	0	0	0	0	0	0	0	0	9.80199718475	0	0	0	0	0	0	0	0	0.929923832417	2.74902391434	4.24925661087	4.81544542313	4.32470607758	3.1308889389	1.79829072952	0.770472049713	0.196529641747	0	0	0	0	0	0	0	0	0	67.2334671021	0	0	0	0	0	0	0	0	0	0	0	0	0	0	0
Feb 22 2023 18:04:09	5.91307783127	90.1276245117	96.876335144	0.000675349961966	65.7819061279	10.2234964371	72.9538879395	-	0	0	0	0	0	0	0	0	0	0	0	0	0	0	0	0	0	9.96952342987	0	0	0	0	0	0	0	0	0.300961136818	2.31219434738	4.15479135513	4.92915248871	4.40162372589	3.04914069176	1.61978244781	0.621199667454	0.13720485568	0	0	0	0	0	0	0	0	0	68.5044250488	0	0	0	0	0	0	0	0	0	0	0	0	0	0	0
Feb 22 2023 18:04:10	7.12204360962	90.5356216431	97.0282287598	0.000989409396425	68.7693099976	11.0101270676	65.210357666	-	0	0	0	0	0	0	0	0	0	0	0	0	0	0	0	0	0	9.16882419586	0	0	0	0	0	0	0	0	0	1.43656539917	5.76768445969	6.01184272766	3.60758495331	1.38052344322	0.337702929974	0.0492827743292	0.00320530636236	0	0	0	0	0	0	0	0	0	72.2367858887	0	0	0	0	0	0	0	0	0	0	0	0	0	0	0
Feb 22 2023 18:04:11	1.46148371696	87.9917068481	96.2398986816	0.000398004456656	56.0097045898	6.98250818253	75.0024185181	-	0	0	0	0	0	0	0	0	0	0	0	0	0	0	0.00315479841083	0.741608381271	5.60000038147	7.1564450264	2.49857854843	0.276668697596	0.00934088882059	7.39881070331e-05	8.00942672186e-08	1.16571734904e-11	3.4195622679e-13	7.35536132002e-10	1.87937553164e-06	0.000556692364626	0.0335405953228	0.613540530205	4.15284061432	10.7683343887	9.62089443207	2.19292855263	0.0593851804733	1.16505116239e-05	0	0	0	0	0	0	0	0	56.2720947266	0	0	0	0	0	0	0	0	0	0	0	0	0	0	0
Feb 22 2023 18:04:12	1.5983325243	87.8006439209	96.2076721191	0.000375835341401	55.6262359619	6.88859176636	77.57371521	-	0	0	0	0	0	0	0	0	0	0	0	0	0	0	0.98587757349	2.28298974037	3.17030143738	3.38259124756	2.97764897346	2.20894789696	1.36794579029	0.671185851097	0.226452708244	0.0350916162133	0.00152861198876	0.0348959043622	0.234553337097	0.722216844559	1.55071938038	2.66153764725	3.85551857948	4.78805971146	5.04781723022	4.34596395493	2.76292467117	0.919118344784	0	0	0	0	0	0	0	0	55.7661132813	0	0	0	0	0	0	0	0	0	0	0	0	0	0	0
Feb 22 2023 18:04:13	7.31908273697	90.4561309814	96.998664856	0.000594709301367	68.2565002441	11.4585752487	78.3249282837	-	0	0	0	0	0	0	0	0	0	0	0	0	0	0	0	0	0	8.52576637268	0	0	0	0	0	0	0	0	0	1.57564353943	4.92026376724	6.10536623001	4.50662660599	2.12573575974	0.638216018677	0.113842859864	0.00913878250867	0	0	0	0	0	0	0	0	0	71.4794006348	0	0	0	0	0	0	0	0	0	0	0	0	0	0	0
Feb 22 2023 18:04:14	6.92084598541	89.921043396	96.7992553711	0.00062596204225	64.6820449829	10.9459838867	76.4168167114	-	0	0	0	0	0	0	0	0	0	0	0	0	0	0	0	0	0	8.91957759857	0	0	0	0	0	0	0	0	0.235361427069	1.73234605789	3.39383363724	4.5989575386	4.90278482437	4.24843358994	2.97759795189	1.61670672894	0.586428046227	0.0358159355819	0	0	0	0	0	0	0	0	66.7521514893	0	0	0	0	0	0	0	0	0	0	0	0	0	0	0
Feb 22 2023 18:04:15	1.53934824467	89.838722229	96.7685089111	0.000458449969301	63.8676338196	9.4031162262	78.9631729126	-	0	0	0	0	0	0	0	0	0	0	0	0	0	0	0	0	0	11.3448467255	0	0	0	0	0	0	0	0	0.30490899086	1.66594791412	3.1991417408	4.31721115112	4.58312892914	3.9336566925	2.70264267921	1.40939629078	0.461570769548	0	0	0	0	0	0	0	0	0	66.077545166	0	0	0	0	0	0	0	0	0	0	0	0	0	0	0
Feb 22 2023 18:04:16	5.78552341461	90.0230331421	96.8373260498	0.000735054549295	64.9775772095	10.3884916306	71.7702713013	-	0	0	0	0	0	0	0	0	0	0	0	0	0	0	0	0	7.63735342582e-20	9.2385969162	1.49259470343e-13	0	0	0	0	0	0	0.244979470968	1.67330825329	3.31301283836	4.44438552856	4.63090085983	3.91479468346	2.70047140121	1.48631191254	0.607484459877	0.139338046312	0	0	0	0	0	0	0	0	0	67.6064147949	0	0	0	0	0	0	0	0	0	0	0	0	0	0	0
Feb 22 2023 18:04:17	6.24619054794	89.6981048584	96.7159500122	0.000396635296056	63.3496170044	10.4684839249	83.5523910522	-	0	0	0	0	0	0	0	0	0	0	0	0	0	0	0	0	0	9.58069801331	0	0	0	0	0	0	0	0	0.47578689456	1.47093856335	2.70907139778	3.86674785614	4.5818157196	4.58713054657	3.84326052666	2.58164811134	1.21116435528	0.13686864078	0	0	0	0	0	0	0	0	64.9548721313	0	0	0	0	0	0	0	0	0	0	0	0	0	0	0
Feb 22 2023 18:04:18	7.56626319885	90.4074554443	96.9805603027	0.000611784285866	68.0421905518	11.4632816315	77.6508026123	-	0	0	0	0	0	0	0	0	0	0	0	0	0	0	0	0	0	8.73085975647	0	0	0	0	0	0	0	0	0	0.845728993416	3.36472058296	5.24024915695	5.15323543549	3.47212958336	1.60835921764	0.484883725643	0.0767773017287	0	0	0	0	0	0	0	0	0	71.0230560303	0	0	0	0	0	0	0	0	0	0	0	0	0	0	0
Feb 22 2023 18:04:19	1.51160109043	87.9533996582	96.2334442139	0.000532673904672	55.7458534241	6.69175338745	68.0598754883	-	0	0	0	0	0	0	0	0	0	0	0	0	0	0	0.26572522521	1.96528792381	4.27500247955	4.97202062607	3.68006682396	1.83577013016	0.613055825233	0.126624405384	0.0135538065806	0.000650718342513	7.33952765586e-05	0.000707000552211	0.0149361426011	0.142073228955	0.715440273285	2.24147319794	4.74746847153	6.91282320023	6.65122652054	3.74792361259	0.887841820717	0.0202606581151	0	0	0	0	0	0	0	0	56.1700057983	0	0	0	0	0	0	0	0	0	0	0	0	0	0	0
Feb 22 2023 18:04:20	1.53305697441	88.7304382324	96.3639526367	0.000411405257182	58.5180854797	9.22878837585	80.5791702271	-	0	0	0	0	0	0	0	0	0	0	0	0	0	0	0	0	0	11.6037101746	0	0	0	0	0	0	0	0	0.204103574157	0.719950139523	1.54827833176	2.63773274422	3.82880353928	4.84686660767	5.35167074203	5.0523018837	3.85588145256	1.99623203278	0.0476992204785	0	0	0	0	0	0	0	58.3067703247	0	0	0	0	0	0	0	0	0	0	0	0	0	0	0
Feb 22 2023 18:04:21	5.66504192352	88.8350982666	96.3921661377	0.000361522543244	58.8977394104	10.1233434677	84.4618988037	-	0	0	0	0	0	0	0	0	0	0	0	0	0	0	0	0	0	9.83569431305	0	0	0	0	0	0	0	0.0838436931372	0.423022598028	1.0692666769	2.02458071709	3.19012355804	4.35404014587	5.20746660233	5.42457342148	4.79457759857	3.35264849663	1.45021188259	0	0	0	0	0	0	0	0	58.7899513245	0	0	0	0	0	0	0	0	0	0	0	0	0	0	0
Feb 22 2023 18:04:22	1.5836596489	89.257194519	96.55078125	0.00045598091674	61.1192016602	10.1039848328	80.5570373535	-	0	0	0	0	0	0	0	0	0	0	0	0	0	0	0	0	0	10.2627105713	0	0	0	0	0	0	0	0	0.129477486014	0.765415966511	1.74848926067	2.95506334305	4.13268995285	4.93892288208	5.05184936523	4.32079029083	2.87974667549	1.15556097031	0	0	0	0	0	0	0	0	61.6592826843	0	0	0	0	0	0	0	0	0	0	0	0	0	0	0
Feb 22 2023 18:04:23	1.58655190468	89.2648010254	96.5536346436	0.000429062580224	60.8927764893	9.95006465912	81.4410552979	-	0	0	0	0	0	0	0	0	0	0	0	0	0	0	0	0	0	10.2001571655	0	0	0	0	0	0	0	0.0731862261891	0.514187574387	1.3091981411	2.38124585152	3.53144955635	4.4733710289	4.90156507492	4.607858181	3.59370517731	2.10961484909	0.591010868549	0	0	0	0	0	0	0	0	61.7134513855	0	0	0	0	0	0	0	0	0	0	0	0	0	0	0
Feb 22 2023 18:04:24	6.63793611526	89.6583633423	96.7010803223	0.00039738760097	63.2865142822	10.5628709793	83.5930709839	-	0	0	0	0	0	0	0	0	0	0	0	0	0	0	0	0	0	9.64056110382	0	0	0	0	0	0	0	0	0.142898142338	0.991387844086	2.18600058556	3.46535658836	4.46056604385	4.81675958633	4.35698270798	3.19527721405	1.71125471592	0.388795077801	0	0	0	0	0	0	0	0	64.6441574097	0	0	0	0	0	0	0	0	0	0	0	0	0	0	0
Feb 22 2023 18:04:25	6.94853878021	89.4223480225	96.6127090454	0.000477041234262	62.26304245	10.7069320679	80.8445892334	-	0	0	0	0	0	0	0	0	0	0	0	0	0	0	0	0	0	9.5871295929	0	0	0	0	0	0	0	0	0.108634725213	0.605700135231	1.44398188591	2.56546735764	3.77309846878	4.73815822601	5.08960580826	4.57592964172	3.22740077972	1.42922449112	0	0	0	0	0	0	0	0	62.8556671143	0	0	0	0	0	0	0	0	0	0	0	0	0	0	0
Feb 22 2023 18:04:26	1.52226066589	89.1196899414	96.499168396	0.000690734072123	60.3310699463	8.97915077209	68.5197906494	-	0	0	0	0	0	0	0	0	0	0	0	0	0	0	0	0	0	12.4379549026	0	0	0	0	0	0	0	0	0.0915597975254	0.473144978285	1.16900348663	2.17242717743	3.35248756409	4.42976760864	5.02324533463	4.78887081146	3.61010503769	1.7556385994	0	0	0	0	0	0	0	0	60.6958045959	0	0	0	0	0	0	0	0	0	0	0	0	0	0	0
Feb 22 2023 18:04:27	1.53674185276	89.669090271	96.7050933838	0.000510871177539	63.2815208435	9.59464550018	77.1096420288	-	0	0	0	0	0	0	0	0	0	0	0	0	0	0	0	0	0	11.4167299271	0	0	0	0	0	0	0	0	0	0.57069838047	1.58044993877	2.83537530899	3.99357676506	4.63382434845	4.44740056992	3.42620420456	1.91235172749	0.455691426992	0	0	0	0	0	0	0	0	64.7276992798	0	0	0	0	0	0	0	0	0	0	0	0	0	0	0
Feb 22 2023 18:04:28	8.35799217224	90.5856018066	97.0467987061	0.00042855166248	69.6381454468	11.7932453156	83.9723587036	-	0	0	0	0	0	0	0	0	0	0	0	0	0	0	0	0	0	8.8907957077	0	0	0	0	0	0	0	0	0	0.0694939494133	1.39872312546	3.49967622757	4.94460773468	4.51962661743	2.72217798233	1.03158593178	0.202423736453	0	0	0	0	0	0	0	0	0	72.7208938599	0	0	0	0	0	0	0	0	0	0	0	0	0	0	0
Feb 22 2023 18:04:29	8.16069030762	90.4851531982	97.0094604492	0.000469375547254	68.8268432617	12.7049283981	84.1919555664	-	0	0	0	0	0	0	0	0	0	0	0	0	0	0	0	0	0	7.47292470932	0	0	0	0	0	0	0	0	0	0.743941485882	3.0074660778	4.90564203262	5.21317338943	3.91665363312	2.08920049667	0.750210762024	0.146658748388	0	0	0	0	0	0	0	0	0	71.7541275024	0	0	0	0	0	0	0	0	0	0	0	0	0	0	0
Feb 22 2023 18:04:30	7.39786481857	89.2660980225	96.5541229248	0.000441992189735	61.5541877747	10.7905244827	82.2601547241	-	0	0	0	0	0	0	0	0	0	0	0	0	0	0	0	0	0	9.4905128479	0	0	0	0	0	0	0	0	0.00909693725407	0.464592218399	1.26332223415	2.37216281891	3.6278719902	4.72831439972	5.29628896713	5.02144908905	3.83001899719	2.00691795349	0.166758820415	0	0	0	0	0	0	0	61.7226905823	0	0	0	0	0	0	0	0	0	0	0	0	0	0	0
Feb 22 2023 18:04:31	1.57531177998	90.0383987427	96.8430557251	0.000417485978687	65.4703140259	10.1786546707	82.0115356445	-	0	0	0	0	0	0	0	0	0	0	0	0	0	0	0	0	0	10.4483165741	0	0	0	0	0	0	0	0	0	0.908413410187	2.40102744102	3.78882884979	4.52043867111	4.29959249496	3.26302909851	1.89251625538	0.71545535326	0.0254541747272	0	0	0	0	0	0	0	0	67.7369308472	0	0	0	0	0	0	0	0	0	0	0	0	0	0	0
Feb 22 2023 18:04:32	7.45492124557	90.3784866333	96.9697799683	0.000434980058344	67.9221572876	11.0271234512	82.7082366943	-	0	0	0	0	0	0	0	0	0	0	0	0	0	0	0	0	0	9.52554035187	0	0	0	0	0	0	0	0	0	0.355959355831	2.15018749237	4.10702800751	4.98450469971	4.25143480301	2.57487845421	1.05536520481	0.24095505476	0	0	0	0	0	0	0	0	0	70.7541503906	0	0	0	0	0	0	0	0	0	0	0	0	0	0	0
Feb 22 2023 18:04:33	7.12396144867	90.4620437622	97.000869751	0.000384199083783	68.3528289795	11.3000717163	85.108253479	-	0	0	0	0	0	0	0	0	0	0	0	0	0	0	0	0	0	8.85504817963	0	0	0	0	0	0	0	0	0	1.67610907555	4.02311706543	5.19288110733	4.49228382111	2.7269282341	1.14819228649	0.310980618	0.0392558686435	0	0	0	0	0	0	0	0	0	71.5352020264	0	0	0	0	0	0	0	0	0	0	0	0	0	0	0
Feb 22 2023 18:04:34	7.8241147995	90.3915405273	96.9746398926	0.000466759433039	68.0471115112	11.603094101	82.605430603	-	0	0	0	0	0	0	0	0	0	0	0	0	0	0	0	0	0	8.70118331909	0	0	0	0	0	0	0	0	0	0.524709045887	2.59428668022	4.5591802597	5.16229438782	4.13064432144	2.35317707062	0.906984686852	0.192428156734	0	0	0	0	0	0	0	0	0	70.8751144409	0	0	0	0	0	0	0	0	0	0	0	0	0	0	0
Feb 22 2023 18:04:35	8.28663063049	90.4787979126	97.0070953369	0.00052070862148	68.756072998	12.0909404755	81.5708084106	-	0	0	0	0	0	0	0	0	0	0	0	0	0	0	0	0	0	8.24827957153	0	0	0	0	0	0	0	0	0	0.215405061841	2.25734090805	4.68408060074	5.58186340332	4.31221151352	2.19186067581	0.699353098869	0.115781381726	0	0	0	0	0	0	0	0	5.90586099177e-15	71.6938247681	0	0	0	0	0	0	0	0	0	0	0	0	0	0	0
Feb 22 2023 18:04:36	5.90234708786	89.8264541626	96.7639312744	0.00048329794663	63.9679336548	10.2521591187	79.9166183472	-	0	0	0	0	0	0	0	0	0	0	0	0	0	0	0	0	0	9.84795761108	0	0	0	0	0	0	0	0	0.465800613165	1.81480586529	3.27796030045	4.35471487045	4.6727013588	4.14770364761	3.02003407478	1.72346901894	0.661153554916	0.0355466045439	0	0	0	0	0	0	0	0	65.9781494141	0	0	0	0	0	0	0	0	0	0	0	0	0	0	0
Feb 22 2023 18:04:37	1.53164589405	88.8706512451	96.4055480957	0.000414525449742	58.7932014465	9.08907032013	80.210105896	-	0	0	0	0	0	0	0	0	0	0	0	0	0	0	0	0	8.26137830292e-15	11.7060165405	2.70913713419e-14	0	0	0	0	0	0	0	0.30482929945	1.00383448601	2.01327252388	3.19716072083	4.31263589859	5.0444521904	5.0988035202	4.33406543732	2.86710381508	1.09603500366	0	0	0	0	0	0	0	0	59.0217895508	0	0	0	0	0	0	0	0	0	0	0	0	0	0	0
Feb 22 2023 18:04:38	6.91360664368	89.8496017456	96.7725753784	0.000415122893173	64.2399673462	10.9291067123	83.6621017456	-	0	0	0	0	0	0	0	0	0	0	0	0	0	0	0	0	8.3372546673e-15	8.89311885834	1.20145728219e-13	0	0	0	0	0	0	0	0.255190312862	1.75903141499	3.36373376846	4.53722286224	4.89626407623	4.36182785034	3.18940830231	1.83142924309	0.70875120163	0.0380724407732	0	0	0	0	0	0	0	0	66.1659469604	0	0	0	0	0	0	0	0	0	0	0	0	0	0	0
Feb 22 2023 18:04:39	7.50732469559	90.2632369995	96.9268722534	0.000685465638526	67.1129837036	11.1238412857	74.4891662598	-	0	0	0	0	0	0	0	0	0	0	0	0	0	0	0	0	0	9.24594593048	0	0	0	0	0	0	0	0	0	0.535745203495	2.47900295258	4.24787902832	4.94106340408	4.28961277008	2.8132379055	1.33965086937	0.394937962294	0.00960933044553	0	0	0	0	0	0	0	0	69.7033157349	0	0	0	0	0	0	0	0	0	0	0	0	0	0	0
Feb 22 2023 18:04:40	7.14945888519	89.8217468262	96.7621688843	0.000488688063342	64.2315368652	10.9965171814	81.0702514648	-	0	0	0	0	0	0	0	0	0	0	0	0	0	0	0	0	0	9.01034069061	0	0	0	0	0	0	0	0	0.116049088538	1.18788230419	2.60867667198	3.96248316765	4.7808303833	4.74842596054	3.87418532372	2.50060677528	1.12408983707	0.146375998855	0	0	0	0	0	0	0	0	65.9400558472	0	0	0	0	0	0	0	0	0	0	0	0	0	0	0
Feb 22 2023 18:04:41	7.94407749176	90.471496582	97.0043869019	0.000851491407957	68.59375	12.1154108047	71.9035949707	-	0	0	0	0	0	0	0	0	0	0	0	0	0	0	0	0	0	8.01777744293	0	0	0	0	0	0	0	0	0	0.660916864872	3.34297633171	5.49830102921	5.40789365768	3.49492883682	1.49492442608	0.401981770992	0.0556722916663	0	0	0	0	0	0	0	0	0	71.6246261597	0	0	0	0	0	0	0	0	0	0	0	0	0	0	0
Feb 22 2023 18:04:42	6.72292089462	89.9552383423	96.8120269775	0.00041877606418	64.907081604	10.7418308258	83.1362915039	-	0	0	0	0	0	0	0	0	0	0	0	0	0	0	0	0	0	9.29751014709	0	0	0	0	0	0	0	0	0.230578362942	1.60602474213	3.15232920647	4.32912397385	4.71569347382	4.20403242111	3.04843664169	1.71747207642	0.640487372875	0.0220568701625	0	0	0	0	0	0	0	0	67.0362548828	0	0	0	0	0	0	0	0	0	0	0	0	0	0	0
Feb 22 2023 18:04:43	7.6106004715	89.9282150269	96.8019332886	0.000937473843805	64.955871582	11.9895143509	69.6853713989	-	0	0	0	0	0	0	0	0	0	0	0	0	0	0	0	0	0	7.70225811005	0	0	0	0	0	0	0	0	0.195756807923	1.53880143166	3.14005684853	4.45123672485	4.99971437454	4.60735464096	3.47765469551	2.07555937767	0.87170612812	0.128340631723	0	0	0	0	0	0	0	0	66.8115615845	0	0	0	0	0	0	0	0	0	0	0	0	0	0	0
Feb 22 2023 18:04:44	6.71676635742	89.92628479	96.8012161255	0.000505853095092	64.6656265259	11.0088691711	80.6588745117	-	0	0	0	0	0	0	0	0	0	0	0	0	0	0	0	0	0	8.70721435547	0	0	0	0	0	0	0	0	0.62197881937	2.11702179909	3.63040041924	4.61396598816	4.73296737671	4.00291061401	2.76303243637	1.48263299465	0.523111581802	0.00916651077569	0	0	0	0	0	0	0	0	66.7956008911	0	0	0	0	0	0	0	0	0	0	0	0	0	0	0
Feb 22 2023 18:04:45	7.0946187973	90.3661193848	96.9651794434	0.000446390768047	67.617225647	11.2258377075	82.8723526001	-	0	0	0	0	0	0	0	0	0	0	0	0	0	0	0	0	0	8.80528640747	0	0	0	0	0	0	0	0	0	1.84329974651	4.25632667542	5.37638998032	4.62162494659	2.83168268204	1.22512722015	0.349883645773	0.0504336319864	0	0	0	0	0	0	0	0	0	70.6399459839	0	0	0	0	0	0	0	0	0	0	0	0	0	0	0
Feb 22 2023 18:04:46	6.91569900513	90.2086257935	96.9065246582	0.000413278321503	66.6724014282	10.738858223	83.1208267212	-	0	0	0	0	0	0	0	0	0	0	0	0	0	0	0	0	0	9.7193813324	0	0	0	0	0	0	0	0	0	0.727219820023	2.47599124908	4.09866046906	4.7946267128	4.25598239899	2.87771821022	1.41385936737	0.420829415321	0	0	0	0	0	0	0	0	0	69.2157363892	0	0	0	0	0	0	0	0	0	0	0	0	0	0	0
Feb 22 2023 18:04:47	1.5910589695	87.6279907227	96.1785049438	0.000474228756502	55.17420578	7.12907981873	73.0950088501	-	0	0	0	0	0	0	0	0	0	0	0	0	0	0	0.656976699829	2.19324469566	3.43396854401	3.63280057907	2.88075304031	1.76475417614	0.824632704258	0.275713801384	0.0581918507814	0.00845578499138	0.0066521265544	0.0441023781896	0.236876800656	0.795852303505	1.90137064457	3.49877285957	5.15509748459	6.10772371292	5.66620397568	3.82637262344	1.54921984673	0.166537106037	0	0	0	0	0	0	0	0	55.3157272339	0	0	0	0	0	0	0	0	0	0	0	0	0	0	0
Feb 22 2023 18:04:48	1.56048822403	89.1809539795	96.5221710205	0.000534607563168	59.7988929749	7.37838554382	70.4578552246	-	0	0	0	0	0	0	0	0	0	0	0	0	0	0	0.27769240737	1.86483764648	3.87829208374	4.40085887909	3.19916391373	1.55712234974	0.492942929268	0.0886428952217	0.00619173236191	4.84003394376e-05	1.68777365417e-08	0.000240644134465	0.0147737609223	0.165793433785	0.828223764896	2.44953083992	4.79773235321	6.36184644699	5.45461273193	2.60478854179	0.434508830309	0.000676374707837	0	0	0	0	0	0	1.18689979928e-40	9.17833788572e-14	61.1214828491	0	0	0	0	0	0	0	0	0	0	0	0	0	0	0
Feb 22 2023 18:04:49	6.0500664711	89.8000793457	96.7540740967	0.000419296498876	63.8778877258	10.3741426468	82.5309295654	-	0	0	0	0	0	0	0	0	0	0	0	0	0	0	0	0	0	9.7061920166	0	0	0	0	0	0	0	0	0.525032281876	1.66050696373	2.97847080231	4.0827870369	4.60214138031	4.34265089035	3.39111876488	2.08517551422	0.85105150938	0.00950173754245	0	0	0	0	0	0	4.20389539297e-43	3.55557868304e-14	65.7653656006	0	0	0	0	0	0	0	0	0	0	0	0	0	0	0
Feb 22 2023 18:04:50	6.63602733612	89.8152694702	96.7597503662	0.000443480705144	64.0358581543	10.5129470825	81.83253479	-	0	0	0	0	0	0	0	0	0	0	0	0	0	0	0	0	0	9.60198974609	0	0	0	0	0	0	0	0	0.102079056203	1.39535880089	2.93374347687	4.22278165817	4.81751346588	4.51818084717	3.47300052643	2.10072946548	0.869169533253	0.0776825174689	0	0	0	0	0	0	0	0	65.8877716064	0	0	0	0	0	0	0	0	0	0	0	0	0	0	0
Feb 22 2023 18:04:51	1.56259047985	89.8665924072	96.7789230347	0.000443059951067	64.3592300415	9.93629646301	80.5839691162	-	0	0	0	0	0	0	0	0	0	0	0	0	0	0	0	0	0	10.7464809418	0	0	0	0	0	0	0	0	0	0.851451635361	2.24512934685	3.6547396183	4.55404806137	4.56833267212	3.69496154785	2.31702804565	0.978416204453	0.0848883911967	0	0	0	0	0	0	0	0	66.3045196533	0	0	0	0	0	0	0	0	0	0	0	0	0	0	0
Feb 22 2023 18:04:52	6.8951010704	89.6111526489	96.6834182739	0.000507631455548	62.9738197327	10.6808614731	79.8464889526	-	0	0	0	0	0	0	0	0	0	0	0	0	0	0	0	0	0	9.36053466797	0	0	0	0	0	0	0	0	0.138058587909	1.11281573772	2.42959976196	3.76184368134	4.70334529877	4.9169754982	4.29704380035	3.04396104813	1.58371722698	0.373454540968	0	0	0	0	0	0	0	0	64.2786483765	0	0	0	0	0	0	0	0	0	0	0	0	0	0	0
Feb 22 2023 18:04:53	6.9574637413	90.2802886963	96.9332199097	0.000658503442537	66.9814605713	10.9095039368	75.0894699097	-	0	0	0	0	0	0	0	0	0	0	0	0	0	0	0	0	0	9.19384765625	0	0	0	0	0	0	0	0	0	1.67067790031	4.01921606064	5.28759050369	4.79216623306	3.14354419708	1.4827234745	0.472890079021	0.0804197639227	0	0	0	0	0	0	0	0	0	69.8569259644	0	0	0	0	0	0	0	0	0	0	0	0	0	0	0
Feb 22 2023 18:04:54	7.08781576157	90.3854522705	96.9723739624	0.00078827154357	67.6864776611	11.7692670822	73.3448867798	-	0	0	0	0	0	0	0	0	0	0	0	0	0	0	0	0	0	7.83915138245	0	0	0	0	0	0	0	0	0.00234127230942	3.24388957024	5.78307056427	5.82855701447	3.92909955978	1.83644163609	0.58718931675	0.119754053652	0.0118452403694	0	0	0	0	0	0	0	0	0	70.8186645508	0	0	0	0	0	0	0	0	0	0	0	0	0	0	0
Feb 22 2023 18:04:55	7.36381244659	90.2010574341	96.9037094116	0.000582901178859	66.5812759399	11.5642108917	78.9788513184	-	0	0	0	0	0	0	0	0	0	0	0	0	0	0	0	0	0	8.32138538361	0	0	0	0	0	0	0	0	0	1.64923405647	3.76657581329	5.02478981018	4.92901945114	3.74319410324	2.19954681396	0.955429792404	0.25927567482	0.00288420915604	0	0	0	0	0	0	0	0	69.1486740112	0	0	0	0	0	0	0	0	0	0	0	0	0	0	0
Feb 22 2023 18:04:56	1.60260725021	89.1065826416	96.4942398071	0.000446679594461	59.5870285034	7.78371286392	75.899055481	-	0	0	0	0	0	0	0	0	0	0	0	0	0	0	0.23956745863	1.72378563881	3.65004873276	4.1254825592	2.95063471794	1.40358150005	0.434325635433	0.0776782184839	0.00588041171432	8.90675291885e-05	1.19625383377e-06	0.000203710646019	0.0106676500291	0.129904776812	0.712273716927	2.28752064705	4.8062620163	6.77606773376	6.17365598679	3.2096657753	0.667324185371	0.00994594208896	0	0	0	0	0	0	0	0	60.605430603	0	0	0	0	0	0	0	0	0	0	0	0	0	0	0
Feb 22 2023 18:04:57	6.87034988403	90.2647399902	96.9274291992	0.000549209245946	66.8806762695	10.8302440643	78.5712814331	-	0	0	0	0	0	0	0	0	0	0	0	0	0	0	0	0	0	9.31862163544	0	0	0	0	0	0	0	0	0	1.69804394245	3.87028646469	5.07085084915	4.71369314194	3.25457859039	1.65715515614	0.585818111897	0.114105768502	0	0	0	0	0	0	0	0	0	69.7168502808	0	0	0	0	0	0	0	0	0	0	0	0	0	0	0
Feb 22 2023 18:04:58	6.96590566635	90.4253768921	96.9872283936	0.000451991247246	68.0534515381	10.8105239868	81.828994751	-	0	0	0	0	0	0	0	0	0	0	0	0	0	0	0	0	0	9.58938217163	0	0	0	0	0	0	0	0	0	0.986856579781	3.54718828201	5.22794961929	4.82447576523	3.00287938118	1.25800561905	0.331524610519	0.0413011573255	0	0	0	0	0	0	0	1.98984381934e-41	1.34879602062e-13	71.1904373169	0	0	0	0	0	0	0	0	0	0	0	0	0	0	0
Feb 22 2023 18:04:59	1.58040821552	89.962310791	96.814666748	0.00046408228809	64.8382492065	10.0949735641	80.1759033203	-	0	0	0	0	0	0	0	0	0	0	0	0	0	0	0	0	0	10.3340988159	0	0	0	0	0	0	0	0	0.00611814623699	1.40048372746	3.07556009293	4.37474346161	4.76661872864	4.13825941086	2.84769058228	1.47798585892	0.483111381531	0	0	0	0	0	0	0	0	6.7784658637e-15	67.0953369141	0	0	0	0	0	0	0	0	0	0	0	0	0	0	0
Feb 22 2023 18:05:00	1.56669330597	89.3930206299	96.6017227173	0.000603583059274	61.5153961182	9.73704814911	74.2894439697	-	0	0	0	0	0	0	0	0	0	0	0	0	0	0	0	0	0	10.6482086182	0	0	0	0	0	0	0	0	0.364396333694	1.25508165359	2.44301962852	3.66236448288	4.56788444519	4.84286308289	4.33928823471	3.17208313942	1.69627261162	0.368528872728	0	0	0	0	0	0	0	0	62.6400108337	0	0	0	0	0	0	0	0	0	0	0	0	0	0	0
Feb 22 2023 18:05:01	1.56933605671	89.2236633301	96.5382003784	0.000623919826467	60.730682373	9.77131271362	73.6491394043	-	0	0	0	0	0	0	0	0	0	0	0	0	0	0	0	0	0	10.5859870911	0	0	0	0	0	0	0	0.0780650377274	0.463579654694	1.15949296951	2.12327742577	3.21140933037	4.19038820267	4.77415561676	4.71321868896	3.90951418877	2.50086736679	0.868365705013	0	0	0	0	0	0	0	0	61.4216804504	0	0	0	0	0	0	0	0	0	0	0	0	0	0	0
Feb 22 2023 18:05:02	1.59065926075	89.5210418701	96.6496810913	0.000539210042916	62.9990005493	10.54367733	78.1029281616	-	0	0	0	0	0	0	0	0	0	0	0	0	0	0	0	0	5.55866946485e-27	10.1128091812	1.59585276309e-14	0	0	0	0	0	0	0	0	0.31021758914	0.977002382278	1.97228491306	3.16895437241	4.28458595276	4.93356370926	4.77303314209	3.69411325455	1.96700263023	0.214522749186	0	0	0	0	0	0	0	63.5919113159	0	0	0	0	0	0	0	0	0	0	0	0	0	0	0
Feb 22 2023 18:05:03	1.52747607231	87.7950973511	96.206741333	0.000617802899797	56.9922409058	9.07411956787	71.7670059204	-	0	0	0	0	0	0	0	0	0	0	0	0	0	0	0	0	0	12.0197429657	0	0	0	0	0	0	0	0	0.127621173859	0.465461462736	1.06924140453	1.96759438515	3.11203050613	4.3338136673	5.32934188843	5.71187639236	5.14859056473	3.57382678986	1.38932061195	0	0	0	0	0	0	0	55.751537323	0	0	0	0	0	0	0	0	0	0	0	0	0	0	0
Feb 22 2023 18:05:04	1.53448712826	89.1499328613	96.5105209351	0.000708882580511	60.4998474121	9.41322040558	69.3416519165	-	0	0	0	0	0	0	0	0	0	0	0	0	0	0	0	0	0	11.5019245148	0	0	0	0	0	0	0	0	0.120796404779	0.621359527111	1.45087254047	2.54875016212	3.72907733917	4.6844701767	5.06033325195	4.59839725494	3.2935090065	1.48528575897	0	0	0	0	0	0	0	0	60.9052238464	0	0	0	0	0	0	0	0	0	0	0	0	0	0	0
Feb 22 2023 18:05:05	1.59359550476	89.873046875	96.7813339233	0.000589019444305	64.7110595703	10.5315542221	76.356086731	-	0	0	0	0	0	0	0	0	0	0	0	0	0	0	0	0	0	10.0514154434	0	0	0	0	0	0	0	0	0	0.426370739937	1.55527842045	2.94169735909	4.16140842438	4.740899086	4.40158414841	3.24379348755	1.72030162811	0.399972319603	0	0	0	0	0	0	1.40129846432e-43	5.94590870951e-15	66.3572769165	0	0	0	0	0	0	0	0	0	0	0	0	0	0	0
Feb 22 2023 18:05:06	7.53799962997	89.4709091187	96.6309051514	0.000541424029507	62.6568832397	10.8849077225	78.8373718262	-	0	0	0	0	0	0	0	0	0	0	0	0	0	0	0	0	0	9.48653697968	0	0	0	0	0	0	0	0	0	0.38551825285	1.16793084145	2.29946494102	3.59974646568	4.72047615051	5.23524522781	4.82495927811	3.47704291344	1.58717310429	0	0	0	0	0	0	0	0	63.2159042358	0	0	0	0	0	0	0	0	0	0	0	0	0	0	0
Feb 22 2023 18:05:07	1.57960379124	90.1378097534	96.8801345825	0.000486503879074	66.0762023926	10.24269104	79.4960861206	-	0	0	0	0	0	0	0	0	0	0	0	0	0	0	0	0	0	10.3519353867	0	0	0	0	0	0	0	0	0	0.99248021841	2.65114045143	4.11296606064	4.67355394363	4.09513378143	2.76120376587	1.36196231842	0.406527847052	0	0	0	0	0	0	0	0	0	68.5930938721	0	0	0	0	0	0	0	0	0	0	0	0	0	0	0
Feb 22 2023 18:05:08	1.54786336422	89.9581222534	96.8131027222	0.000526934978552	64.8516082764	9.73091888428	76.8446807861	-	0	0	0	0	0	0	0	0	0	0	0	0	0	0	0	0	0	11.1169891357	0	0	0	0	0	0	0	0	0	0.94570171833	2.41568756104	3.78593611717	4.50811767578	4.28578615189	3.25288963318	1.88758862019	0.714570641518	0.0263798572123	0	0	0	0	0	0	0	0	67.0603485107	0	0	0	0	0	0	0	0	0	0	0	0	0	0	0
Feb 22 2023 18:05:09	7.34165334702	89.5963363647	96.6778717041	0.000664171471726	63.0352134705	11.2495212555	75.8367767334	-	0	0	0	0	0	0	0	0	0	0	0	0	0	0	0	0	0	8.60130310059	0	0	0	0	0	0	0	0	0.280780941248	1.13610053062	2.31934213638	3.58005023003	4.56818437576	4.94323205948	4.52476167679	3.40228676796	1.92332732677	0.555833220482	0	0	0	0	0	0	0	0	64.1648025513	0	0	0	0	0	0	0	0	0	0	0	0	0	0	0
Feb 22 2023 18:05:10	6.35531044006	89.5459594727	96.6590118408	0.000539091473911	62.2714118958	10.4393453598	78.5000686646	-	0	0	0	0	0	0	0	0	0	0	0	0	0	0	0	0	1.9469805027e-17	9.24582386017	1.70316885595e-13	0	0	0	0	0	0	0	0.679570734501	2.0562441349	3.51485753059	4.60854148865	4.99453210831	4.55979204178	3.47435808182	2.11533355713	0.892190992832	0.0783520489931	0	0	0	0	0	0	0	0	63.7804031372	0	0	0	0	0	0	0	0	0	0	0	0	0	0	0
Feb 22 2023 18:05:11	1.61541080475	88.5346984863	96.3311691284	0.000509774894454	57.1330986023	7.31785678864	72.0583114624	-	0	0	0	0	0	0	0	0	0	0	0	0	0	0	0.656601250172	2.1094148159	3.29425668716	3.53831958771	2.88110041618	1.82369327545	0.878382563591	0.293979376554	0.0531138218939	0.00240309280343	0.00029474782059	0.0187332239002	0.172456771135	0.684066474438	1.74241554737	3.28917551041	4.88162946701	5.76244878769	5.27901315689	3.47554421425	1.31726074219	0.0905610471964	0	0	0	0	0	0	3.9592286811e-39	2.55292586116e-13	57.7551345825	0	0	0	0	0	0	0	0	0	0	0	0	0	0	0
Feb 22 2023 18:05:12	6.87061738968	90.0556945801	96.8495101929	0.000582126725931	65.4369354248	11.3776674271	78.9115066528	-	0	0	0	0	0	0	0	0	0	0	0	0	0	0	0	0	0	8.13036632538	0	0	0	0	0	0	0	0	0.629935860634	2.68719649315	4.45814037323	5.19215631485	4.70481920242	3.39410638809	1.9218968153	0.802334189415	0.194589182734	0	0	0	0	0	0	0	0	0	67.8844604492	0	0	0	0	0	0	0	0	0	0	0	0	0	0	0
Feb 22 2023 18:05:13	7.17410993576	90.232421875	96.9153900146	0.00044559239177	66.6851806641	11.7278165817	83.8642196655	-	0	0	0	0	0	0	0	0	0	0	0	0	0	0	0	0	0	7.90302085876	0	0	0	0	0	0	0	0	0.100973747671	2.5797393322	4.74606990814	5.49257135391	4.67180871964	3.02112531662	1.46686625481	0.499722957611	0.0906999632716	0	0	0	0	0	0	0	0	0	69.4273986816	0	0	0	0	0	0	0	0	0	0	0	0	0	0	0
Feb 22 2023 18:05:14	7.31831359863	90.4469909668	96.9952697754	0.000520765199326	68.2115859985	11.8160762787	81.4295654297	-	0	0	0	0	0	0	0	0	0	0	0	0	0	0	0	0	0	8.0085735321	0	0	0	0	0	0	0	0	0	2.1138188839	5.18075990677	5.97186899185	4.3571190834	2.13069534302	0.692345738411	0.138868734241	0.0126327620819	0	0	0	0	0	0	0	0	0	71.3933181763	0	0	0	0	0	0	0	0	0	0	0	0	0	0	0
Feb 22 2023 18:05:15	6.9423532486	89.9583053589	96.8131713867	0.000428316445323	64.8366699219	11.6107654572	84.4300460815	-	0	0	0	0	0	0	0	0	0	0	0	0	0	0	0	0	0	7.73852825165	0	0	0	0	0	0	0	0	0.785072684288	2.725669384	4.39477586746	5.16462898254	4.8391327858	3.68910098076	2.25728106499	1.04626607895	0.297645747662	0	0	0	0	0	0	0	0	0	67.0618972778	0	0	0	0	0	0	0	0	0	0	0	0	0	0	0
Feb 22 2023 18:05:16	7.14323282242	90.0664596558	96.8535232544	0.000691188673954	65.6207809448	11.6087779999	75.8935089111	-	0	0	0	0	0	0	0	0	0	0	0	0	0	0	0	0	0	8.00431442261	0	0	0	0	0	0	0	0	0.365062326193	2.19347429276	4.01343774796	5.04480075836	4.90944242477	3.80548238754	2.32636547089	1.06265115738	0.298448204994	0	0	0	0	0	0	0	0	0	67.976524353	0	0	0	0	0	0	0	0	0	0	0	0	0	0	0
Feb 22 2023 18:05:17	1.60347902775	88.2588119507	96.2848510742	0.000453000713605	56.7434959412	7.40046310425	74.8210601807	-	0	0	0	0	0	0	0	0	0	0	0	0	0	0	0.498591780663	2.02902173996	3.45487809181	3.75871253014	2.94890356064	1.72812533379	0.743578135967	0.214859634638	0.0328056775033	0.00139526778366	3.21731968143e-05	0.00262490101159	0.0505524910986	0.31297776103	1.08555448055	2.58192825317	4.57862520218	6.19320201874	6.27227401733	4.44333410263	1.83994495869	0.234965488315	0	0	0	0	0	0	2.94426820339e-39	2.1759300633e-13	56.9931144714	0	0	0	0	0	0	0	0	0	0	0	0	0	0	0
Feb 22 2023 18:05:18	1.81309461594	86.9667205811	96.0663223267	0.000617467798293	54.260383606	7.66225528717	69.5775909424	-	0	0	0	0	0	0	0	0	0	0	0	0	0	0	0.92338091135	1.85582566261	2.45728182793	2.62952899933	2.41381525993	1.93900465965	1.36125612259	0.815699696541	0.397960841656	0.159390777349	0.0981041714549	0.207573801279	0.545681476593	1.15964007378	2.0399286747	3.09675240517	4.15451860428	4.95525503159	5.20936059952	4.70013570786	3.41658473015	1.67206919193	0.142924621701	0	0	0	0	0	0	0	53.6483306885	0	0	0	0	0	0	0	0	0	0	0	0	0	0	0
Feb 22 2023 18:05:19	1.63486993313	89.0444946289	96.470916748	0.000638917612378	59.2139015198	7.68528366089	67.4761276245	-	0	0	0	0	0	0	0	0	0	0	0	0	0	0	0.419999480247	1.86729156971	3.32778096199	3.71008777618	2.94204998016	1.72684788704	0.742186069489	0.217204943299	0.0363829545677	0.00273469625972	0.000415038317442	0.00456139165908	0.056488275528	0.323443591595	1.10363101959	2.59994316101	4.52629327774	5.9033446312	5.59753847122	3.5188806057	1.13461005688	0.0573592558503	0	0	0	0	0	0	0	0	60.1809272766	0	0	0	0	0	0	0	0	0	0	0	0	0	0	0
Feb 22 2023 18:05:20	1.53509140015	88.5726394653	96.3375244141	0.000721661781427	57.1406478882	6.91479539871	60.5491294861	-	0	0	0	0	0	0	0	0	0	0	0	0	0	0	0.358890801668	2.03165626526	3.98180198669	4.52319478989	3.45517015457	1.85830187798	0.694271206856	0.165010645986	0.0201660655439	0.000913358759135	8.25515744509e-05	0.00147871405352	0.0290290024132	0.220198005438	0.906010329723	2.42710161209	4.60389280319	6.29604387283	5.99603557587	3.56562066078	0.975071668625	0.0287317931652	0	0	0	0	0	0	0	0	57.861328125	0	0	0	0	0	0	0	0	0	0	0	0	0	0	0
Feb 22 2023 18:05:21	1.52134311199	89.0914382935	96.4885559082	0.000412408815464	59.2417945862	7.19992780685	75.5359191895	-	0	0	0	0	0	0	0	0	0	0	0	0	0	0	0.18089401722	1.80940306187	4.3228020668	4.90806436539	3.21608328819	1.28163468838	0.299118638039	0.034547008574	0.00125744356774	4.56976249552e-06	1.20348104815e-07	0.000115542898129	0.00806863978505	0.116286493838	0.711307942867	2.42573928833	5.15784740448	6.95466327667	5.59385061264	2.22908425331	0.247784748673	8.30460921861e-05	0	0	0	0	0	0	0	0	60.5013618469	0	0	0	0	0	0	0	0	0	0	0	0	0	0	0
Feb 22 2023 18:05:22	7.71703481674	90.4268798828	96.9877853394	0.000618816760834	68.2211761475	12.1926879883	78.9473495483	-	0	0	0	0	0	0	0	0	0	0	0	0	0	0	0	0	0	7.76607894897	0	0	0	0	0	0	0	0	0	1.25155806541	4.00277328491	5.61110639572	5.08961582184	3.20752310753	1.40395605564	0.402650922537	0.060247503221	0	0	0	0	0	0	0	0	0	71.2044906616	0	0	0	0	0	0	0	0	0	0	0	0	0	0	0
Feb 22 2023 18:05:23	1.53350400925	89.4371032715	96.6182403564	0.000441511394456	61.5707397461	9.21207046509	79.2932891846	-	0	0	0	0	0	0	0	0	0	0	0	0	0	0	0	0	0	11.5716915131	0	0	0	0	0	0	0	0	0.329507142305	1.34147703648	2.62525844574	3.84306955338	4.61624956131	4.66331291199	3.93652009964	2.66734290123	1.27242708206	0.168415263295	0	0	0	0	0	0	0	0	62.9647331238	0	0	0	0	0	0	0	0	0	0	0	0	0	0	0
Feb 22 2023 18:05:24	6.8040394783	90.4738693237	97.0052642822	0.000730958941858	68.2106552124	11.3756427765	74.1459960938	-	0	0	0	0	0	0	0	0	0	0	0	0	0	0	0	0	0	8.23735046387	0	0	0	0	0	0	0	0	0	4.68377542496	6.75256538391	5.16037607193	2.5156879425	0.811302006245	0.16972489655	0.0210643522441	0.00104886677582	0	0	0	0	0	0	0	0	0	71.647102356	0	0	0	0	0	0	0	0	0	0	0	0	0	0	0
Feb 22 2023 18:05:25	1.5582473278	88.0114212036	96.2432250977	0.00068218074739	56.108165741	7.18225812912	63.3988189697	-	0	0	0	0	0	0	0	0	0	0	0	0	0	0	0.218654096127	1.75662338734	3.9264485836	4.57952642441	3.35483670235	1.64792311192	0.545183062553	0.115132264793	0.014046266675	0.0010814673733	0.000234386679949	0.0011655803537	0.0157354138792	0.134147137403	0.672196865082	2.16218447685	4.74084663391	7.15659427643	7.1578502655	4.26324272156	1.1559060812	0.0556966811419	0	0	0	0	0	0	0	0	56.3247451782	0	0	0	0	0	0	0	0	0	0	0	0	0	0	0
Feb 22 2023 18:05:26	1.59662628174	87.5083007813	96.1582489014	0.000530486402567	54.8371276855	6.80286836624	69.625213623	-	0	0	0	0	0	0	0	0	0	0	0	0	0	0	0.777546048164	2.17270350456	3.27602338791	3.60666632652	3.16929745674	2.2935423851	1.36935544014	0.656848847866	0.241315901279	0.0716759860516	0.0364257059991	0.081435315311	0.283723145723	0.789069414139	1.7035394907	2.97712087631	4.33391571045	5.27720546722	5.26820039749	4.0765581131	2.11293673515	0.417641460896	0	0	0	0	0	0	2.80259692865e-43	1.05525925997e-13	55.0072555542	0	0	0	0	0	0	0	0	0	0	0	0	0	0	0
Feb 22 2023 18:05:27	1.69138944149	87.6466445923	96.1816558838	0.000545000249986	55.5395812988	7.31206560135	71.0469818115	-	0	0	0	0	0	0	0	0	0	0	0	0	0	0	0.958803474903	2.06247091293	2.79486727715	2.9887111187	2.69278025627	2.08763098717	1.38642191887	0.760825574398	0.315907418728	0.0855559483171	0.0249021332711	0.0789422988892	0.316657096148	0.823963701725	1.62920022011	2.67320919037	3.78985667229	4.69889068604	5.05606412888	4.58482933044	3.26242828369	1.48336851597	0.0796220526099	0	0	0	0	0	0	0	55.3640899658	0	0	0	0	0	0	0	0	0	0	0	0	0	0	0
Feb 22 2023 18:05:28	1.53186202049	88.4379730225	96.3149414063	0.00055984739447	56.7830696106	6.80995798111	67.4550170898	-	0	0	0	0	0	0	0	0	0	0	0	0	0	0	0.492627441883	2.19744253159	3.90638375282	4.31928014755	3.37714600563	1.94306147099	0.813526272774	0.230379119515	0.0375167652965	0.00313143455423	0.000853354576975	0.00781475938857	0.0758222341537	0.381212413311	1.2048419714	2.70794844627	4.58884239197	5.9156036377	5.60546636581	3.53505396843	1.12449455261	0.0456276014447	0	0	0	0	0	0	0	0	57.4859313965	0	0	0	0	0	0	0	0	0	0	0	0	0	0	0
Feb 22 2023 18:05:29	1.56808137894	87.6027069092	96.1742248535	0.000498899142258	54.8329391479	6.76513671875	70.7657165527	-	0	0	0	0	0	0	0	0	0	0	0	0	0	0	0.770471930504	2.30534553528	3.47923159599	3.69355273247	3.03961801529	2.00597262383	1.06582343578	0.448586195707	0.151252135634	0.0558277182281	0.0565593726933	0.154913008213	0.471608102322	1.16225206852	2.29359436035	3.70906329155	4.98787784576	5.53837490082	4.90783786774	3.19056248665	1.19837987423	0.0629745274782	0	0	0	0	0	0	0	0	55.2503242493	0	0	0	0	0	0	0	0	0	0	0	0	0	0	0
Feb 22 2023 18:05:30	6.57432079315	90.1795196533	96.8956832886	0.000531631812919	66.3221359253	10.5209054947	78.4923248291	-	0	0	0	0	0	0	0	0	0	0	0	0	0	0	0	0	0	9.83236217499	0	0	0	0	0	0	0	0	0	1.21878361702	3.19898533821	4.68028688431	4.87974119186	3.82280826569	2.24400544167	0.936311006546	0.228169903159	0	0	0	0	0	0	0	0	0	68.9585418701	0	0	0	0	0	0	0	0	0	0	0	0	0	0	0
Feb 22 2023 18:05:31	6.7429933548	90.6019134521	97.0528640747	0.00059672864154	69.2386016846	12.1480026245	79.8571853638	-	0	0	0	0	0	0	0	0	0	0	0	0	0	0	0	0	0	7.28281450272	0	0	0	0	0	0	0	0	0.58367472887	6.09517097473	6.52463960648	4.14091396332	1.80425274372	0.554546177387	0.117412127554	0.0155402813107	0.000799714587629	0	0	0	0	0	0	0	0	0	72.8802337646	0	0	0	0	0	0	0	0	0	0	0	0	0	0	0
Feb 22 2023 18:05:32	7.6813955307	90.8072738647	97.1291122437	0.000740702205803	71.095451355	12.536365509	75.8763580322	-	0	0	0	0	0	0	0	0	0	0	0	0	0	0	0	0	0	7.62547016144	0	0	0	0	0	0	0	0	0	0.76879876852	7.2347574234	5.85374403	2.64839696884	0.765187323093	0.141960173845	0.0156629327685	0.000720722600818	0	0	0	0	0	0	0	0	0	74.9452972412	0	0	0	0	0	0	0	0	0	0	0	0	0	0	0
Feb 22 2023 18:05:33	7.91468191147	90.7982711792	97.1257705688	0.000686533865519	71.0717849731	12.503115654	77.2640457153	-	0	0	0	0	0	0	0	0	0	0	0	0	0	0	0	0	0	7.78867292404	0	0	0	0	0	0	0	0	0	0	5.85273075104	6.59445142746	3.57576560974	1.11341452599	0.201971545815	0.0198091082275	0.000750901410356	0	0	0	0	0	0	0	0	0	74.852432251	0	0	0	0	0	0	0	0	0	0	0	0	0	0	0
Feb 22 2023 18:05:34	7.62863445282	90.5807647705	97.0450057983	0.000691853754688	69.3030166626	12.2199716568	76.7896270752	-	0	0	0	0	0	0	0	0	0	0	0	0	0	0	0	0	0	7.77591323853	0	0	0	0	0	0	0	0	0	1.33090806007	5.02777910233	6.15695810318	4.38127326965	1.98002552986	0.568716108799	0.0971394479275	0.00751196499914	0	0	0	0	0	0	0	1.40129846432e-43	2.17087954465e-14	72.6737747192	0	0	0	0	0	0	0	0	0	0	0	0	0	0	0
Feb 22 2023 18:05:35	6.4311709404	89.8197860718	96.7614364624	0.000795653962996	63.8337478638	10.9803333282	71.5636291504	-	0	0	0	0	0	0	0	0	0	0	0	0	0	0	0	0	0	8.34652900696	0	0	0	0	0	0	0	0.0531530529261	1.31232309341	2.92914032936	4.3073849678	4.94493484497	4.66481971741	3.65345358849	2.33800244331	1.15761983395	0.368398994207	0	0	0	0	0	0	0	0	0	65.9242401123	0	0	0	0	0	0	0	0	0	0	0	0	0	0	0
Feb 22 2023 18:05:36	7.21998405457	90.4799957275	97.0075454712	0.000467934121843	68.4523391724	11.8169527054	83.1321029663	-	0	0	0	0	0	0	0	0	0	0	0	0	0	0	0	0	0	8.02598953247	0	0	0	0	0	0	0	0	0	2.41168403625	5.11142158508	5.78249740601	4.18530988693	2.01355957985	0.633915185928	0.12055054307	0.00991702079773	0	0	0	0	0	0	0	0	0	71.7051544189	0	0	0	0	0	0	0	0	0	0	0	0	0	0	0
Feb 22 2023 18:05:37	1.58540213108	89.577041626	96.6706466675	0.000552369689103	62.6783676147	10.0989370346	76.9636154175	-	0	0	0	0	0	0	0	0	0	0	0	0	0	0	0	0	0	10.2249193192	0	0	0	0	0	0	0	0	0.310488820076	1.1721688509	2.32388043404	3.51178359985	4.40282726288	4.68773269653	4.21689510345	3.09532546997	1.6649518013	0.371992409229	0	0	0	0	0	0	0	0	64.017036438	0	0	0	0	0	0	0	0	0	0	0	0	0	0	0
Feb 22 2023 18:05:38	6.87612962723	90.2194519043	96.9105606079	0.000438268500147	66.6707305908	10.8043012619	82.3828430176	-	0	0	0	0	0	0	0	0	0	0	0	0	0	0	0	0	0	9.48745059967	0	0	0	0	0	0	0	0	0	1.27221512794	3.06757354736	4.45409917831	4.74476909637	3.87658786774	2.41510343552	1.08517086506	0.285132855177	0	0	0	0	0	0	0	0	8.18013259668e-15	69.3118972778	0	0	0	0	0	0	0	0	0	0	0	0	0	0	0
Feb 22 2023 18:05:39	6.38932514191	89.8128051758	96.7588272095	0.000601084087975	63.900554657	10.5564146042	76.4596633911	-	0	0	0	0	0	0	0	0	0	0	0	0	0	0	0	0	3.54296511044e-17	9.30453300476	1.26245422536e-13	0	0	0	0	0	0	0	0.580067455769	1.97629988194	3.45703625679	4.51258659363	4.77795696259	4.18923139572	3.01004719734	1.68799686432	0.624881088734	0.0115186795592	0	0	0	0	0	0	0	0	65.8678436279	0	0	0	0	0	0	0	0	0	0	0	0	0	0	0
Feb 22 2023 18:05:40	6.27270030975	89.8352813721	96.7672271729	0.000651765032671	64.1948547363	10.4517698288	74.2784042358	-	0	0	0	0	0	0	0	0	0	0	0	0	0	0	0	0	0	9.75692367554	0	0	0	0	0	0	0	0	0.265572160482	1.31961989403	2.65797686577	3.88461303711	4.57812309265	4.47310209274	3.60262441635	2.29545044899	1.00920438766	0.107124261558	0	0	0	0	0	0	4.94658357907e-41	5.84576332653e-14	66.0496673584	0	0	0	0	0	0	0	0	0	0	0	0	0	0	0
Feb 22 2023 18:05:41	1.54239654541	89.1014099121	96.4923019409	0.000525487819687	59.6745567322	9.16901874542	75.9858703613	-	0	0	0	0	0	0	0	0	0	0	0	0	0	0	0	0	0	11.2620639801	0	0	0	0	0	0	0	0.160446688533	0.767653167248	1.72195839882	2.86778473854	3.94901227951	4.67485237122	4.80000686646	4.225025177	3.0633020401	1.62462484837	0.313394397497	0	0	0	0	0	0	0	0	60.5698776245	0	0	0	0	0	0	0	0	0	0	0	0	0	0	0
Feb 22 2023 18:05:42	1.52798473835	89.1252975464	96.5012741089	0.000643279869109	59.9056396484	8.94558811188	70.5594482422	-	0	0	0	0	0	0	0	0	0	0	0	0	0	0	0	0	0	11.9805231094	0	0	0	0	0	0	0	0.0135341146961	0.465166658163	1.27056968212	2.34144234657	3.47530651093	4.3919301033	4.79823732376	4.49638366699	3.48968291283	2.02230143547	0.520405352116	0	0	0	0	0	0	0	0	60.7345161438	0	0	0	0	0	0	0	0	0	0	0	0	0	0	0
Feb 22 2023 18:05:43	1.54937303066	88.096244812	96.2575073242	0.000587536371313	56.08070755	6.82139158249	66.4433288574	-	0	0	0	0	0	0	0	0	0	0	0	0	0	0	0.6064915061	2.22636508942	3.68995404243	4.05459356308	3.29765462875	2.05150961876	0.96332013607	0.317108184099	0.0610660165548	0.00512555474415	0.000952046131715	0.0117374220863	0.108779966831	0.482304960489	1.36310243607	2.81733298302	4.52845287323	5.73582077026	5.58412837982	3.86597704887	1.5381360054	0.137728407979	0	0	0	0	0	0	0	0	56.55235672	0	0	0	0	0	0	0	0	0	0	0	0	0	0	0
Feb 22 2023 18:05:44	1.56623566151	89.9878158569	96.8241882324	0.000483377400087	64.8993682861	9.853723526	78.9474639893	-	0	0	0	0	0	0	0	0	0	0	0	0	0	0	0	0	0	10.6590681076	0	0	0	0	0	0	0	0	0.140059918165	1.66989159584	3.36552000046	4.50995540619	4.63597679138	3.78128767014	2.42704629898	1.16158926487	0.340472280979	0	0	0	0	0	0	0	0	0	67.3091278076	0	0	0	0	0	0	0	0	0	0	0	0	0	0	0
Feb 22 2023 18:05:45	5.8925614357	89.6450042725	96.6960830688	0.000741168973036	62.9363021851	10.2548799515	70.9712600708	-	0	0	0	0	0	0	0	0	0	0	0	0	0	0	0	0	0	9.7820482254	0	0	0	0	0	0	0	0	0.576458215714	1.65286231041	2.93886566162	4.06687879562	4.66943883896	4.52276182175	3.66033267975	2.37396883965	1.08096027374	0.135091990232	0	0	0	0	0	0	0	0	64.5403289795	0	0	0	0	0	0	0	0	0	0	0	0	0	0	0
Feb 22 2023 18:05:46	6.03337907791	90.2249526978	96.912612915	0.000240495704929	66.0908432007	10.3390693665	89.7583312988	-	0	0	0	0	0	0	0	0	0	0	0	0	0	0	0	0	0	8.95106983185	0	0	0	0	0	0	0	0	2.15879201889	6.97627353668	6.56362485886	3.85006928444	1.57549381256	0.45878598094	0.0926696658134	0.0118031650782	0.00060575036332	0	0	0	0	0	0	0	0	8.65322167355e-15	69.3608093262	0	0	0	0	0	0	0	0	0	0	0	0	0	0	0
Feb 22 2023 18:05:47	6.498691082	90.4105072021	96.9816970825	0.000382626778446	67.5360107422	10.5229797363	84.2956619263	-	0	0	0	0	0	0	0	0	0	0	0	0	0	0	0	0	0	9.13469409943	0	0	0	0	0	0	0	0	0	7.06555700302	7.23943805695	3.84169888496	1.31508970261	0.302173346281	0.045605301857	0.0041000302881	0.000138712712214	0	0	0	0	0	0	0	0	0	71.0514984131	0	0	0	0	0	0	0	0	0	0	0	0	0	0	0
Feb 22 2023 18:05:48	6.70114898682	90.3098068237	96.9442138672	0.00064358493546	66.9923095703	10.9779891968	76.0158996582	-	0	0	0	0	0	0	0	0	0	0	0	0	0	0	0	0	0	8.68323802948	0	0	0	0	0	0	0	0	0.264860928059	3.73981070518	5.98787975311	5.58376932144	3.516071558	1.54176723957	0.462713003159	0.0879026278853	0.0076445825398	0	0	0	0	0	0	0	0	0	70.1243438721	0	0	0	0	0	0	0	0	0	0	0	0	0	0	0
Feb 22 2023 18:05:49	6.89317464828	90.5362930298	97.0284729004	0.00097359274514	68.7342147827	11.8159837723	68.3306732178	-	0	0	0	0	0	0	0	0	0	0	0	0	0	0	0	0	0	7.74384212494	0	0	0	0	0	0	0	0	0	4.79946899414	6.90308046341	5.06520843506	2.35677266121	0.725221812725	0.145039767027	0.0172890629619	0.000846094742883	0	0	0	0	0	0	0	0	0	72.2432327271	0	0	0	0	0	0	0	0	0	0	0	0	0	0	0
Feb 22 2023 18:05:50	6.34278869629	89.7575683594	96.7381820679	0.000705844489858	63.4029922485	11.3906669617	75.5586547852	-	0	0	0	0	0	0	0	0	0	0	0	0	0	0	0	0	0	7.47262907028	0	0	0	0	0	0	0	0.512118399143	1.90969252586	3.4547533989	4.60943603516	4.99468803406	4.54263830185	3.47833514214	2.1966240406	1.07560920715	0.328336805105	0	0	0	0	0	0	0	0	0	65.4251403809	0	0	0	0	0	0	0	0	0	0	0	0	0	0	0
Feb 22 2023 18:05:51	6.72892808914	89.7212677002	96.724609375	0.00070724717807	63.4529457092	10.8700399399	73.7390594482	-	0	0	0	0	0	0	0	0	0	0	0	0	0	0	0	0	0	8.85587120056	0	0	0	0	0	0	0	0	0.551899254322	1.81905090809	3.24033784866	4.37531661987	4.85030794144	4.50768089294	3.48398756981	2.14868068695	0.925017774105	0.104544512928	0	0	0	0	0	0	0	0	65.1373062134	0	0	0	0	0	0	0	0	0	0	0	0	0	0	0
Feb 22 2023 18:05:52	6.77496623993	90.1364974976	96.8796463013	0.000645128078759	65.8621368408	10.7864370346	75.4850692749	-	0	0	0	0	0	0	0	0	0	0	0	0	0	0	0	0	0	9.01114273071	0	0	0	0	0	0	0	0	0.107287757099	2.66731572151	4.89967441559	5.56941556931	4.57974672318	2.82040882111	1.28607177734	0.407320946455	0.069962374866	0	0	0	0	0	0	0	0	0	68.5816497803	0	0	0	0	0	0	0	0	0	0	0	0	0	0	0
Feb 22 2023 18:05:53	5.35363578796	89.8377075195	96.7681350708	0.000816748244688	63.9068069458	10.0689516068	68.0055007935	-	0	0	0	0	0	0	0	0	0	0	0	0	0	0	0	0	5.76258039454e-21	9.999335289	5.28676291655e-14	0	0	0	0	0	0	0	0.615273892879	2.16585755348	3.73054933548	4.69300174713	4.70417642593	3.83750605583	2.51846599579	1.26236176491	0.404120475054	0	0	0	0	0	0	0	0	0	66.0693511963	0	0	0	0	0	0	0	0	0	0	0	0	0	0	0
Feb 22 2023 18:05:54	1.54811906815	88.6488342285	96.3502883911	0.000727196922526	58.4612388611	9.49076843262	69.1301116943	-	0	0	0	0	0	0	0	0	0	0	0	0	0	0	0	0	0	11.1103086472	0	0	0	0	0	0	0	0.040168043226	0.27315980196	0.758441984653	1.53248620033	2.56371736526	3.72324132919	4.76677513123	5.36513996124	5.20113420486	4.11662483215	2.26932311058	0.20381629467	0	0	0	0	0	0	0	58.0756721497	0	0	0	0	0	0	0	0	0	0	0	0	0	0	0
Feb 22 2023 18:05:55	1.54369521141	89.7833709717	96.7478256226	0.000691390188877	63.4070930481	9.33741855621	69.9930953979	-	0	0	0	0	0	0	0	0	0	0	0	0	0	0	0	0	0	11.2272148132	0	0	0	0	0	0	0	0	0.725107610226	2.18228650093	3.66651821136	4.56681585312	4.53452444077	3.64962291718	2.34587073326	1.13559174538	0.335219413042	0	0	0	0	0	0	0	0	0	65.6312255859	0	0	0	0	0	0	0	0	0	0	0	0	0	0	0
Feb 22 2023 18:05:56	7.23034381866	90.4825592041	97.0084991455	0.000665832310915	68.4335403442	11.8152780533	76.9310073853	-	0	0	0	0	0	0	0	0	0	0	0	0	0	0	0	0	0	7.95946264267	0	0	0	0	0	0	0	0	0	2.47911477089	5.77236938477	6.06277799606	3.88626790047	1.61074733734	0.427656531334	0.0674718022346	0.00464607123286	0	0	0	0	0	0	0	0	0	71.7294845581	0	0	0	0	0	0	0	0	0	0	0	0	0	0	0
Feb 22 2023 18:05:57	5.92047595978	90.0055465698	96.8308029175	0.000640156387817	64.9818267822	10.2567129135	74.3466567993	-	0	0	0	0	0	0	0	0	0	0	0	0	0	0	0	0	0	9.7846288681	0	0	0	0	0	0	0	0	0.623347580433	2.3780040741	3.97183823586	4.75034093857	4.47299385071	3.38708639145	2.03191256523	0.90604275465	0.235310941935	0	0	0	0	0	0	0	0	0	67.4584960938	0	0	0	0	0	0	0	0	0	0	0	0	0	0	0
Feb 22 2023 18:05:58	5.44427204132	89.8831329346	96.7851028442	0.000551271135919	64.0915145874	10.0051174164	77.0126953125	-	0	0	0	0	0	0	0	0	0	0	0	0	0	0	0	0	0	9.96286201477	0	0	0	0	0	0	0	0	1.04706144333	2.67943429947	4.13069486618	4.79419469833	4.45358419418	3.35211873055	2.00763916969	0.897103369236	0.235397905111	0	0	0	0	0	0	0	0	0	66.4399108887	0	0	0	0	0	0	0	0	0	0	0	0	0	0	0
Feb 22 2023 18:05:59	6.06680965424	89.5902786255	96.6756057739	0.000897195772268	62.4456100464	10.4390621185	66.9639129639	-	0	0	0	0	0	0	0	0	0	0	0	0	0	0	0	0	0	9.08993911743	0	0	0	0	0	0	0	0.168540358543	1.14889204502	2.48096895218	3.76951313019	4.61322784424	4.75802659988	4.17659425735	3.07816529274	1.81674361229	0.736771464348	0.0442581363022	0	0	0	0	0	0	0	0	64.1183624268	0	0	0	0	0	0	0	0	0	0	0	0	0	0	0
Feb 22 2023 18:06:00	6.47236156464	90.1445465088	96.8826446533	0.000862471759319	65.8762207031	10.7828540802	68.7506027222	-	0	0	0	0	0	0	0	0	0	0	0	0	0	0	0	0	0	8.89555358887	0	0	0	0	0	0	0	0	0.751709520817	3.13389778137	4.91501331329	5.22809267044	4.18311929703	2.57504963875	1.19988024235	0.395269334316	0.0705338791013	0	0	0	0	0	0	0	0	0	68.6518783569	0	0	0	0	0	0	0	0	0	0	0	0	0	0	0
Feb 22 2023 18:06:01	7.28152942657	90.4249954224	96.9870834351	0.000776968081482	68.0399017334	11.7624959946	73.4992523193	-	0	0	0	0	0	0	0	0	0	0	0	0	0	0	0	0	0	8.04370212555	0	0	0	0	0	0	0	0	0	2.1918156147	5.11707925797	5.9815158844	4.42994070053	2.18368554115	0.709855258465	0.142090916634	0.0134120434523	0	0	0	0	0	0	0	0	0	71.1868972778	0	0	0	0	0	0	0	0	0	0	0	0	0	0	0
Feb 22 2023 18:06:02	6.58265352249	90.9386825562	97.1778411865	0.000901603954844	71.9762420654	12.7593631744	72.4414291382	-	0	0	0	0	0	0	0	0	0	0	0	0	0	0	0	0	0	6.74469470978	0	0	0	0	0	0	0	0	0	13.7804374695	3.09832906723	0.049668263644	0.000246515177423	4.56557501138e-07	2.96833946312e-10	4.86403892695e-14	2.44183897771e-19	0	0	0	0	0	0	0	0	0	76.3266296387	0	0	0	0	0	0	0	0	0	0	0	0	0	0	0
Feb 22 2023 18:06:03	6.57860660553	90.9315872192	97.1752090454	0.000644723710138	71.9070968628	12.6624011993	79.2372741699	-	0	0	0	0	0	0	0	0	0	0	0	0	0	0	0	0	0	6.8417301178	0	0	0	0	0	0	0	0	0	13.6495723724	3.21474742889	0.0430401787162	0.000166268393514	2.26751780019e-07	1.02239980371e-10	1.06218499098e-14	2.17990008753e-20	0	0	0	0	0	0	0	0	0	76.2507476807	0	0	0	0	0	0	0	0	0	0	0	0	0	0	0
Feb 22 2023 18:06:04	6.66993379593	90.9137496948	97.1686019897	0.000780883594416	71.7887649536	12.6501846313	75.348815918	-	0	0	0	0	0	0	0	0	0	0	0	0	0	0	0	0	0	6.97623491287	0	0	0	0	0	0	0	0	0	10.0863580704	6.07102203369	0.751844286919	0.0514939874411	0.00217780005187	5.56858140044e-05	7.48189222577e-07	2.48519982371e-09	0	0	0	0	0	0	0	0	0	76.0608139038	0	0	0	0	0	0	0	0	0	0	0	0	0	0	0
Feb 22 2023 18:06:05	6.92908668518	90.2208862305	96.9110946655	0.000869175593834	66.4661865234	11.6823215485	71.0777130127	-	0	0	0	0	0	0	0	0	0	0	0	0	0	0	0	0	0	7.66875076294	0	0	0	0	0	0	0	0	0.494249105453	3.58223390579	5.75746107101	5.78709316254	4.14427614212	2.17583560944	0.82553344965	0.211637631059	0.0283106379211	0	0	0	0	0	0	0	0	0	69.3246154785	0	0	0	0	0	0	0	0	0	0	0	0	0	0	0
Feb 22 2023 18:06:06	6.3167052269	90.1600265503	96.8884124756	0.000567343959119	65.8938980103	10.7045249939	78.0750274658	-	0	0	0	0	0	0	0	0	0	0	0	0	0	0	0	0	0	8.8555727005	0	0	0	0	0	0	0	0	1.10721683502	3.74053239822	5.40408611298	5.25907516479	3.77262043953	2.03004097939	0.801908433437	0.214354991913	0.0273325070739	0	0	0	0	0	0	0	0	0	68.7872619629	0	0	0	0	0	0	0	0	0	0	0	0	0	0	0
Feb 22 2023 18:06:07	1.55588960648	90.1122283936	96.8705978394	0.000583012064453	65.5790786743	9.68430137634	74.7637710571	-	0	0	0	0	0	0	0	0	0	0	0	0	0	0	0	0	0	10.9115209579	0	0	0	0	0	0	0	0	0	1.94497668743	4.19967556	5.21235132217	4.55484342575	2.92751574516	1.37020921707	0.436325103045	0.0717825293541	0	0	0	0	0	0	0	0	0	68.370803833	0	0	0	0	0	0	0	0	0	0	0	0	0	0	0
Feb 22 2023 18:06:08	1.59401845932	89.6185760498	96.6861953735	0.000661815050989	62.6166801453	9.99615478516	73.0292663574	-	0	0	0	0	0	0	0	0	0	0	0	0	0	0	0	0	0	10.0426425934	0	0	0	0	0	0	0	0	0.423703491688	1.92108750343	3.50703477859	4.64445543289	4.9587802887	4.38583850861	3.19207906723	1.8301255703	0.712365090847	0.0460164062679	0	0	0	0	0	0	1.40129846432e-43	1.95164590326e-14	64.3358688354	0	0	0	0	0	0	0	0	0	0	0	0	0	0	0
Feb 22 2023 18:06:09	7.65650701523	91.1594238281	97.2595901489	0.000972359848674	74.1994476318	13.8772525787	72.3995361328	-	0	0	0	0	0	0	0	0	0	0	0	0	0	0	0	0	0	6.62892627716	0	0	0	0	0	0	0	0	0	0	14.6107311249	5.47940436513e-13	4.48785687551e-30	0	0	0	0	0	0	0	0	0	0	0	0	0	78.760345459	0	0	0	0	0	0	0	0	0	0	0	0	0	0	0
Feb 22 2023 18:06:10	6.61406850815	90.8207397461	97.1341018677	0.000539535132702	70.9057159424	11.6553382874	80.5863647461	-	0	0	0	0	0	0	0	0	0	0	0	0	0	0	0	0	0	8.03246021271	0	0	0	0	0	0	0	0	0	8.65687942505	7.70266199112	0.504450500011	0.0184871051461	0.000426300452091	6.09690232523e-06	4.85645514914e-08	1.31335567422e-10	0	0	0	0	0	0	0	0	0	75.0846252441	0	0	0	0	0	0	0	0	0	0	0	0	0	0	0
Feb 22 2023 18:06:11	6.54309034348	90.6365280151	97.0657196045	0.000953721988481	69.3602142334	10.8457794189	65.9903793335	-	0	0	0	0	0	0	0	0	0	0	0	0	0	0	0	0	0	9.05021858215	0	0	0	0	0	0	0	0	0	6.16284418106	7.24157333374	3.23623013496	0.89947450161	0.167041897774	0.0204268209636	0.00148943113163	3.94086127926e-05	0	0	0	0	0	0	0	0	0	73.2206573486	0	0	0	0	0	0	0	0	0	0	0	0	0	0	0
Feb 22 2023 18:06:12	1.52961730957	89.6637191772	96.703086853	0.00122589513194	62.7613143921	9.08206272125	51.8941116333	-	0	0	0	0	0	0	0	0	0	0	0	0	0	0	0	0	0	11.8564653397	0	0	0	0	0	0	0	0	0.52019315958	1.64156019688	2.95024895668	4.01426315308	4.45565700531	4.11297464371	3.12472629547	1.8632093668	0.743525922298	0.0313467308879	0	0	0	0	0	0	0	0	64.685836792	0	0	0	0	0	0	0	0	0	0	0	0	0	0	0
Feb 22 2023 18:06:13	1.52445530891	89.6838531494	96.7106170654	0.00117944087833	62.5060577393	8.66805458069	51.731754303	-	0	0	0	0	0	0	0	0	0	0	0	0	0	0	0	0	0	12.2582960129	0	0	0	0	0	0	0	0	1.25300550461	2.963742733	4.30891990662	4.72920894623	4.1556930542	2.95634317398	1.66886591911	0.697431921959	0.165389850736	0	0	0	0	0	0	0	0	0	64.8431015015	0	0	0	0	0	0	0	0	0	0	0	0	0	0	0
Feb 22 2023 18:06:14	1.57686269283	89.8906860352	96.7879180908	0.00102086702827	64.2667160034	9.90142536163	61.0266456604	-	0	0	0	0	0	0	0	0	0	0	0	0	0	0	0	0	0	10.4132509232	0	0	0	0	0	0	0	0	0.610181331635	1.94353067875	3.36981105804	4.34236431122	4.49626731873	3.81596136093	2.62573337555	1.39389681816	0.481489241123	0.00564483273774	0	0	0	0	0	0	0	0	66.5018692017	0	0	0	0	0	0	0	0	0	0	0	0	0	0	0
Feb 22 2023 18:06:15	6.64922571182	90.150177002	96.8847427368	0.000771705526859	65.9811401367	10.506272316	70.5230026245	-	0	0	0	0	0	0	0	0	0	0	0	0	0	0	0	0	0	9.58942604065	0	0	0	0	0	0	0	0	0	1.96612477303	4.26264762878	5.41036176682	4.82927179337	3.15985870361	1.50332808495	0.490088939667	0.0878345742822	0	0	0	0	0	0	0	0	0	68.7010574341	0	0	0	0	0	0	0	0	0	0	0	0	0	0	0
Feb 22 2023 18:06:16	1.56499147415	89.9563217163	96.8124313354	0.00121332972776	64.4505081177	9.59649181366	54.5982551575	-	0	0	0	0	0	0	0	0	0	0	0	0	0	0	0	0	0	10.6887216568	0	0	0	0	0	0	0	0	0.984612643719	2.88536691666	4.37405157089	4.80429935455	4.13355350494	2.83252501488	1.51918375492	0.597325325012	0.13503909111	0	0	0	0	0	0	0	0	0	67.0453186035	0	0	0	0	0	0	0	0	0	0	0	0	0	0	0
Feb 22 2023 18:06:17	1.58362400532	90.0773468018	96.8575897217	0.00092754123034	65.2129974365	9.81354045868	63.7682304382	-	0	0	0	0	0	0	0	0	0	0	0	0	0	0	0	0	0	10.2634878159	0	0	0	0	0	0	0	0	1.09997427464	3.45605278015	5.01052474976	5.00274991989	3.74500203133	2.13702607155	0.909859597683	0.266854614019	0.0385154336691	0	0	0	0	0	0	0	0	0	68.0699539185	0	0	0	0	0	0	0	0	0	0	0	0	0	0	0
Feb 22 2023 18:06:18	1.51441717148	89.3112945557	96.5710754395	0.000714299967512	60.6107597351	8.40240192413	65.9307632446	-	0	0	0	0	0	0	0	0	0	0	0	0	0	0	0	0	0	13.1278495789	0	0	0	0	0	0	0	0	0.565077900887	1.54204392433	2.7178542614	3.78027367592	4.40777111053	4.37650871277	3.66226220131	2.47246932983	1.17127740383	0.130234658718	0	0	0	0	0	0	0	0	62.0463867188	0	0	0	0	0	0	0	0	0	0	0	0	0	0	0
Feb 22 2023 18:06:19	1.59058201313	90.1069488525	96.8686294556	0.0011608627392	65.3655776978	9.87167167664	57.2135391235	-	0	0	0	0	0	0	0	0	0	0	0	0	0	0	0	0	0	10.1144361496	0	0	0	0	0	0	0	0	0.514978468418	3.92358016968	6.03919553757	5.54499721527	3.46686553955	1.51776099205	0.457183867693	0.0878758579493	0.0079921670258	0	0	0	0	0	0	0	0	0	68.3251342773	0	0	0	0	0	0	0	0	0	0	0	0	0	0	0
Feb 22 2023 18:06:20	1.55786859989	90.1178588867	96.8726959229	0.00108192663174	65.6935653687	9.77822208405	58.5518226624	-	0	0	0	0	0	0	0	0	0	0	0	0	0	0	0	0	0	10.8621797562	0	0	0	0	0	0	0	0	0	1.46976983547	3.678617239	5.03711652756	4.79502248764	3.34072446823	1.69449472427	0.589888930321	0.112539798021	0	0	0	0	0	0	0	0	0	68.4196472168	0	0	0	0	0	0	0	0	0	0	0	0	0	0	0
Feb 22 2023 18:06:21	1.52611768246	89.1600112915	96.5143051147	0.00106151436921	59.5325012207	7.10175514221	48.2113647461	-	0	0	0	0	0	0	0	0	0	0	0	0	0	0	0.118734747171	1.56261098385	4.28705120087	5.25750827789	3.60070991516	1.48415219784	0.367076337337	0.0502002127469	0.00327500095591	0.00011953557987	2.63709443971e-05	0.00032814903534	0.00823325291276	0.100777387619	0.628067314625	2.2594230175	5.03217601776	6.90884494781	5.3628911972	1.85736560822	0.135066315532	6.2677749213e-08	0	0	0	0	0	0	0	0	60.9753608704	0	0	0	0	0	0	0	0	0	0	0	0	0	0	0
Feb 22 2023 18:06:22	1.54022169113	89.996963501	96.8275985718	0.000670167966746	64.5849685669	9.23632526398	70.4947662354	-	0	0	0	0	0	0	0	0	0	0	0	0	0	0	0	0	0	11.3209857941	0	0	0	0	0	0	0	0	0.797098040581	3.20701336861	4.92225408554	5.05365133286	3.84190940857	2.20942115784	0.943306565285	0.277203470469	0.0410830788314	0	0	0	0	0	0	0	0	0	67.3860702515	0	0	0	0	0	0	0	0	0	0	0	0	0	0	0
Feb 22 2023 18:06:23	1.51143622398	89.2712631226	96.556060791	0.00065661536064	60.6613121033	8.43028354645	68.0661621094	-	0	0	0	0	0	0	0	0	0	0	0	0	0	0	0	0	0	13.4115829468	0	0	0	0	0	0	0	0	0.103601589799	0.779144287109	1.8111782074	3.01442503929	4.07582330704	4.63605737686	4.4355931282	3.46063661575	1.99338436127	0.51904040575	0	0	0	0	0	0	0	0	61.7595329285	0	0	0	0	0	0	0	0	0	0	0	0	0	0	0
Feb 22 2023 18:06:24	1.57348632813	89.715927124	96.7226104736	0.000942490936723	63.3250427246	9.90934944153	63.348941803	-	0	0	0	0	0	0	0	0	0	0	0	0	0	0	0	0	0	10.4899358749	0	0	0	0	0	0	0	0	0.21818959713	1.3643643856	2.80380392075	4.0685095787	4.7075676918	4.48790550232	3.51511979103	2.17896485329	0.944007098675	0.126519560814	0	0	0	0	0	0	0	0	65.095123291	0	0	0	0	0	0	0	0	0	0	0	0	0	0	0
Feb 22 2023 18:06:25	1.49599325657	88.0876159668	96.2560577393	0.000458434049506	56.3123893738	7.43467140198	73.5693283081	-	0	0	0	0	0	0	0	0	0	0	0	0	0	0	0.00924117304385	0.942137122154	5.05334711075	6.00960063934	2.41291570663	0.377604007721	0.0231066886336	0.000488843419589	3.03003162117e-06	1.08606057481e-08	1.91181404041e-09	1.78968178943e-07	4.57930182165e-05	0.0038880459033	0.107944570482	1.16486060619	5.43524074554	11.0053825378	8.74147891998	2.10345864296	0.0800848454237	4.51033083664e-05	0	0	0	0	0	0	0	0	56.5291213989	0	0	0	0	0	0	0	0	0	0	0	0	0	0	0
Feb 22 2023 18:06:26	1.53014445305	88.6535186768	96.3510742188	0.000776837405283	57.4305152893	7.08921909332	58.7201538086	-	0	0	0	0	0	0	0	0	0	0	0	0	0	0	0.150354638696	1.67345333099	4.23037815094	5.03040218353	3.48756241798	1.52022778988	0.418343961239	0.0680590718985	0.0057663070038	0.000271734228591	3.95330571337e-05	0.000254757760558	0.00557675911114	0.0693740844727	0.457736998796	1.7917072773	4.47142219543	7.17979574203	7.03375482559	3.63405537605	0.673654019833	0.00893176719546	0	0	0	0	0	0	0	0	58.0888748169	0	0	0	0	0	0	0	0	0	0	0	0	0	0	0
Feb 22 2023 18:06:27	1.61290419102	87.2550430298	96.1153182983	0.000724975951016	54.1152000427	6.62015104294	60.5467147827	-	0	0	0	0	0	0	0	0	0	0	0	0	0	0	1.14593267441	2.29166698456	3.01372218132	3.1974773407	2.90605092049	2.31024980545	1.6086319685	0.965791225433	0.490959316492	0.235230639577	0.190769210458	0.351536363363	0.758873581886	1.42124927044	2.28654623032	3.22736978531	4.05306386948	4.52458667755	4.41103887558	3.58677816391	2.14557695389	0.512531340122	0	0	0	0	0	0	0	0	54.3643760681	0	0	0	0	0	0	0	0	0	0	0	0	0	0	0
Feb 22 2023 18:06:28	1.61503493786	87.2157669067	96.1086578369	0.000714501366019	53.9819793701	6.62089061737	61.0089073181	-	0	0	0	0	0	0	0	0	0	0	0	0	0	0	1.15040338039	2.29519724846	3.00709605217	3.17404723167	2.86594557762	2.26107859612	1.56265389919	0.935492753983	0.485210806131	0.257320761681	0.243291884661	0.442679286003	0.890697002411	1.58019304276	2.44603562355	3.35390853882	4.11576795578	4.50586509705	4.31492090225	3.44086146355	1.9949734211	0.410517215729	0	0	0	0	0	0	0	1.03646732581e-13	54.2658500671	0	0	0	0	0	0	0	0	0	0	0	0	0	0	0
Feb 22 2023 18:06:29	1.52412259579	89.4613037109	96.6273117065	0.00107469211798	61.908744812	9.03953933716	55.8057060242	-	0	0	0	0	0	0	0	0	0	0	0	0	0	0	0	0	0	12.2851810455	0	0	0	0	0	0	0	0	0	0.537912428379	1.66253113747	3.02014493942	4.21774148941	4.81365966797	4.52696180344	3.41568136215	1.88442873955	0.491422146559	0	0	0	0	0	0	0	0	63.1443367004	0	0	0	0	0	0	0	0	0	0	0	0	0	0	0
Feb 22 2023 18:06:30	1.48801982403	85.5525817871	95.8977584839	0.000461981806438	53.3794898987	7.08936262131	71.9060058594	-	0	0	0	0	0	0	0	0	0	0	0	0	0	0	2.37789699042e-08	0.0126261524856	2.80775904655	11.8056411743	2.77920007706	0.0483389496803	4.5011875045e-05	5.05210873136e-10	1.02314971631e-19	0	0	0	0	0	0	6.21485742158e-06	0.0023788344115	0.103234998882	1.38085246086	7.16124677658	14.1572532654	8.54426670074	0.833343148232	0.00108328915667	0	0	0	0	0	0	50.3627243042	0	0	0	0	0	0	0	0	0	0	0	0	0	0	0
Feb 22 2023 18:06:31	1.52844440937	89.2446670532	96.546081543	0.000972351699602	61.691532135	9.55757045746	60.4469604492	-	0	0	0	0	0	0	0	0	0	0	0	0	0	0	0	0	0	11.9453172684	0	0	0	0	0	0	0	0	0	0	0.0695740133524	0.652549862862	1.80584764481	3.45022034645	5.12900590897	6.04899358749	5.46234178543	3.29168701172	0.57418102026	0	0	0	0	0	0	0	61.5702819824	0	0	0	0	0	0	0	0	0	0	0	0	0	0	0
Feb 22 2023 18:06:32	1.50242125988	88.1231079102	96.2620315552	0.000498172303196	56.8692779541	7.94270324707	73.2982940674	-	0	0	0	0	0	0	0	0	0	0	0	0	0	0	0	0	0	14.3534879684	0	0	0	0	0	0	0	0	0.164163440466	0.638483524323	1.4147105217	2.45881128311	3.63316750526	4.67925977707	5.25175285339	5.02372646332	3.84621286392	1.91145217419	0	0	0	0	0	0	0	0	56.6247711182	0	0	0	0	0	0	0	0	0	0	0	0	0	0	0
Feb 22 2023 18:06:33	1.28757345676	87.91796875	96.2274703979	0.000549663382117	56.3279685974	6.95024204254	65.5703277588	-	0	0	0	0	0	0	0	0	0	0	0	0	0	0	0	0	14.4782676697	2.36558689304e-12	0	0	0	0	0	0	0	0.0323691479862	0.281990885735	0.792495906353	1.58774125576	2.61995911598	3.7458782196	4.7144575119	5.2014837265	4.91025209427	3.72097110748	1.8382755518	0	0	0	0	0	0	0	0	56.0758590698	0	0	0	0	0	0	0	0	0	0	0	0	0	0	0
Feb 22 2023 18:06:34	1.6829406023	26.115404129	95.8295288086	0.000672775495332	50.7506523132	6.95289134979	64.4827957153	-	0	0	0	0	0	0	0	0	0	0	0	0	0	0	1.10434830189	2.10568928719	2.74284410477	2.93847537041	2.7335267067	2.24793362617	1.6293810606	1.01145744324	0.50076007843	0.173457369208	0.0517167560756	0.117480568588	0.402742356062	0.928980588913	1.68763041496	2.62939333916	3.65294146538	4.58932685852	5.20576858521	5.25343847275	4.56625032425	3.19571208954	1.51266121864	0.177832528949	0	0	0	0	0	0	48.8402519226	0	0	0	0	0	0	0	0	0	0	0	0	0	0	0
Feb 22 2023 18:06:35	1.6069136858	86.7140426636	96.0232620239	0.000395566865336	53.6997642517	6.93058919907	76.7070922852	-	0	0	0	0	0	0	0	0	0	0	0	0	0	0	0.820483088493	2.17934727669	3.2089612484	3.49270629883	3.05641651154	2.21052837372	1.31530570984	0.616240620613	0.204087749124	0.0395778305829	0.00701792072505	0.0252482630312	0.155098065734	0.538441240788	1.30053222179	2.46526861191	3.8778231144	5.15600204468	5.75780725479	5.2337179184	3.59482908249	1.54106807709	0.169231444597	0	0	0	0	0	0	0	53.0342559814	0	0	0	0	0	0	0	0	0	0	0	0	0	0	0
Feb 22 2023 18:06:36	1.53293657303	88.9429550171	96.4327468872	0.00057215441484	58.9739112854	9.04379558563	73.7330703735	-	0	0	0	0	0	0	0	0	0	0	0	0	0	0	0	0	0	11.61236763	0	0	0	0	0	0	0	0.0682563483715	0.551055669785	1.38282585144	2.47033858299	3.61344361305	4.53984165192	4.96400356293	4.68769216537	3.70151734352	2.22888493538	0.681099116802	0	0	0	0	0	0	0	0	59.4986724854	0	0	0	0	0	0	0	0	0	0	0	0	0	0	0
Feb 22 2023 18:06:37	1.53491580486	88.0766983032	96.2542190552	0.000766702520195	56.0631790161	6.83369827271	58.4156913757	-	0	0	0	0	0	0	0	0	0	0	0	0	0	0	0.357694774866	2.02559447289	3.97877216339	4.54380512238	3.50826454163	1.92634689808	0.749737918377	0.19458194077	0.0297311320901	0.00266444194131	0.000635522243101	0.00368134630844	0.0399266555905	0.248613625765	0.946826100349	2.46030569077	4.63576221466	6.40200805664	6.25865697861	3.91866374016	1.20585501194	0.0620983727276	0	0	0	0	0	0	0	0	56.4997749329	0	0	0	0	0	0	0	0	0	0	0	0	0	0	0
Feb 22 2023 18:06:38	1.50053036213	88.9102172852	96.4204330444	0.00069558317773	58.7295150757	7.90880918503	64.5761947632	-	0	0	0	0	0	0	0	0	0	0	0	0	0	0	0	0	0	14.5688695908	0	0	0	0	0	0	0	0	0.198718249798	0.712933838367	1.54352760315	2.61450624466	3.72668981552	4.56926393509	4.801030159	4.19672489166	2.79834389687	0.987540483475	0	0	0	0	0	0	0	0	59.2818450928	0	0	0	0	0	0	0	0	0	0	0	0	0	0	0
Feb 22 2023 18:06:39	8.08517742157	90.7202911377	97.096824646	0.000648883637041	70.4122695923	11.6751451492	76.6627349854	-	0	0	0	0	0	0	0	0	0	0	0	0	0	0	0	0	0	8.80390930176	0	0	0	0	0	0	0	0	0	0	2.88162612915	7.4680762291	4.80928659439	1.63045918941	0.314930677414	0.0331641957164	0.0015003074659	0	0	0	0	0	0	0	0	0	74.0570449829	0	0	0	0	0	0	0	0	0	0	0	0	0	0	0
Feb 22 2023 18:06:40	1.4939135313	87.6283340454	96.1785583496	0.000449759420007	56.7630691528	7.82879495621	74.8292236328	-	0	0	0	0	0	0	0	0	0	0	0	0	0	0	0	0	1.77419731725e-33	15.3787326813	4.62573393218e-13	0	0	0	0	0	0	0	0	0	0.0121104260907	0.19057315588	0.886559605598	2.52529597282	5.08005619049	7.40905046463	7.52924394608	4.63725852966	1.03449547291	0	0	0	0	0	0	0	55.316619873	0	0	0	0	0	0	0	0	0	0	0	0	0	0	0
Feb 22 2023 18:06:41	8.00957870483	90.7715301514	97.1158447266	0.00107251654845	70.8262863159	11.2596406937	63.0241317749	-	0	0	0	0	0	0	0	0	0	0	0	0	0	0	0	0	0	9.50660514832	0	0	0	0	0	0	0	0	0	0	1.82853114605	6.6507062912	5.01637887955	1.94564127922	0.422982215881	0.0490750111639	0.00228533917107	0	0	0	0	0	0	0	0	0	74.577796936	0	0	0	0	0	0	0	0	0	0	0	0	0	0	0
Feb 22 2023 18:06:42	1.5131508112	88.8336486816	96.3916244507	0.00063986715395	58.72133255	8.51487541199	69.029838562	-	0	0	0	0	0	0	0	0	0	0	0	0	0	0	0	0	1.25857585227e-19	13.2468309402	4.97046089183e-13	0	0	0	0	0	0	0	0	0.391293883324	1.20005619526	2.34019041061	3.6351454258	4.75862121582	5.30674219131	4.95650815964	3.65281152725	1.73125660419	0	0	0	0	0	0	0	0	58.780544281	0	0	0	0	0	0	0	0	0	0	0	0	0	0	0
Feb 22 2023 18:06:43	1.57314002514	89.7200317383	96.7241439819	0.000606842921115	63.0717964172	9.68566799164	74.1676940918	-	0	0	0	0	0	0	0	0	0	0	0	0	0	0	0	0	0	10.4978742599	0	0	0	0	0	0	0	0	0.727123260498	2.29827523232	3.85009837151	4.7742433548	4.74041795731	3.83957767487	2.50447654724	1.24686539173	0.393548339605	0	0	0	0	0	0	0	0	0	65.127494812	0	0	0	0	0	0	0	0	0	0	0	0	0	0	0
Feb 22 2023 18:06:44	1.53328645229	89.9551467896	96.8119888306	0.00044340066961	64.5910797119	9.33563232422	79.3590698242	-	0	0	0	0	0	0	0	0	0	0	0	0	0	0	0	0	4.85325814455e-23	11.5872478485	3.75472595452e-15	0	0	0	0	0	0	0	0.158610269427	1.59925460815	3.2306394577	4.35446739197	4.50075769424	3.68804001808	2.37541818619	1.13842976093	0.331642478704	0	0	0	0	0	0	0	0	0	67.0354919434	0	0	0	0	0	0	0	0	0	0	0	0	0	0	0
Feb 22 2023 18:06:45	6.10643148422	89.473236084	96.6317749023	0.000656978110783	61.8449363708	10.3778333664	74.3565826416	-	0	0	0	0	0	0	0	0	0	0	0	0	0	0	0	0	0	9.24891281128	0	0	0	0	0	0	0	0.122270300984	0.904237866402	2.10955071449	3.42487502098	4.45840215683	4.88439512253	4.55869054794	3.58640551567	2.28356933594	1.03768861294	0.147764772177	0	0	0	0	0	0	0	0	63.2332382202	0	0	0	0	0	0	0	0	0	0	0	0	0	0	0
Feb 22 2023 18:06:46	1.48280763626	87.6200714111	96.1771621704	0.000447732832981	54.8604774475	6.43023347855	71.3502502441	-	0	0	0	0	0	0	0	0	0	0	0	0	0	0	0.384214669466	2.28782582283	4.46688365936	4.91709470749	3.57446479797	1.81035721302	0.638588309288	0.149209201336	0.0216426383704	0.00260664871894	0.00151251838543	0.00885550491512	0.0706961676478	0.366542190313	1.24907171726	2.99065637589	5.23191595078	6.66867923737	5.90058469772	3.19818711281	0.751936554909	0.0132470577955	0	0	0	0	0	0	0	0	55.2952270508	0	0	0	0	0	0	0	0	0	0	0	0	0	0	0
Feb 22 2023 18:06:47	1.64598596096	87.1737060547	96.1015090942	0.00047016562894	54.284236908	6.95432186127	73.3245620728	-	0	0	0	0	0	0	0	0	0	0	0	0	0	0	1.01412940025	2.17615818977	2.94035601616	3.13340616226	2.81189131737	2.17130351067	1.43947386742	0.796783447266	0.348975151777	0.124128974974	0.0774728804827	0.182172760367	0.509811401367	1.12310755253	2.01677465439	3.08811879158	4.13359260559	4.85985183716	4.95395851135	4.21873950958	2.73511958122	0.983990252018	0	0	0	0	0	0	0	0	54.1606826782	0	0	0	0	0	0	0	0	0	0	0	0	0	0	0
Feb 22 2023 18:06:48	1.54983365536	88.9758987427	96.4451293945	0.000757920206524	58.6499443054	7.16933107376	60.0820426941	-	0	0	0	0	0	0	0	0	0	0	0	0	0	0	0.317801177502	1.94854807854	3.91574382782	4.42985439301	3.29673242569	1.69323015213	0.591628611088	0.128358319402	0.0139585509896	0.000586462963838	7.73790161475e-05	0.00145191082265	0.0277678016573	0.215221449733	0.907884895802	2.46969723701	4.68300151825	6.26628541946	5.66374397278	3.03850483894	0.664632976055	0.00685168709606	0	0	0	0	0	0	1.40129846432e-43	6.93573870618e-15	59.7184371948	0	0	0	0	0	0	0	0	0	0	0	0	0	0	0
Feb 22 2023 18:06:49	1.51010680199	89.2344436646	96.5422439575	0.000758156878874	60.2554512024	8.27347278595	63.6769065857	-	0	0	0	0	0	0	0	0	0	0	0	0	0	0	0	0	0	13.5422964096	0	0	0	0	0	0	0	0	0.323277533054	1.17296493053	2.31710314751	3.49061274529	4.35202550888	4.5925116539	4.07367515564	2.91907191277	1.48796796799	0.230628430843	0	0	0	0	0	0	0	0	61.4978675842	0	0	0	0	0	0	0	0	0	0	0	0	0	0	0
Feb 22 2023 18:06:50	1.54062402248	90.0183792114	96.8355865479	0.000596509838942	65.1121826172	9.58301830292	73.8562316895	-	0	0	0	0	0	0	0	0	0	0	0	0	0	0	0	0	0	11.3100309372	0	0	0	0	0	0	0	0	0	0.975103676319	2.84257245064	4.37500667572	4.81283140182	4.02761077881	2.56751704216	1.1884881258	0.33384591341	0	0	0	0	0	0	0	0	0	67.5669937134	0	0	0	0	0	0	0	0	0	0	0	0	0	0	0
Feb 22 2023 18:06:51	1.4438778162	88.4608001709	96.3187713623	0.000864615780301	56.1423339844	5.7832531929	48.7648086548	-	0	0	0	0	0	0	0	0	0	0	0	0	0	0	0.863695502281	2.80216217041	4.41882371902	4.8033285141	3.98567986488	2.61390304565	1.35565400124	0.539378106594	0.158555358648	0.0415934622288	0.0288709644228	0.0848510414362	0.308859288692	0.855071008205	1.79966020584	2.9965133667	4.04116344452	4.38681077957	3.67280507088	2.11551570892	0.577837049961	0	0	0	0	0	0	0	0	0	57.5492668152	0	0	0	0	0	0	0	0	0	0	0	0	0	0	0
Feb 22 2023 18:06:52	1.51593220234	89.2322921753	96.5414428711	0.000593483680859	60.13489151	8.40691184998	70.8387680054	-	0	0	0	0	0	0	0	0	0	0	0	0	0	0	0	0	0	12.9884033203	0	0	0	0	0	0	0	0.0497574843466	0.658943712711	1.66641235352	2.86379790306	3.92956399918	4.53673362732	4.46354961395	3.6970615387	2.46018648148	1.12820124626	0.0747338682413	0	0	0	0	0	0	0	0	61.4826545715	0	0	0	0	0	0	0	0	0	0	0	0	0	0	0
Feb 22 2023 18:06:53	1.52348935604	89.9424285889	96.8072433472	0.000657266937196	64.3953552246	8.96800899506	69.8038787842	-	0	0	0	0	0	0	0	0	0	0	0	0	0	0	0	0	0	12.3366985321	0	0	0	0	0	0	0	0	0	0.922934234142	2.93936491013	4.9807882309	5.40788602829	3.93025541306	1.89662384987	0.57096272707	0.084882453084	0	0	0	0	0	0	0	0	0	66.9296035767	0	0	0	0	0	0	0	0	0	0	0	0	0	0	0
Feb 22 2023 18:06:54	6.27815246582	90.4783554077	97.0069351196	0.000747312733438	68.1116943359	10.2448577881	70.5521774292	-	0	0	0	0	0	0	0	0	0	0	0	0	0	0	0	0	0	9.96914482117	0	0	0	0	0	0	0	0	0	3.45160889626	7.30150318146	4.94772672653	2.00752067566	0.531805634499	0.0913695991039	0.00934551097453	0.000382756465115	0	0	0	0	0	0	0	0	0	71.6895904541	0	0	0	0	0	0	0	0	0	0	0	0	0	0	0
Feb 22 2023 18:06:55	6.46593999863	90.7557983398	97.1100082397	0.00118418619968	70.2661972046	11.1317138672	60.7667388916	-	0	0	0	0	0	0	0	0	0	0	0	0	0	0	0	0	0	8.47271251678	0	0	0	0	0	0	0	0	0	12.2707157135	4.67865800858	0.158977746964	0.00173757050652	7.25246081856e-06	1.0906358483e-08	4.30374572785e-12	5.71096876912e-17	0	0	0	0	0	0	0	0	0	74.4171905518	0	0	0	0	0	0	0	0	0	0	0	0	0	0	0
Feb 22 2023 18:06:56	1.43449676037	87.9854888916	96.2388534546	0.000357247306965	54.9277381897	5.55414962769	73.7835922241	-	0	0	0	0	0	0	0	0	0	0	0	0	0	0	1.42919945717	3.02876281738	4.03801822662	4.24163389206	3.74770760536	2.84624958038	1.85550808907	1.01328670979	0.444802314043	0.168499916792	0.117603071034	0.253754615784	0.63371950388	1.2772051096	2.11022400856	2.95688700676	3.57930397987	3.72981643677	3.24971199036	2.18107676506	0.84153264761	0	0	0	0	0	0	0	0	0	56.2554969788	0	0	0	0	0	0	0	0	0	0	0	0	0	0	0
Feb 22 2023 18:06:57	-1.00000001505e+30	-1.00000001505e+30	-1.00000001505e+30	-1.00000002538e+26	-1.00000001505e+30	-1.00000001505e+30	99.9215087891	-	0	0	0	0	0	0	0	0	0	0	0	0	0	0	0	0	0	0	0	0	0	0	0	0	0	0	0	0	0	0	0	0	0	0	0	0	0	0	0	0	0	0	0	0	0	0	0	0	0	0	0	0	0	0	0	0	0	0	0	0
Feb 22 2023 18:06:58	-1.00000001505e+30	-1.00000001505e+30	-1.00000001505e+30	-1.00000002538e+26	-1.00000001505e+30	-1.00000001505e+30	99.9890823364	-	0	0	0	0	0	0	0	0	0	0	0	0	0	0	0	0	0	0	0	0	0	0	0	0	0	0	0	0	0	0	0	0	0	0	0	0	0	0	0	0	0	0	0	0	0	0	0	0	0	0	0	0	0	0	0	0	0	0	0	0
Feb 22 2023 18:06:59	-1.00000001505e+30	-1.00000001505e+30	-1.00000001505e+30	-1.00000002538e+26	-1.00000001505e+30	-1.00000001505e+30	99.957321167	-	0	0	0	0	0	0	0	0	0	0	0	0	0	0	0	0	0	0	0	0	0	0	0	0	0	0	0	0	0	0	0	0	0	0	0	0	0	0	0	0	0	0	0	0	0	0	0	0	0	0	0	0	0	0	0	0	0	0	0	0
Feb 22 2023 18:07:00	-1.00000001505e+30	-1.00000001505e+30	-1.00000001505e+30	-1.00000002538e+26	-1.00000001505e+30	-1.00000001505e+30	100.012039185	-	0	0	0	0	0	0	0	0	0	0	0	0	0	0	0	0	0	0	0	0	0	0	0	0	0	0	0	0	0	0	0	0	0	0	0	0	0	0	0	0	0	0	0	0	0	0	0	0	0	0	0	0	0	0	0	0	0	0	0	0
Feb 22 2023 18:07:01	-1.00000001505e+30	-1.00000001505e+30	-1.00000001505e+30	-1.00000002538e+26	-1.00000001505e+30	-1.00000001505e+30	99.9825057983	-	0	0	0	0	0	0	0	0	0	0	0	0	0	0	0	0	0	0	0	0	0	0	0	0	0	0	0	0	0	0	0	0	0	0	0	0	0	0	0	0	0	0	0	0	0	0	0	0	0	0	0	0	0	0	0	0	0	0	0	0
Feb 22 2023 18:07:02	-1.00000001505e+30	-1.00000001505e+30	-1.00000001505e+30	-1.00000002538e+26	-1.00000001505e+30	-1.00000001505e+30	99.9320144653	-	0	0	0	0	0	0	0	0	0	0	0	0	0	0	0	0	0	0	0	0	0	0	0	0	0	0	0	0	0	0	0	0	0	0	0	0	0	0	0	0	0	0	0	0	0	0	0	0	0	0	0	0	0	0	0	0	0	0	0	0
Feb 22 2023 18:07:03	-1.00000001505e+30	-1.00000001505e+30	-1.00000001505e+30	-1.00000002538e+26	-1.00000001505e+30	-1.00000001505e+30	99.9732131958	-	0	0	0	0	0	0	0	0	0	0	0	0	0	0	0	0	0	0	0	0	0	0	0	0	0	0	0	0	0	0	0	0	0	0	0	0	0	0	0	0	0	0	0	0	0	0	0	0	0	0	0	0	0	0	0	0	0	0	0	0
Feb 22 2023 18:07:04	-1.00000001505e+30	-1.00000001505e+30	-1.00000001505e+30	-1.00000002538e+26	-1.00000001505e+30	-1.00000001505e+30	99.8239059448	-	0	0	0	0	0	0	0	0	0	0	0	0	0	0	0	0	0	0	0	0	0	0	0	0	0	0	0	0	0	0	0	0	0	0	0	0	0	0	0	0	0	0	0	0	0	0	0	0	0	0	0	0	0	0	0	0	0	0	0	0
Feb 22 2023 18:07:05	-1.00000001505e+30	-1.00000001505e+30	-1.00000001505e+30	-1.00000002538e+26	-1.00000001505e+30	-1.00000001505e+30	99.8817672729	-	0	0	0	0	0	0	0	0	0	0	0	0	0	0	0	0	0	0	0	0	0	0	0	0	0	0	0	0	0	0	0	0	0	0	0	0	0	0	0	0	0	0	0	0	0	0	0	0	0	0	0	0	0	0	0	0	0	0	0	0
Feb 22 2023 18:07:06	-1.00000001505e+30	-1.00000001505e+30	-1.00000001505e+30	-1.00000002538e+26	-1.00000001505e+30	-1.00000001505e+30	99.9797515869	-	0	0	0	0	0	0	0	0	0	0	0	0	0	0	0	0	0	0	0	0	0	0	0	0	0	0	0	0	0	0	0	0	0	0	0	0	0	0	0	0	0	0	0	0	0	0	0	0	0	0	0	0	0	0	0	0	0	0	0	0
Feb 22 2023 18:07:07	-1.00000001505e+30	-1.00000001505e+30	-1.00000001505e+30	-1.00000002538e+26	-1.00000001505e+30	-1.00000001505e+30	99.9750213623	-	0	0	0	0	0	0	0	0	0	0	0	0	0	0	0	0	0	0	0	0	0	0	0	0	0	0	0	0	0	0	0	0	0	0	0	0	0	0	0	0	0	0	0	0	0	0	0	0	0	0	0	0	0	0	0	0	0	0	0	0
Feb 22 2023 18:07:08	-1.00000001505e+30	-1.00000001505e+30	-1.00000001505e+30	-1.00000002538e+26	-1.00000001505e+30	-1.00000001505e+30	99.9643478394	-	0	0	0	0	0	0	0	0	0	0	0	0	0	0	0	0	0	0	0	0	0	0	0	0	0	0	0	0	0	0	0	0	0	0	0	0	0	0	0	0	0	0	0	0	0	0	0	0	0	0	0	0	0	0	0	0	0	0	0	0
Feb 22 2023 18:07:09	-1.00000001505e+30	-1.00000001505e+30	-1.00000001505e+30	-1.00000002538e+26	-1.00000001505e+30	-1.00000001505e+30	99.9852676392	-	0	0	0	0	0	0	0	0	0	0	0	0	0	0	0	0	0	0	0	0	0	0	0	0	0	0	0	0	0	0	0	0	0	0	0	0	0	0	0	0	0	0	0	0	0	0	0	0	0	0	0	0	0	0	0	0	0	0	0	0
Feb 22 2023 18:07:10	-1.00000001505e+30	-1.00000001505e+30	-1.00000001505e+30	-1.00000002538e+26	-1.00000001505e+30	-1.00000001505e+30	99.9936065674	-	0	0	0	0	0	0	0	0	0	0	0	0	0	0	0	0	0	0	0	0	0	0	0	0	0	0	0	0	0	0	0	0	0	0	0	0	0	0	0	0	0	0	0	0	0	0	0	0	0	0	0	0	0	0	0	0	0	0	0	0
Feb 22 2023 18:07:11	-1.00000001505e+30	-1.00000001505e+30	-1.00000001505e+30	-1.00000002538e+26	-1.00000001505e+30	-1.00000001505e+30	99.9975967407	-	0	0	0	0	0	0	0	0	0	0	0	0	0	0	0	0	0	0	0	0	0	0	0	0	0	0	0	0	0	0	0	0	0	0	0	0	0	0	0	0	0	0	0	0	0	0	0	0	0	0	0	0	0	0	0	0	0	0	0	0
Feb 22 2023 18:07:12	-1.00000001505e+30	-1.00000001505e+30	-1.00000001505e+30	-1.00000002538e+26	-1.00000001505e+30	-1.00000001505e+30	99.9954071045	-	0	0	0	0	0	0	0	0	0	0	0	0	0	0	0	0	0	0	0	0	0	0	0	0	0	0	0	0	0	0	0	0	0	0	0	0	0	0	0	0	0	0	0	0	0	0	0	0	0	0	0	0	0	0	0	0	0	0	0	0
Feb 22 2023 18:07:13	-1.00000001505e+30	-1.00000001505e+30	-1.00000001505e+30	-1.00000002538e+26	-1.00000001505e+30	-1.00000001505e+30	100.004302979	-	0	0	0	0	0	0	0	0	0	0	0	0	0	0	0	0	0	0	0	0	0	0	0	0	0	0	0	0	0	0	0	0	0	0	0	0	0	0	0	0	0	0	0	0	0	0	0	0	0	0	0	0	0	0	0	0	0	0	0	0
Feb 22 2023 18:07:14	-1.00000001505e+30	-1.00000001505e+30	-1.00000001505e+30	-1.00000002538e+26	-1.00000001505e+30	-1.00000001505e+30	100.00920105	-	0	0	0	0	0	0	0	0	0	0	0	0	0	0	0	0	0	0	0	0	0	0	0	0	0	0	0	0	0	0	0	0	0	0	0	0	0	0	0	0	0	0	0	0	0	0	0	0	0	0	0	0	0	0	0	0	0	0	0	0
Feb 22 2023 18:07:15	-1.00000001505e+30	-1.00000001505e+30	-1.00000001505e+30	-1.00000002538e+26	-1.00000001505e+30	-1.00000001505e+30	99.9708557129	-	0	0	0	0	0	0	0	0	0	0	0	0	0	0	0	0	0	0	0	0	0	0	0	0	0	0	0	0	0	0	0	0	0	0	0	0	0	0	0	0	0	0	0	0	0	0	0	0	0	0	0	0	0	0	0	0	0	0	0	0
Feb 22 2023 18:07:16	-1.00000001505e+30	-1.00000001505e+30	-1.00000001505e+30	-1.00000002538e+26	-1.00000001505e+30	-1.00000001505e+30	99.9711380005	-	0	0	0	0	0	0	0	0	0	0	0	0	0	0	0	0	0	0	0	0	0	0	0	0	0	0	0	0	0	0	0	0	0	0	0	0	0	0	0	0	0	0	0	0	0	0	0	0	0	0	0	0	0	0	0	0	0	0	0	0
Feb 22 2023 18:07:17	-1.00000001505e+30	-1.00000001505e+30	-1.00000001505e+30	-1.00000002538e+26	-1.00000001505e+30	-1.00000001505e+30	100.009559631	-	0	0	0	0	0	0	0	0	0	0	0	0	0	0	0	0	0	0	0	0	0	0	0	0	0	0	0	0	0	0	0	0	0	0	0	0	0	0	0	0	0	0	0	0	0	0	0	0	0	0	0	0	0	0	0	0	0	0	0	0
Feb 22 2023 18:07:18	-1.00000001505e+30	-1.00000001505e+30	-1.00000001505e+30	-1.00000002538e+26	-1.00000001505e+30	-1.00000001505e+30	100.029823303	-	0	0	0	0	0	0	0	0	0	0	0	0	0	0	0	0	0	0	0	0	0	0	0	0	0	0	0	0	0	0	0	0	0	0	0	0	0	0	0	0	0	0	0	0	0	0	0	0	0	0	0	0	0	0	0	0	0	0	0	0
