Date-Time	Dx(10)	Dx(50)	Dx(90)	Cv(%)	D[4][3]	D[3][2]	Transmission	0.10000020	0.11659167	0.13593590	0.15848963	0.18478534	0.21544389	0.25118914	0.29286504	0.34145555	0.39810795	0.46415979	0.54117060	0.63095856	0.73564368	0.85769761	1.00000191	1.16591668	1.35935903	1.58489633	1.84785342	2.15443897	2.51189137	2.92865038	3.41455555	3.98107958	4.64159775	5.41170597	6.30958605	7.35643721	8.57697582	10.00002003	11.65916729	13.59359074	15.84896278	18.47853470	21.54438972	25.11891365	29.28650284	34.14555740	39.81079483	46.41598129	54.11705780	63.09585953	73.56436920	85.76976013	100.00019836	116.59166718	135.93591309	158.48962402	184.78533936	215.44389343	251.18913269	292.86502075	341.45556641	398.10794067	464.15979004	541.17059326	630.95855713	735.64367676	857.69757080	1000.00195313
Feb 22 2023 18:03:26	5.6342792511	85.4417877197	95.8871612549	0.000444733712357	49.3319396973	11.016544342	87.7006759644	-	0	0	0	0	0	0	0	0	0	0	0	0	0	0	0	0	0	0	0	0	0	0	0	0	0	6.28279058553e-13	49.8799095154	3.55911873444e-24	0	0	0	0	0	0	0	0	0	0	0	0	0	0	0	0	50.1200904846	0	0	0	0	0	0	0	0	0	0	0	0	0	0	0
Feb 22 2023 18:03:27	5.65237617493	87.7664108276	96.2018966675	0.000576995662414	54.1529846191	12.2153768539	85.7767333984	-	0	0	0	0	0	0	0	0	0	0	0	0	0	0	0	0	0	0	0	0	0	0	0	0	0	0	44.3237037659	0	0	0	0	0	0	0	0	0	0	0	0	0	0	0	0	0	55.6763000488	0	0	0	0	0	0	0	0	0	0	0	0	0	0	0
Feb 22 2023 18:03:28	-1.00000001505e+30	-1.00000001505e+30	-1.00000001505e+30	-1.00000002538e+26	-1.00000001505e+30	-1.00000001505e+30	99.0270385742	-	0	0	0	0	0	0	0	0	0	0	0	0	0	0	0	0	0	0	0	0	0	0	0	0	0	0	0	0	0	0	0	0	0	0	0	0	0	0	0	0	0	0	0	0	0	0	0	0	0	0	0	0	0	0	0	0	0	0	0	0
Feb 22 2023 18:03:29	5.6556019783	88.0907974243	96.2565917969	0.000478798610857	54.9004096985	12.4249973297	88.2369537354	-	0	0	0	0	0	0	0	0	0	0	0	0	0	0	0	0	0	0	0	0	0	0	0	0	0	0	43.4623031616	0	0	0	0	0	0	0	0	0	0	0	0	0	0	0	0	0	56.5376930237	0	0	0	0	0	0	0	0	0	0	0	0	0	0	0
Feb 22 2023 18:03:30	5.65935230255	88.4420776367	96.3156280518	0.000677000032738	55.7330474854	12.6671543121	84.0688323975	-	0	0	0	0	0	0	0	0	0	0	0	0	0	0	0	0	0	0	0	0	0	0	0	0	0	0	42.502696991	0	0	0	0	0	0	0	0	0	0	0	0	0	0	0	0	0	57.497303009	0	0	0	0	0	0	0	0	0	0	0	0	0	0	0
Feb 22 2023 18:03:31	5.65418243408	87.9506988525	96.2329864502	0.000967376516201	54.5751228333	12.3328905106	77.5109710693	-	0	0	0	0	0	0	0	0	0	0	0	0	0	0	0	0	0	0	0	0	0	0	0	0	0	0	43.8371925354	0	0	0	0	0	0	0	0	0	0	0	0	0	0	0	0	0	56.1628036499	0	0	0	0	0	0	0	0	0	0	0	0	0	0	0
Feb 22 2023 18:03:32	5.6559586525	88.1253356934	96.2624053955	0.000993948196992	54.9811897278	12.4480848312	77.1588821411	-	0	0	0	0	0	0	0	0	0	0	0	0	0	0	0	0	0	0	0	0	0	0	0	0	0	0	43.3692054749	0	0	0	0	0	0	0	0	0	0	0	0	0	0	0	0	0	56.6307945251	0	0	0	0	0	0	0	0	0	0	0	0	0	0	0
Feb 22 2023 18:03:33	5.64014387131	86.3064880371	95.9695510864	0.00108659034595	51.0232315063	11.4093618393	73.3798370361	-	0	0	0	0	0	0	0	0	0	0	0	0	0	0	0	0	0	0	0	0	0	0	0	0	0	0	47.9307098389	0	0	0	0	0	0	0	0	0	0	0	0	0	0	0	0	0	52.0692901611	0	0	0	0	0	0	0	0	0	0	0	0	0	0	0
Feb 22 2023 18:03:34	5.64289522171	86.6713180542	96.0159683228	0.00102505111136	51.7714958191	11.5922336578	75.0252456665	-	0	0	0	0	0	0	0	0	0	0	0	0	0	0	0	0	0	0	0	0	0	0	0	0	0	0	47.0683441162	0	0	0	0	0	0	0	0	0	0	0	0	0	0	0	0	0	52.9316558838	0	0	0	0	0	0	0	0	0	0	0	0	0	0	0
Feb 22 2023 18:03:35	5.64837312698	87.3318786621	96.1283569336	0.000944091763813	53.1826629639	11.9535665512	77.3692092896	-	0	0	0	0	0	0	0	0	0	0	0	0	0	0	0	0	0	0	0	0	0	0	0	0	0	0	45.4419898987	0	0	0	0	0	0	0	0	0	0	0	0	0	0	0	0	0	54.5580101013	0	0	0	0	0	0	0	0	0	0	0	0	0	0	0
Feb 22 2023 18:03:36	5.64967441559	87.4772644043	96.1529922485	0.00105986464769	53.5034828186	12.0388793945	75.1273117065	-	0	0	0	0	0	0	0	0	0	0	0	0	0	0	0	0	0	0	0	0	0	0	0	0	0	0	45.0722465515	0	0	0	0	0	0	0	0	0	0	0	0	0	0	0	0	0	54.9277534485	0	0	0	0	0	0	0	0	0	0	0	0	0	0	0
Feb 22 2023 18:03:37	5.64378118515	86.7837982178	96.03515625	0.00110554252751	52.0065536499	11.6508970261	73.4669113159	-	0	0	0	0	0	0	0	0	0	0	0	0	0	0	0	0	0	0	0	0	0	0	0	0	0	0	46.7974433899	0	0	0	0	0	0	0	0	0	0	0	0	0	0	0	0	0	53.2025566101	0	0	0	0	0	0	0	0	0	0	0	0	0	0	0
Feb 22 2023 18:03:38	5.63636064529	85.763420105	95.9178924561	0.000892636657227	49.9480018616	11.156457901	77.0985565186	-	0	0	0	0	0	0	0	0	0	0	0	0	0	0	0	0	0	0	0	0	0	0	0	0	0	0	49.1699028015	0	0	0	0	0	0	0	0	0	0	0	0	0	0	0	0	0	50.8300971985	0	0	0	0	0	0	0	0	0	0	0	0	0	0	0
Feb 22 2023 18:03:39	5.64515304565	86.9535903931	96.0640869141	0.000630127848126	52.3653907776	11.7416057587	83.998374939	-	0	0	0	0	0	0	0	0	0	0	0	0	0	0	0	0	0	0	0	0	0	0	0	0	0	0	46.3838882446	0	0	0	0	0	0	0	0	0	0	0	0	0	0	0	0	0	53.6161117554	0	0	0	0	0	0	0	0	0	0	0	0	0	0	0
Feb 22 2023 18:03:40	5.64235305786	86.6012802124	96.0040130615	0.000868295435794	51.6261825562	11.55626297	78.3356399536	-	0	0	0	0	0	0	0	0	0	0	0	0	0	0	0	0	0	0	0	0	0	0	0	0	0	0	47.2358169556	0	0	0	0	0	0	0	0	0	0	0	0	0	0	0	0	0	52.7641830444	0	0	0	0	0	0	0	0	0	0	0	0	0	0	0
Feb 22 2023 18:03:41	5.64361953735	86.7634811401	96.0316925049	0.00103292928543	51.9639358521	11.6402168274	74.9499282837	-	0	0	0	0	0	0	0	0	0	0	0	0	0	0	0	0	0	0	0	0	0	0	0	0	0	0	46.8465614319	0	0	0	0	0	0	0	0	0	0	0	0	0	0	0	0	0	53.1534385681	0	0	0	0	0	0	0	0	0	0	0	0	0	0	0
Feb 22 2023 18:03:42	5.63287210464	6.39729261398	95.8653640747	0.00147103366908	48.9052734375	10.9216823578	64.5388717651	-	0	0	0	0	0	0	0	0	0	0	0	0	0	0	0	0	0	0	0	0	0	0	0	0	0	0	50.3716392517	0	0	0	0	0	0	0	0	0	0	0	0	0	0	0	0	0	49.6283607483	0	0	0	0	0	0	0	0	0	0	0	0	0	0	0
Feb 22 2023 18:03:43	5.63912296295	86.164932251	95.9561157227	0.0010229581967	50.7386131287	11.3413076401	74.5903930664	-	0	0	0	0	0	0	0	0	0	0	0	0	0	0	0	0	0	0	0	0	0	0	0	0	0	0	48.258731842	0	0	0	0	0	0	0	0	0	0	0	0	0	0	0	0	0	51.7412643433	0	0	0	0	0	0	0	0	0	0	0	0	0	0	0
Feb 22 2023 18:03:44	5.65066385269	87.5851211548	96.1712493896	0.00088513531955	53.7439613342	12.1036291122	78.8558120728	-	0	0	0	0	0	0	0	0	0	0	0	0	0	0	0	0	0	0	0	0	0	0	0	0	0	2.0398092937e-13	44.7950973511	2.34722697618e-15	2.985596912e-36	0	0	0	0	0	0	0	0	0	0	0	0	0	0	0	55.2048988342	0	0	0	0	0	0	0	0	0	0	0	0	0	0	0
Feb 22 2023 18:03:45	5.64444160461	86.8662109375	96.0492019653	0.001039285562	52.1801261902	11.6945972443	74.9189376831	-	0	0	0	0	0	0	0	0	0	0	0	0	0	0	0	0	0	0	0	0	0	0	0	0	0	1.07651225504e-25	46.59740448	1.73487865241e-13	3.13720546163e-32	0	0	0	0	0	0	0	0	0	0	0	0	0	0	0	53.40259552	0	0	0	0	0	0	0	0	0	0	0	0	0	0	0
Feb 22 2023 18:03:46	5.64725351334	87.2034225464	96.1065597534	0.000605745415669	52.9023399353	11.8800077438	84.7338104248	-	0	0	0	0	0	0	0	0	0	0	0	0	0	0	0	0	0	0	0	0	0	0	0	0	0	0	45.7650604248	0	0	0	0	0	0	0	0	0	0	0	0	0	0	0	0	0	54.2349395752	0	0	0	0	0	0	0	0	0	0	0	0	0	0	0
Feb 22 2023 18:03:47	5.63738870621	85.9160842896	95.9324493408	0.000755830085836	50.2457427979	11.2253599167	80.3432998657	-	0	0	0	0	0	0	0	0	0	0	0	0	0	0	0	0	0	0	0	0	0	0	0	0	0	0	48.8267593384	0	0	0	0	0	0	0	0	0	0	0	0	0	0	0	0	0	51.1732406616	0	0	0	0	0	0	0	0	0	0	0	0	0	0	0
Feb 22 2023 18:03:48	5.63337087631	6.44636487961	95.8731842041	0.000711909728125	49.0574417114	10.955327034	80.9557342529	-	0	0	0	0	0	0	0	0	0	0	0	0	0	0	0	0	0	0	0	0	0	0	0	0	0	0	50.1962661743	0	0	0	0	0	0	0	0	0	0	0	0	0	0	0	0	9.24295819868e-15	49.8037376404	0	0	0	0	0	0	0	0	0	0	0	0	0	0	0
Feb 22 2023 18:03:49	5.62704086304	6.22094964981	95.7649459839	0.00137428496964	47.0419502258	10.5258607864	65.40234375	-	0	0	0	0	0	0	0	0	0	0	0	0	0	0	0	0	0	0	0	0	0	0	0	0	0	0	52.5191001892	0	0	0	0	0	0	0	0	0	0	0	0	0	0	0	0	0	47.4809036255	0	0	0	0	0	0	0	0	0	0	0	0	0	0	0
Feb 22 2023 18:03:50	5.6349272728	85.5437469482	95.8969116211	0.000846363836899	49.5256233215	11.0601520538	77.9760513306	-	0	0	0	0	0	0	0	0	0	0	0	0	0	0	0	0	0	0	0	0	0	0	0	0	0	0	49.6566925049	0	0	0	0	0	0	0	0	0	0	0	0	0	0	0	0	0	50.3433113098	0	0	0	0	0	0	0	0	0	0	0	0	0	0	0
Feb 22 2023 18:03:51	5.63191223145	6.30382919312	95.8499832153	0.00117542059161	48.6091690063	10.8568048477	70.3272094727	-	0	0	0	0	0	0	0	0	0	0	0	0	0	0	0	0	0	0	0	0	0	0	0	0	0	0	50.7128944397	0	0	0	0	0	0	0	0	0	0	0	0	0	0	0	0	0	49.2871055603	0	0	0	0	0	0	0	0	0	0	0	0	0	0	0
Feb 22 2023 18:03:52	5.65473985672	88.0061798096	96.2423400879	0.00158459960949	54.7034835815	12.3690738678	65.9641113281	-	0	0	0	0	0	0	0	0	0	0	0	0	0	0	0	0	0	0	0	0	0	0	0	0	0	0	43.6892585754	0	0	0	0	0	0	0	0	0	0	0	0	0	0	0	0	0	56.3107414246	0	0	0	0	0	0	0	0	0	0	0	0	0	0	0
Feb 22 2023 18:03:53	5.65122556686	87.6453399658	96.1814346313	0.00174223911017	53.8791465759	12.140335083	62.741394043	-	0	0	0	0	0	0	0	0	0	0	0	0	0	0	0	0	0	0	0	0	0	0	0	0	0	0	44.6392974854	0	0	0	0	0	0	0	0	0	0	0	0	0	0	0	0	0	55.3606987	0	0	0	0	0	0	0	0	0	0	0	0	0	0	0
Feb 22 2023 18:03:54	5.65092372894	87.6130371094	96.1759719849	0.00170840602368	53.8065452576	12.1205940247	63.2643814087	-	0	0	0	0	0	0	0	0	0	0	0	0	0	0	0	0	0	0	0	0	0	0	0	0	0	0	44.7229728699	0	0	0	0	0	0	0	0	0	0	0	0	0	0	0	0	0	55.2770271301	0	0	0	0	0	0	0	0	0	0	0	0	0	0	0
Feb 22 2023 18:03:55	5.63447141647	85.4722137451	95.8900680542	0.00165800168179	49.389591217	11.0294885635	61.3425750732	-	0	0	0	0	0	0	0	0	0	0	0	0	0	0	0	0	0	0	0	0	0	0	0	0	0	0	49.8134689331	0	0	0	0	0	0	0	0	0	0	0	0	0	0	0	0	0	50.1865310669	0	0	0	0	0	0	0	0	0	0	0	0	0	0	0
Feb 22 2023 18:03:56	5.63916397095	86.1706619263	95.9566574097	0.00191130291205	50.7500801086	11.3440332413	57.8332176208	-	0	0	0	0	0	0	0	0	0	0	0	0	0	0	0	0	0	0	0	0	0	0	0	0	0	1.04834175195e-12	48.2455177307	0	0	0	0	0	0	0	0	0	0	0	0	0	0	0	0	0	51.7544822693	0	0	0	0	0	0	0	0	0	0	0	0	0	0	0
Feb 22 2023 18:03:57	5.63140630722	6.25515794754	95.8417129517	0.00147217407357	48.4516143799	10.82259655	64.2565155029	-	0	0	0	0	0	0	0	0	0	0	0	0	0	0	0	0	0	0	0	0	0	0	0	0	0	7.5445005061e-13	50.8944740295	1.64968919023e-26	0	0	0	0	0	0	0	0	0	0	0	0	0	0	0	0	49.1055221558	0	0	0	0	0	0	0	0	0	0	0	0	0	0	0
Feb 22 2023 18:03:58	5.63823699951	86.0391387939	95.9441604614	0.00128461339045	50.4882850647	11.2821207047	69.0671386719	-	0	0	0	0	0	0	0	0	0	0	0	0	0	0	0	0	0	0	0	0	0	0	0	0	0	0	48.5472335815	0	0	0	0	0	0	0	0	0	0	0	0	0	0	0	0	0	51.4527664185	0	0	0	0	0	0	0	0	0	0	0	0	0	0	0
Feb 22 2023 18:03:59	5.6435675621	86.7568969727	96.0305709839	0.00090158986859	51.9501419067	11.6367635727	77.743057251	-	0	0	0	0	0	0	0	0	0	0	0	0	0	0	0	0	0	0	0	0	0	0	0	0	0	0	46.8624572754	0	0	0	0	0	0	0	0	0	0	0	0	0	0	0	0	0	53.1375427246	0	0	0	0	0	0	0	0	0	0	0	0	0	0	0
Feb 22 2023 18:04:00	5.62986469269	6.24197387695	95.8157272339	0.000378154567443	47.9639167786	10.7180614471	89.1609954834	-	0	0	0	0	0	0	0	0	0	0	0	0	0	0	0	0	0	0	0	0	0	0	0	0	0	0	51.4565391541	0	0	0	0	0	0	0	0	0	0	0	0	0	0	0	0	0	48.5434570313	0	0	0	0	0	0	0	0	0	0	0	0	0	0	0
Feb 22 2023 18:04:01	5.64546585083	86.9915237427	96.0705413818	0.000547925475985	52.446231842	11.7622365952	85.9540863037	-	0	0	0	0	0	0	0	0	0	0	0	0	0	0	0	0	0	0	0	0	0	0	0	0	0	0	46.2907180786	1.4283347183e-14	1.56448207669e-34	0	0	0	0	0	0	0	0	0	0	0	0	0	0	0	53.7092819214	0	0	0	0	0	0	0	0	0	0	0	0	0	0	0
Feb 22 2023 18:04:02	5.64527177811	86.9680404663	96.0665435791	0.000687978579663	52.396156311	11.7494487762	82.6749649048	-	0	0	0	0	0	0	0	0	0	0	0	0	0	0	0	0	0	0	0	0	0	0	0	0	0	0	46.3484306335	0	0	0	0	0	0	0	0	0	0	0	0	0	0	0	0	0	53.6515731812	0	0	0	0	0	0	0	0	0	0	0	0	0	0	0
Feb 22 2023 18:04:03	5.64846086502	87.341796875	96.1300354004	0.000750111241359	53.2044334412	11.959318161	81.5655517578	-	0	0	0	0	0	0	0	0	0	0	0	0	0	0	0	0	0	0	0	0	0	0	0	0	0	0	45.4168968201	0	0	0	0	0	0	0	0	0	0	0	0	0	0	0	0	0	54.5831031799	0	0	0	0	0	0	0	0	0	0	0	0	0	0	0
Feb 22 2023 18:04:04	5.63181114197	6.29407215118	95.8483428955	0.00135341414716	48.5777740479	10.8499708176	66.6594238281	-	0	0	0	0	0	0	0	0	0	0	0	0	0	0	0	0	0	0	0	0	0	0	0	0	0	0	50.749080658	0	0	0	0	0	0	0	0	0	0	0	0	0	0	0	0	0	49.2509231567	0	0	0	0	0	0	0	0	0	0	0	0	0	0	0
Feb 22 2023 18:04:05	5.63857269287	86.0871200562	95.9487228394	0.00149881315883	50.5834732056	11.3045530319	64.989982605	-	0	0	0	0	0	0	0	0	0	0	0	0	0	0	0	0	0	0	0	0	0	0	0	0	0	0	48.4375305176	0	0	0	0	0	0	0	0	0	0	0	0	0	0	0	0	0	51.5624694824	0	0	0	0	0	0	0	0	0	0	0	0	0	0	0
Feb 22 2023 18:04:06	5.65868997574	88.3819198608	96.3055343628	0.00116070511285	55.5886917114	12.6244974136	74.1903152466	-	0	0	0	0	0	0	0	0	0	0	0	0	0	0	0	0	0	0	0	0	0	0	0	0	0	0	42.6690635681	0	0	0	0	0	0	0	0	0	0	0	0	0	0	0	0	0	57.3309364319	0	0	0	0	0	0	0	0	0	0	0	0	0	0	0
Feb 22 2023 18:04:07	5.64706659317	87.1816864014	96.1028671265	0.00113043456804	52.8551979065	11.867726326	73.3838043213	-	0	0	0	0	0	0	0	0	0	0	0	0	0	0	0	0	0	0	0	0	0	0	0	0	0	0	45.8193855286	0	0	0	0	0	0	0	0	0	0	0	0	0	0	0	0	3.99683549942e-15	54.1806106567	0	0	0	0	0	0	0	0	0	0	0	0	0	0	0
Feb 22 2023 18:04:08	5.6447095871	86.8992538452	96.0548324585	0.000938441138715	52.2500343323	11.7122917175	77.0784301758	-	0	0	0	0	0	0	0	0	0	0	0	0	0	0	0	0	0	0	0	0	0	0	0	0	0	0	46.516834259	0	0	0	0	0	0	0	0	0	0	0	0	0	0	0	0	0	53.483165741	0	0	0	0	0	0	0	0	0	0	0	0	0	0	0
Feb 22 2023 18:04:09	5.64710474014	87.1861038208	96.1036148071	0.00115214160178	52.8647727966	11.8702192307	72.9538879395	-	0	0	0	0	0	0	0	0	0	0	0	0	0	0	0	0	0	0	0	0	0	0	0	0	0	0	45.8083534241	0	0	0	0	0	0	0	0	0	0	0	0	0	0	0	0	0	54.1916503906	0	0	0	0	0	0	0	0	0	0	0	0	0	0	0
Feb 22 2023 18:04:10	5.65045833588	87.5628814697	96.1674880981	0.0015913201496	53.6941947937	12.0901727676	65.210357666	-	0	0	0	0	0	0	0	0	0	0	0	0	0	0	0	0	0	0	0	0	0	0	0	0	0	0	44.8524513245	0	0	0	0	0	0	0	0	0	0	0	0	0	0	0	0	0	55.1475448608	0	0	0	0	0	0	0	0	0	0	0	0	0	0	0
Feb 22 2023 18:04:11	5.62655639648	6.21734905243	95.7557907104	0.000928049557842	46.8799057007	10.4927892685	75.0024185181	-	0	0	0	0	0	0	0	0	0	0	0	0	0	0	0	0	0	0	0	0	0	0	0	0	0	1.74021753496e-13	52.7058525085	9.80908925027e-43	0	0	0	0	0	0	0	0	0	0	0	0	0	0	0	0	47.2941436768	0	0	0	0	0	0	0	0	0	0	0	0	0	0	0
Feb 22 2023 18:04:12	5.6242313385	6.200091362	95.7098464966	0.000806772965007	46.0855827332	10.3336400986	77.57371521	-	0	0	0	0	0	0	0	0	0	0	0	0	0	0	0	0	0	0	0	0	0	0	0	0	0	0	53.6213035583	0	0	0	0	0	0	0	0	0	0	0	0	0	0	0	0	0	46.3786964417	0	0	0	0	0	0	0	0	0	0	0	0	0	0	0
Feb 22 2023 18:04:13	5.64946603775	87.4542922974	96.1491012573	0.000904357701074	53.4525375366	12.0252504349	78.3249282837	-	0	0	0	0	0	0	0	0	0	0	0	0	0	0	0	0	0	0	0	0	0	0	0	0	0	0	45.1309623718	0	0	0	0	0	0	0	0	0	0	0	0	0	0	0	0	0	54.8690376282	0	0	0	0	0	0	0	0	0	0	0	0	0	0	0
Feb 22 2023 18:04:14	5.63899421692	86.1468200684	95.9543991089	0.000937827397138	50.702419281	11.3327112198	76.4168167114	-	0	0	0	0	0	0	0	0	0	0	0	0	0	0	0	0	0	0	0	0	0	0	0	0	0	0	48.3004455566	0	0	0	0	0	0	0	0	0	0	0	0	0	0	0	0	2.56839498671e-14	51.6995544434	0	0	0	0	0	0	0	0	0	0	0	0	0	0	0
Feb 22 2023 18:04:15	5.64317655563	86.7072753906	96.0221099854	0.000843924412038	51.8464050293	11.6108636856	78.9631729126	-	0	0	0	0	0	0	0	0	0	0	0	0	0	0	0	0	0	0	0	0	0	0	0	0	0	1.02085223955e-14	46.9820175171	1.92430240917e-21	0	0	0	0	0	0	0	0	0	0	0	0	0	0	0	0	53.0179862976	0	0	0	0	0	0	0	0	0	0	0	0	0	0	0
Feb 22 2023 18:04:16	5.64577245712	87.0284881592	96.0768280029	0.00120286666788	52.5252342224	11.7824687958	71.7702713013	-	0	0	0	0	0	0	0	0	0	0	0	0	0	0	0	0	0	0	0	0	0	0	0	0	0	0	46.1996688843	0	0	0	0	0	0	0	0	0	0	0	0	0	0	0	0	0	53.8003311157	0	0	0	0	0	0	0	0	0	0	0	0	0	0	0
Feb 22 2023 18:04:17	5.64078330994	86.3934249878	95.9777908325	0.00063320848858	51.1996040344	11.4519443512	83.5523910522	-	0	0	0	0	0	0	0	0	0	0	0	0	0	0	0	0	0	0	0	0	0	0	0	0	0	0	47.7274436951	0	0	0	0	0	0	0	0	0	0	0	0	0	0	0	0	0	52.2725524902	0	0	0	0	0	0	0	0	0	0	0	0	0	0	0
Feb 22 2023 18:04:18	5.64885759354	87.3865203857	96.1376190186	0.000933222530875	53.3027915955	11.9853696823	77.6508026123	-	0	0	0	0	0	0	0	0	0	0	0	0	0	0	0	0	0	0	0	0	0	0	0	0	0	0	45.3035430908	0	0	0	0	0	0	0	0	0	0	0	0	0	0	0	0	0	54.6964569092	0	0	0	0	0	0	0	0	0	0	0	0	0	0	0
Feb 22 2023 18:04:19	5.62601280212	6.21331310272	95.7453536987	0.00123700336553	46.6967811584	10.4556655884	68.0598754883	-	0	0	0	0	0	0	0	0	0	0	0	0	0	0	0	0	0	0	0	0	0	0	0	0	0	1.86464515703e-12	52.9169082642	0	0	0	0	0	0	0	0	0	0	0	0	0	0	0	0	0	47.0830955505	0	0	0	0	0	0	0	0	0	0	0	0	0	0	0
Feb 22 2023 18:04:20	5.62716722488	6.22189188004	95.767326355	0.000699450669345	47.0841636658	10.5345096588	80.5791702271	-	0	0	0	0	0	0	0	0	0	0	0	0	0	0	0	0	0	0	0	0	0	0	0	0	0	0	52.470451355	0	0	0	0	0	0	0	0	0	0	0	0	0	0	0	0	0	47.5295524597	0	0	0	0	0	0	0	0	0	0	0	0	0	0	0
Feb 22 2023 18:04:21	5.62865877151	6.23298978806	95.7945785522	0.000552328769118	47.5749320984	10.6361207962	84.4618988037	-	0	0	0	0	0	0	0	0	0	0	0	0	0	0	0	0	0	0	0	0	0	0	0	0	0	0	51.9048461914	0	0	0	0	0	0	0	0	0	0	0	0	0	0	0	8.40779078595e-43	1.45070357094e-13	48.0951538086	0	0	0	0	0	0	0	0	0	0	0	0	0	0	0
Feb 22 2023 18:04:22	5.63297891617	6.40776109695	95.8670425415	0.000726773461793	48.9379234314	10.9288835526	80.5570373535	-	0	0	0	0	0	0	0	0	0	0	0	0	0	0	0	0	0	0	0	0	0	0	0	0	0	0	50.3340110779	0	0	0	0	0	0	0	0	0	0	0	0	0	0	0	0	0	49.6659889221	0	0	0	0	0	0	0	0	0	0	0	0	0	0	0
Feb 22 2023 18:04:23	5.63440990448	85.4624710083	95.8891372681	0.000696226314176	49.3711128235	11.0253362656	81.4410552979	-	0	0	0	0	0	0	0	0	0	0	0	0	0	0	0	0	0	0	0	0	0	0	0	0	0	0	49.8347625732	0	0	0	0	0	0	0	0	0	0	0	0	0	0	0	0	0	50.1652374268	0	0	0	0	0	0	0	0	0	0	0	0	0	0	0
Feb 22 2023 18:04:24	5.63891935349	86.1362228394	95.9533920288	0.000624583452009	50.68126297	11.3276920319	83.5930709839	-	0	0	0	0	0	0	0	0	0	0	0	0	0	0	0	0	0	0	0	0	0	0	0	0	0	0	48.3248291016	0	0	0	0	0	0	0	0	0	0	0	0	0	0	0	0	0	51.6751708984	0	0	0	0	0	0	0	0	0	0	0	0	0	0	0
Feb 22 2023 18:04:25	5.63510608673	85.5716171265	95.8995819092	0.000724246085156	49.5788192749	11.0721893311	80.8445892334	-	0	0	0	0	0	0	0	0	0	0	0	0	0	0	0	0	0	0	0	0	0	0	0	0	0	0	49.5953865051	0	0	0	0	0	0	0	0	0	0	0	0	0	0	0	0	0	50.4046134949	0	0	0	0	0	0	0	0	0	0	0	0	0	0	0
Feb 22 2023 18:04:26	5.63329029083	6.43841409683	95.8719329834	0.00127327244263	49.0329399109	10.9498949051	68.5197906494	-	0	0	0	0	0	0	0	0	0	0	0	0	0	0	0	0	0	0	0	0	0	0	0	0	0	0	50.2245063782	0	0	0	0	0	0	0	0	0	0	0	0	0	0	0	0	0	49.7754974365	0	0	0	0	0	0	0	0	0	0	0	0	0	0	0
Feb 22 2023 18:04:27	5.6409573555	86.4169006348	95.9800186157	0.000916911289096	51.2474327087	11.4635457993	77.1096420288	-	0	0	0	0	0	0	0	0	0	0	0	0	0	0	0	0	0	0	0	0	0	0	0	0	0	0	47.6723251343	4.94641254226e-14	9.69669698097e-34	0	0	0	0	0	0	0	0	0	0	0	0	0	0	0	52.3276748657	0	0	0	0	0	0	0	0	0	0	0	0	0	0	0
Feb 22 2023 18:04:28	5.65647220612	88.174659729	96.2707061768	0.000671387824696	55.0969429016	12.4813165665	83.9723587036	-	0	0	0	0	0	0	0	0	0	0	0	0	0	0	0	0	0	0	0	0	0	0	0	0	0	0	43.2357978821	4.85069341465e-15	1.32055309084e-36	0	0	0	0	0	0	0	0	0	0	0	0	0	0	0	56.7641983032	0	0	0	0	0	0	0	0	0	0	0	0	0	0	0
Feb 22 2023 18:04:29	5.65082120895	87.6020736694	96.174118042	0.000641705584712	53.7819404602	12.1139192581	84.1919555664	-	0	0	0	0	0	0	0	0	0	0	0	0	0	0	0	0	0	0	0	0	0	0	0	0	0	0	44.7513275146	0	0	0	0	0	0	0	0	0	0	0	0	0	0	0	0	0	55.2486724854	0	0	0	0	0	0	0	0	0	0	0	0	0	0	0
Feb 22 2023 18:04:30	12.5704545975	24.2499980927	95.8411407471	0.00160518090706	53.8631286621	25.8403968811	82.2601547241	-	0	0	0	0	0	0	0	0	0	0	0	0	0	0	0	0	0	0	0	0	0	0	0	0	0	0	0.107955917716	0.401010513306	0.99979352951	2.06775450706	3.75528979301	6.09177398682	8.79606342316	11.016122818	11.0855798721	6.58573865891	0	0	0	0	0	0	0	2.42999115838e-14	49.092918396	0	0	0	0	0	0	0	0	0	0	0	0	0	0	0
Feb 22 2023 18:04:31	5.64609479904	87.0670623779	96.0833892822	0.000720455485862	52.6079406738	11.8037223816	82.0115356445	-	0	0	0	0	0	0	0	0	0	0	0	0	0	0	0	0	0	0	0	0	0	0	0	0	0	0	46.1043510437	0	0	0	0	0	0	0	0	0	0	0	0	0	0	0	0	0	53.8956451416	0	0	0	0	0	0	0	0	0	0	0	0	0	0	0
Feb 22 2023 18:04:32	5.65022039413	87.5370941162	96.1631240845	0.000705696584191	53.6366043091	12.074637413	82.7082366943	-	0	0	0	0	0	0	0	0	0	0	0	0	0	0	0	0	0	0	0	0	0	0	0	0	0	0	44.9188270569	0	0	0	0	0	0	0	0	0	0	0	0	0	0	0	0	0	55.0811767578	0	0	0	0	0	0	0	0	0	0	0	0	0	0	0
Feb 22 2023 18:04:33	5.65537691116	88.0688552856	96.2528991699	0.000616191828158	54.8492126465	12.4104089737	85.108253479	-	0	0	0	0	0	0	0	0	0	0	0	0	0	0	0	0	0	0	0	0	0	0	0	0	0	0	43.5213088989	0	0	0	0	0	0	0	0	0	0	0	0	0	0	0	0	0	56.4786911011	0	0	0	0	0	0	0	0	0	0	0	0	0	0	0
Feb 22 2023 18:04:34	5.64959812164	87.4688720703	96.1515731812	0.00070790166501	53.4848632813	12.0338935852	82.605430603	-	0	0	0	0	0	0	0	0	0	0	0	0	0	0	0	0	0	0	0	0	0	0	0	0	0	0	45.0937080383	0	0	0	0	0	0	0	0	0	0	0	0	0	0	0	0	0	54.9062919617	0	0	0	0	0	0	0	0	0	0	0	0	0	0	0
Feb 22 2023 18:04:35	5.64875984192	87.3755187988	96.1357574463	0.000751115381718	53.2785606384	11.9789409637	81.5708084106	-	0	0	0	0	0	0	0	0	0	0	0	0	0	0	0	0	0	0	0	0	0	0	0	0	0	0	45.3314666748	0	0	0	0	0	0	0	0	0	0	0	0	0	0	0	0	0	54.6685333252	0	0	0	0	0	0	0	0	0	0	0	0	0	0	0
Feb 22 2023 18:04:36	5.6412115097	86.4509353638	95.9832458496	0.000791964295786	51.3169364929	11.4804487228	79.9166183472	-	0	0	0	0	0	0	0	0	0	0	0	0	0	0	0	0	0	0	0	0	0	0	0	0	0	0	47.5922203064	0	0	0	0	0	0	0	0	0	0	0	0	0	0	0	0	0	52.4077758789	0	0	0	0	0	0	0	0	0	0	0	0	0	0	0
Feb 22 2023 18:04:37	5.62847995758	6.2316570282	95.7913665771	0.00072043313412	47.5165977478	10.6239404678	80.210105896	-	0	0	0	0	0	0	0	0	0	0	0	0	0	0	0	0	0	0	0	0	0	0	0	0	0	0	51.9720726013	0	0	0	0	0	0	0	0	0	0	0	0	0	0	0	0	0	48.0279273987	0	0	0	0	0	0	0	0	0	0	0	0	0	0	0
Feb 22 2023 18:04:38	5.64034748077	86.334312439	95.9721908569	0.000626977940556	51.0795593262	11.4229259491	83.6621017456	-	0	0	0	0	0	0	0	0	0	0	0	0	0	0	0	0	0	0	0	0	0	0	0	0	0	0	47.8657989502	0	0	0	0	0	0	0	0	0	0	0	0	0	0	0	0	0	52.1342048645	0	0	0	0	0	0	0	0	0	0	0	0	0	0	0
Feb 22 2023 18:04:39	5.64577293396	87.0285339355	96.0768356323	0.00106802827213	52.5253295898	11.7824926376	74.4891662598	-	0	0	0	0	0	0	0	0	0	0	0	0	0	0	0	0	0	0	0	0	0	0	0	0	0	0	46.1995620728	0	0	0	0	0	0	0	0	0	0	0	0	0	0	0	0	0	53.8004379272	0	0	0	0	0	0	0	0	0	0	0	0	0	0	0
Feb 22 2023 18:04:40	5.63916635513	86.1710205078	95.9566955566	0.000732461223379	50.7507820129	11.3442001343	81.0702514648	-	0	0	0	0	0	0	0	0	0	0	0	0	0	0	0	0	0	0	0	0	0	0	0	0	0	0	48.2447090149	0	0	0	0	0	0	0	0	0	0	0	0	0	0	0	0	0	51.7552909851	0	0	0	0	0	0	0	0	0	0	0	0	0	0	0
Feb 22 2023 18:04:41	5.64774179459	87.2598266602	96.1161346436	0.00120941374917	53.025062561	11.9120988846	71.9035949707	-	0	0	0	0	0	0	0	0	0	0	0	0	0	0	0	0	0	0	0	0	0	0	0	0	0	0	45.6236228943	0	0	0	0	0	0	0	0	0	0	0	0	0	0	0	0	4.15150200458e-13	54.3763771057	0	0	0	0	0	0	0	0	0	0	0	0	0	0	0
Feb 22 2023 18:04:42	5.64324331284	86.7157974243	96.0235595703	0.000660165096633	51.8641891479	11.6152963638	83.1362915039	-	0	0	0	0	0	0	0	0	0	0	0	0	0	0	0	0	0	0	0	0	0	0	0	0	0	0	46.961517334	0	0	0	0	0	0	0	0	0	0	0	0	0	0	0	0	0	53.038482666	0	0	0	0	0	0	0	0	0	0	0	0	0	0	0
Feb 22 2023 18:04:43	5.63758659363	85.9449768066	95.9351959229	0.00124880310614	50.3024787903	11.2385864258	69.6853713989	-	0	0	0	0	0	0	0	0	0	0	0	0	0	0	0	0	0	0	0	0	0	0	0	0	0	0	48.7613754272	0	0	0	0	0	0	0	0	0	0	0	0	0	0	0	0	0	51.2386245728	0	0	0	0	0	0	0	0	0	0	0	0	0	0	0
Feb 22 2023 18:04:44	5.64207363129	86.5648651123	95.997795105	0.000763126183301	51.550945282	11.5377254486	80.6588745117	-	0	0	0	0	0	0	0	0	0	0	0	0	0	0	0	0	0	0	0	0	0	0	0	0	0	0	47.3225288391	0	0	0	0	0	0	0	0	0	0	0	0	0	0	0	0	0	52.6774711609	0	0	0	0	0	0	0	0	0	0	0	0	0	0	0
Feb 22 2023 18:04:45	5.65096855164	87.6178588867	96.1767883301	0.000701181648765	53.817363739	12.1235322952	82.8723526001	-	0	0	0	0	0	0	0	0	0	0	0	0	0	0	0	0	0	0	0	0	0	0	0	0	0	0	44.7105064392	0	0	0	0	0	0	0	0	0	0	0	0	0	0	0	0	0	55.2894935608	0	0	0	0	0	0	0	0	0	0	0	0	0	0	0
Feb 22 2023 18:04:46	5.64785480499	87.272819519	96.1183395386	0.00067829398904	53.0534172058	11.9195384979	83.1208267212	-	0	0	0	0	0	0	0	0	0	0	0	0	0	0	0	0	0	0	0	0	0	0	0	0	0	0	45.5909423828	0	0	0	0	0	0	0	0	0	0	0	0	0	0	0	0	0	54.4090576172	0	0	0	0	0	0	0	0	0	0	0	0	0	0	0
Feb 22 2023 18:04:47	5.62596082687	6.21292543411	95.7443466187	0.00100720836781	46.6791152954	10.4520988464	73.0950088501	-	0	0	0	0	0	0	0	0	0	0	0	0	0	0	0	0	0	0	0	0	0	0	0	0	0	0	52.9372634888	0	0	0	0	0	0	0	0	0	0	0	0	0	0	0	0	0	47.0627365112	0	0	0	0	0	0	0	0	0	0	0	0	0	0	0
Feb 22 2023 18:04:48	5.63526439667	85.5961380005	95.9019241333	0.00119376671501	49.6257209778	11.082824707	70.4578552246	-	0	0	0	0	0	0	0	0	0	0	0	0	0	0	0	0	0	0	0	0	0	0	0	0	0	3.10059540976e-13	49.5413284302	2.24207754292e-42	0	0	0	0	0	0	0	0	0	0	0	0	0	0	0	0	50.4586715698	0	0	0	0	0	0	0	0	0	0	0	0	0	0	0
Feb 22 2023 18:04:49	5.64556407928	87.00340271	96.0725631714	0.000695433351211	52.4715995789	11.7687253952	82.5309295654	-	0	0	0	0	0	0	0	0	0	0	0	0	0	0	0	0	0	0	0	0	0	0	0	0	0	0	46.2614822388	0	0	0	0	0	0	0	0	0	0	0	0	0	0	0	0	0	53.7385177612	0	0	0	0	0	0	0	0	0	0	0	0	0	0	0
Feb 22 2023 18:04:50	5.64090394974	86.4097137451	95.9793395996	0.000707000028342	51.2327880859	11.4599914551	81.83253479	-	0	0	0	0	0	0	0	0	0	0	0	0	0	0	0	0	0	0	0	0	0	0	0	0	0	0	47.689201355	0	0	0	0	0	0	0	0	0	0	0	0	0	0	0	0	0	52.310798645	0	0	0	0	0	0	0	0	0	0	0	0	0	0	0
Feb 22 2023 18:04:51	5.64185428619	86.5360717773	95.9928741455	0.00076544797048	51.4915962219	11.5231456757	80.5839691162	-	0	0	0	0	0	0	0	0	0	0	0	0	0	0	0	0	0	0	0	0	0	0	0	0	0	0	47.3909263611	0	0	0	0	0	0	0	0	0	0	0	0	0	0	0	0	0	52.6090736389	0	0	0	0	0	0	0	0	0	0	0	0	0	0	0
Feb 22 2023 18:04:52	5.63576221466	85.6726608276	95.9092330933	0.000769634847529	49.7726402283	11.116271019	79.8464889526	-	0	0	0	0	0	0	0	0	0	0	0	0	0	0	0	0	0	0	0	0	0	0	0	0	0	0	49.3720092773	0	0	0	0	0	0	0	0	0	0	0	0	0	0	0	0	0	50.6279945374	0	0	0	0	0	0	0	0	0	0	0	0	0	0	0
Feb 22 2023 18:04:53	5.64783239365	87.2702636719	96.1179046631	0.00105098239146	53.0478363037	11.9180736542	75.0894699097	-	0	0	0	0	0	0	0	0	0	0	0	0	0	0	0	0	0	0	0	0	0	0	0	0	0	0	45.5973739624	0	0	0	0	0	0	0	0	0	0	0	0	0	0	0	0	0	54.4026260376	0	0	0	0	0	0	0	0	0	0	0	0	0	0	0
Feb 22 2023 18:04:54	5.6479434967	87.282951355	96.1200561523	0.0011379198404	53.07554245	11.9253501892	73.3448867798	-	0	0	0	0	0	0	0	0	0	0	0	0	0	0	0	0	0	0	0	0	0	0	0	0	0	0	45.5654449463	0	0	0	0	0	0	0	0	0	0	0	0	0	0	0	0	0	54.4345550537	0	0	0	0	0	0	0	0	0	0	0	0	0	0	0
Feb 22 2023 18:04:55	5.64377069473	86.7824783325	96.0349349976	0.000846096954774	52.003780365	11.6502017975	78.9788513184	-	0	0	0	0	0	0	0	0	0	0	0	0	0	0	0	0	0	0	0	0	0	0	0	0	0	0	46.8006401062	0	0	0	0	0	0	0	0	0	0	0	0	0	0	0	0	0	53.1993637085	0	0	0	0	0	0	0	0	0	0	0	0	0	0	0
Feb 22 2023 18:04:56	5.63209486008	6.32149934769	95.8529434204	0.000921880884562	48.6657943726	10.8691520691	75.899055481	-	0	0	0	0	0	0	0	0	0	0	0	0	0	0	0	0	0	0	0	0	0	0	0	0	0	0	50.6476325989	0	0	0	0	0	0	0	0	0	0	0	0	0	0	0	0	0	49.3523635864	0	0	0	0	0	0	0	0	0	0	0	0	0	0	0
Feb 22 2023 18:04:57	5.64991569519	87.5037994385	96.1574859619	0.000894938071724	53.5624389648	12.0546894073	78.5712814331	-	0	0	0	0	0	0	0	0	0	0	0	0	0	0	0	0	0	0	0	0	0	0	0	0	0	0	45.0042991638	0	0	0	0	0	0	0	0	0	0	0	0	0	0	0	0	9.62388670275e-15	54.9956970215	0	0	0	0	0	0	0	0	0	0	0	0	0	0	0
Feb 22 2023 18:04:58	5.65402793884	87.9351959229	96.2303771973	0.000760888447985	54.5393638611	12.32284832	81.828994751	-	0	0	0	0	0	0	0	0	0	0	0	0	0	0	0	0	0	0	0	0	0	0	0	0	0	0	43.8784065247	0	0	0	0	0	0	0	0	0	0	0	0	0	0	0	0	0	56.1215934753	0	0	0	0	0	0	0	0	0	0	0	0	0	0	0
Feb 22 2023 18:04:59	5.64442682266	86.8643722534	96.0488891602	0.000795141211711	52.1762313843	11.6936130524	80.1759033203	-	0	0	0	0	0	0	0	0	0	0	0	0	0	0	0	0	0	0	0	0	0	0	0	0	0	0	46.6018943787	0	0	0	0	0	0	0	0	0	0	0	0	0	0	0	0	0	53.398109436	0	0	0	0	0	0	0	0	0	0	0	0	0	0	0
Feb 22 2023 18:05:00	5.6361746788	85.7353820801	95.915222168	0.00101887108758	49.8936958313	11.1439819336	74.2894439697	-	0	0	0	0	0	0	0	0	0	0	0	0	0	0	0	0	0	0	0	0	0	0	0	0	0	0	49.2324905396	0	0	0	0	0	0	0	0	0	0	0	0	0	0	0	0	0	50.7675094604	0	0	0	0	0	0	0	0	0	0	0	0	0	0	0
Feb 22 2023 18:05:01	5.6353468895	85.6088943481	95.9031448364	0.00104327115696	49.6501464844	11.0883712769	73.6491394043	-	0	0	0	0	0	0	0	0	0	0	0	0	0	0	0	0	0	0	0	0	0	0	0	0	0	0	49.5131797791	0	0	0	0	0	0	0	0	0	0	0	0	0	0	0	0	0	50.4868202209	0	0	0	0	0	0	0	0	0	0	0	0	0	0	0
Feb 22 2023 18:05:02	13.823302269	85.6572341919	95.9077606201	0.00220497744158	55.4567909241	27.9674816132	78.1029281616	-	0	0	0	0	0	0	0	0	0	0	0	0	0	0	0	0	0	0	0	0	0	0	0	0	0	0	0.0363949984312	0.170567497611	0.506040751934	1.22312104702	2.56827902794	4.77813816071	7.85982751846	11.1499481201	12.6494483948	8.46446609497	0	0	0	0	0	0	0	0	50.5937690735	0	0	0	0	0	0	0	0	0	0	0	0	0	0	0
Feb 22 2023 18:05:03	13.0731287003	23.1115550995	95.6984100342	0.00272805942222	52.0083999634	25.8253059387	71.7670059204	-	0	0	0	0	0	0	0	0	0	0	0	0	0	0	0	0	0	0	0	0	0	0	0	0	0	0	0.080691754818	0.30217564106	0.784350097179	1.70004832745	3.24453401566	5.54573106766	8.47819709778	11.3665590286	12.6379728317	9.70346069336	0	0	0	0	0	0	0	0	46.1562805176	0	0	0	0	0	0	0	0	0	0	0	0	0	0	0
Feb 22 2023 18:05:04	5.63226795197	6.33831691742	95.8557357788	0.0012252778979	48.7194061279	10.8808679581	69.3416519165	-	0	0	0	0	0	0	0	0	0	0	0	0	0	0	0	0	0	0	0	0	0	0	0	0	0	0	50.585849762	0	0	0	0	0	0	0	0	0	0	0	0	0	0	0	0	0	49.414150238	0	0	0	0	0	0	0	0	0	0	0	0	0	0	0
Feb 22 2023 18:05:05	5.64094209671	86.4148101807	95.9798202515	0.000951465393882	51.2431755066	11.46251297	76.356086731	-	0	0	0	0	0	0	0	0	0	0	0	0	0	0	0	0	0	0	0	0	0	0	0	0	0	0	47.677230835	0	0	0	0	0	0	0	0	0	0	0	0	0	0	0	0	0	52.322769165	0	0	0	0	0	0	0	0	0	0	0	0	0	0	0
Feb 22 2023 18:05:06	5.63434839249	85.4528121948	95.8882141113	0.000806118536275	49.352809906	11.0212268829	78.8373718262	-	0	0	0	0	0	0	0	0	0	0	0	0	0	0	0	0	0	0	0	0	0	0	0	0	0	0	49.8558540344	0	0	0	0	0	0	0	0	0	0	0	0	0	0	0	0	0	50.1441421509	0	0	0	0	0	0	0	0	0	0	0	0	0	0	0
Feb 22 2023 18:05:07	5.64821481705	87.313911438	96.1253128052	0.000843567366246	53.1432800293	11.9431781769	79.4960861206	-	0	0	0	0	0	0	0	0	0	0	0	0	0	0	0	0	0	0	0	0	0	0	0	0	0	0	45.4873771667	0	0	0	0	0	0	0	0	0	0	0	0	0	0	0	0	0	54.5126266479	0	0	0	0	0	0	0	0	0	0	0	0	0	0	0
Feb 22 2023 18:05:08	5.64568901062	87.0184631348	96.0751266479	0.000954678107519	52.5037879944	11.776968956	76.8446807861	-	0	0	0	0	0	0	0	0	0	0	0	0	0	0	0	0	0	0	0	0	0	0	0	0	0	0	46.2243843079	0	0	0	0	0	0	0	0	0	0	0	0	0	0	0	0	6.54529192347e-14	53.7756156921	0	0	0	0	0	0	0	0	0	0	0	0	0	0	0
Feb 22 2023 18:05:09	5.63672113419	85.8173751831	95.9230422974	0.000951343681663	50.0528411865	11.1806230545	75.8367767334	-	0	0	0	0	0	0	0	0	0	0	0	0	0	0	0	0	0	0	0	0	0	0	0	0	0	0	49.0490760803	0	0	0	0	0	0	0	0	0	0	0	0	0	0	0	0	9.91043710177e-15	50.950920105	0	0	0	0	0	0	0	0	0	0	0	0	0	0	0
Feb 22 2023 18:05:10	5.63795948029	85.999168396	95.9403533936	0.000838851148728	50.4092483521	11.2635602951	78.5000686646	-	0	0	0	0	0	0	0	0	0	0	0	0	0	0	0	0	0	0	0	0	0	0	0	0	0	0	48.6383247375	0	0	0	0	0	0	0	0	0	0	0	0	0	0	0	0	1.85715659973e-13	51.3616752625	0	0	0	0	0	0	0	0	0	0	0	0	0	0	0
Feb 22 2023 18:05:11	5.62902450562	6.23571491241	95.8010787964	0.00107433111407	47.6936988831	10.6610059738	72.0583114624	-	0	0	0	0	0	0	0	0	0	0	0	0	0	0	0	0	0	0	0	0	0	0	0	0	0	0	51.7679672241	0	0	0	0	0	0	0	0	0	0	0	0	0	0	0	0	0	48.2320327759	0	0	0	0	0	0	0	0	0	0	0	0	0	0	0
Feb 22 2023 18:05:12	5.64547920227	86.9931259155	96.07081604	0.000857457402162	52.4496459961	11.7631092072	78.9115066528	-	0	0	0	0	0	0	0	0	0	0	0	0	0	0	0	0	0	0	0	0	0	0	0	0	0	0	46.2867851257	0	0	0	0	0	0	0	0	0	0	0	0	0	0	0	0	0	53.7132148743	0	0	0	0	0	0	0	0	0	0	0	0	0	0	0
Feb 22 2023 18:05:13	5.64890050888	87.3913116455	96.1384353638	0.00064937787829	53.3133583069	11.9881744385	83.8642196655	-	0	0	0	0	0	0	0	0	0	0	0	0	0	0	0	0	0	0	0	0	0	0	0	0	0	0	45.2913627625	0	0	0	0	0	0	0	0	0	0	0	0	0	0	0	0	0	54.7086372375	0	0	0	0	0	0	0	0	0	0	0	0	0	0	0
Feb 22 2023 18:05:14	5.65197944641	87.7250061035	96.1949005127	0.000770944170654	54.0590248108	12.1895236969	81.4295654297	-	0	0	0	0	0	0	0	0	0	0	0	0	0	0	0	0	0	0	0	0	0	0	0	0	0	0	44.4319915771	3.5220209995e-13	2.59426125423e-31	0	0	0	0	0	0	0	0	0	0	0	0	0	0	7.95865635086e-15	55.5680084229	0	0	0	0	0	0	0	0	0	0	0	0	0	0	0
Feb 22 2023 18:05:15	5.64392566681	86.8019866943	96.0382614136	0.000607342342846	52.0447540283	11.660487175	84.4300460815	-	0	0	0	0	0	0	0	0	0	0	0	0	0	0	0	0	0	0	0	0	0	0	0	0	0	0	46.7534141541	0	0	0	0	0	0	0	0	0	0	0	0	0	0	0	0	0	53.2465820313	0	0	0	0	0	0	0	0	0	0	0	0	0	0	0
Feb 22 2023 18:05:16	5.64392566681	86.8019332886	96.0382537842	0.000989845837466	52.0446434021	11.6604595184	75.8935089111	-	0	0	0	0	0	0	0	0	0	0	0	0	0	0	0	0	0	0	0	0	0	0	0	0	0	0	46.7535438538	0	0	0	0	0	0	0	0	0	0	0	0	0	0	0	0	0	53.2464561462	0	0	0	0	0	0	0	0	0	0	0	0	0	0	0
Feb 22 2023 18:05:17	5.62582492828	6.21191453934	95.7416992188	0.000931365822908	46.6329574585	10.4427890778	74.8210601807	-	0	0	0	0	0	0	0	0	0	0	0	0	0	0	0	0	0	0	0	0	0	0	0	0	0	0	52.9904594421	0	0	0	0	0	0	0	0	0	0	0	0	0	0	0	0	0	47.0095405579	0	0	0	0	0	0	0	0	0	0	0	0	0	0	0
Feb 22 2023 18:05:18	10.2682123184	21.2753257751	95.6389541626	0.0024738162756	49.8335342407	21.6069335938	69.5775909424	-	0	0	0	0	0	0	0	0	0	0	0	0	0	0	0	0	0	0	0	0	0	0	0	0	0	0.0749294757843	0.602931797504	1.45225715637	2.67446494102	4.26440858841	6.11785507202	7.9795627594	9.40281867981	9.74939727783	8.27342128754	4.37499666214	0	0	0	0	0	0	0	0	45.0329589844	0	0	0	0	0	0	0	0	0	0	0	0	0	0	0
Feb 22 2023 18:05:19	5.63224506378	6.33609437943	95.8553695679	0.00131635775324	48.7123374939	10.8793210983	67.4761276245	-	0	0	0	0	0	0	0	0	0	0	0	0	0	0	0	0	0	0	0	0	0	0	0	0	0	9.39896421868e-14	50.5939941406	0	0	0	0	0	0	0	0	0	0	0	0	0	0	0	0	0	49.4060020447	0	0	0	0	0	0	0	0	0	0	0	0	0	0	0
Feb 22 2023 18:05:20	5.62977170944	6.24128103256	95.814125061	0.00165274157189	47.9341659546	10.7117490768	60.5491294861	-	0	0	0	0	0	0	0	0	0	0	0	0	0	0	0	0	0	0	0	0	0	0	0	0	0	2.16577705206e-13	51.4908294678	0	0	0	0	0	0	0	0	0	0	0	0	0	0	0	0	0	48.5091705322	0	0	0	0	0	0	0	0	0	0	0	0	0	0	0
Feb 22 2023 18:05:21	5.63472700119	85.5124206543	95.8939208984	0.000953360053245	49.4659614563	11.0466823578	75.5359191895	-	0	0	0	0	0	0	0	0	0	0	0	0	0	0	0	0	0	0	0	0	0	0	0	0	0	0	49.7254524231	0	0	0	0	0	0	0	0	0	0	0	0	0	0	0	0	0	50.2745437622	0	0	0	0	0	0	0	0	0	0	0	0	0	0	0
Feb 22 2023 18:05:22	5.6493730545	87.4439926147	96.1473617554	0.000874609919265	53.4297180176	12.019156456	78.9473495483	-	0	0	0	0	0	0	0	0	0	0	0	0	0	0	0	0	0	0	0	0	0	0	0	0	0	0	45.1572608948	0	0	0	0	0	0	0	0	0	0	0	0	0	0	0	0	0	54.8427391052	0	0	0	0	0	0	0	0	0	0	0	0	0	0	0
Feb 22 2023 18:05:23	5.63762426376	85.9505081177	95.9357223511	0.000802395923529	50.3133659363	11.2411279678	79.2932891846	-	0	0	0	0	0	0	0	0	0	0	0	0	0	0	0	0	0	0	0	0	0	0	0	0	0	0	48.7488250732	0	0	0	0	0	0	0	0	0	0	0	0	0	0	0	0	0	51.2511749268	0	0	0	0	0	0	0	0	0	0	0	0	0	0	0
Feb 22 2023 18:05:24	5.65157413483	87.6823348999	96.1876907349	0.00112013344187	53.9625358582	12.1630897522	74.1459960938	-	0	0	0	0	0	0	0	0	0	0	0	0	0	0	0	0	0	0	0	0	0	0	0	0	0	0	44.5431900024	0	0	0	0	0	0	0	0	0	0	0	0	0	0	0	0	0	55.4568061829	0	0	0	0	0	0	0	0	0	0	0	0	0	0	0
Feb 22 2023 18:05:25	5.62619638443	6.21467351913	95.7488937378	0.00146683864295	46.7586898804	10.4681863785	63.3988189697	-	0	0	0	0	0	0	0	0	0	0	0	0	0	0	0	0	0	0	0	0	0	0	0	0	0	1.4160223829e-13	52.8455543518	1.03346113256e-24	0	0	0	0	0	0	0	0	0	0	0	0	0	0	0	0	47.1544456482	0	0	0	0	0	0	0	0	0	0	0	0	0	0	0
Feb 22 2023 18:05:26	5.62773180008	6.22608804703	95.7777786255	0.00117706437595	47.271068573	10.572977066	69.625213623	-	0	0	0	0	0	0	0	0	0	0	0	0	0	0	0	0	0	0	0	0	0	0	0	0	0	0	52.2550468445	0	0	0	0	0	0	0	0	0	0	0	0	0	0	0	0	0	47.7449531555	0	0	0	0	0	0	0	0	0	0	0	0	0	0	0
Feb 22 2023 18:05:27	10.7528886795	21.9284210205	95.6927642822	0.00243654404767	50.8213615417	22.5373458862	71.0469818115	-	0	0	0	0	0	0	0	0	0	0	0	0	0	0	0	0	0	0	0	0	0	0	0	0	0	0.0253387987614	0.432109326124	1.14128983021	2.23407196999	3.74885082245	5.63080883026	7.66231870651	9.39270591736	10.100610733	8.84688568115	4.73783111572	0	0	0	0	0	0	0	0	46.0471763611	0	0	0	0	0	0	0	0	0	0	0	0	0	0	0
Feb 22 2023 18:05:28	5.62910032272	6.2362780571	95.8024139404	0.0012913843384	47.7181510925	10.6661434174	67.4550170898	-	0	0	0	0	0	0	0	0	0	0	0	0	0	0	0	0	0	0	0	0	0	0	0	0	0	0	51.7397880554	0	0	0	0	0	0	0	0	0	0	0	0	0	0	0	0	0	48.2602119446	0	0	0	0	0	0	0	0	0	0	0	0	0	0	0
Feb 22 2023 18:05:29	5.62627077103	6.21522712708	95.750328064	0.00111355562694	46.7838363647	10.4732809067	70.7657165527	-	0	0	0	0	0	0	0	0	0	0	0	0	0	0	0	0	0	0	0	0	0	0	0	0	0	0	52.8165740967	0	0	0	0	0	0	0	0	0	0	0	0	0	0	0	0	0	47.1834259033	0	0	0	0	0	0	0	0	0	0	0	0	0	0	0
Feb 22 2023 18:05:30	5.64636802673	87.0995254517	96.0889053345	0.00088114727987	52.6777305603	11.8217182159	78.4923248291	-	0	0	0	0	0	0	0	0	0	0	0	0	0	0	0	0	0	0	0	0	0	0	0	0	0	0	46.0239181519	0	0	0	0	0	0	0	0	0	0	0	0	0	0	0	0	0	53.9760818481	0	0	0	0	0	0	0	0	0	0	0	0	0	0	0
Feb 22 2023 18:05:31	5.65533781052	88.0650253296	96.2522506714	0.000859379651956	54.8402862549	12.4078702927	79.8571853638	-	0	0	0	0	0	0	0	0	0	0	0	0	0	0	0	0	0	0	0	0	0	0	0	0	0	0	43.5315933228	0	0	0	0	0	0	0	0	0	0	0	0	0	0	0	0	0	56.4684104919	0	0	0	0	0	0	0	0	0	0	0	0	0	0	0
Feb 22 2023 18:05:32	5.65661668777	88.1884460449	96.2730255127	0.00106185092591	55.1293869019	12.4906644821	75.8763580322	-	0	0	0	0	0	0	0	0	0	0	0	0	0	0	0	0	0	0	0	0	0	0	0	0	0	0	43.1984062195	0	0	0	0	0	0	0	0	0	0	0	0	0	0	0	0	0	56.8015937805	0	0	0	0	0	0	0	0	0	0	0	0	0	0	0
Feb 22 2023 18:05:33	5.65511512756	88.0432128906	96.2485809326	0.000984346261248	54.7894935608	12.3934364319	77.2640457153	-	0	0	0	0	0	0	0	0	0	0	0	0	0	0	0	0	0	0	0	0	0	0	0	0	0	0	43.590133667	8.64818064166e-14	3.28635986231e-34	0	0	0	0	0	0	0	0	0	0	0	0	0	0	0	56.409866333	0	0	0	0	0	0	0	0	0	0	0	0	0	0	0
Feb 22 2023 18:05:34	5.65065097809	87.5837249756	96.1710128784	0.000983999925666	53.7408332825	12.1027832031	76.7896270752	-	0	0	0	0	0	0	0	0	0	0	0	0	0	0	0	0	0	0	0	0	0	0	0	0	0	0	44.79870224	0	0	0	0	0	0	0	0	0	0	0	0	0	0	0	0	0	55.20129776	0	0	0	0	0	0	0	0	0	0	0	0	0	0	0
Feb 22 2023 18:05:35	5.63904857635	86.1544494629	95.9551239014	0.00116699049249	50.7176551819	11.3363285065	71.5636291504	-	0	0	0	0	0	0	0	0	0	0	0	0	0	0	0	0	0	0	0	0	0	0	0	0	0	0	48.2828903198	0	0	0	0	0	0	0	0	0	0	0	0	0	0	0	0	5.23185451397e-14	51.7171134949	0	0	0	0	0	0	0	0	0	0	0	0	0	0	0
Feb 22 2023 18:05:36	5.65344667435	87.8764724731	96.2204742432	0.000698773888871	54.4043273926	12.2850732803	83.1321029663	-	0	0	0	0	0	0	0	0	0	0	0	0	0	0	0	0	0	0	0	0	0	0	0	0	0	0	44.034034729	0	0	0	0	0	0	0	0	0	0	0	0	0	0	0	0	0	55.965965271	0	0	0	0	0	0	0	0	0	0	0	0	0	0	0
Feb 22 2023 18:05:37	5.63898944855	86.1461410522	95.9543304443	0.000912940653507	50.7010612488	11.3323888779	76.9636154175	-	0	0	0	0	0	0	0	0	0	0	0	0	0	0	0	0	0	0	0	0	0	0	0	0	0	0	48.3020095825	0	0	0	0	0	0	0	0	0	0	0	0	0	0	0	0	0	51.6979866028	0	0	0	0	0	0	0	0	0	0	0	0	0	0	0
Feb 22 2023 18:05:38	5.64959812164	87.4688644409	96.1515731812	0.00071789661888	53.4848327637	12.0338859558	82.3828430176	-	0	0	0	0	0	0	0	0	0	0	0	0	0	0	0	0	0	0	0	0	0	0	0	0	0	0	45.0937423706	0	0	0	0	0	0	0	0	0	0	0	0	0	0	0	0	0	54.9062614441	0	0	0	0	0	0	0	0	0	0	0	0	0	0	0
Feb 22 2023 18:05:39	5.64196300507	86.5503540039	95.9953155518	0.000952336937189	51.5210189819	11.5303688049	76.4596633911	-	0	0	0	0	0	0	0	0	0	0	0	0	0	0	0	0	0	0	0	0	0	0	0	0	0	1.45284090612e-14	47.3570175171	6.19999199156e-17	6.85655338594e-40	0	0	0	0	0	0	0	0	0	0	0	0	0	0	0	52.6429824829	0	0	0	0	0	0	0	0	0	0	0	0	0	0	0
Feb 22 2023 18:05:40	5.64190864563	86.54322052	95.9940948486	0.00105469720438	51.5063209534	11.5267591476	74.2784042358	-	0	0	0	0	0	0	0	0	0	0	0	0	0	0	0	0	0	0	0	0	0	0	0	0	0	0	47.3739547729	0	0	0	0	0	0	0	0	0	0	0	0	0	0	0	0	0	52.6260452271	0	0	0	0	0	0	0	0	0	0	0	0	0	0	0
Feb 22 2023 18:05:41	5.63319015503	6.42853927612	95.8703613281	0.000924359890632	49.0024261475	10.9431390762	75.9858703613	-	0	0	0	0	0	0	0	0	0	0	0	0	0	0	0	0	0	0	0	0	0	0	0	0	0	0	50.2596740723	0	0	0	0	0	0	0	0	0	0	0	0	0	0	0	0	0	49.7403259277	0	0	0	0	0	0	0	0	0	0	0	0	0	0	0
Feb 22 2023 18:05:42	5.63355255127	6.46434783936	95.8760070801	0.00117639126256	49.1126556396	10.9675855637	70.5594482422	-	0	0	0	0	0	0	0	0	0	0	0	0	0	0	0	0	0	0	0	0	0	0	0	0	0	2.8976146569e-12	50.1326332092	1.34289486714e-26	0	0	0	0	0	0	0	0	0	0	0	0	0	0	0	0	49.8673667908	0	0	0	0	0	0	0	0	0	0	0	0	0	0	0
Feb 22 2023 18:05:43	5.62747144699	6.22415113449	95.7729721069	0.00132689648308	47.1850013733	10.555229187	66.4433288574	-	0	0	0	0	0	0	0	0	0	0	0	0	0	0	0	0	0	0	0	0	0	0	0	0	0	3.75404378807e-13	52.3542327881	0	0	0	0	0	0	0	0	0	0	0	0	0	0	0	0	0	47.6457672119	0	0	0	0	0	0	0	0	0	0	0	0	0	0	0
Feb 22 2023 18:05:44	5.64579105377	87.0307388306	96.0772094727	0.000857319973875	52.5300598145	11.783706665	78.9474639893	-	0	0	0	0	0	0	0	0	0	0	0	0	0	0	0	0	0	0	0	0	0	0	0	0	0	0	46.1941070557	0	0	0	0	0	0	0	0	0	0	0	0	0	0	0	0	0	53.8058929443	0	0	0	0	0	0	0	0	0	0	0	0	0	0	0
Feb 22 2023 18:05:45	5.63812065125	86.0223922729	95.942565918	0.00118938542437	50.4551391602	11.2743291855	70.9712600708	-	0	0	0	0	0	0	0	0	0	0	0	0	0	0	0	0	0	0	0	0	0	0	0	0	0	0	48.58543396	0	0	0	0	0	0	0	0	0	0	0	0	0	0	0	0	0	51.41456604	0	0	0	0	0	0	0	0	0	0	0	0	0	0	0
Feb 22 2023 18:05:46	5.64677476883	87.1475067139	96.0970611572	0.000394042639527	52.7812309265	11.8485069275	89.7583312988	-	0	0	0	0	0	0	0	0	0	0	0	0	0	0	0	0	0	0	0	0	0	0	0	0	0	0	45.9046363831	0	0	0	0	0	0	0	0	0	0	0	0	0	0	0	0	0	54.0953636169	0	0	0	0	0	0	0	0	0	0	0	0	0	0	0
Feb 22 2023 18:05:47	5.64992570877	87.5049057007	96.1576766968	0.000634006632026	53.564907074	12.0553512573	84.2956619263	-	0	0	0	0	0	0	0	0	0	0	0	0	0	0	0	0	0	0	0	0	0	0	0	0	0	0	45.0014572144	4.73125011391e-13	4.20364867255e-31	0	0	0	0	0	0	0	0	0	0	0	0	0	0	0	54.9985427856	0	0	0	0	0	0	0	0	0	0	0	0	0	0	0
Feb 22 2023 18:05:48	5.64887571335	87.3885345459	96.1379623413	0.00101183040533	53.3072242737	11.9865465164	76.0158996582	-	0	0	0	0	0	0	0	0	0	0	0	0	0	0	0	0	0	0	0	0	0	0	0	0	0	0	45.2984313965	0	0	0	0	0	0	0	0	0	0	0	0	0	0	0	0	0	54.7015686035	0	0	0	0	0	0	0	0	0	0	0	0	0	0	0
Feb 22 2023 18:05:49	5.65133285522	87.6567459106	96.1833648682	0.00142411724664	53.9048271179	12.1473340988	68.3306732178	-	0	0	0	0	0	0	0	0	0	0	0	0	0	0	0	0	0	0	0	0	0	0	0	0	0	0	44.6096992493	0	0	0	0	0	0	0	0	0	0	0	0	0	0	0	0	0	55.390296936	0	0	0	0	0	0	0	0	0	0	0	0	0	0	0
Feb 22 2023 18:05:50	5.64147663116	86.4862213135	95.9865875244	0.000991587294266	51.3891906738	11.4980735779	75.5586547852	-	0	0	0	0	0	0	0	0	0	0	0	0	0	0	0	0	0	0	0	0	0	0	0	0	0	0	47.5089492798	0	0	0	0	0	0	0	0	0	0	0	0	0	0	0	0	0	52.4910507202	0	0	0	0	0	0	0	0	0	0	0	0	0	0	0
Feb 22 2023 18:05:51	5.63847351074	86.0729751587	95.9473800659	0.00105891295243	50.5553817749	11.2979230881	73.7390594482	-	0	0	0	0	0	0	0	0	0	0	0	0	0	0	0	0	0	0	0	0	0	0	0	0	0	0	48.4699058533	2.12492065501e-13	3.03550462913e-32	0	0	0	0	0	0	0	0	0	0	0	0	0	0	0	51.5300941467	0	0	0	0	0	0	0	0	0	0	0	0	0	0	0
Feb 22 2023 18:05:52	5.64702796936	87.1771621704	96.1020965576	0.0010270861676	52.8453865051	11.8651733398	75.4850692749	-	0	0	0	0	0	0	0	0	0	0	0	0	0	0	0	0	0	0	0	0	0	0	0	0	0	0	45.8306922913	0	0	0	0	0	0	0	0	0	0	0	0	0	0	0	0	0	54.169303894	0	0	0	0	0	0	0	0	0	0	0	0	0	0	0
Feb 22 2023 18:05:53	5.64126968384	86.4586868286	95.9839782715	0.0013625738211	51.3327865601	11.4843111038	68.0055007935	-	0	0	0	0	0	0	0	0	0	0	0	0	0	0	0	0	0	0	0	0	0	0	0	0	0	0	47.5739517212	0	0	0	0	0	0	0	0	0	0	0	0	0	0	0	0	1.7577931298e-13	52.4260444641	0	0	0	0	0	0	0	0	0	0	0	0	0	0	0
Feb 22 2023 18:05:54	11.6049804688	23.1687755585	95.7809677124	0.00283038965426	52.5179252625	24.1703071594	69.1301116943	-	0	0	0	0	0	0	0	0	0	0	0	0	0	0	0	0	0	0	0	0	0	0	0	0	0	0.00528853852302	0.245880126953	0.730848312378	1.57634222507	2.89014720917	4.71666145325	6.94175815582	9.16389274597	10.5635614395	9.85270595551	5.50189113617	0	0	0	0	0	0	0	0	47.8110237122	0	0	0	0	0	0	0	0	0	0	0	0	0	0	0
Feb 22 2023 18:05:55	5.64252138138	86.6231384277	96.0077438354	0.00126997730695	51.6714439392	11.5674419403	69.9930953979	-	0	0	0	0	0	0	0	0	0	0	0	0	0	0	0	0	0	0	0	0	0	0	0	0	0	2.36263594545e-14	47.1836547852	0	0	0	0	0	0	0	0	0	0	0	0	0	0	0	0	1.11639696307e-14	52.8163452148	0	0	0	0	0	0	0	0	0	0	0	0	0	0	0
Feb 22 2023 18:05:56	5.65074682236	87.5940322876	96.1727600098	0.000977655639872	53.763923645	12.1090364456	76.9310073853	-	0	0	0	0	0	0	0	0	0	0	0	0	0	0	0	0	0	0	0	0	0	0	0	0	0	0	44.7720909119	0	0	0	0	0	0	0	0	0	0	0	0	0	0	0	0	0	55.2279129028	0	0	0	0	0	0	0	0	0	0	0	0	0	0	0
Feb 22 2023 18:05:57	5.64744997025	87.2261734009	96.1104202271	0.00108513690066	52.9517745972	11.8929138184	74.3466567993	-	0	0	0	0	0	0	0	0	0	0	0	0	0	0	0	0	0	0	0	0	0	0	0	0	0	0	45.7080841064	0	0	0	0	0	0	0	0	0	0	0	0	0	0	0	0	0	54.2919158936	0	0	0	0	0	0	0	0	0	0	0	0	0	0	0
Feb 22 2023 18:05:58	5.64460229874	86.8860626221	96.0525894165	0.000940942845773	52.2220993042	11.7052154541	77.0126953125	-	0	0	0	0	0	0	0	0	0	0	0	0	0	0	0	0	0	0	0	0	0	0	0	0	0	2.81286224781e-13	46.5490264893	0	0	0	0	0	0	0	0	0	0	0	0	0	0	0	0	0	53.4509735107	0	0	0	0	0	0	0	0	0	0	0	0	0	0	0
Feb 22 2023 18:05:59	5.63720369339	85.8888626099	95.9298553467	0.00138335162774	50.1923980713	11.2129526138	66.9639129639	-	0	0	0	0	0	0	0	0	0	0	0	0	0	0	0	0	0	0	0	0	0	0	0	0	0	0	48.8882408142	0	0	0	0	0	0	0	0	0	0	0	0	0	0	0	0	0	51.1117591858	0	0	0	0	0	0	0	0	0	0	0	0	0	0	0
Feb 22 2023 18:06:00	5.64777803421	87.2640075684	96.1168441772	0.00137410673779	53.0341873169	11.9144926071	68.7506027222	-	0	0	0	0	0	0	0	0	0	0	0	0	0	0	0	0	0	0	0	0	0	0	0	0	0	0	45.6131057739	0	0	0	0	0	0	0	0	0	0	0	0	0	0	0	0	0	54.3868942261	0	0	0	0	0	0	0	0	0	0	0	0	0	0	0
Feb 22 2023 18:06:01	5.64969682693	87.4797363281	96.1534118652	0.00114119960926	53.5089683533	12.040348053	73.4992523193	-	0	0	0	0	0	0	0	0	0	0	0	0	0	0	0	0	0	0	0	0	0	0	0	0	0	0	45.0659255981	0	0	0	0	0	0	0	0	0	0	0	0	0	0	0	0	0	54.9340744019	0	0	0	0	0	0	0	0	0	0	0	0	0	0	0
Feb 22 2023 18:06:02	5.66093683243	88.5828704834	96.3392410278	0.00126793945674	56.0738220215	12.7690067291	72.4414291382	-	0	0	0	0	0	0	0	0	0	0	0	0	0	0	0	0	0	0	0	0	0	0	0	0	0	0	42.1099586487	0	0	0	0	0	0	0	0	0	0	0	0	0	0	0	0	0	57.890045166	0	0	0	0	0	0	0	0	0	0	0	0	0	0	0
Feb 22 2023 18:06:03	5.65951013565	88.4563064575	96.3180160522	0.000908646674361	55.7673034668	12.6773195267	79.2372741699	-	0	0	0	0	0	0	0	0	0	0	0	0	0	0	0	0	0	0	0	0	0	0	0	0	0	0	42.4632148743	0	0	0	0	0	0	0	0	0	0	0	0	0	0	0	0	7.21866739561e-13	57.5367851257	0	0	0	0	0	0	0	0	0	0	0	0	0	0	0
Feb 22 2023 18:06:04	5.66014957428	88.5134506226	96.3276062012	0.00110872858204	55.9052772522	12.7184276581	75.348815918	-	0	0	0	0	0	0	0	0	0	0	0	0	0	0	0	0	0	0	0	0	0	0	0	0	0	0	42.3042030334	0	0	0	0	0	0	0	0	0	0	0	0	0	0	0	0	0	57.6958007813	0	0	0	0	0	0	0	0	0	0	0	0	0	0	0
Feb 22 2023 18:06:05	5.64482164383	86.9130630493	96.057182312	0.0012313782936	52.2793006897	11.7197151184	71.0777130127	-	0	0	0	0	0	0	0	0	0	0	0	0	0	0	0	0	0	0	0	0	0	0	0	0	0	0	46.4831008911	0	0	0	0	0	0	0	0	0	0	0	0	0	0	0	0	0	53.5168952942	0	0	0	0	0	0	0	0	0	0	0	0	0	0	0
Feb 22 2023 18:06:06	5.6510386467	87.6253433228	96.1780548096	0.000924094580114	53.8341751099	12.1281003952	78.0750274658	-	0	0	0	0	0	0	0	0	0	0	0	0	0	0	0	0	0	0	0	0	0	0	0	0	0	0	44.6911277771	0	0	0	0	0	0	0	0	0	0	0	0	0	0	0	0	0	55.3088722229	0	0	0	0	0	0	0	0	0	0	0	0	0	0	0
Feb 22 2023 18:06:07	5.65076303482	87.5958023071	96.1730575562	0.00108427670784	53.7678909302	12.1101112366	74.7637710571	-	0	0	0	0	0	0	0	0	0	0	0	0	0	0	0	0	0	0	0	0	0	0	0	0	0	0	44.7675209045	0	0	0	0	0	0	0	0	0	0	0	0	0	0	0	0	0	55.2324829102	0	0	0	0	0	0	0	0	0	0	0	0	0	0	0
Feb 22 2023 18:06:08	5.63886356354	86.1283798218	95.9526443481	0.00109507550951	50.6656265259	11.3239860535	73.0292663574	-	0	0	0	0	0	0	0	0	0	0	0	0	0	0	0	0	0	0	0	0	0	0	0	0	0	0	48.3428497314	0	0	0	0	0	0	0	0	0	0	0	0	0	0	0	0	0	51.6571502686	0	0	0	0	0	0	0	0	0	0	0	0	0	0	0
Feb 22 2023 18:06:09	5.66553354263	88.865562439	96.4036331177	0.00129972409923	57.0269355774	13.0627717972	72.3995361328	-	0	0	0	0	0	0	0	0	0	0	0	0	0	0	0	0	0	0	0	0	0	0	0	0	0	0	41.011505127	0	0	0	0	0	0	0	0	0	0	0	0	0	0	0	0	0	58.988494873	0	0	0	0	0	0	0	0	0	0	0	0	0	0	0
Feb 22 2023 18:06:10	5.6592798233	88.4355316162	96.3145370483	0.000841734581627	55.7173156738	12.6624917984	80.5863647461	-	0	0	0	0	0	0	0	0	0	0	0	0	0	0	0	0	0	0	0	0	0	0	0	0	0	0	42.5208244324	0	0	0	0	0	0	0	0	0	0	0	0	0	0	0	0	0	57.4791717529	0	0	0	0	0	0	0	0	0	0	0	0	0	0	0
Feb 22 2023 18:06:11	5.65810537338	88.3281860352	96.2965087891	0.00161121541169	55.4603729248	12.5868196487	65.9903793335	-	0	0	0	0	0	0	0	0	0	0	0	0	0	0	0	0	0	0	0	0	0	0	0	0	0	0	42.8169517517	0	0	0	0	0	0	0	0	0	0	0	0	0	0	0	0	4.06411066774e-15	57.183052063	0	0	0	0	0	0	0	0	0	0	0	0	0	0	0
Feb 22 2023 18:06:12	5.64101982117	86.42527771	95.9808120728	0.00231467653066	51.2645225525	11.4676980972	51.8941116333	-	0	0	0	0	0	0	0	0	0	0	0	0	0	0	0	0	0	0	0	0	0	0	0	0	0	0	47.6526298523	0	0	0	0	0	0	0	0	0	0	0	0	0	0	0	0	0	52.3473739624	0	0	0	0	0	0	0	0	0	0	0	0	0	0	0
Feb 22 2023 18:06:13	5.64177274704	86.5253677368	95.9910430908	0.00233597145416	51.469581604	11.5177459717	51.731754303	-	0	0	0	0	0	0	0	0	0	0	0	0	0	0	0	0	0	0	0	0	0	0	0	0	0	0	47.4162979126	0	0	0	0	0	0	0	0	0	0	0	0	0	0	0	0	0	52.5837020874	0	0	0	0	0	0	0	0	0	0	0	0	0	0	0
Feb 22 2023 18:06:14	5.64209270477	86.5673370361	95.9982147217	0.00175358785782	51.5560379028	11.5389785767	61.0266456604	-	0	0	0	0	0	0	0	0	0	0	0	0	0	0	0	0	0	0	0	0	0	0	0	0	0	0	47.31665802	0	0	0	0	0	0	0	0	0	0	0	0	0	0	0	0	0	52.68334198	0	0	0	0	0	0	0	0	0	0	0	0	0	0	0
Feb 22 2023 18:06:15	5.64513206482	86.9510269165	96.0636444092	0.00126186059788	52.3599395752	11.7402172089	70.5230026245	-	0	0	0	0	0	0	0	0	0	0	0	0	0	0	0	0	0	0	0	0	0	0	0	0	0	0	46.390171051	0	0	0	0	0	0	0	0	0	0	0	0	0	0	0	0	0	53.609828949	0	0	0	0	0	0	0	0	0	0	0	0	0	0	0
Feb 22 2023 18:06:16	5.64394807816	86.8047485352	96.038734436	0.00217192084529	52.0505714417	11.661948204	54.5982551575	-	0	0	0	0	0	0	0	0	0	0	0	0	0	0	0	0	0	0	0	0	0	0	0	0	0	0	46.746711731	0	0	0	0	0	0	0	0	0	0	0	0	0	0	0	0	0	53.253288269	0	0	0	0	0	0	0	0	0	0	0	0	0	0	0
Feb 22 2023 18:06:17	5.64728021622	87.20652771	96.1070861816	0.00164543185383	52.9090881348	11.8817682266	63.7682304382	-	0	0	0	0	0	0	0	0	0	0	0	0	0	0	0	0	0	0	0	0	0	0	0	0	0	9.20872400686e-14	45.7572784424	0	0	0	0	0	0	0	0	0	0	0	0	0	0	0	0	0	54.2427177429	0	0	0	0	0	0	0	0	0	0	0	0	0	0	0
Feb 22 2023 18:06:18	5.63814210892	86.0254669189	95.942855835	0.00144510506652	50.4612159729	11.2757568359	65.9307632446	-	0	0	0	0	0	0	0	0	0	0	0	0	0	0	0	0	0	0	0	0	0	0	0	0	0	0	48.5784339905	0	0	0	0	0	0	0	0	0	0	0	0	0	0	0	0	0	51.4215698242	0	0	0	0	0	0	0	0	0	0	0	0	0	0	0
Feb 22 2023 18:06:19	5.64449882507	86.8732681274	96.0504074097	0.00201031169854	52.1950378418	11.6983671188	57.2135391235	-	0	0	0	0	0	0	0	0	0	0	0	0	0	0	0	0	0	0	0	0	0	0	0	0	0	5.70495361316e-21	46.5802154541	4.12903408296e-13	1.88387216711e-31	0	0	0	0	0	0	0	0	0	0	0	0	0	0	0	53.4197807312	0	0	0	0	0	0	0	0	0	0	0	0	0	0	0
Feb 22 2023 18:06:20	5.64514684677	86.9527893066	96.063949585	0.00193418096751	52.3636894226	11.7411727905	58.5518226624	-	0	0	0	0	0	0	0	0	0	0	0	0	0	0	0	0	0	0	0	0	0	0	0	0	0	0	46.3858451843	0	0	0	0	0	0	0	0	0	0	0	0	0	0	0	0	0	53.614151001	0	0	0	0	0	0	0	0	0	0	0	0	0	0	0
Feb 22 2023 18:06:21	5.63483905792	85.5299835205	95.8955993652	0.00248083192855	49.4993896484	11.054224968	48.2113647461	-	0	0	0	0	0	0	0	0	0	0	0	0	0	0	0	0	0	0	0	0	0	0	0	0	0	0	49.6869277954	0	0	0	0	0	0	0	0	0	0	0	0	0	0	0	0	0	50.3130722046	0	0	0	0	0	0	0	0	0	0	0	0	0	0	0
Feb 22 2023 18:06:22	5.64628601074	87.0897979736	96.0872497559	0.0012715687044	52.656791687	11.8163127899	70.4947662354	-	0	0	0	0	0	0	0	0	0	0	0	0	0	0	0	0	0	0	0	0	0	0	0	0	0	3.5316003238e-15	46.0480499268	2.4464989629e-38	0	0	0	0	0	0	0	0	0	0	0	0	0	0	0	0	53.9519500732	0	0	0	0	0	0	0	0	0	0	0	0	0	0	0
Feb 22 2023 18:06:23	5.63524770737	85.5935897827	95.9016799927	0.00131137121934	49.6208343506	11.0817155838	68.0661621094	-	0	0	0	0	0	0	0	0	0	0	0	0	0	0	0	0	0	0	0	0	0	0	0	0	0	0	49.546962738	0	0	0	0	0	0	0	0	0	0	0	0	0	0	0	0	9.68920649551e-15	50.453037262	0	0	0	0	0	0	0	0	0	0	0	0	0	0	0
Feb 22 2023 18:06:24	5.63811349869	86.0213470459	95.9424667358	0.00158341415226	50.4530754089	11.2738447189	63.348941803	-	0	0	0	0	0	0	0	0	0	0	0	0	0	0	0	0	0	0	0	0	0	0	0	0	0	0	48.5878143311	0	0	0	0	0	0	0	0	0	0	0	0	0	0	0	0	0	51.4121894836	0	0	0	0	0	0	0	0	0	0	0	0	0	0	0
Feb 22 2023 18:06:25	5.62421512604	6.19997310638	95.7095184326	0.000975051836576	46.0800514221	10.3325481415	73.5693283081	-	0	0	0	0	0	0	0	0	0	0	0	0	0	0	0	0	0	0	0	0	0	0	0	0	0	0	53.6276817322	0	0	0	0	0	0	0	0	0	0	0	0	0	0	0	0	0	46.3723220825	0	0	0	0	0	0	0	0	0	0	0	0	0	0	0
Feb 22 2023 18:06:26	5.62799596786	6.22805595398	95.7826156616	0.00173385441303	47.358165741	10.5909996033	58.7201538086	-	0	0	0	0	0	0	0	0	0	0	0	0	0	0	0	0	0	0	0	0	0	0	0	0	0	1.30741283685e-13	52.1546669006	0	0	0	0	0	0	0	0	0	0	0	0	0	0	0	0	0	47.8453369141	0	0	0	0	0	0	0	0	0	0	0	0	0	0	0
Feb 22 2023 18:06:27	5.62496900558	6.20556163788	95.7247924805	0.00160193804186	46.3405952454	10.3842048645	60.5467147827	-	0	0	0	0	0	0	0	0	0	0	0	0	0	0	0	0	0	0	0	0	0	0	0	0	0	0	53.3274040222	0	0	0	0	0	0	0	0	0	0	0	0	0	0	0	0	0	46.6725959778	0	0	0	0	0	0	0	0	0	0	0	0	0	0	0
Feb 22 2023 18:06:28	5.62568426132	6.21087265015	95.7389526367	0.00158515956718	46.5852890015	10.4331922531	61.0089073181	-	0	0	0	0	0	0	0	0	0	0	0	0	0	0	0	0	0	0	0	0	0	0	0	0	0	1.07477319145e-12	53.0453987122	0	0	0	0	0	0	0	0	0	0	0	0	0	0	0	0	0	46.9546012878	0	0	0	0	0	0	0	0	0	0	0	0	0	0	0
Feb 22 2023 18:06:29	5.63264131546	6.3747048378	95.8617019653	0.00195662514307	48.8344764709	10.9061002731	55.8057060242	-	0	0	0	0	0	0	0	0	0	0	0	0	0	0	0	0	0	0	0	0	0	0	0	0	0	0	50.4532318115	0	0	0	0	0	0	0	0	0	0	0	0	0	0	0	0	0	49.5467681885	0	0	0	0	0	0	0	0	0	0	0	0	0	0	0
Feb 22 2023 18:06:30	14.9720039368	24.237443924	95.4300079346	0.00288925552741	49.8308105469	27.4110794067	71.9060058594	-	0	0	0	0	0	0	0	0	0	0	0	0	0	0	0	0	0	0	0	0	0	0	0	0	0	0	0.0122260823846	0.0790504962206	0.270226091146	0.731113433838	1.70525765419	3.52535533905	6.49207210541	10.5169496536	14.3989162445	14.8256254196	5.96297883987	0	0	0	0	0	0	0	41.4802284241	0	0	0	0	0	0	0	0	0	0	0	0	0	0	0
Feb 22 2023 18:06:31	14.429848671	23.5835056305	95.7568435669	0.00446501513943	53.3277740479	27.7782554626	60.4469604492	-	0	0	0	0	0	0	0	0	0	0	0	0	0	0	0	0	0	0	0	0	0	0	0	0	0	0	0.0137564390898	0.0911447182298	0.317183285952	0.867814958096	2.0322368145	4.18140459061	7.56766366959	11.7823238373	14.7045192719	11.1263599396	0	0	0	0	0	0	0	0	47.3155899048	0	0	0	0	0	0	0	0	0	0	0	0	0	0	0
Feb 22 2023 18:06:32	5.62705278397	6.22103786469	95.7651748657	0.00100546202157	47.0459213257	10.5266742706	73.2982940674	-	0	0	0	0	0	0	0	0	0	0	0	0	0	0	0	0	0	0	0	0	0	0	0	0	0	0	52.5145225525	0	0	0	0	0	0	0	0	0	0	0	0	0	0	0	0	0	47.4854774475	0	0	0	0	0	0	0	0	0	0	0	0	0	0	0
Feb 22 2023 18:06:33	5.62539863586	6.20875263214	95.7333374023	0.00135130702984	46.4879417419	10.4136476517	65.5703277588	-	0	0	0	0	0	0	0	0	0	0	0	0	0	0	0	0	0	0	0	0	0	0	0	0	0	0	53.1575927734	0	0	0	0	0	0	0	0	0	0	0	0	0	0	0	0	0	46.8424072266	0	0	0	0	0	0	0	0	0	0	0	0	0	0	0
Feb 22 2023 18:06:34	11.9794101715	22.6211090088	95.4667282104	0.00330279604532	48.807144165	23.7055587769	64.4827957153	-	0	0	0	0	0	0	0	0	0	0	0	0	0	0	0	0	0	0	0	0	0	0	0	0	0	0.0131194014102	0.216532319784	0.631514012814	1.3690379858	2.54575181007	4.24236726761	6.42518043518	8.83040428162	10.8305892944	11.3444747925	8.95635604858	2.53073787689	0	0	0	0	0	0	0	42.0639343262	0	0	0	0	0	0	0	0	0	0	0	0	0	0	0
Feb 22 2023 18:06:35	11.2119379044	22.0967407227	95.6457595825	0.00193551264238	50.431186676	23.0423469543	76.7070922852	-	0	0	0	0	0	0	0	0	0	0	0	0	0	0	0	0	0	0	0	0	0	0	0	0	0	0.0225737020373	0.33134663105	0.90959918499	1.85937559605	3.25993227959	5.11613035202	7.27812051773	9.34473800659	10.5824308395	9.92614841461	6.2108745575	0	0	0	0	0	0	0	2.16880902343e-13	45.1587295532	0	0	0	0	0	0	0	0	0	0	0	0	0	0	0
Feb 22 2023 18:06:36	5.63072347641	6.24838256836	95.8303527832	0.00100990117062	48.2369804382	10.7763404846	73.7330703735	-	0	0	0	0	0	0	0	0	0	0	0	0	0	0	0	0	0	0	0	0	0	0	0	0	0	0	51.1418418884	0	0	0	0	0	0	0	0	0	0	0	0	0	0	0	0	0	48.8581581116	0	0	0	0	0	0	0	0	0	0	0	0	0	0	0
Feb 22 2023 18:06:37	5.62709712982	6.22136878967	95.7660064697	0.00174057227559	47.0607337952	10.5297079086	58.4156913757	-	0	0	0	0	0	0	0	0	0	0	0	0	0	0	0	0	0	0	0	0	0	0	0	0	0	0	52.4974517822	0	0	0	0	0	0	0	0	0	0	0	0	0	0	0	0	0	47.5025482178	0	0	0	0	0	0	0	0	0	0	0	0	0	0	0
Feb 22 2023 18:06:38	5.63161087036	6.27477645874	95.8450698853	0.00145752972458	48.5154037476	10.8364200592	64.5761947632	-	0	0	0	0	0	0	0	0	0	0	0	0	0	0	0	0	0	0	0	0	0	0	0	0	0	0	50.8209571838	0	0	0	0	0	0	0	0	0	0	0	0	0	0	0	0	0	49.1790428162	0	0	0	0	0	0	0	0	0	0	0	0	0	0	0
Feb 22 2023 18:06:39	5.64854383469	87.3511810303	96.1316299438	0.000978768570349	53.2250328064	11.964764595	76.6627349854	-	0	0	0	0	0	0	0	0	0	0	0	0	0	0	0	0	0	0	0	0	0	0	0	0	0	0	45.3931617737	0	0	0	0	0	0	0	0	0	0	0	0	0	0	0	0	0	54.606842041	0	0	0	0	0	0	0	0	0	0	0	0	0	0	0
Feb 22 2023 18:06:40	14.236495018	23.1061706543	95.6251068115	0.00248939706944	51.4823722839	26.9018573761	74.8292236328	-	0	0	0	0	0	0	0	0	0	0	0	0	0	0	0	0	0	0	0	0	0	0	0	0	0	0	0.0205912441015	0.117180496454	0.380491584539	0.986983537674	2.20936608315	4.3750538826	7.68130636215	11.7485523224	14.8271188736	12.8742952347	0	0	0	0	0	0	0	0	44.7790603638	0	0	0	0	0	0	0	0	0	0	0	0	0	0	0
Feb 22 2023 18:06:41	5.65202474594	87.7297210693	96.1956939697	0.0017329097027	54.0697097778	12.1924581528	63.0241317749	-	0	0	0	0	0	0	0	0	0	0	0	0	0	0	0	0	0	0	0	0	0	0	0	0	0	0	44.4196777344	0	0	0	0	0	0	0	0	0	0	0	0	0	0	0	0	0	55.5803222656	0	0	0	0	0	0	0	0	0	0	0	0	0	0	0
Feb 22 2023 18:06:42	5.62764835358	6.22547006607	95.7762527466	0.00120433466509	47.2436447144	10.5673160553	69.029838562	-	0	0	0	0	0	0	0	0	0	0	0	0	0	0	0	0	0	0	0	0	0	0	0	0	0	0	52.2866477966	0	0	0	0	0	0	0	0	0	0	0	0	0	0	0	0	3.14067924499e-14	47.7133483887	0	0	0	0	0	0	0	0	0	0	0	0	0	0	0
Feb 22 2023 18:06:43	5.6398859024	86.2710342407	95.9661865234	0.00104750564788	50.9516639709	11.3921718597	74.1676940918	-	0	0	0	0	0	0	0	0	0	0	0	0	0	0	0	0	0	0	0	0	0	0	0	0	0	0	48.0131950378	0	0	0	0	0	0	0	0	0	0	0	0	0	0	0	0	0	51.9868087769	0	0	0	0	0	0	0	0	0	0	0	0	0	0	0
Feb 22 2023 18:06:44	5.64534235001	86.9765548706	96.0679931641	0.000836333376355	52.4142951965	11.7540779114	79.3590698242	-	0	0	0	0	0	0	0	0	0	0	0	0	0	0	0	0	0	0	0	0	0	0	0	0	0	0	46.3275260925	0	0	0	0	0	0	0	0	0	0	0	0	0	0	0	0	0	53.6724739075	0	0	0	0	0	0	0	0	0	0	0	0	0	0	0
Feb 22 2023 18:06:45	5.63372755051	6.48171949387	95.8787155151	0.00100064836442	49.1657142639	10.979391098	74.3565826416	-	0	0	0	0	0	0	0	0	0	0	0	0	0	0	0	0	0	0	0	0	0	0	0	0	0	3.73884526158e-22	50.0714836121	3.07782580889e-13	4.05361733105e-32	0	0	0	0	0	0	0	0	0	0	0	0	0	0	4.78867281521e-15	49.9285125732	0	0	0	0	0	0	0	0	0	0	0	0	0	0	0
Feb 22 2023 18:06:46	5.62472772598	6.20377445221	95.7199478149	0.00107602064963	46.2576141357	10.3676967621	71.3502502441	-	0	0	0	0	0	0	0	0	0	0	0	0	0	0	0	0	0	0	0	0	0	0	0	0	0	0	53.4230422974	0	0	0	0	0	0	0	0	0	0	0	0	0	0	0	0	0	46.5769577026	0	0	0	0	0	0	0	0	0	0	0	0	0	0	0
Feb 22 2023 18:06:47	5.62326288223	6.19291591644	95.6896820068	0.000979352393188	45.7464675903	10.2671556473	73.3245620728	-	0	0	0	0	0	0	0	0	0	0	0	0	0	0	0	0	0	0	0	0	0	0	0	0	0	0	54.0121307373	0	0	0	0	0	0	0	0	0	0	0	0	0	0	0	0	0	45.9878692627	0	0	0	0	0	0	0	0	0	0	0	0	0	0	0
Feb 22 2023 18:06:48	5.63119029999	6.25186634064	95.838142395	0.00169344805181	48.3839073181	10.8079614639	60.0820426941	-	0	0	0	0	0	0	0	0	0	0	0	0	0	0	0	0	0	0	0	0	0	0	0	0	0	0	50.9725112915	0	0	0	0	0	0	0	0	0	0	0	0	0	0	0	0	0	49.0274887085	0	0	0	0	0	0	0	0	0	0	0	0	0	0	0
Feb 22 2023 18:06:49	5.63546943665	85.6277694702	95.9049453735	0.00154068681877	49.6863479614	11.0966024399	63.6769065857	-	0	0	0	0	0	0	0	0	0	0	0	0	0	0	0	0	0	0	0	0	0	0	0	0	0	0	49.4714584351	0	0	0	0	0	0	0	0	0	0	0	0	0	0	0	0	0	50.5285453796	0	0	0	0	0	0	0	0	0	0	0	0	0	0	0
Feb 22 2023 18:06:50	5.64498758316	86.933380127	96.0606460571	0.00109409703873	52.3224220276	11.7306690216	73.8562316895	-	0	0	0	0	0	0	0	0	0	0	0	0	0	0	0	0	0	0	0	0	0	0	0	0	0	0	46.4334106445	0	0	0	0	0	0	0	0	0	0	0	0	0	0	0	0	0	53.5665931702	0	0	0	0	0	0	0	0	0	0	0	0	0	0	0
Feb 22 2023 18:06:51	5.62961912155	6.24014520645	95.8114852905	0.00236345152371	47.8853187561	10.7014026642	48.7648086548	-	0	0	0	0	0	0	0	0	0	0	0	0	0	0	0	0	0	0	0	0	0	0	0	0	0	0	51.54712677	0	0	0	0	0	0	0	0	0	0	0	0	0	0	0	0	0	48.45287323	0	0	0	0	0	0	0	0	0	0	0	0	0	0	0
Feb 22 2023 18:06:52	5.63685321808	85.8370742798	95.9249191284	0.00118679308798	50.0912246704	11.1894960403	70.8387680054	-	0	0	0	0	0	0	0	0	0	0	0	0	0	0	0	0	0	0	0	0	0	0	0	0	0	0	49.0048446655	0	0	0	0	0	0	0	0	0	0	0	0	0	0	0	0	0	50.9951591492	0	0	0	0	0	0	0	0	0	0	0	0	0	0	0
Feb 22 2023 18:06:53	5.64632129669	87.09400177	96.0879669189	0.00130764825735	52.6658363342	11.8186473846	69.8038787842	-	0	0	0	0	0	0	0	0	0	0	0	0	0	0	0	0	0	0	0	0	0	0	0	0	0	0	46.0376281738	0	0	0	0	0	0	0	0	0	0	0	0	0	0	0	0	0	53.9623718262	0	0	0	0	0	0	0	0	0	0	0	0	0	0	0
Feb 22 2023 18:06:54	5.65237998962	87.7667922974	96.2019577026	0.00131187029183	54.1538505554	12.2156152725	70.5521774292	-	0	0	0	0	0	0	0	0	0	0	0	0	0	0	0	0	0	0	0	0	0	0	0	0	0	0	44.3227005005	0	0	0	0	0	0	0	0	0	0	0	0	0	0	0	0	0	55.6772956848	0	0	0	0	0	0	0	0	0	0	0	0	0	0	0
Feb 22 2023 18:06:55	5.65576887131	88.1070098877	96.2593231201	0.00190749578178	54.9382858276	12.4358119965	60.7667388916	-	0	0	0	0	0	0	0	0	0	0	0	0	0	0	0	0	0	0	0	0	0	0	0	0	0	0	43.4186477661	0	0	0	0	0	0	0	0	0	0	0	0	0	0	0	0	0	56.5813484192	0	0	0	0	0	0	0	0	0	0	0	0	0	0	0
Feb 22 2023 18:06:56	5.6321349144	6.32537651062	95.8535842896	0.00101663486566	48.6781806946	10.8718557358	73.7835922241	-	0	0	0	0	0	0	0	0	0	0	0	0	0	0	0	0	0	0	0	0	0	0	0	0	0	0	50.6333656311	0	0	0	0	0	0	0	0	0	0	0	0	0	0	0	0	0	49.3666381836	0	0	0	0	0	0	0	0	0	0	0	0	0	0	0
Feb 22 2023 18:06:57	-1.00000001505e+30	-1.00000001505e+30	-1.00000001505e+30	-1.00000002538e+26	-1.00000001505e+30	-1.00000001505e+30	99.9215087891	-	0	0	0	0	0	0	0	0	0	0	0	0	0	0	0	0	0	0	0	0	0	0	0	0	0	0	0	0	0	0	0	0	0	0	0	0	0	0	0	0	0	0	0	0	0	0	0	0	0	0	0	0	0	0	0	0	0	0	0	0
Feb 22 2023 18:06:58	-1.00000001505e+30	-1.00000001505e+30	-1.00000001505e+30	-1.00000002538e+26	-1.00000001505e+30	-1.00000001505e+30	99.9890823364	-	0	0	0	0	0	0	0	0	0	0	0	0	0	0	0	0	0	0	0	0	0	0	0	0	0	0	0	0	0	0	0	0	0	0	0	0	0	0	0	0	0	0	0	0	0	0	0	0	0	0	0	0	0	0	0	0	0	0	0	0
Feb 22 2023 18:06:59	-1.00000001505e+30	-1.00000001505e+30	-1.00000001505e+30	-1.00000002538e+26	-1.00000001505e+30	-1.00000001505e+30	99.957321167	-	0	0	0	0	0	0	0	0	0	0	0	0	0	0	0	0	0	0	0	0	0	0	0	0	0	0	0	0	0	0	0	0	0	0	0	0	0	0	0	0	0	0	0	0	0	0	0	0	0	0	0	0	0	0	0	0	0	0	0	0
Feb 22 2023 18:07:00	-1.00000001505e+30	-1.00000001505e+30	-1.00000001505e+30	-1.00000002538e+26	-1.00000001505e+30	-1.00000001505e+30	100.012039185	-	0	0	0	0	0	0	0	0	0	0	0	0	0	0	0	0	0	0	0	0	0	0	0	0	0	0	0	0	0	0	0	0	0	0	0	0	0	0	0	0	0	0	0	0	0	0	0	0	0	0	0	0	0	0	0	0	0	0	0	0
Feb 22 2023 18:07:01	-1.00000001505e+30	-1.00000001505e+30	-1.00000001505e+30	-1.00000002538e+26	-1.00000001505e+30	-1.00000001505e+30	99.9825057983	-	0	0	0	0	0	0	0	0	0	0	0	0	0	0	0	0	0	0	0	0	0	0	0	0	0	0	0	0	0	0	0	0	0	0	0	0	0	0	0	0	0	0	0	0	0	0	0	0	0	0	0	0	0	0	0	0	0	0	0	0
Feb 22 2023 18:07:02	-1.00000001505e+30	-1.00000001505e+30	-1.00000001505e+30	-1.00000002538e+26	-1.00000001505e+30	-1.00000001505e+30	99.9320144653	-	0	0	0	0	0	0	0	0	0	0	0	0	0	0	0	0	0	0	0	0	0	0	0	0	0	0	0	0	0	0	0	0	0	0	0	0	0	0	0	0	0	0	0	0	0	0	0	0	0	0	0	0	0	0	0	0	0	0	0	0
Feb 22 2023 18:07:03	-1.00000001505e+30	-1.00000001505e+30	-1.00000001505e+30	-1.00000002538e+26	-1.00000001505e+30	-1.00000001505e+30	99.9732131958	-	0	0	0	0	0	0	0	0	0	0	0	0	0	0	0	0	0	0	0	0	0	0	0	0	0	0	0	0	0	0	0	0	0	0	0	0	0	0	0	0	0	0	0	0	0	0	0	0	0	0	0	0	0	0	0	0	0	0	0	0
Feb 22 2023 18:07:04	-1.00000001505e+30	-1.00000001505e+30	-1.00000001505e+30	-1.00000002538e+26	-1.00000001505e+30	-1.00000001505e+30	99.8239059448	-	0	0	0	0	0	0	0	0	0	0	0	0	0	0	0	0	0	0	0	0	0	0	0	0	0	0	0	0	0	0	0	0	0	0	0	0	0	0	0	0	0	0	0	0	0	0	0	0	0	0	0	0	0	0	0	0	0	0	0	0
Feb 22 2023 18:07:05	-1.00000001505e+30	-1.00000001505e+30	-1.00000001505e+30	-1.00000002538e+26	-1.00000001505e+30	-1.00000001505e+30	99.8817672729	-	0	0	0	0	0	0	0	0	0	0	0	0	0	0	0	0	0	0	0	0	0	0	0	0	0	0	0	0	0	0	0	0	0	0	0	0	0	0	0	0	0	0	0	0	0	0	0	0	0	0	0	0	0	0	0	0	0	0	0	0
Feb 22 2023 18:07:06	-1.00000001505e+30	-1.00000001505e+30	-1.00000001505e+30	-1.00000002538e+26	-1.00000001505e+30	-1.00000001505e+30	99.9797515869	-	0	0	0	0	0	0	0	0	0	0	0	0	0	0	0	0	0	0	0	0	0	0	0	0	0	0	0	0	0	0	0	0	0	0	0	0	0	0	0	0	0	0	0	0	0	0	0	0	0	0	0	0	0	0	0	0	0	0	0	0
Feb 22 2023 18:07:07	-1.00000001505e+30	-1.00000001505e+30	-1.00000001505e+30	-1.00000002538e+26	-1.00000001505e+30	-1.00000001505e+30	99.9750213623	-	0	0	0	0	0	0	0	0	0	0	0	0	0	0	0	0	0	0	0	0	0	0	0	0	0	0	0	0	0	0	0	0	0	0	0	0	0	0	0	0	0	0	0	0	0	0	0	0	0	0	0	0	0	0	0	0	0	0	0	0
Feb 22 2023 18:07:08	-1.00000001505e+30	-1.00000001505e+30	-1.00000001505e+30	-1.00000002538e+26	-1.00000001505e+30	-1.00000001505e+30	99.9643478394	-	0	0	0	0	0	0	0	0	0	0	0	0	0	0	0	0	0	0	0	0	0	0	0	0	0	0	0	0	0	0	0	0	0	0	0	0	0	0	0	0	0	0	0	0	0	0	0	0	0	0	0	0	0	0	0	0	0	0	0	0
Feb 22 2023 18:07:09	-1.00000001505e+30	-1.00000001505e+30	-1.00000001505e+30	-1.00000002538e+26	-1.00000001505e+30	-1.00000001505e+30	99.9852676392	-	0	0	0	0	0	0	0	0	0	0	0	0	0	0	0	0	0	0	0	0	0	0	0	0	0	0	0	0	0	0	0	0	0	0	0	0	0	0	0	0	0	0	0	0	0	0	0	0	0	0	0	0	0	0	0	0	0	0	0	0
Feb 22 2023 18:07:10	-1.00000001505e+30	-1.00000001505e+30	-1.00000001505e+30	-1.00000002538e+26	-1.00000001505e+30	-1.00000001505e+30	99.9936065674	-	0	0	0	0	0	0	0	0	0	0	0	0	0	0	0	0	0	0	0	0	0	0	0	0	0	0	0	0	0	0	0	0	0	0	0	0	0	0	0	0	0	0	0	0	0	0	0	0	0	0	0	0	0	0	0	0	0	0	0	0
Feb 22 2023 18:07:11	-1.00000001505e+30	-1.00000001505e+30	-1.00000001505e+30	-1.00000002538e+26	-1.00000001505e+30	-1.00000001505e+30	99.9975967407	-	0	0	0	0	0	0	0	0	0	0	0	0	0	0	0	0	0	0	0	0	0	0	0	0	0	0	0	0	0	0	0	0	0	0	0	0	0	0	0	0	0	0	0	0	0	0	0	0	0	0	0	0	0	0	0	0	0	0	0	0
Feb 22 2023 18:07:12	-1.00000001505e+30	-1.00000001505e+30	-1.00000001505e+30	-1.00000002538e+26	-1.00000001505e+30	-1.00000001505e+30	99.9954071045	-	0	0	0	0	0	0	0	0	0	0	0	0	0	0	0	0	0	0	0	0	0	0	0	0	0	0	0	0	0	0	0	0	0	0	0	0	0	0	0	0	0	0	0	0	0	0	0	0	0	0	0	0	0	0	0	0	0	0	0	0
Feb 22 2023 18:07:13	-1.00000001505e+30	-1.00000001505e+30	-1.00000001505e+30	-1.00000002538e+26	-1.00000001505e+30	-1.00000001505e+30	100.004302979	-	0	0	0	0	0	0	0	0	0	0	0	0	0	0	0	0	0	0	0	0	0	0	0	0	0	0	0	0	0	0	0	0	0	0	0	0	0	0	0	0	0	0	0	0	0	0	0	0	0	0	0	0	0	0	0	0	0	0	0	0
Feb 22 2023 18:07:14	-1.00000001505e+30	-1.00000001505e+30	-1.00000001505e+30	-1.00000002538e+26	-1.00000001505e+30	-1.00000001505e+30	100.00920105	-	0	0	0	0	0	0	0	0	0	0	0	0	0	0	0	0	0	0	0	0	0	0	0	0	0	0	0	0	0	0	0	0	0	0	0	0	0	0	0	0	0	0	0	0	0	0	0	0	0	0	0	0	0	0	0	0	0	0	0	0
Feb 22 2023 18:07:15	-1.00000001505e+30	-1.00000001505e+30	-1.00000001505e+30	-1.00000002538e+26	-1.00000001505e+30	-1.00000001505e+30	99.9708557129	-	0	0	0	0	0	0	0	0	0	0	0	0	0	0	0	0	0	0	0	0	0	0	0	0	0	0	0	0	0	0	0	0	0	0	0	0	0	0	0	0	0	0	0	0	0	0	0	0	0	0	0	0	0	0	0	0	0	0	0	0
Feb 22 2023 18:07:16	-1.00000001505e+30	-1.00000001505e+30	-1.00000001505e+30	-1.00000002538e+26	-1.00000001505e+30	-1.00000001505e+30	99.9711380005	-	0	0	0	0	0	0	0	0	0	0	0	0	0	0	0	0	0	0	0	0	0	0	0	0	0	0	0	0	0	0	0	0	0	0	0	0	0	0	0	0	0	0	0	0	0	0	0	0	0	0	0	0	0	0	0	0	0	0	0	0
Feb 22 2023 18:07:17	-1.00000001505e+30	-1.00000001505e+30	-1.00000001505e+30	-1.00000002538e+26	-1.00000001505e+30	-1.00000001505e+30	100.009559631	-	0	0	0	0	0	0	0	0	0	0	0	0	0	0	0	0	0	0	0	0	0	0	0	0	0	0	0	0	0	0	0	0	0	0	0	0	0	0	0	0	0	0	0	0	0	0	0	0	0	0	0	0	0	0	0	0	0	0	0	0
Feb 22 2023 18:07:18	-1.00000001505e+30	-1.00000001505e+30	-1.00000001505e+30	-1.00000002538e+26	-1.00000001505e+30	-1.00000001505e+30	100.029823303	-	0	0	0	0	0	0	0	0	0	0	0	0	0	0	0	0	0	0	0	0	0	0	0	0	0	0	0	0	0	0	0	0	0	0	0	0	0	0	0	0	0	0	0	0	0	0	0	0	0	0	0	0	0	0	0	0	0	0	0	0
