Date-Time	Sr[0]	Sr[1]	Sr[2]	Sr[3]	Sr[4]	Sr[5]	Sr[6]	Sr[7]	Sr[8]	Sr[9]	Sr[10]	Sr[11]	Sr[12]	Sr[13]	Sr[14]	Sr[15]	Sr[16]	Sr[17]	Sr[18]	Sr[19]	Sr[20]	Sr[21]	Sr[22]	Sr[23]	Sr[24]	Sr[25]	Sr[26]	Sr[27]	Sr[28]	Sr[29]	Sr[30]	Sr[31]	Sr[32]	Sr[33]	Sr[34]	Sr[35]	Sr[36]	Sr[M]
Feb 22 2023 18:03:26	24718.60	552.61	740.30	440.49	519.79	318.01	296.83	204.92	189.72	151.81	161.53	137.48	119.46	103.09	95.32	90.36	88.58	91.52	87.39	90.77	84.35	84.79	78.79	78.87	72.61	69.61	58.85	55.25	49.73	50.71	49.74	53.66	54.76	59.77	59.92	58.78	56.50	979.32
Feb 22 2023 18:03:27	24177.56	1120.48	1035.68	645.74	633.23	396.19	348.72	239.25	205.32	155.31	148.72	122.50	103.72	90.33	81.49	78.01	75.03	74.65	71.92	72.65	66.66	65.63	60.01	60.77	57.37	58.04	51.98	52.30	49.86	53.32	54.52	60.89	63.42	71.29	71.20	71.08	68.42	979.37
Feb 22 2023 18:03:28	27912.51	356.39	473.15	331.22	377.36	248.09	217.93	155.78	137.21	108.97	113.11	93.96	71.01	56.60	43.85	37.65	30.32	29.66	22.39	24.51	18.29	19.30	14.37	15.75	11.72	14.04	9.65	11.33	8.76	9.81	7.90	8.94	7.97	8.69	7.73	6.76	6.29	979.37
Feb 22 2023 18:03:29	24871.95	882.36	830.88	508.13	504.34	333.51	301.13	218.69	190.07	143.13	135.80	108.59	87.94	73.32	62.61	57.86	54.09	52.90	49.94	50.25	44.83	44.81	40.38	41.93	39.34	41.19	37.36	39.19	38.33	42.08	43.64	49.36	51.88	58.59	58.81	58.70	56.67	979.41
Feb 22 2023 18:03:30	23697.70	1028.07	1110.40	641.06	681.37	411.56	383.19	251.28	228.91	174.06	179.05	146.84	126.53	106.49	95.61	87.76	83.38	80.40	76.80	74.93	66.67	63.88	57.36	58.02	54.83	55.47	50.32	51.32	50.19	54.49	56.97	63.74	67.58	75.56	77.35	77.32	75.30	979.43
Feb 22 2023 18:03:31	21849.40	1043.68	1232.84	658.83	733.81	425.41	406.11	262.73	237.14	186.18	188.02	156.00	138.83	122.55	115.20	109.32	106.38	102.88	100.87	98.22	89.99	85.13	77.89	77.57	74.41	74.58	68.69	69.61	69.07	74.58	78.71	87.44	92.83	102.03	104.17	102.49	98.66	979.44
Feb 22 2023 18:03:32	21750.28	1288.02	1220.16	769.34	761.83	461.34	404.61	269.41	235.87	184.03	186.05	155.68	135.81	119.05	110.52	104.82	102.83	101.78	96.77	97.55	87.86	85.04	77.81	78.59	75.76	76.19	70.84	72.12	72.19	78.55	83.29	93.51	99.77	111.61	113.44	112.94	108.64	979.45
Feb 22 2023 18:03:33	20685.37	1201.89	1115.31	671.64	649.52	412.15	363.13	255.43	230.27	187.09	191.06	169.21	157.98	146.71	145.69	144.44	148.21	149.03	142.43	140.74	125.91	117.78	106.42	104.60	100.27	97.21	88.40	86.72	85.02	90.23	94.47	104.23	110.12	121.93	124.46	124.28	120.57	979.47
Feb 22 2023 18:03:34	21149.29	1186.55	1177.45	712.50	723.22	431.35	385.90	268.82	237.83	187.89	191.39	166.53	153.23	141.05	137.95	136.72	139.27	140.87	136.46	135.14	122.98	116.13	107.03	105.64	102.00	98.87	90.04	87.59	85.68	90.19	94.71	103.70	110.24	120.10	123.57	121.12	116.84	979.47
Feb 22 2023 18:03:35	21811.06	1257.70	1259.85	750.32	754.09	458.03	407.87	278.63	245.38	190.94	193.00	165.18	146.27	130.27	124.02	120.33	121.19	120.70	120.22	119.94	112.73	108.21	100.51	98.79	94.88	92.32	83.46	80.67	77.84	81.71	84.97	93.09	98.26	107.51	109.43	107.46	103.41	979.52
Feb 22 2023 18:03:36	21179.07	1814.10	1541.21	986.99	903.74	581.83	492.21	336.54	289.39	233.30	234.01	202.53	184.68	166.71	163.51	159.81	162.60	163.69	154.58	148.17	129.07	113.67	97.92	93.29	89.33	87.27	79.16	77.45	75.58	79.94	83.82	92.08	98.05	107.27	111.16	109.73	107.78	979.52
Feb 22 2023 18:03:37	20711.30	1386.72	1305.29	834.36	802.02	503.29	432.00	299.15	262.63	205.84	200.05	173.55	159.26	150.30	147.85	148.35	152.50	153.43	148.18	142.30	125.41	112.25	97.77	94.28	90.53	89.47	82.00	81.69	80.55	86.43	90.74	100.58	106.78	117.85	121.02	119.36	115.28	979.53
Feb 22 2023 18:03:38	21735.87	1196.88	1119.57	743.20	710.92	449.93	376.70	273.61	230.69	175.67	172.18	149.85	138.27	132.38	132.71	134.43	140.32	144.46	138.95	137.18	122.16	112.07	97.62	93.66	88.41	86.76	78.04	76.29	73.43	77.77	80.81	89.41	93.25	102.41	102.17	100.30	97.00	979.57
Feb 22 2023 18:03:39	23681.21	887.62	915.34	587.83	602.98	376.22	337.08	230.21	202.56	160.53	161.84	139.52	120.50	107.80	100.09	97.05	95.32	94.76	89.21	86.20	74.50	67.78	58.10	57.17	54.28	55.34	50.49	52.05	51.40	56.11	59.11	66.29	70.43	78.59	80.08	79.53	76.65	979.57
Feb 22 2023 18:03:40	22085.15	1094.97	1066.33	652.47	665.61	403.32	358.50	258.12	230.67	186.14	188.10	164.24	148.22	137.63	133.33	132.06	132.76	130.96	125.30	119.03	102.74	91.10	77.90	75.37	72.16	72.08	66.62	67.52	67.35	73.17	77.54	86.90	92.75	103.63	105.91	105.71	102.42	979.59
Feb 22 2023 18:03:41	21131.16	1309.49	1211.33	670.68	662.33	416.72	370.35	260.03	236.26	187.51	195.61	170.51	161.88	149.44	149.24	146.42	148.69	147.84	137.77	135.23	115.87	104.24	89.17	86.30	82.99	82.48	76.62	77.39	77.63	84.11	89.49	99.75	106.45	117.79	120.33	119.27	114.84	979.61
Feb 22 2023 18:03:42	18196.28	1120.24	1114.98	620.22	618.43	385.87	345.39	249.14	226.90	186.48	190.77	172.30	167.05	162.50	165.33	167.24	172.90	175.16	169.85	166.84	150.12	139.49	126.71	124.37	120.44	116.95	108.96	108.37	109.36	117.79	126.21	140.85	150.96	167.65	171.52	170.46	163.98	979.63
Feb 22 2023 18:03:43	21030.93	964.43	914.53	602.98	591.42	379.61	331.23	235.46	209.35	170.41	173.67	152.99	140.11	129.86	126.90	124.85	127.02	127.61	122.76	123.02	111.87	107.68	99.80	99.60	95.87	93.11	85.46	84.23	83.34	88.93	93.65	103.66	110.09	121.66	123.86	122.58	117.66	979.67
Feb 22 2023 18:03:44	22233.38	997.19	1011.68	578.23	590.09	368.86	326.95	227.51	199.06	158.00	159.98	136.22	119.03	106.37	97.56	93.28	90.82	89.03	86.43	85.04	77.67	75.13	69.51	70.61	68.14	68.49	64.08	65.35	65.59	71.30	75.73	84.61	90.81	101.09	104.21	103.85	101.07	979.66
Feb 22 2023 18:03:45	21123.98	1257.15	1107.41	654.12	629.89	417.81	354.89	256.35	222.27	181.32	178.07	158.52	143.57	134.71	130.28	129.11	129.37	128.00	124.71	121.28	110.04	103.09	94.30	93.75	90.48	88.62	81.41	80.28	79.09	84.38	89.11	98.76	105.54	116.70	119.60	118.05	113.19	979.69
Feb 22 2023 18:03:46	23891.89	958.25	978.70	577.73	603.12	377.98	338.18	233.97	208.13	165.33	167.83	145.00	126.14	113.14	105.41	101.72	99.49	97.00	91.98	88.03	76.97	70.29	61.70	61.02	57.56	57.20	51.59	52.06	50.61	54.44	56.65	63.06	66.85	74.30	76.18	75.54	73.35	979.71
Feb 22 2023 18:03:47	22653.94	1011.82	1034.91	651.96	673.31	428.14	382.52	269.98	241.03	193.62	197.27	174.77	159.94	149.83	147.57	147.18	148.58	148.00	142.48	134.34	116.73	102.85	88.53	84.68	80.04	77.18	68.89	67.19	64.83	68.46	71.08	77.69	82.17	89.59	92.21	90.72	88.09	979.71
Feb 22 2023 18:03:48	22827.07	791.61	781.08	555.70	555.86	367.47	323.92	234.74	208.13	172.83	177.05	157.48	140.10	129.52	124.06	123.16	123.45	124.25	120.00	116.72	103.76	95.59	84.59	82.31	78.01	75.98	68.06	66.67	64.23	67.91	70.48	77.88	82.09	90.96	91.84	90.84	88.51	979.73
Feb 22 2023 18:03:49	18441.62	1000.74	943.71	574.77	582.58	377.87	341.51	256.00	232.33	195.94	201.27	185.34	181.92	177.88	181.63	185.24	192.95	191.11	186.97	181.86	164.01	150.65	136.98	133.85	129.69	125.03	115.22	113.18	112.52	119.78	127.10	140.71	149.99	165.48	169.14	167.58	161.23	979.74
Feb 22 2023 18:03:50	21987.97	897.99	1005.06	553.04	592.27	367.37	344.71	237.98	218.96	177.53	184.04	164.32	152.66	143.54	140.76	140.27	141.77	138.99	135.66	129.03	114.48	103.17	90.91	88.00	83.44	81.08	73.65	73.04	71.99	77.18	80.88	89.88	95.41	106.18	108.27	107.70	104.11	979.78
Feb 22 2023 18:03:51	19831.08	1038.81	1025.26	662.41	629.17	409.13	358.97	260.10	229.30	188.13	192.22	171.87	163.73	157.24	159.77	162.29	168.10	170.04	164.90	161.27	144.81	133.37	120.30	116.76	112.13	108.28	99.09	97.40	96.15	102.27	107.55	118.88	125.64	138.44	140.04	137.80	130.95	979.77
Feb 22 2023 18:03:52	18601.39	1507.13	1678.06	834.17	902.56	493.19	476.26	297.18	269.40	193.55	189.08	157.45	145.76	132.34	128.96	125.06	126.66	124.92	119.61	118.83	107.46	102.49	94.43	94.87	92.92	93.21	89.17	91.52	93.63	102.31	110.30	123.58	133.49	148.53	154.33	154.36	151.22	979.81
Feb 22 2023 18:03:53	17693.14	1669.72	1722.69	907.37	953.60	523.70	490.85	323.43	298.72	233.97	235.56	205.14	189.75	177.50	175.85	173.96	176.66	173.05	168.55	158.59	140.24	125.80	113.60	112.27	110.42	109.20	103.57	105.11	107.02	115.75	124.13	137.86	147.37	161.31	165.54	163.07	158.06	979.84
Feb 22 2023 18:03:54	17841.30	1485.46	1651.19	832.61	876.07	494.19	467.59	298.26	274.31	211.35	216.54	186.59	175.15	160.52	158.89	155.99	159.01	156.07	152.84	147.17	133.09	124.26	114.63	114.69	112.51	111.80	105.85	107.18	108.49	117.80	126.27	142.02	152.46	170.11	175.79	175.55	170.95	979.87
Feb 22 2023 18:03:55	17299.03	1009.10	1033.18	601.13	607.49	375.82	340.39	239.39	219.29	181.36	188.28	169.18	161.49	153.53	155.40	156.66	162.87	165.58	161.40	159.98	146.04	138.55	128.60	128.45	126.20	124.24	117.98	118.98	120.95	130.12	138.98	153.99	163.64	179.44	181.51	178.45	170.50	979.86
Feb 22 2023 18:03:56	16309.64	1104.30	1035.79	620.94	617.11	383.74	345.22	241.69	217.73	178.98	184.55	165.89	156.49	148.56	149.32	149.48	154.87	156.00	152.70	153.18	142.25	137.32	129.97	131.02	129.19	127.87	122.93	125.38	128.84	139.75	149.98	166.63	177.21	194.44	196.49	193.21	184.32	979.87
Feb 22 2023 18:03:57	18121.60	857.79	910.36	538.22	553.15	334.43	310.87	218.47	201.29	164.83	170.55	153.81	147.91	141.18	142.32	143.53	148.36	148.76	147.57	144.39	134.09	128.00	120.65	120.77	118.45	116.61	111.49	113.01	115.81	125.06	134.25	148.88	158.73	173.88	176.53	173.24	165.20	979.90
Feb 22 2023 18:03:58	19478.35	1015.26	1021.49	602.48	599.24	376.67	335.63	237.65	213.87	174.37	179.49	157.30	147.51	137.29	135.16	134.28	137.25	138.65	136.22	137.80	128.75	125.65	118.47	118.35	114.51	111.04	103.67	102.84	103.23	110.34	117.40	130.48	139.09	152.97	155.75	153.59	147.03	979.90
Feb 22 2023 18:03:59	21925.77	1064.16	1056.59	646.87	650.15	424.00	376.16	261.30	231.44	181.60	185.31	159.28	144.32	130.79	127.41	124.79	126.47	128.05	122.44	121.47	110.16	105.36	97.31	96.60	92.08	88.97	80.51	78.67	76.72	81.13	84.95	93.66	99.42	109.75	112.16	110.82	106.53	979.93
Feb 22 2023 18:04:00	25146.47	776.67	737.65	503.22	492.28	313.00	272.52	197.42	169.95	130.64	127.79	108.74	94.77	86.53	81.59	80.59	80.08	81.47	76.77	76.94	67.65	64.30	55.97	55.08	50.04	49.53	42.75	42.34	39.40	41.35	41.56	45.74	46.98	52.15	51.38	50.19	46.29	979.95
Feb 22 2023 18:04:01	24242.63	930.65	964.53	596.54	607.33	375.97	336.27	233.53	205.13	155.99	156.67	131.39	115.32	101.60	95.21	91.62	89.88	89.13	85.51	84.10	75.63	71.03	63.20	62.27	58.25	57.48	51.11	50.68	48.36	51.24	52.60	57.92	60.69	66.75	67.82	66.72	64.30	979.98
Feb 22 2023 18:04:02	23318.42	1013.76	1059.27	653.76	663.04	398.02	358.50	243.11	214.14	163.04	164.78	140.78	124.01	110.98	105.60	102.78	102.46	101.94	98.19	95.79	85.70	79.25	70.60	68.86	64.98	63.98	58.02	57.66	56.14	59.64	62.15	68.57	72.85	80.31	82.38	81.34	78.83	980.00
Feb 22 2023 18:04:03	23005.52	1105.26	1033.18	648.40	640.78	405.49	354.90	245.00	214.74	172.12	174.31	151.52	132.92	119.37	113.20	108.95	108.23	105.04	100.53	96.66	85.47	78.67	70.18	69.24	65.83	64.93	59.40	59.70	58.94	63.56	66.82	74.42	79.29	88.28	90.67	90.46	88.00	980.01
Feb 22 2023 18:04:04	18801.55	952.19	929.94	563.13	573.68	358.12	327.11	231.63	212.27	175.80	183.92	166.92	159.21	152.23	154.24	155.73	160.98	161.23	155.76	151.54	136.19	127.22	117.40	117.03	114.07	111.85	105.66	106.52	108.06	116.42	124.57	138.93	148.21	164.36	166.60	165.38	158.29	980.02
Feb 22 2023 18:04:05	18331.40	1294.09	1282.04	684.69	688.40	416.09	365.10	258.95	232.82	194.00	199.63	183.23	173.93	168.91	171.52	173.62	179.00	177.77	171.07	166.05	148.09	136.84	124.72	123.22	118.69	114.83	107.15	106.84	107.51	115.66	123.10	137.09	145.62	161.02	163.62	162.21	156.22	980.06
Feb 22 2023 18:04:06	20927.12	1642.59	1841.86	783.31	826.77	460.42	420.38	272.81	245.72	193.98	194.77	166.79	148.73	133.31	125.77	119.37	117.36	111.22	106.18	103.83	93.50	89.12	82.26	82.95	79.32	78.70	73.49	75.10	75.61	82.34	87.49	97.92	105.10	117.11	120.97	120.90	118.17	980.09
Feb 22 2023 18:04:07	20699.72	1208.03	1228.29	687.26	722.52	413.28	384.55	264.50	240.12	192.01	197.23	175.15	160.50	149.52	145.76	144.18	145.10	141.44	135.91	127.76	112.22	101.61	91.56	90.81	87.68	86.30	80.88	82.14	82.92	89.95	95.68	106.80	113.65	125.70	127.86	126.25	120.82	980.09
Feb 22 2023 18:04:08	21742.48	1070.73	1025.28	631.08	629.97	398.56	352.34	247.64	219.09	177.89	180.70	157.99	144.76	132.81	128.78	125.97	126.56	124.58	119.47	116.51	104.06	98.79	90.48	90.40	85.93	83.24	76.23	75.81	74.89	80.09	83.78	92.97	98.19	109.68	111.12	111.66	107.80	980.12
Feb 22 2023 18:04:09	20579.75	1200.37	1152.26	718.58	705.49	427.43	371.49	258.81	227.94	187.11	189.06	169.14	157.73	146.91	143.95	141.35	142.93	139.61	131.88	128.91	113.44	106.71	97.33	97.47	93.60	91.62	85.30	85.99	86.33	93.33	98.66	110.27	117.27	130.17	132.53	131.71	126.87	980.15
Feb 22 2023 18:04:10	18395.86	1514.37	1593.83	842.25	863.70	487.48	441.03	288.98	259.53	205.00	207.98	182.99	169.92	158.84	157.47	156.33	158.80	154.77	148.11	140.59	122.76	110.66	99.41	98.83	97.15	97.09	93.53	96.90	100.36	110.20	119.13	133.48	143.22	157.93	161.42	159.26	153.30	980.18
Feb 22 2023 18:04:11	21158.36	777.42	857.17	508.70	540.66	335.95	311.47	221.50	203.78	167.47	175.89	156.13	150.06	142.84	143.56	143.76	147.06	147.13	142.90	138.37	124.10	115.01	104.87	103.44	99.20	95.14	86.55	84.35	82.48	87.16	91.53	100.95	107.46	118.82	121.54	120.46	116.33	980.19
Feb 22 2023 18:04:12	21884.00	727.38	757.58	492.45	498.56	321.65	291.34	213.51	191.51	155.32	159.87	140.66	133.49	126.49	125.92	126.71	129.26	129.62	125.10	120.60	106.80	98.17	87.60	86.05	82.39	80.07	73.29	72.36	71.06	75.93	79.79	88.31	94.37	104.80	107.88	107.70	105.30	980.20
Feb 22 2023 18:04:13	22096.48	1116.41	1195.70	676.17	706.36	422.48	385.60	252.88	230.59	182.88	191.66	162.46	148.61	132.51	127.97	122.27	121.07	118.79	111.67	109.09	94.86	87.26	75.91	74.38	70.33	70.21	64.56	65.53	64.91	70.39	74.25	82.92	88.65	99.29	102.24	102.59	100.39	980.23
Feb 22 2023 18:04:14	21558.96	1086.97	1158.11	681.53	711.68	419.26	388.81	260.54	236.31	186.19	194.34	170.03	159.40	148.75	147.77	147.68	150.96	150.20	145.57	139.37	123.24	111.05	97.83	94.75	90.22	87.38	79.02	77.58	75.63	80.53	84.02	92.77	97.98	108.08	109.22	107.82	103.22	980.26
Feb 22 2023 18:04:15	22277.28	871.63	896.88	570.23	580.49	367.57	329.75	229.57	205.99	164.07	171.26	146.00	134.59	121.15	117.56	113.33	112.56	110.89	105.09	103.03	91.25	85.68	77.22	77.28	73.73	73.18	67.73	68.69	68.17	73.91	77.95	87.11	92.46	103.39	104.32	103.67	99.65	980.26
Feb 22 2023 18:04:16	20248.66	1100.06	1272.69	711.72	760.85	448.22	420.10	277.23	256.86	200.31	209.43	180.56	168.28	153.32	150.17	147.62	148.71	145.81	145.91	142.56	132.58	125.64	117.40	116.41	112.28	108.98	100.21	98.36	95.95	101.50	105.72	116.48	122.74	134.70	137.33	135.10	129.99	980.29
Feb 22 2023 18:04:17	23573.06	733.71	845.31	545.50	592.91	361.77	336.27	228.79	211.82	170.55	181.42	157.56	143.45	128.60	123.27	118.55	117.11	113.72	109.18	105.20	93.29	86.08	76.46	74.41	69.14	66.95	59.38	58.72	56.28	59.78	61.46	67.86	71.49	79.15	81.10	80.55	78.30	980.30
Feb 22 2023 18:04:18	21908.66	1200.07	1149.50	687.84	690.91	432.45	379.59	262.93	234.44	190.26	197.37	172.61	157.77	144.00	139.92	135.39	134.54	130.22	121.21	117.08	100.23	90.84	78.40	76.61	72.41	71.87	66.30	67.46	67.20	72.96	77.27	86.35	92.43	103.15	106.24	106.21	103.64	980.33
Feb 22 2023 18:04:19	19202.82	882.46	901.67	561.59	554.25	347.36	320.45	226.24	208.79	171.43	180.66	161.68	154.59	146.80	149.69	151.65	158.05	161.20	159.26	157.18	144.01	135.57	124.02	121.21	116.79	113.36	105.66	104.83	104.73	111.40	117.76	129.40	136.71	149.42	151.31	149.33	143.39	980.34
Feb 22 2023 18:04:20	22735.35	744.77	794.99	513.40	534.66	347.05	311.64	223.88	205.14	169.81	180.76	162.06	150.58	142.01	140.30	139.57	141.04	140.15	132.56	126.45	109.12	97.74	84.59	81.56	76.48	74.19	66.93	66.44	64.85	69.20	72.03	79.51	83.94	92.29	94.07	92.83	89.65	980.35
Feb 22 2023 18:04:21	23831.23	668.08	792.92	508.61	551.05	346.97	317.63	223.35	207.00	171.12	184.14	163.48	149.97	137.18	133.82	131.10	131.58	131.76	123.80	121.04	105.66	97.15	84.47	80.73	73.53	70.14	61.34	59.73	56.50	59.22	60.22	65.72	68.36	74.75	75.80	74.57	72.00	980.37
Feb 22 2023 18:04:22	22729.69	795.47	866.48	539.67	572.99	363.21	330.70	234.52	216.32	178.22	189.53	169.41	159.66	148.89	146.07	143.78	144.09	140.93	134.60	126.69	109.83	97.75	84.85	81.49	75.49	72.47	65.04	64.72	63.08	67.68	70.46	78.15	83.02	92.55	94.77	94.72	92.29	980.38
Feb 22 2023 18:04:23	22979.19	824.69	886.11	563.67	578.51	368.40	333.78	235.83	216.61	179.48	189.02	168.37	154.93	143.88	140.34	138.77	138.31	138.07	130.61	126.63	111.65	102.91	91.39	88.63	82.43	78.91	70.67	69.45	66.84	70.55	72.60	79.38	83.04	90.44	91.72	89.86	86.45	980.38
Feb 22 2023 18:04:24	23587.64	745.40	862.67	521.15	582.79	346.50	335.59	224.76	212.77	172.03	186.07	159.94	148.86	132.96	128.87	123.30	122.08	119.22	111.91	108.20	93.06	84.94	73.12	70.81	64.94	63.29	56.30	56.39	54.35	58.15	60.01	66.64	70.22	78.32	79.90	80.02	78.16	980.43
Feb 22 2023 18:04:25	22812.42	815.72	915.04	548.88	599.67	379.21	353.89	248.99	234.97	195.42	208.81	187.31	176.24	164.50	162.08	158.58	158.98	155.00	145.48	136.82	116.48	103.30	88.94	85.56	78.91	75.78	67.74	67.02	64.93	69.20	71.88	79.68	84.25	93.75	94.94	94.34	90.94	980.45
Feb 22 2023 18:04:26	19334.76	892.02	997.85	589.12	636.67	383.13	360.48	253.78	238.05	201.12	215.68	197.92	191.98	184.30	186.72	186.88	190.72	185.07	178.23	166.29	145.03	128.87	114.48	111.37	107.14	105.11	99.43	101.22	102.79	111.02	118.28	131.51	139.51	153.65	155.20	152.92	145.58	980.45
Feb 22 2023 18:04:27	21758.54	830.16	952.61	555.61	602.98	374.22	347.14	238.06	223.44	183.38	194.81	171.77	161.97	149.12	145.88	142.72	141.41	135.70	131.36	121.29	106.60	95.14	84.89	82.75	78.25	76.54	71.43	73.16	73.62	80.15	84.87	94.79	100.62	111.33	113.23	112.14	107.89	980.45
Feb 22 2023 18:04:28	23695.54	834.83	966.37	583.44	634.78	381.46	358.59	244.75	228.53	182.88	195.43	167.89	153.25	134.74	126.92	118.90	114.00	104.86	98.03	89.15	75.24	65.87	56.69	55.28	51.07	51.15	46.69	49.23	49.19	54.40	57.28	64.75	68.98	77.41	79.52	79.76	78.14	980.47
Feb 22 2023 18:04:29	23757.95	958.42	1082.83	644.48	706.42	422.26	386.86	257.64	239.38	192.60	205.02	177.10	159.07	141.37	134.20	127.38	123.98	119.33	111.79	106.52	91.54	82.54	70.84	67.54	60.85	59.11	52.88	53.90	52.43	56.50	58.52	65.20	68.60	76.30	77.82	77.48	75.33	980.49
Feb 22 2023 18:04:30	23213.10	763.88	896.41	535.16	596.56	357.38	345.25	241.96	229.45	185.40	198.86	176.81	169.16	158.13	157.07	155.91	156.34	151.56	143.85	131.89	111.86	97.00	82.93	78.96	72.17	68.49	60.87	60.49	58.69	62.79	65.14	72.25	76.46	85.22	87.01	86.87	84.33	980.50
Feb 22 2023 18:04:31	23143.72	812.41	889.53	549.44	582.36	360.46	333.20	231.99	211.04	169.48	177.08	152.52	138.97	125.54	119.80	114.98	111.59	107.31	102.33	96.13	83.83	76.12	67.29	66.45	62.28	61.36	56.14	57.59	57.07	62.20	65.45	73.33	78.22	87.59	89.99	90.05	87.95	980.53
Feb 22 2023 18:04:32	23340.65	908.24	966.79	573.14	608.75	376.84	346.59	241.46	219.40	173.87	180.61	156.09	142.28	126.86	120.27	114.44	110.93	104.58	99.64	92.16	79.67	70.68	61.39	60.03	56.35	56.22	51.69	53.64	53.56	58.85	62.04	69.77	74.42	83.43	85.74	85.80	83.81	980.54
Feb 22 2023 18:04:33	24017.88	805.42	915.56	570.38	619.94	384.53	349.07	238.48	218.50	175.13	184.85	157.11	137.39	119.42	109.90	102.41	97.46	92.08	87.27	83.82	73.58	69.04	61.29	60.77	56.18	55.97	50.37	51.68	50.40	54.58	56.61	63.12	66.45	73.83	75.01	74.40	71.95	980.54
Feb 22 2023 18:04:34	23312.64	930.48	1011.13	606.85	637.85	400.89	361.22	250.29	227.00	181.53	189.21	163.90	146.35	131.63	124.45	118.44	115.31	110.29	104.87	99.01	85.78	77.17	66.28	63.94	58.91	58.31	53.04	54.77	54.18	59.14	62.03	69.55	73.88	82.63	84.71	84.66	82.51	980.59
Feb 22 2023 18:04:35	23021.99	999.77	1146.74	639.84	698.41	419.61	387.05	258.40	237.92	189.99	198.64	172.91	155.82	140.91	134.34	129.92	128.23	123.51	117.50	108.07	92.07	80.75	68.99	66.36	61.71	60.72	55.49	56.86	56.52	61.51	64.81	72.41	77.30	86.05	88.39	88.02	85.71	980.64
Feb 22 2023 18:04:36	22556.00	961.74	935.43	590.18	599.07	383.66	345.36	242.53	216.40	175.44	179.30	156.31	143.54	132.54	129.09	126.87	126.77	124.42	119.42	114.37	101.42	93.27	83.58	82.18	77.51	75.22	68.22	68.04	66.51	71.06	73.92	82.17	86.36	96.60	97.07	97.03	93.84	980.68
Feb 22 2023 18:04:37	22638.73	773.02	769.54	504.16	521.25	330.94	306.36	220.96	200.96	160.68	164.46	144.83	137.79	128.28	126.75	125.23	126.42	124.45	120.78	114.92	101.91	92.53	81.59	79.24	74.47	72.08	65.23	64.78	63.42	67.91	70.94	78.95	84.11	94.27	96.58	96.98	94.92	980.68
Feb 22 2023 18:04:38	23613.47	831.81	898.73	575.32	603.63	383.89	341.44	239.81	217.64	173.57	181.12	156.44	140.39	127.74	121.06	118.13	116.98	115.58	112.25	107.42	95.54	87.60	76.82	74.00	68.02	65.39	58.11	57.52	55.34	58.97	60.88	67.52	71.30	79.70	81.23	81.29	79.06	980.70
Feb 22 2023 18:04:39	21024.21	1152.20	1188.91	702.41	723.77	433.01	389.23	271.01	247.78	199.20	207.87	182.75	169.91	157.25	153.82	151.24	151.25	147.66	139.27	132.19	113.72	100.75	86.68	83.65	79.49	78.92	73.65	75.38	76.00	82.71	88.08	98.68	105.95	118.34	122.08	122.37	119.56	980.69
Feb 22 2023 18:04:40	22881.97	901.66	1021.81	616.99	646.22	389.73	361.88	248.23	232.04	188.49	198.58	173.75	158.46	145.54	141.73	138.38	138.13	137.91	130.02	127.06	111.03	100.86	86.99	83.15	76.90	75.12	67.32	66.83	64.56	68.49	70.72	77.73	81.75	89.73	91.92	90.88	88.33	980.70
Feb 22 2023 18:04:41	20295.08	1397.71	1436.94	804.76	822.58	490.47	445.10	301.92	273.07	220.99	223.24	197.69	183.24	172.34	170.42	168.16	170.06	164.42	159.12	147.25	127.63	111.47	96.98	93.34	89.35	87.35	81.15	81.90	82.11	88.61	93.97	104.47	111.33	122.80	126.08	125.95	123.63	980.72
Feb 22 2023 18:04:42	23465.82	855.72	933.09	577.29	603.50	372.15	339.06	234.31	214.78	173.30	181.65	156.98	142.15	127.82	122.53	118.70	117.00	115.34	108.90	104.84	91.84	84.55	74.80	72.87	67.76	65.60	58.76	58.51	56.80	60.42	62.83	69.36	73.50	81.31	83.51	82.89	80.58	980.73
Feb 22 2023 18:04:43	19669.27	1539.98	1426.08	913.62	813.09	539.65	449.54	325.92	286.52	239.90	246.18	224.82	213.37	206.94	211.68	214.28	222.60	224.86	213.58	203.66	177.05	156.16	136.44	129.23	122.56	115.61	104.44	100.45	97.91	101.60	106.13	114.82	121.95	131.98	136.67	134.95	131.16	980.73
Feb 22 2023 18:04:44	22767.00	941.15	983.46	630.95	641.22	408.95	359.15	248.24	224.67	184.94	194.50	171.93	153.84	140.51	134.81	130.84	130.21	130.56	123.05	121.81	107.98	100.32	88.32	85.24	79.15	76.70	68.63	67.54	64.88	68.37	70.18	76.91	80.43	88.22	90.22	89.11	85.81	980.75
Feb 22 2023 18:04:45	23391.92	905.68	1000.97	584.52	636.35	378.08	353.30	234.15	217.90	171.97	182.81	154.57	139.43	122.62	116.32	109.30	106.39	102.72	94.96	93.70	81.27	76.08	66.83	66.30	61.47	60.87	54.90	55.82	54.45	58.82	61.19	68.28	72.38	80.99	83.01	83.13	81.28	980.75
Feb 22 2023 18:04:46	23462.39	792.57	931.10	544.50	589.03	368.78	337.81	230.65	211.26	168.61	177.70	153.38	138.07	122.72	115.87	109.81	107.49	102.95	95.67	92.58	79.36	72.80	62.59	61.38	56.62	56.47	51.27	53.00	52.36	57.20	59.82	67.10	71.31	79.84	81.99	81.98	80.10	980.77
Feb 22 2023 18:04:47	20632.83	789.57	940.45	550.05	605.84	366.39	347.76	237.67	226.62	185.81	198.77	176.88	170.46	161.01	163.57	164.78	169.59	172.76	169.15	169.50	156.24	148.27	135.37	130.04	121.15	114.45	103.13	99.71	96.67	100.96	104.99	114.79	120.55	132.75	132.73	131.02	124.29	980.79
Feb 22 2023 18:04:48	19888.79	888.92	1019.97	580.32	611.08	373.17	350.54	236.78	222.99	181.46	192.10	170.03	160.03	149.37	149.48	148.09	151.94	150.82	148.84	146.27	134.68	127.71	118.04	115.57	109.52	105.28	96.98	96.22	95.11	101.05	105.93	116.61	123.08	135.34	137.16	135.47	129.96	980.80
Feb 22 2023 18:04:49	23296.56	789.22	887.10	537.17	586.81	370.93	338.40	233.59	213.84	172.98	184.97	161.17	145.09	130.03	124.49	119.05	117.04	114.06	107.08	105.82	93.29	88.96	79.75	78.38	71.80	69.11	61.74	61.83	59.93	63.97	65.99	73.07	76.80	85.29	86.82	86.39	83.55	980.79
Feb 22 2023 18:04:50	23099.59	914.43	925.59	569.06	586.33	369.68	327.97	233.14	211.43	174.45	182.10	161.13	144.25	131.75	125.74	123.34	122.16	120.39	114.74	110.11	96.58	88.59	78.10	75.69	69.91	67.36	60.75	60.80	59.49	63.82	66.53	74.00	78.34	87.27	89.03	88.80	86.23	980.80
Feb 22 2023 18:04:51	22747.57	819.91	876.83	550.81	573.18	361.23	327.54	230.08	207.76	168.78	175.24	153.83	136.65	123.87	117.70	114.87	114.74	112.80	107.13	101.78	88.12	80.60	70.74	69.77	65.62	64.74	59.45	60.86	60.47	65.87	69.01	77.14	81.37	91.02	91.82	91.32	87.88	980.82
Feb 22 2023 18:04:52	22539.17	936.63	1005.19	588.32	621.09	381.97	346.51	244.18	223.74	184.52	192.28	171.41	158.29	147.95	146.30	145.28	147.00	144.95	137.51	131.25	113.68	102.14	88.69	85.13	79.17	76.30	68.57	67.70	65.95	70.16	73.00	80.82	85.28	94.82	96.38	95.94	93.04	980.81
Feb 22 2023 18:04:53	21197.13	1173.27	1249.53	703.06	746.74	427.54	397.82	260.18	243.23	193.27	204.21	177.08	164.22	148.37	145.30	140.64	140.97	137.86	131.18	127.51	112.45	103.71	92.58	90.90	86.32	85.04	78.86	79.96	79.83	86.14	90.91	101.21	107.62	119.19	121.76	120.90	116.83	980.85
Feb 22 2023 18:04:54	20705.45	1311.98	1596.68	769.72	840.82	462.66	433.49	283.27	264.18	209.47	216.94	186.28	174.74	160.16	157.98	155.55	156.45	153.99	149.35	143.56	129.06	118.80	107.48	104.76	99.09	95.65	87.52	86.89	85.25	90.61	94.51	104.45	110.65	121.95	125.02	123.73	119.88	980.88
Feb 22 2023 18:04:55	22295.58	1061.46	1195.28	688.98	735.14	421.21	388.09	261.66	237.70	189.08	195.39	170.21	157.30	145.87	144.14	142.34	143.54	140.41	134.02	126.66	110.40	99.08	87.01	84.04	78.76	75.97	68.75	68.12	66.61	70.92	73.97	81.48	86.61	95.29	98.52	97.78	95.76	980.87
Feb 22 2023 18:04:56	21427.25	886.44	1001.05	576.77	655.99	380.25	363.53	246.43	233.30	188.63	202.34	179.94	169.89	159.29	159.82	158.77	163.31	162.75	157.33	153.73	137.76	127.81	114.85	111.39	104.09	99.39	89.15	87.19	84.28	88.69	91.38	100.43	104.42	114.40	114.01	111.61	105.97	980.92
Feb 22 2023 18:04:57	22181.64	1033.69	1084.44	631.70	664.08	394.00	366.24	242.98	225.84	180.66	192.49	166.45	152.58	136.10	131.47	125.54	123.92	121.47	112.28	110.53	96.00	89.63	79.55	78.61	73.62	72.71	66.77	68.13	67.45	72.99	76.50	85.60	90.84	101.75	103.97	104.27	101.52	980.92
Feb 22 2023 18:04:58	23101.19	904.38	977.32	599.43	633.95	385.72	351.72	237.79	216.99	170.55	179.12	152.16	137.11	121.01	114.43	107.19	104.42	99.61	91.10	89.78	77.02	72.25	63.36	63.22	58.83	59.13	54.57	56.84	56.73	62.24	65.58	73.63	78.40	87.96	90.10	90.25	87.83	980.91
Feb 22 2023 18:04:59	22634.60	906.59	944.80	588.47	604.48	378.02	345.35	237.06	216.87	171.68	180.24	155.34	143.25	128.89	124.88	119.70	119.08	116.22	109.41	107.20	94.54	88.21	78.27	76.54	71.52	70.47	64.80	65.91	65.35	70.69	74.05	82.61	87.53	97.73	99.51	99.35	96.17	980.92
Feb 22 2023 18:05:00	20973.01	957.03	1038.68	596.45	626.96	380.91	353.04	249.63	228.45	188.05	198.40	177.47	167.24	157.44	156.85	155.57	158.62	155.78	150.53	144.77	129.31	118.41	106.61	103.09	97.26	93.14	85.35	84.58	84.12	89.61	94.38	103.91	110.48	121.02	123.54	121.40	116.59	980.93
Feb 22 2023 18:05:01	20792.87	891.41	968.31	592.52	646.53	397.11	368.36	252.44	240.06	199.08	214.21	193.87	184.36	174.71	174.79	172.82	175.71	171.06	164.39	157.09	139.12	126.84	114.54	111.72	105.17	100.39	91.30	90.33	88.89	94.42	98.90	109.31	115.31	127.43	128.70	127.39	121.77	980.96
Feb 22 2023 18:05:02	22050.45	861.95	964.52	597.55	628.21	396.06	361.59	254.65	241.32	202.08	217.67	197.53	187.88	179.25	179.20	177.62	177.70	172.55	159.87	146.52	120.73	103.56	88.46	86.52	81.55	78.60	71.34	71.67	71.19	76.73	80.76	89.93	95.79	106.47	108.73	107.92	104.22	980.96
Feb 22 2023 18:05:03	20262.09	821.69	921.05	546.58	587.50	361.12	341.12	239.57	230.73	196.74	213.06	196.58	194.08	188.04	193.13	194.75	200.36	198.35	187.77	176.66	150.89	132.20	115.02	111.01	105.41	101.26	92.99	92.91	92.75	99.57	105.32	117.33	125.20	139.01	142.05	141.28	135.96	980.99
Feb 22 2023 18:05:04	19577.43	965.34	1048.62	585.38	636.84	385.40	363.98	251.65	239.37	199.48	214.59	196.36	190.18	183.25	185.75	186.84	190.63	188.15	179.51	169.10	146.73	130.80	115.81	112.19	107.07	103.76	96.93	97.57	98.68	106.26	113.36	126.31	134.49	149.77	151.09	150.50	144.04	980.99
Feb 22 2023 18:05:05	21558.11	1042.44	1040.43	634.85	654.78	404.63	367.86	263.42	241.12	196.80	207.21	185.65	175.57	164.32	162.84	159.58	160.00	155.98	146.27	137.22	116.96	102.94	88.86	85.74	80.85	79.19	73.25	74.66	75.14	81.77	86.59	97.03	103.61	115.79	117.98	117.66	113.43	981.00
Feb 22 2023 18:05:06	22258.90	861.35	1012.34	588.99	647.81	398.83	376.23	261.82	247.55	203.89	218.23	196.76	188.04	176.78	177.25	174.75	176.50	171.41	161.35	151.34	128.46	111.87	95.33	90.04	83.15	79.83	71.94	71.80	70.53	75.39	78.81	87.13	92.33	102.14	103.95	103.09	98.35	981.01
Feb 22 2023 18:05:07	22445.25	891.84	1071.86	595.48	673.77	391.05	368.12	245.44	233.46	188.51	202.37	176.35	159.31	142.82	136.82	131.11	128.20	124.92	118.12	113.73	99.74	91.47	81.19	79.69	75.12	74.84	69.54	71.49	71.57	77.62	81.75	91.04	96.02	106.28	106.64	105.24	100.01	981.03
Feb 22 2023 18:05:08	21696.84	949.98	1034.94	588.21	632.61	374.92	354.19	241.11	222.24	178.23	186.68	164.22	153.14	140.64	137.50	132.74	133.23	128.52	120.15	116.03	101.16	93.32	83.66	82.54	78.18	77.37	72.58	74.72	75.52	82.24	87.17	97.49	103.65	115.60	117.27	116.83	112.37	981.04
Feb 22 2023 18:05:09	21412.78	1043.08	1170.88	659.04	721.99	432.76	404.55	275.82	259.12	214.97	228.23	204.99	197.40	188.18	190.49	189.35	192.30	188.27	178.34	169.38	147.04	131.67	115.98	110.71	102.22	96.05	86.10	84.27	81.82	86.39	89.56	98.41	103.61	114.12	115.86	114.74	110.76	981.06
Feb 22 2023 18:05:10	22165.20	989.17	1039.73	605.00	635.11	386.48	357.28	247.50	227.36	183.80	193.02	169.84	159.77	147.81	146.41	143.51	145.58	142.22	138.43	135.22	123.51	115.36	104.10	99.01	90.35	85.22	76.74	75.91	73.79	78.02	80.59	88.49	92.87	102.39	103.65	102.58	99.01	981.08
Feb 22 2023 18:05:11	20346.72	915.55	1000.30	580.90	615.86	374.38	343.28	243.34	226.40	187.56	199.19	179.23	171.89	162.85	163.19	164.48	168.00	168.66	168.59	165.82	155.38	146.87	135.18	129.15	119.55	112.52	102.49	100.86	98.91	104.01	108.12	118.65	124.30	137.61	137.11	136.25	129.33	981.10
Feb 22 2023 18:05:12	22282.04	1035.03	1149.44	665.38	707.97	429.77	392.37	265.03	242.66	196.09	204.61	178.07	161.91	146.74	141.63	136.82	136.44	132.89	131.18	127.64	117.70	110.84	100.72	96.35	87.94	83.11	74.51	73.62	71.67	75.59	78.45	86.34	91.02	100.55	102.03	101.26	97.97	981.11
Feb 22 2023 18:05:13	23680.97	900.79	1036.54	599.15	659.55	394.79	360.92	243.12	223.98	180.02	189.22	162.80	144.69	127.74	120.05	113.21	110.55	107.16	102.81	101.17	91.72	87.14	78.00	74.40	66.53	63.62	56.59	57.03	55.09	58.69	60.18	66.35	69.47	76.88	78.37	78.26	76.30	981.13
Feb 22 2023 18:05:14	22993.82	1092.96	1127.74	668.87	685.81	426.53	380.76	263.77	236.75	189.62	193.32	165.92	148.54	133.36	126.73	120.51	117.99	113.55	107.36	104.56	93.15	87.19	77.79	74.73	68.22	65.98	60.27	61.33	60.45	64.77	67.63	74.83	79.47	88.14	90.67	90.50	88.55	981.14
Feb 22 2023 18:05:15	23841.10	892.03	980.61	580.80	618.31	390.44	351.98	244.64	221.99	178.10	187.03	162.61	146.02	130.06	124.79	119.15	117.63	114.19	109.77	108.89	98.86	93.34	83.84	79.75	71.39	66.90	58.43	57.48	54.71	57.46	58.51	64.15	67.17	74.19	76.01	75.46	73.36	981.14
Feb 22 2023 18:05:16	21431.04	1261.94	1240.10	743.27	733.51	464.33	405.35	283.31	253.91	209.46	215.70	190.37	176.05	162.31	160.69	157.28	159.84	159.18	151.55	148.94	133.44	124.23	111.79	106.42	97.90	92.33	83.37	82.08	80.15	84.35	87.50	95.82	101.15	110.63	113.56	112.10	108.18	981.16
Feb 22 2023 18:05:17	21128.28	871.39	937.48	544.55	573.94	349.73	323.21	229.23	213.64	177.50	187.57	169.02	163.26	156.16	158.46	159.88	164.27	164.55	158.35	154.64	138.24	127.92	114.25	109.74	101.96	97.29	88.06	87.01	84.73	89.75	92.69	102.81	107.37	119.67	120.58	120.02	115.06	981.17
Feb 22 2023 18:05:18	19647.95	876.24	985.68	573.99	598.56	379.09	350.34	254.31	237.95	201.39	214.68	199.17	194.35	191.14	196.93	202.29	209.18	212.49	207.06	199.41	179.08	162.81	146.09	139.52	130.99	123.18	111.95	108.72	106.36	111.25	116.11	126.83	133.88	146.01	148.59	146.36	140.64	981.18
Feb 22 2023 18:05:19	19054.83	1057.61	1081.77	642.01	664.62	405.74	374.36	262.19	245.16	203.01	213.50	196.84	189.18	182.73	185.54	187.52	193.06	192.07	187.11	181.75	164.85	152.12	138.81	134.57	128.14	122.33	112.15	109.86	107.99	113.63	118.91	130.40	137.97	151.02	153.91	151.62	145.75	981.20
Feb 22 2023 18:05:20	17099.01	999.80	962.13	576.92	577.86	374.83	334.35	236.58	217.58	181.65	189.57	173.17	170.13	164.44	169.21	170.99	178.38	179.65	175.60	173.39	159.06	150.14	139.65	137.10	132.35	128.14	121.01	121.51	123.19	132.29	141.25	156.66	166.14	182.73	184.35	181.47	172.13	981.22
Feb 22 2023 18:05:21	21331.01	885.58	904.18	557.49	565.45	362.98	321.02	231.76	208.35	171.42	176.69	157.77	145.48	136.93	133.92	132.97	134.49	134.99	131.07	129.22	118.37	112.84	104.43	103.28	98.05	94.11	85.67	84.06	82.43	87.15	91.06	100.20	106.29	117.28	119.73	118.72	114.88	981.21
Feb 22 2023 18:05:22	22295.00	1241.96	1152.01	716.60	696.54	445.95	388.09	267.98	240.60	196.15	204.59	177.33	161.21	146.18	140.67	135.51	134.17	130.85	122.92	120.45	104.48	95.10	81.22	77.93	72.27	71.24	64.65	64.83	63.53	68.40	71.83	80.32	85.81	96.57	99.40	100.61	99.06	981.23
Feb 22 2023 18:05:23	22392.84	836.82	932.40	524.26	581.89	341.77	320.95	217.83	203.91	164.67	175.65	154.37	142.45	129.16	126.70	123.03	123.33	121.87	115.57	113.74	101.14	94.66	84.72	82.81	77.50	76.19	69.97	70.69	69.89	75.33	78.86	87.88	93.03	103.21	105.33	104.61	100.80	981.24
Feb 22 2023 18:05:24	20939.86	1255.29	1446.32	766.90	817.19	465.92	427.26	278.70	254.66	198.18	203.34	173.48	159.26	144.13	138.82	134.48	134.12	131.27	126.21	124.44	112.67	106.63	97.65	96.28	91.41	89.47	82.59	82.78	82.11	87.96	92.52	102.52	109.16	120.44	123.86	122.78	119.10	981.27
Feb 22 2023 18:05:25	17904.83	950.18	1016.15	587.69	610.29	376.46	357.88	249.59	236.18	198.31	210.37	191.39	191.39	184.70	192.20	193.72	203.50	202.91	199.28	193.44	176.34	162.34	148.16	143.53	137.46	132.18	122.94	121.59	120.81	128.11	134.60	147.94	155.64	169.83	172.89	170.53	164.38	981.28
Feb 22 2023 18:05:26	19663.49	789.47	836.84	512.18	546.84	346.23	320.33	226.09	213.90	180.59	193.48	173.56	165.60	156.08	156.93	156.92	161.29	162.58	157.14	155.95	142.13	135.03	124.54	122.47	116.87	113.54	105.99	106.18	106.01	113.12	118.83	130.55	137.01	148.72	148.86	144.23	135.41	981.29
Feb 22 2023 18:05:27	20065.03	863.31	903.87	523.41	555.58	337.57	320.37	231.71	217.26	180.18	190.05	172.99	169.71	165.01	169.14	171.35	176.61	177.27	170.67	163.23	143.67	129.90	115.65	112.79	108.20	104.24	95.70	94.53	93.50	99.78	104.94	116.52	123.84	137.71	140.37	139.80	134.67	981.29
Feb 22 2023 18:05:28	19050.78	914.40	963.53	554.85	565.86	358.01	321.43	226.52	211.09	173.77	181.44	162.66	158.40	150.39	152.35	153.98	158.71	162.78	157.83	155.98	142.88	134.94	125.27	123.70	119.60	115.84	108.08	107.14	106.80	113.76	120.35	133.34	142.24	157.28	161.02	159.83	154.09	981.30
Feb 22 2023 18:05:29	19986.41	926.64	912.72	576.77	575.60	368.73	324.39	230.62	209.63	176.10	186.02	166.87	157.02	149.19	149.96	151.74	157.42	164.45	161.46	163.82	154.02	148.74	139.68	136.29	129.47	122.52	111.17	106.97	103.67	107.91	111.68	121.24	126.83	137.20	138.67	134.45	127.52	981.33
Feb 22 2023 18:05:30	22168.76	1015.58	1079.56	589.36	604.09	378.60	348.81	243.90	220.73	177.63	181.29	157.51	145.97	133.21	127.82	123.89	122.07	117.68	113.82	106.67	94.17	85.57	76.13	75.09	71.19	70.08	65.00	65.96	65.73	71.38	75.26	84.11	89.85	100.87	103.78	104.21	101.29	981.33
Feb 22 2023 18:05:31	22554.08	1255.56	1254.50	742.61	757.80	465.00	409.18	277.93	246.01	198.87	203.39	173.66	154.90	136.70	128.58	120.84	118.96	115.41	108.28	108.63	97.81	93.73	85.61	84.31	79.22	76.39	69.19	67.99	66.01	69.85	72.65	79.48	84.47	92.43	95.21	93.49	90.93	981.33
Feb 22 2023 18:05:32	21430.42	1556.08	1302.60	851.29	782.78	504.78	430.21	305.85	264.01	214.69	212.49	185.67	167.74	151.33	144.19	138.13	136.17	129.87	120.89	114.10	97.84	86.96	76.10	74.14	71.36	70.48	66.68	68.25	69.37	75.44	80.96	90.03	97.69	108.05	113.25	112.94	111.51	981.36
Feb 22 2023 18:05:33	21822.09	1339.05	1271.12	794.23	783.39	502.46	440.10	304.10	266.42	211.46	210.07	180.68	162.22	145.00	137.92	132.27	130.45	125.14	117.72	109.67	93.95	82.25	70.95	68.47	65.72	65.86	62.71	64.86	66.15	72.33	77.15	86.23	92.21	101.70	104.85	103.56	100.59	981.35
Feb 22 2023 18:05:34	21688.39	1340.02	1287.42	817.96	779.02	493.92	425.65	296.89	260.37	208.67	210.04	183.11	165.21	151.43	145.52	142.21	141.62	138.48	131.54	124.68	108.45	96.95	84.94	82.13	78.04	76.35	71.05	71.47	71.33	76.72	81.00	89.86	95.73	105.57	108.45	107.53	105.09	981.36
Feb 22 2023 18:05:35	20212.59	1259.74	1318.59	729.57	727.14	466.04	416.50	292.97	262.12	208.57	215.05	186.53	176.85	165.60	165.62	166.38	170.96	172.56	170.21	167.09	153.89	143.34	130.33	125.08	117.72	112.22	101.93	98.24	94.68	98.58	101.92	111.58	117.49	128.87	131.79	130.34	126.14	981.37
Feb 22 2023 18:05:36	23480.81	904.15	1115.11	586.81	667.37	388.10	373.93	245.08	230.07	179.77	192.00	160.62	146.22	126.78	119.73	111.40	107.90	102.95	97.20	95.01	84.11	78.91	70.23	69.17	63.92	62.81	56.47	56.83	54.86	58.81	60.82	67.53	71.20	79.41	81.20	81.18	79.27	981.40
Feb 22 2023 18:05:37	21738.47	885.13	1032.25	577.38	633.27	376.83	358.28	245.05	229.96	189.11	200.02	177.16	167.82	155.95	154.29	151.40	152.76	149.44	141.32	135.26	118.37	108.15	96.83	94.43	88.41	85.15	77.69	77.35	76.14	81.63	85.40	94.99	100.73	112.29	114.62	114.49	110.57	981.40
Feb 22 2023 18:05:38	23269.45	852.42	970.04	559.35	619.26	372.35	349.45	237.28	219.81	174.00	183.84	158.31	144.35	127.70	121.71	115.41	112.51	108.66	99.94	98.07	84.61	78.90	69.43	68.71	63.82	62.92	57.13	58.13	57.16	61.99	64.69	72.40	76.67	85.93	87.82	88.01	85.45	981.41
Feb 22 2023 18:05:39	21596.85	993.92	1180.93	631.70	684.52	398.27	375.43	248.87	234.39	189.69	200.58	176.39	163.85	150.32	148.72	145.96	147.14	146.93	139.31	138.12	123.22	115.67	104.18	100.73	93.80	90.31	82.03	81.08	79.39	84.41	87.96	97.46	102.54	113.84	115.13	114.40	110.00	981.43
Feb 22 2023 18:05:40	20981.05	1046.60	1062.66	636.56	653.10	417.42	373.04	260.98	234.86	195.51	201.74	183.07	169.37	159.14	155.63	153.95	155.36	151.20	145.67	138.74	123.01	111.91	100.44	97.67	92.56	89.67	82.04	82.02	81.30	87.18	91.50	101.59	107.33	119.18	120.68	119.85	115.07	981.45
Feb 22 2023 18:05:41	21463.72	877.80	934.98	548.23	578.00	360.49	325.71	230.23	210.88	171.62	178.35	158.40	148.10	139.55	138.06	137.53	139.23	139.41	135.55	131.89	119.46	112.07	102.41	100.79	95.09	91.33	83.00	82.08	80.64	85.92	89.61	99.44	104.93	116.93	117.99	117.57	112.77	981.47
Feb 22 2023 18:05:42	19931.10	943.64	969.90	590.97	587.94	379.56	340.26	245.62	222.95	182.86	187.89	169.16	160.18	153.62	153.70	155.09	158.33	158.89	154.08	147.68	133.27	122.58	112.37	110.17	105.63	101.89	94.84	94.84	95.10	101.78	107.86	119.78	127.78	141.32	144.36	143.19	137.81	981.47
Feb 22 2023 18:05:43	18768.63	856.62	926.87	541.15	580.55	348.72	327.33	229.85	215.27	175.79	182.80	165.00	159.25	153.46	156.44	159.01	163.91	166.81	163.10	160.54	147.15	138.41	128.13	126.21	121.33	117.24	109.45	109.34	109.78	117.68	124.81	138.61	147.61	163.55	166.67	165.53	159.11	981.49
Feb 22 2023 18:05:44	22301.38	949.33	1019.57	564.81	605.42	361.60	340.67	230.15	214.10	170.42	179.12	154.14	143.34	128.94	124.85	120.10	119.18	116.67	108.48	106.69	93.71	87.99	79.18	78.83	74.29	73.16	67.70	68.83	68.48	74.22	78.07	87.10	92.66	103.38	105.54	105.21	101.90	981.51
Feb 22 2023 18:05:45	20048.36	989.94	1148.88	687.96	731.94	433.45	394.10	271.03	247.76	197.31	205.03	182.27	173.80	164.29	165.53	166.34	170.27	171.82	163.62	158.59	141.21	129.83	117.90	114.43	108.71	104.79	96.37	95.07	93.85	98.97	103.80	114.22	121.40	134.33	138.54	138.14	134.86	981.52
Feb 22 2023 18:05:46	25355.89	774.22	776.16	510.67	514.35	342.68	298.92	209.04	178.92	136.83	135.11	112.16	95.35	82.35	73.64	69.46	65.87	65.15	60.77	61.51	55.42	54.56	49.23	49.23	44.62	44.48	39.24	39.90	37.66	40.09	40.21	44.41	45.66	50.62	50.43	49.65	47.11	981.54
Feb 22 2023 18:05:47	23812.66	924.12	940.31	596.19	598.97	377.06	331.39	233.89	201.92	151.64	147.07	122.07	107.42	93.51	86.62	82.36	80.32	81.02	74.51	75.70	67.36	65.80	59.19	59.55	55.24	55.76	51.00	52.49	51.13	55.06	56.73	63.21	65.96	74.05	74.55	74.86	72.62	981.53
Feb 22 2023 18:05:48	21474.18	1264.65	1194.67	752.30	704.29	457.34	391.88	280.34	240.51	192.92	190.64	166.41	150.85	137.18	132.41	128.18	128.49	129.84	121.09	121.69	109.39	104.07	94.85	93.19	88.21	85.87	79.55	79.49	78.54	83.80	87.84	97.32	103.25	114.53	117.01	116.55	112.90	981.56
Feb 22 2023 18:05:49	19303.27	1621.81	1511.40	946.40	881.25	550.59	466.25	326.41	284.07	225.74	221.91	191.55	175.20	161.87	160.02	156.34	159.40	157.42	150.87	147.68	133.42	124.61	114.26	111.74	107.10	103.68	97.05	96.50	96.75	102.99	109.41	120.95	129.28	142.11	146.39	144.35	139.59	981.56
Feb 22 2023 18:05:50	21345.18	1198.29	1205.59	754.16	744.25	471.27	413.75	290.86	258.89	211.51	218.08	192.00	176.03	162.05	159.80	158.14	161.34	167.35	160.11	163.97	150.88	145.13	133.16	128.17	118.48	110.43	97.65	92.56	87.76	90.15	91.81	99.85	104.31	115.03	116.94	115.73	111.28	981.56
Feb 22 2023 18:05:51	20831.63	1273.85	1113.78	755.73	684.26	463.40	388.30	283.29	247.02	209.11	213.37	193.37	178.40	170.78	170.32	171.46	175.20	177.51	167.68	164.21	144.94	133.52	119.39	114.83	107.75	102.27	92.54	90.30	88.24	92.97	96.96	106.56	112.75	123.78	126.16	124.54	120.37	981.59
Feb 22 2023 18:05:52	21324.68	1293.99	1248.77	715.93	701.62	425.58	372.37	254.64	224.23	184.52	189.99	166.71	154.51	142.77	140.25	137.16	137.99	138.27	128.88	129.40	115.09	109.15	98.77	96.97	90.63	87.23	79.78	80.06	79.82	86.03	90.42	100.62	106.54	118.15	119.92	119.00	114.46	981.58
Feb 22 2023 18:05:53	19211.93	1308.51	1274.87	699.17	712.64	425.24	387.97	268.85	245.03	198.91	204.63	181.53	173.01	163.10	164.73	164.50	168.21	168.36	162.65	158.17	143.34	133.54	122.48	120.42	114.87	110.75	103.04	103.23	103.44	111.05	117.42	130.30	138.02	152.05	154.38	152.43	146.02	981.59
Feb 22 2023 18:05:54	19529.68	895.72	982.64	583.70	637.17	394.45	364.59	260.16	245.97	206.82	222.36	206.07	198.65	192.19	197.70	199.88	206.06	204.28	195.85	185.02	162.15	144.72	128.93	124.02	117.16	110.90	101.95	100.77	100.21	106.25	111.94	123.38	131.46	144.82	149.14	147.81	142.40	981.59
Feb 22 2023 18:05:55	19773.63	1067.79	1132.38	626.06	664.04	389.34	357.46	242.77	223.05	178.10	185.96	162.73	152.08	140.56	139.67	137.52	140.08	138.44	134.17	132.12	120.80	114.88	106.27	105.57	101.49	100.08	93.92	95.34	95.73	103.11	108.69	120.44	127.20	139.68	142.02	140.20	135.19	981.60
Feb 22 2023 18:05:56	21733.76	1265.65	1366.33	702.38	753.92	448.47	409.64	270.72	250.60	195.06	205.46	177.63	162.40	145.32	140.17	134.48	133.99	129.03	125.45	120.17	107.58	98.75	88.38	85.63	80.43	78.21	71.51	72.19	71.79	77.30	81.10	89.99	95.26	105.30	106.77	105.50	100.95	981.60
Feb 22 2023 18:05:57	21003.36	1056.73	1132.68	643.20	663.74	423.61	380.79	258.60	242.34	195.24	207.23	179.84	164.00	148.04	144.47	139.59	139.80	135.93	130.19	128.99	117.04	111.69	102.98	100.96	94.82	91.68	84.41	85.00	84.85	90.96	96.01	106.76	113.18	125.44	127.27	126.27	121.39	981.59
Feb 22 2023 18:05:58	21757.06	998.89	1081.33	612.62	668.56	392.87	358.88	238.35	221.77	175.53	185.35	159.71	149.42	134.89	131.70	127.71	127.69	125.85	121.06	119.41	109.06	104.56	96.98	95.92	90.06	87.41	79.91	79.82	78.54	83.71	86.92	96.11	100.74	111.06	112.13	110.55	105.60	981.61
Feb 22 2023 18:05:59	18918.50	1257.86	1332.04	765.93	787.94	479.11	433.67	298.49	267.49	217.44	224.54	203.02	191.82	184.23	187.23	189.95	196.47	200.01	194.60	191.51	174.88	163.16	149.59	144.27	136.35	128.56	117.66	113.54	111.56	116.10	121.78	132.55	140.50	151.99	156.00	152.19	145.13	981.63
Feb 22 2023 18:06:00	19423.47	1429.30	1319.51	820.90	767.28	488.28	415.30	293.59	255.23	209.95	213.33	188.02	171.63	161.35	159.12	157.50	159.42	162.06	154.00	153.44	138.81	132.08	121.58	119.16	113.06	109.08	101.45	100.93	100.55	106.75	112.82	124.63	132.73	145.81	150.24	148.40	143.43	981.64
Feb 22 2023 18:06:01	20765.35	1456.13	1324.21	851.31	785.01	507.52	422.31	298.74	261.85	212.74	217.63	190.27	174.32	160.69	157.91	154.53	156.06	154.64	144.76	139.91	123.04	113.33	102.41	99.46	93.99	90.13	83.55	83.15	82.81	87.45	92.35	100.69	107.99	117.28	122.39	120.75	117.74	981.66
Feb 22 2023 18:06:02	20466.61	1877.79	1555.42	1010.26	911.67	590.53	484.55	337.67	283.06	224.65	219.51	186.58	162.95	143.12	134.28	125.94	124.34	122.60	114.16	114.38	103.34	99.39	91.30	89.54	85.22	83.52	79.32	80.76	81.72	87.62	92.53	101.89	107.77	117.70	121.11	119.90	116.68	981.66
Feb 22 2023 18:06:03	22386.62	1490.39	1350.22	867.71	820.17	514.86	437.76	297.83	252.79	194.54	186.98	154.95	134.75	116.90	107.48	100.42	98.47	96.49	90.22	90.60	82.27	79.70	72.99	71.94	67.61	66.86	62.74	64.16	64.01	68.85	71.87	79.28	83.04	90.72	91.41	89.32	85.64	981.66
Feb 22 2023 18:06:04	21288.22	1649.85	1480.43	920.41	876.47	558.09	471.82	320.99	279.47	224.47	223.36	189.95	167.60	147.84	139.94	132.32	129.68	125.74	116.15	112.61	98.82	92.46	83.77	82.27	77.77	76.21	71.98	73.66	74.59	80.75	85.60	95.27	101.68	112.44	115.53	114.61	111.31	981.67
Feb 22 2023 18:06:05	20081.87	1618.43	1535.29	872.90	854.35	515.72	449.61	311.66	272.56	217.66	217.30	191.70	178.13	167.57	167.95	168.12	172.75	175.92	167.88	166.52	150.98	141.81	129.05	124.19	115.94	109.66	100.38	98.53	96.97	102.00	106.41	116.82	122.74	134.03	135.73	133.29	127.24	981.69
Feb 22 2023 18:06:06	22059.32	1165.94	1205.34	669.33	652.19	394.21	360.10	250.18	230.02	182.68	190.44	163.36	149.96	133.94	129.21	122.65	120.89	120.71	109.30	117.09	104.31	104.78	94.44	93.64	86.07	83.58	76.22	76.41	74.96	79.77	82.71	91.31	95.65	105.69	106.78	105.98	102.11	981.71
Feb 22 2023 18:06:07	21124.02	1052.41	1162.25	639.60	660.03	385.87	350.10	235.60	215.69	173.13	181.65	156.39	146.12	130.78	127.35	122.85	121.75	121.19	111.41	111.77	98.67	95.25	87.36	87.26	82.43	81.48	77.07	79.66	81.21	88.59	94.29	105.50	112.56	125.22	127.53	126.77	121.86	981.72
Feb 22 2023 18:06:08	20634.20	1270.46	1123.70	693.74	645.39	421.83	354.05	255.84	222.29	188.93	194.44	175.95	164.98	153.95	154.88	154.57	157.89	164.00	151.65	150.45	134.24	126.17	115.03	111.05	103.18	97.58	89.89	89.87	89.82	95.96	101.10	111.40	118.08	129.04	131.20	128.77	123.17	981.73
Feb 22 2023 18:06:09	20456.54	2066.74	2235.05	971.48	1035.22	539.62	502.62	311.76	281.87	210.63	213.08	170.41	157.29	134.30	127.85	116.77	112.58	106.36	95.88	98.20	86.24	83.85	76.10	77.29	73.64	74.80	72.04	76.54	79.19	88.15	95.07	107.78	115.88	130.18	133.67	134.04	130.31	981.75
Feb 22 2023 18:06:10	22770.02	1234.35	1329.25	691.75	731.16	423.93	380.01	251.58	227.56	177.97	184.71	155.83	139.17	123.50	115.31	107.97	103.99	100.48	88.71	89.19	75.15	70.89	61.70	61.63	57.35	57.98	54.20	57.19	57.89	63.94	67.78	76.46	81.51	91.46	93.67	93.81	91.31	981.76
Feb 22 2023 18:06:11	18645.61	1609.09	1595.21	788.93	805.52	464.92	420.14	281.89	251.60	196.29	197.31	170.31	157.83	143.97	140.78	135.52	135.58	131.66	121.25	122.00	108.47	104.70	96.65	97.16	93.41	93.57	90.63	95.31	98.84	109.22	117.63	132.58	141.48	157.74	160.28	159.50	153.35	981.75
Feb 22 2023 18:06:12	14662.96	1318.39	1193.35	650.65	638.33	389.63	343.82	241.30	221.52	186.53	193.15	174.28	172.44	165.78	170.76	171.49	177.44	177.16	169.93	167.95	152.92	144.72	134.68	133.53	130.47	129.51	126.62	131.42	136.57	148.96	160.80	178.90	191.01	211.21	216.44	216.56	210.65	981.76
Feb 22 2023 18:06:13	14617.35	1228.77	1177.00	649.47	636.11	390.74	353.36	230.77	210.61	168.40	173.73	153.95	148.16	139.78	142.01	143.34	149.65	149.14	149.99	148.96	141.80	137.32	132.11	132.58	131.10	129.81	127.08	130.99	136.07	148.38	160.82	179.39	193.02	212.83	218.38	216.71	209.96	981.78
Feb 22 2023 18:06:14	17243.58	1463.51	1329.84	724.62	697.29	444.74	381.39	269.01	241.29	201.92	210.13	190.02	182.13	173.40	175.93	176.91	182.69	182.58	174.91	169.89	152.43	141.27	130.57	129.52	126.17	123.37	116.97	118.48	120.04	129.62	137.76	152.93	161.19	176.97	178.48	175.61	166.85	981.77
Feb 22 2023 18:06:15	19927.35	1434.27	1443.48	747.43	743.16	428.29	377.22	263.10	236.81	195.29	199.52	180.38	168.16	157.82	157.43	156.31	158.27	157.62	148.65	145.93	129.27	119.93	108.68	106.56	102.41	99.90	93.61	94.06	94.81	101.76	108.16	119.78	127.80	140.18	143.48	141.17	135.33	981.80
Feb 22 2023 18:06:16	15427.56	1338.85	1284.71	699.94	697.36	413.34	368.34	250.28	227.58	183.17	188.72	166.03	162.76	151.73	155.58	153.99	160.70	162.74	156.54	156.14	142.86	136.79	128.55	128.89	126.93	126.01	121.90	125.42	129.44	141.45	152.71	171.63	183.98	206.69	210.98	212.89	206.51	981.80
Feb 22 2023 18:06:17	18018.84	1302.22	1289.06	741.58	748.22	434.52	396.13	263.47	237.02	188.18	193.85	169.70	160.55	146.83	143.90	141.85	145.12	145.71	140.93	141.72	131.16	127.52	120.74	120.90	117.23	115.18	109.83	111.63	113.86	123.58	132.00	147.78	156.77	175.07	175.86	175.22	166.46	981.81
Feb 22 2023 18:06:18	18629.98	1132.55	973.41	602.61	584.56	384.06	327.79	236.82	212.77	179.57	187.36	169.19	160.36	151.71	151.98	152.25	155.21	157.34	148.17	147.02	132.21	125.79	117.55	117.16	113.61	111.57	106.46	108.71	111.37	120.93	129.68	144.72	153.59	169.52	169.92	167.08	158.47	981.81
Feb 22 2023 18:06:19	16167.10	1721.15	1529.52	831.42	754.36	422.85	370.24	253.18	220.51	181.28	182.00	163.10	157.49	151.69	154.22	155.19	160.38	162.98	158.07	157.99	145.34	139.18	130.76	130.83	127.75	126.02	121.22	124.46	128.62	140.47	151.80	170.22	182.64	204.00	206.59	206.27	198.12	981.83
Feb 22 2023 18:06:20	16545.22	1389.63	1463.43	738.40	758.49	424.25	387.79	259.97	238.31	194.12	202.14	179.24	170.65	162.46	162.03	161.92	165.06	166.04	161.02	155.38	139.71	128.86	118.88	118.33	116.83	116.51	113.29	117.49	122.58	134.55	146.25	164.32	176.59	196.32	199.32	198.71	189.70	981.83
Feb 22 2023 18:06:21	13623.37	1021.28	1075.00	611.08	599.13	362.16	322.75	226.46	206.76	172.72	178.56	163.67	157.76	153.26	157.99	161.92	170.59	172.50	172.10	171.44	162.01	156.45	150.40	150.62	148.37	146.22	141.94	145.19	150.16	163.31	175.66	196.09	207.38	229.53	228.82	226.67	213.21	981.83
Feb 22 2023 18:06:22	19920.52	1136.40	1074.11	627.54	633.22	393.72	346.34	240.55	211.40	169.75	167.23	146.18	130.63	121.86	118.57	117.60	118.88	118.22	114.68	112.37	102.90	99.43	94.11	95.04	92.25	91.18	86.83	88.67	90.23	97.54	103.97	115.97	123.59	137.62	138.83	137.89	131.82	981.85
Feb 22 2023 18:06:23	19233.70	957.77	956.08	574.27	588.44	359.31	324.94	232.23	209.38	172.69	176.75	160.94	151.87	146.66	147.34	148.36	151.47	150.68	143.87	137.61	121.32	111.16	100.78	99.94	97.38	96.51	92.39	95.07	97.87	106.65	114.50	127.86	136.37	150.72	153.37	151.93	145.95	981.83
Feb 22 2023 18:06:24	17901.46	1384.36	1323.71	744.60	783.91	448.42	406.22	281.99	260.43	213.71	221.96	204.62	192.68	186.89	189.82	194.21	200.39	201.38	195.83	185.50	164.69	148.04	133.95	130.33	127.08	122.93	115.85	116.01	118.20	126.22	134.92	148.32	157.20	169.92	170.69	166.48	158.67	981.87
Feb 22 2023 18:06:25	20789.72	943.12	1044.03	601.70	615.25	394.83	358.07	250.56	230.01	186.30	193.65	176.67	172.83	168.85	174.20	179.16	185.37	190.67	182.64	179.55	160.85	149.04	134.68	130.60	122.38	115.50	103.02	99.29	95.07	99.01	101.39	111.31	115.17	127.43	126.66	124.92	117.43	981.87
Feb 22 2023 18:06:26	16593.39	1056.11	993.51	623.36	617.11	395.14	354.44	249.43	229.03	192.74	199.68	184.54	179.96	177.01	182.21	187.78	196.05	200.47	195.33	191.85	174.31	162.53	149.01	146.56	141.93	138.99	130.97	131.86	132.18	142.33	150.35	167.59	175.70	194.37	195.45	193.33	184.05	981.86
Feb 22 2023 18:06:27	17110.05	924.04	909.40	601.41	564.37	362.32	314.51	231.11	204.45	173.94	179.19	165.52	157.99	156.29	159.78	166.36	173.88	180.43	178.48	178.37	167.58	161.01	152.28	149.84	144.29	138.87	130.54	129.80	130.54	138.63	147.06	161.83	170.98	186.69	187.97	184.15	174.70	981.89
Feb 22 2023 18:06:28	17240.32	906.39	941.94	524.80	556.77	343.46	310.16	216.74	201.90	170.68	180.34	166.55	158.42	153.77	156.81	161.01	167.72	172.73	172.62	172.69	163.44	158.26	150.59	148.67	143.37	138.15	129.33	128.19	128.37	136.43	144.07	158.99	167.56	184.02	184.65	181.98	172.76	981.87
Feb 22 2023 18:06:29	15770.31	1115.61	1069.74	664.18	633.24	398.18	360.59	255.45	229.58	180.73	187.52	169.33	167.33	162.52	169.37	173.79	181.43	185.51	177.67	169.98	149.08	132.44	117.25	114.90	114.60	115.36	112.93	117.78	123.19	135.61	147.83	167.16	180.59	203.04	207.98	209.03	202.46	981.89
Feb 22 2023 18:06:30	20320.70	589.47	754.78	431.41	499.56	300.72	283.21	205.66	195.64	162.49	173.27	158.59	149.71	145.56	147.92	151.71	154.46	158.56	146.93	137.23	111.33	90.10	69.41	65.91	66.26	70.83	69.85	76.87	81.93	92.96	102.42	117.45	127.38	144.02	147.35	147.63	141.91	981.92
Feb 22 2023 18:06:31	17082.27	1100.31	1149.58	587.56	632.31	363.57	344.96	242.50	230.76	191.94	203.20	189.00	187.43	186.45	192.53	197.58	204.00	203.98	193.61	176.28	144.34	115.54	90.72	84.87	85.10	87.99	86.77	93.10	99.34	112.06	123.94	142.55	156.33	178.90	185.87	189.82	186.75	981.92
Feb 22 2023 18:06:32	20714.18	805.42	829.05	492.72	504.85	326.31	289.65	215.81	196.08	163.98	169.27	153.76	144.69	139.57	139.71	141.12	143.85	143.75	137.46	131.01	115.50	105.04	94.95	93.38	89.47	87.43	82.05	83.40	84.67	91.93	97.95	109.89	117.97	131.58	135.17	134.76	130.08	981.92
Feb 22 2023 18:06:33	18530.54	862.62	891.60	525.60	531.08	328.37	302.20	219.14	201.97	168.09	173.97	158.91	155.58	152.95	157.51	160.60	166.19	166.73	160.06	154.52	136.92	126.03	114.10	113.30	109.99	108.18	102.67	104.78	106.93	116.20	124.60	139.92	149.79	167.82	170.17	170.32	163.28	981.94
Feb 22 2023 18:06:34	18223.41	756.90	798.05	484.49	507.21	333.67	298.74	226.04	210.27	181.53	189.99	179.23	179.64	180.42	189.52	195.52	205.04	205.07	197.02	187.23	163.74	146.09	130.16	126.59	123.03	119.87	113.22	114.21	116.75	126.01	136.25	152.52	163.58	183.48	182.46	181.88	168.08	981.95
Feb 22 2023 18:06:35	21677.97	714.23	770.87	480.38	501.44	323.12	291.95	217.48	198.48	167.90	175.23	160.50	150.31	146.53	147.01	148.69	152.12	151.06	144.27	137.66	120.46	108.67	96.71	94.54	90.23	87.58	80.33	80.11	79.58	85.11	89.51	99.40	105.19	117.10	117.86	117.23	110.28	981.94
Feb 22 2023 18:06:36	20837.70	934.52	971.29	545.17	570.39	350.37	322.38	229.68	211.93	175.89	182.71	166.48	156.01	149.38	149.45	151.16	154.13	152.83	148.07	143.46	128.78	118.87	107.62	104.85	99.00	95.24	87.11	86.59	85.88	91.51	95.98	106.41	112.57	124.59	126.32	124.84	119.33	981.95
Feb 22 2023 18:06:37	16508.76	928.25	999.24	586.75	578.40	367.74	326.93	238.30	217.96	183.73	190.26	176.08	170.62	169.53	175.62	180.60	187.73	190.21	188.21	182.93	168.42	157.38	146.66	144.20	139.64	135.30	127.80	128.34	130.15	139.55	148.64	164.73	174.65	192.09	193.36	190.55	180.80	981.95
Feb 22 2023 18:06:38	18250.20	847.33	920.98	529.85	550.10	347.18	316.35	224.51	204.41	169.68	174.43	160.43	152.55	147.20	148.35	150.08	154.34	154.64	149.71	143.34	127.56	117.19	107.37	107.46	105.79	104.91	101.01	104.11	107.47	117.21	126.07	141.20	150.82	167.53	169.57	168.27	160.88	981.97
Feb 22 2023 18:06:39	21666.05	1319.66	1310.00	715.53	721.64	403.83	375.69	255.61	224.37	170.47	167.14	142.81	130.33	121.51	118.16	117.00	117.39	113.01	105.63	96.52	78.74	65.12	52.26	50.75	49.64	52.14	50.40	54.88	57.73	65.30	71.39	81.87	88.99	101.11	104.29	105.41	103.41	981.97
Feb 22 2023 18:06:40	21148.09	782.89	841.81	500.87	530.75	334.55	308.55	223.81	204.72	167.70	176.57	162.00	155.23	151.62	153.23	157.08	160.70	161.69	151.22	139.99	114.79	95.33	76.91	74.35	73.58	75.80	73.16	78.18	81.44	90.74	98.29	111.49	119.40	133.05	134.41	132.55	125.26	981.98
Feb 22 2023 18:06:41	17812.06	1405.88	1342.10	767.98	736.70	449.44	384.97	252.53	225.42	181.41	185.80	160.00	144.65	131.70	126.66	123.74	121.32	122.47	112.89	106.02	87.44	73.83	59.65	58.08	58.50	63.96	65.14	73.26	79.63	91.76	102.30	118.70	130.61	150.11	156.76	161.09	160.19	982.00
Feb 22 2023 18:06:42	19509.30	899.63	1005.56	547.11	583.23	354.04	319.80	230.28	212.15	179.71	185.54	171.70	163.19	161.14	163.20	166.65	170.79	169.55	163.61	154.72	135.76	119.36	104.50	100.47	96.85	95.53	90.38	92.63	95.13	103.83	111.84	125.32	134.95	149.60	153.18	151.79	145.94	981.99
Feb 22 2023 18:06:43	20961.39	1123.84	1052.10	629.64	620.44	383.15	331.59	233.80	205.87	169.10	170.50	153.29	140.04	133.66	131.62	131.64	133.24	131.56	127.83	124.96	113.62	106.86	98.08	96.82	91.80	89.08	81.88	82.03	81.50	87.56	91.66	101.91	107.51	119.29	120.63	119.60	114.57	981.99
Feb 22 2023 18:06:44	22428.60	880.24	947.90	566.79	610.45	366.79	333.08	226.04	204.81	166.32	173.28	152.82	135.24	123.44	116.88	113.68	111.74	109.91	105.24	100.14	89.36	82.91	75.70	75.73	72.69	72.76	67.71	69.57	69.67	75.41	79.27	88.21	93.37	103.32	104.99	103.88	100.05	981.99
Feb 22 2023 18:06:45	21014.93	1154.66	1149.77	679.88	686.24	432.18	384.95	265.28	237.19	191.51	197.89	178.37	166.56	159.93	160.77	163.29	168.62	171.98	167.03	162.18	145.94	133.92	120.45	116.01	109.46	104.39	94.12	91.71	89.09	93.02	96.04	104.98	108.72	118.68	117.11	114.20	106.90	982.00
Feb 22 2023 18:06:46	20165.72	875.17	908.85	537.59	546.34	341.04	303.58	214.84	193.37	158.57	161.93	148.30	138.24	134.47	135.53	139.35	144.81	149.09	146.19	146.45	135.28	129.61	120.46	118.77	113.19	109.03	99.72	98.37	96.49	102.07	105.86	117.15	122.42	135.41	135.26	134.08	127.42	982.02
Feb 22 2023 18:06:47	20723.73	806.70	818.71	512.06	535.02	349.93	310.78	223.62	205.00	171.38	178.52	163.61	153.58	149.33	149.92	152.16	157.02	158.76	154.21	150.73	136.64	127.18	115.96	112.87	107.28	102.89	93.82	92.23	90.89	95.86	100.36	110.32	116.51	127.83	129.62	127.55	122.02	982.02
Feb 22 2023 18:06:48	16981.22	1173.22	1118.98	651.38	624.62	399.77	352.77	250.01	226.28	190.51	196.48	181.48	174.73	171.43	176.02	180.60	188.76	192.58	188.49	185.53	170.65	160.57	149.64	146.73	141.98	136.88	128.37	127.67	128.19	136.61	144.98	160.60	170.44	188.69	191.40	190.21	182.42	982.04
Feb 22 2023 18:06:49	17997.40	1082.86	981.97	604.24	571.66	371.83	319.14	230.27	203.59	171.10	174.46	160.26	149.40	145.36	146.02	148.52	153.16	154.37	148.77	144.92	131.16	122.33	113.71	113.41	111.31	109.65	104.95	107.90	111.37	121.25	130.76	146.20	156.65	173.11	176.48	174.67	167.57	982.04
Feb 22 2023 18:06:50	20874.64	1070.01	1026.93	627.60	626.01	394.81	349.13	243.75	216.24	175.68	177.80	156.07	142.09	133.70	130.73	129.96	130.27	127.67	121.46	114.87	101.01	92.22	83.57	83.08	79.77	79.14	74.72	77.49	79.16	86.59	92.47	103.55	110.90	122.98	126.13	125.29	121.19	982.05
Feb 22 2023 18:06:51	13782.94	973.61	1048.11	554.32	572.19	332.81	310.39	206.33	190.99	154.56	158.14	141.90	139.17	136.19	142.23	148.04	157.34	164.19	166.48	169.51	163.94	161.92	156.92	157.15	154.16	150.99	145.83	148.03	152.56	164.88	177.02	196.53	208.45	229.41	230.90	227.93	217.29	982.06
Feb 22 2023 18:06:52	20021.97	951.78	940.65	559.30	573.73	363.37	324.55	227.07	205.50	168.68	173.57	155.39	143.07	135.09	133.49	133.33	135.67	135.29	131.69	129.80	119.39	113.75	106.00	104.97	100.62	98.58	92.69	94.15	95.38	102.48	108.64	120.30	127.07	139.64	140.29	138.29	131.66	982.06
Feb 22 2023 18:06:53	19729.70	1126.12	996.18	637.93	612.35	379.28	324.84	233.01	204.87	168.45	171.30	151.66	136.70	128.26	124.94	123.74	124.86	123.80	116.97	113.15	101.36	95.96	89.74	90.13	87.63	87.62	84.08	87.67	90.59	99.04	106.08	118.60	126.56	139.91	142.21	140.81	135.00	982.07
Feb 22 2023 18:06:54	19941.01	1304.41	1320.51	718.55	727.00	425.92	374.36	249.75	220.26	172.93	174.72	151.69	135.01	125.57	119.94	117.72	117.12	115.26	109.24	105.59	94.54	88.98	82.06	82.11	78.96	79.28	76.24	80.15	83.15	91.51	98.63	110.73	119.26	132.54	136.68	136.36	132.88	982.06
Feb 22 2023 18:06:55	17175.23	1803.20	1713.65	892.81	886.66	506.58	441.17	291.04	252.99	192.20	185.60	155.68	136.91	122.85	118.59	116.14	117.87	117.74	116.50	116.13	109.07	106.63	101.55	102.02	99.54	100.47	98.33	103.82	108.49	119.89	128.94	145.17	153.03	169.17	168.45	165.80	156.16	982.06
Feb 22 2023 18:06:56	20854.43	816.90	887.75	498.04	539.07	323.53	293.76	203.79	188.33	151.32	159.42	136.77	124.86	113.18	110.05	110.16	112.15	117.93	116.76	123.27	118.64	120.03	114.20	113.52	107.56	105.19	98.03	98.94	98.36	104.71	108.75	120.12	123.89	135.09	133.03	129.02	120.33	982.07
Feb 22 2023 18:06:57	28242.30	289.38	437.19	314.30	372.96	239.95	213.06	151.02	135.93	107.54	114.55	95.07	71.92	56.39	43.23	36.42	28.70	28.02	20.36	22.43	15.86	16.92	11.86	13.16	9.07	11.34	7.00	8.80	6.17	7.07	4.95	5.62	4.39	4.44	3.55	2.30	2.02	982.07
Feb 22 2023 18:06:58	28262.13	288.33	427.19	316.47	368.51	243.56	211.78	152.44	135.58	107.85	114.37	95.16	71.39	56.26	42.86	36.04	28.24	27.51	19.80	21.75	15.23	16.20	11.09	12.37	8.35	10.68	6.49	8.34	5.79	6.74	4.65	5.33	4.12	4.16	3.28	2.05	1.78	982.10
Feb 22 2023 18:06:59	28252.98	289.04	438.14	313.91	373.26	239.92	213.73	151.26	136.27	107.60	114.79	95.27	72.17	56.64	43.51	36.57	28.90	28.24	20.45	22.50	15.84	16.73	11.53	12.80	8.72	11.01	6.77	8.57	5.96	6.88	4.79	5.46	4.24	4.29	3.43	2.18	1.94	982.09
Feb 22 2023 18:07:00	28268.46	288.73	426.03	315.94	368.54	242.90	211.95	152.66	135.65	107.78	114.60	95.39	71.55	56.43	43.05	36.15	28.39	27.60	19.90	21.84	15.30	16.29	11.15	12.47	8.40	10.72	6.54	8.39	5.83	6.75	4.67	5.32	4.11	4.13	3.26	2.01	1.75	982.09
Feb 22 2023 18:07:01	28260.23	288.99	419.29	316.47	366.26	243.63	210.91	152.52	135.16	107.79	114.99	95.81	71.75	56.81	43.40	36.45	28.73	28.01	20.25	22.28	15.69	16.63	11.47	12.75	8.67	10.94	6.73	8.53	5.93	6.83	4.73	5.39	4.17	4.20	3.35	2.09	1.83	982.10
Feb 22 2023 18:07:02	28246.03	286.73	430.51	312.92	368.38	239.01	212.87	150.84	135.68	107.44	114.92	95.24	72.13	56.53	43.39	36.36	28.64	27.86	20.11	22.20	15.55	16.51	11.32	12.61	8.52	10.82	6.68	8.44	5.92	6.82	4.76	5.45	4.25	4.31	3.46	2.22	1.98	982.10
Feb 22 2023 18:07:03	28258.35	286.32	424.67	313.54	369.92	239.06	213.63	151.19	135.75	107.22	114.76	95.01	72.14	56.23	43.19	36.11	28.46	27.58	19.89	22.00	15.40	16.36	11.24	12.57	8.49	10.78	6.64	8.46	5.89	6.79	4.71	5.39	4.17	4.23	3.36	2.13	1.88	982.12
Feb 22 2023 18:07:04	28215.71	288.94	427.18	313.44	370.54	240.31	213.66	151.68	136.11	107.89	115.34	96.11	73.01	57.65	44.82	37.89	30.51	29.90	22.28	24.26	17.49	18.21	12.86	14.00	9.84	12.05	7.70	9.34	6.61	7.48	5.35	6.08	4.84	4.99	4.10	2.92	2.64	982.11
Feb 22 2023 18:07:05	28232.24	289.21	438.96	314.40	373.91	240.72	214.94	151.84	136.52	107.53	115.12	95.62	72.38	56.81	43.92	36.94	29.46	28.65	21.07	23.11	16.55	17.48	12.32	13.57	9.45	11.68	7.36	9.03	6.31	7.14	4.99	5.62	4.39	4.43	3.56	2.32	2.05	982.11
Feb 22 2023 18:07:06	28260.18	288.70	438.60	316.61	373.92	242.09	214.62	152.46	136.44	107.28	114.50	94.99	71.65	55.93	42.90	35.82	28.22	27.25	19.66	21.58	15.14	16.07	11.02	12.33	8.29	10.65	6.51	8.36	5.81	6.72	4.65	5.29	4.09	4.09	3.22	1.97	1.71	982.12
Feb 22 2023 18:07:07	28258.57	290.79	437.45	317.98	371.97	245.11	213.30	153.36	136.08	107.57	114.41	95.28	71.30	56.08	42.83	35.89	28.16	27.27	19.67	21.58	15.15	16.08	11.08	12.36	8.33	10.67	6.50	8.36	5.82	6.73	4.66	5.30	4.08	4.08	3.22	1.95	1.71	982.11
Feb 22 2023 18:07:08	28255.70	287.73	436.98	317.75	372.28	242.51	215.07	152.83	136.45	107.12	114.74	94.89	71.64	55.93	42.91	35.83	28.26	27.29	19.63	21.60	15.20	16.07	11.04	12.39	8.35	10.64	6.51	8.34	5.82	6.72	4.66	5.30	4.09	4.08	3.22	1.94	1.68	982.12
Feb 22 2023 18:07:09	28261.90	289.90	433.52	316.48	372.90	241.78	214.63	153.00	136.40	107.39	114.51	95.00	71.59	56.00	42.89	35.82	28.22	27.23	19.65	21.59	15.14	16.08	11.11	12.30	8.32	10.68	6.49	8.36	5.81	6.72	4.65	5.29	4.08	4.08	3.20	1.95	1.70	982.13
Feb 22 2023 18:07:10	28264.50	287.79	424.85	316.93	369.72	242.82	214.51	153.61	136.49	107.56	114.44	94.93	71.41	56.02	42.83	35.83	28.23	27.27	19.69	21.54	15.15	16.12	11.09	12.35	8.34	10.70	6.52	8.36	5.83	6.73	4.66	5.30	4.10	4.08	3.21	1.95	1.70	982.14
Feb 22 2023 18:07:11	28265.44	288.41	431.31	317.27	371.04	244.33	213.91	153.72	136.31	107.68	114.30	94.95	71.41	56.01	42.79	35.85	28.21	27.29	19.68	21.53	15.12	16.07	11.07	12.33	8.33	10.71	6.50	8.35	5.82	6.71	4.65	5.30	4.09	4.08	3.21	1.96	1.70	982.13
Feb 22 2023 18:07:12	28264.77	286.76	430.57	316.89	370.42	240.60	215.16	153.65	136.60	107.54	114.45	94.57	71.73	55.95	42.86	35.76	28.25	27.26	19.65	21.49	15.13	16.04	11.05	12.33	8.31	10.69	6.49	8.35	5.81	6.74	4.66	5.30	4.10	4.10	3.24	1.99	1.72	982.13
Feb 22 2023 18:07:13	28267.79	287.56	429.43	316.74	371.92	241.34	215.40	153.29	136.67	107.38	114.51	94.62	71.86	55.98	42.90	35.77	28.27	27.25	19.67	21.57	15.17	16.11	11.13	12.46	8.43	10.83	6.64	8.56	6.02	7.04	4.93	5.80	4.53	5.08	4.04	3.37	3.30	982.15
Feb 22 2023 18:07:14	28269.03	287.00	424.59	317.65	368.67	242.84	214.29	153.99	136.61	107.72	114.40	94.77	71.65	56.12	42.94	35.96	28.40	27.49	19.89	21.83	15.46	16.53	11.54	12.98	8.96	11.58	7.38	9.63	7.06	8.61	6.36	8.42	6.81	10.31	8.26	10.68	11.67	982.14
Feb 22 2023 18:07:15	28259.10	288.63	439.31	316.13	374.97	239.98	215.92	152.57	136.92	107.28	114.56	94.65	72.04	56.16	43.11	36.04	28.50	27.60	19.98	22.05	15.68	16.72	11.83	13.38	9.37	12.15	7.98	10.49	7.89	9.93	7.55	10.61	8.70	14.74	11.77	16.83	18.70	982.17
Feb 22 2023 18:07:16	28259.00	289.37	444.14	315.98	376.38	240.09	215.46	152.35	136.81	107.42	114.37	94.70	71.87	56.09	42.97	35.87	28.28	27.37	19.73	21.69	15.30	16.27	11.33	12.67	8.66	11.20	6.96	9.04	6.48	7.75	5.57	6.97	5.55	7.41	5.91	6.61	7.00	982.17
Feb 22 2023 18:07:17	28270.28	285.51	422.31	317.22	366.62	241.44	213.22	153.52	136.25	107.82	114.44	94.85	71.58	56.16	42.90	35.89	28.18	27.24	19.64	21.53	15.13	16.08	11.10	12.35	8.35	10.72	6.51	8.41	5.85	6.78	4.71	5.39	4.19	4.29	3.40	2.26	2.04	982.18
Feb 22 2023 18:07:18	28275.39	289.02	415.23	319.79	363.18	247.77	210.54	154.79	135.61	108.24	114.12	95.41	71.02	56.22	42.72	35.94	28.14	27.25	19.66	21.49	15.12	16.10	11.03	12.33	8.31	10.69	6.47	8.35	5.81	6.71	4.66	5.27	4.08	4.08	3.23	1.95	1.69	982.16
