Date-Time	Dx(10)	Dx(50)	Dx(90)	Cv(%)	D[4][3]	D[3][2]	Transmission	0.10000020	0.11659167	0.13593590	0.15848963	0.18478534	0.21544389	0.25118914	0.29286504	0.34145555	0.39810795	0.46415979	0.54117060	0.63095856	0.73564368	0.85769761	1.00000191	1.16591668	1.35935903	1.58489633	1.84785342	2.15443897	2.51189137	2.92865038	3.41455555	3.98107958	4.64159775	5.41170597	6.30958605	7.35643721	8.57697582	10.00002003	11.65916729	13.59359074	15.84896278	18.47853470	21.54438972	25.11891365	29.28650284	34.14555740	39.81079483	46.41598129	54.11705780	63.09585953	73.56436920	85.76976013	100.00019836	116.59166718	135.93591309	158.48962402	184.78533936	215.44389343	251.18913269	292.86502075	341.45556641	398.10794067	464.15979004	541.17059326	630.95855713	735.64367676	857.69757080	1000.00195312
10 Mar 2023 15:51:55	9.56	450.71	738.67	0.0014	396.49	6.62	71.24	-	0.04	0.09	0.13	0.17	0.21	0.25	0.29	0.32	0.35	0.37	0.40	0.41	0.42	0.42	0.42	0.40	0.37	0.33	0.29	0.24	0.20	0.17	0.17	0.19	0.25	0.35	0.49	0.66	0.86	1.07	1.29	1.49	1.66	1.79	1.85	1.86	1.79	1.67	1.50	1.29	1.07	0.84	0.62	0.39	0.16	0.00	0.00	0.00	0.00	0.07	0.49	1.59	3.67	6.68	10.05	12.69	13.40	11.52	7.46	2.78
10 Mar 2023 15:51:56	-1000000015047466219876688855040.00	-1000000015047466219876688855040.00	-1000000015047466219876688855040.00	-100000002537764290115403776.0000	-1000000015047466219876688855040.00	-1000000015047466219876688855040.00	75.13	-	0.00	0.00	0.00	0.00	0.00	0.00	0.00	0.00	0.00	0.00	0.00	0.00	0.00	0.00	0.00	0.00	0.00	0.00	0.00	0.00	0.00	0.00	0.00	0.00	0.00	0.00	0.00	0.00	0.00	0.00	0.00	0.00	0.00	0.00	0.00	0.00	0.00	0.00	0.00	0.00	0.00	0.00	0.00	0.00	0.00	0.00	0.00	0.00	0.00	0.00	0.00	0.00	0.00	0.00	0.00	0.00	0.00	0.00	0.00	0.00
10 Mar 2023 15:51:57	9.05	469.54	731.03	0.0015	406.32	6.11	68.38	-	0.05	0.10	0.15	0.19	0.24	0.28	0.32	0.35	0.38	0.41	0.43	0.44	0.45	0.45	0.44	0.42	0.39	0.35	0.31	0.27	0.23	0.21	0.21	0.23	0.28	0.35	0.46	0.58	0.73	0.89	1.06	1.22	1.38	1.53	1.64	1.71	1.72	1.66	1.54	1.36	1.14	0.90	0.64	0.38	0.09	0.00	0.00	0.00	0.00	0.00	0.17	0.93	2.83	6.15	10.36	13.94	14.99	12.49	7.35	2.21
10 Mar 2023 15:51:58	-1000000015047466219876688855040.00	-1000000015047466219876688855040.00	-1000000015047466219876688855040.00	-100000002537764290115403776.0000	-1000000015047466219876688855040.00	-1000000015047466219876688855040.00	78.07	-	0.00	0.00	0.00	0.00	0.00	0.00	0.00	0.00	0.00	0.00	0.00	0.00	0.00	0.00	0.00	0.00	0.00	0.00	0.00	0.00	0.00	0.00	0.00	0.00	0.00	0.00	0.00	0.00	0.00	0.00	0.00	0.00	0.00	0.00	0.00	0.00	0.00	0.00	0.00	0.00	0.00	0.00	0.00	0.00	0.00	0.00	0.00	0.00	0.00	0.00	0.00	0.00	0.00	0.00	0.00	0.00	0.00	0.00	0.00	0.00
10 Mar 2023 15:51:59	16.04	484.33	754.61	0.0017	447.24	8.48	71.94	-	0.03	0.07	0.10	0.14	0.17	0.20	0.23	0.26	0.28	0.30	0.32	0.33	0.33	0.33	0.32	0.31	0.28	0.25	0.21	0.18	0.15	0.13	0.13	0.14	0.17	0.23	0.30	0.40	0.50	0.61	0.73	0.84	0.94	1.02	1.09	1.12	1.13	1.10	1.03	0.94	0.82	0.68	0.51	0.32	0.10	0.00	0.00	0.00	0.00	0.10	0.66	2.02	4.44	7.81	11.44	14.20	14.88	12.85	8.49	3.32
10 Mar 2023 15:52:00	-1000000015047466219876688855040.00	-1000000015047466219876688855040.00	-1000000015047466219876688855040.00	-100000002537764290115403776.0000	-1000000015047466219876688855040.00	-1000000015047466219876688855040.00	88.71	-	0.00	0.00	0.00	0.00	0.00	0.00	0.00	0.00	0.00	0.00	0.00	0.00	0.00	0.00	0.00	0.00	0.00	0.00	0.00	0.00	0.00	0.00	0.00	0.00	0.00	0.00	0.00	0.00	0.00	0.00	0.00	0.00	0.00	0.00	0.00	0.00	0.00	0.00	0.00	0.00	0.00	0.00	0.00	0.00	0.00	0.00	0.00	0.00	0.00	0.00	0.00	0.00	0.00	0.00	0.00	0.00	0.00	0.00	0.00	0.00
10 Mar 2023 15:52:01	14.16	513.68	740.85	0.0018	458.33	10.87	72.72	-	0.02	0.04	0.07	0.09	0.11	0.13	0.16	0.18	0.20	0.22	0.24	0.26	0.27	0.29	0.29	0.29	0.28	0.26	0.23	0.19	0.16	0.15	0.15	0.17	0.23	0.32	0.43	0.57	0.72	0.87	1.00	1.11	1.18	1.21	1.19	1.15	1.07	0.97	0.87	0.78	0.70	0.63	0.54	0.40	0.20	0.00	0.00	0.00	0.00	0.00	0.04	0.47	2.05	5.59	10.95	16.24	18.32	15.23	8.40	2.11
10 Mar 2023 15:52:02	13.25	481.15	747.84	0.0015	431.39	7.92	73.47	-	0.04	0.08	0.11	0.15	0.18	0.21	0.24	0.27	0.29	0.31	0.33	0.34	0.34	0.34	0.33	0.32	0.30	0.26	0.23	0.20	0.17	0.15	0.15	0.17	0.22	0.29	0.38	0.49	0.62	0.75	0.88	1.01	1.13	1.23	1.31	1.37	1.39	1.36	1.30	1.20	1.06	0.90	0.72	0.51	0.25	0.00	0.00	0.00	0.00	0.03	0.37	1.41	3.55	6.88	10.80	14.01	15.01	12.90	8.22	2.93
10 Mar 2023 15:52:03	7.11	401.52	711.21	0.0010	349.58	5.68	74.24	-	0.05	0.10	0.15	0.20	0.25	0.29	0.33	0.37	0.40	0.43	0.45	0.47	0.47	0.47	0.46	0.44	0.40	0.35	0.30	0.25	0.21	0.19	0.21	0.27	0.38	0.55	0.77	1.04	1.33	1.64	1.92	2.17	2.34	2.42	2.40	2.29	2.10	1.86	1.58	1.31	1.05	0.82	0.61	0.41	0.19	0.00	0.00	0.00	0.00	0.08	0.55	1.74	3.82	6.64	9.55	11.53	11.66	9.61	5.98	2.15
10 Mar 2023 15:52:04	10.80	462.78	738.36	0.0015	410.36	7.57	71.62	-	0.04	0.08	0.11	0.15	0.19	0.22	0.25	0.28	0.30	0.32	0.34	0.35	0.36	0.36	0.35	0.34	0.31	0.28	0.25	0.21	0.18	0.16	0.17	0.20	0.26	0.36	0.49	0.65	0.83	1.02	1.20	1.36	1.49	1.57	1.61	1.61	1.55	1.45	1.33	1.18	1.02	0.85	0.66	0.43	0.17	0.00	0.00	0.00	0.00	0.04	0.42	1.54	3.73	6.97	10.63	13.46	14.13	11.97	7.55	2.67
10 Mar 2023 15:52:05	12.35	479.88	742.02	0.0015	430.04	9.91	76.36	-	0.03	0.05	0.08	0.10	0.13	0.15	0.18	0.20	0.22	0.24	0.26	0.27	0.28	0.29	0.29	0.28	0.26	0.24	0.21	0.18	0.15	0.14	0.14	0.18	0.25	0.36	0.50	0.67	0.87	1.06	1.24	1.39	1.48	1.52	1.50	1.42	1.31	1.16	1.02	0.88	0.76	0.64	0.51	0.33	0.11	0.00	0.00	0.00	0.00	0.02	0.34	1.39	3.60	7.06	11.11	14.35	15.19	12.82	7.91	2.66
10 Mar 2023 15:52:06	9.25	437.57	708.12	0.0015	369.06	6.99	69.89	-	0.04	0.08	0.12	0.16	0.20	0.23	0.26	0.29	0.32	0.34	0.36	0.38	0.38	0.38	0.37	0.36	0.33	0.29	0.24	0.20	0.16	0.14	0.15	0.20	0.29	0.43	0.62	0.86	1.13	1.41	1.69	1.93	2.12	2.24	2.28	2.25	2.13	1.96	1.75	1.51	1.26	1.01	0.75	0.49	0.20	0.00	0.00	0.00	0.00	0.00	0.15	0.90	2.81	6.11	10.14	13.28	13.74	10.89	6.01	1.64
10 Mar 2023 15:52:07	7.50	430.08	704.87	0.0012	361.67	5.77	70.49	-	0.05	0.10	0.15	0.20	0.25	0.29	0.33	0.37	0.40	0.42	0.45	0.46	0.46	0.46	0.45	0.43	0.39	0.35	0.29	0.24	0.21	0.19	0.20	0.25	0.35	0.50	0.69	0.92	1.18	1.45	1.71	1.94	2.12	2.23	2.27	2.24	2.13	1.95	1.72	1.46	1.19	0.91	0.64	0.37	0.09	0.00	0.00	0.00	0.00	0.00	0.15	0.90	2.80	6.07	10.03	13.07	13.46	10.62	5.84	1.59
10 Mar 2023 15:52:08	13.62	499.05	740.00	0.0014	446.15	7.94	74.84	-	0.04	0.07	0.11	0.15	0.18	0.22	0.25	0.28	0.30	0.32	0.33	0.34	0.35	0.35	0.34	0.32	0.29	0.26	0.22	0.18	0.15	0.13	0.13	0.14	0.19	0.26	0.35	0.47	0.61	0.75	0.89	1.01	1.12	1.19	1.22	1.22	1.19	1.13	1.05	0.95	0.84	0.72	0.57	0.38	0.14	0.00	0.00	0.00	0.00	0.00	0.11	0.80	2.73	6.38	11.25	15.57	16.95	14.08	8.11	2.30
10 Mar 2023 15:52:09	-1000000015047466219876688855040.00	-1000000015047466219876688855040.00	-1000000015047466219876688855040.00	-100000002537764290115403776.0000	-1000000015047466219876688855040.00	-1000000015047466219876688855040.00	87.15	-	0.00	0.00	0.00	0.00	0.00	0.00	0.00	0.00	0.00	0.00	0.00	0.00	0.00	0.00	0.00	0.00	0.00	0.00	0.00	0.00	0.00	0.00	0.00	0.00	0.00	0.00	0.00	0.00	0.00	0.00	0.00	0.00	0.00	0.00	0.00	0.00	0.00	0.00	0.00	0.00	0.00	0.00	0.00	0.00	0.00	0.00	0.00	0.00	0.00	0.00	0.00	0.00	0.00	0.00	0.00	0.00	0.00	0.00	0.00	0.00
10 Mar 2023 15:52:10	12.29	450.56	740.62	0.0017	402.92	8.35	68.92	-	0.03	0.06	0.09	0.13	0.16	0.18	0.21	0.24	0.27	0.29	0.31	0.33	0.34	0.35	0.36	0.35	0.34	0.32	0.29	0.26	0.23	0.21	0.20	0.21	0.24	0.30	0.39	0.50	0.64	0.80	0.98	1.18	1.37	1.55	1.70	1.81	1.85	1.81	1.69	1.51	1.28	1.03	0.76	0.48	0.19	0.00	0.00	0.00	0.00	0.12	0.67	1.95	4.15	7.15	10.35	12.73	13.26	11.39	7.49	2.92
10 Mar 2023 15:52:11	13.85	479.96	750.70	0.0015	433.60	8.86	75.17	-	0.03	0.06	0.09	0.12	0.15	0.18	0.21	0.23	0.26	0.28	0.30	0.31	0.33	0.33	0.33	0.32	0.31	0.28	0.25	0.21	0.17	0.14	0.13	0.14	0.18	0.25	0.34	0.47	0.62	0.78	0.94	1.10	1.24	1.35	1.41	1.43	1.40	1.32	1.20	1.06	0.91	0.75	0.60	0.42	0.21	0.00	0.00	0.00	0.00	0.06	0.48	1.63	3.85	7.13	10.87	13.88	14.77	12.77	8.31	3.11
10 Mar 2023 15:52:12	14.32	485.70	745.05	0.0015	437.09	7.74	73.48	-	0.03	0.07	0.11	0.15	0.19	0.22	0.26	0.29	0.31	0.33	0.35	0.36	0.37	0.37	0.36	0.34	0.31	0.28	0.24	0.20	0.16	0.14	0.13	0.14	0.16	0.22	0.29	0.39	0.51	0.64	0.78	0.92	1.06	1.18	1.27	1.33	1.35	1.33	1.26	1.15	1.02	0.86	0.66	0.42	0.16	0.00	0.00	0.00	0.00	0.01	0.29	1.30	3.50	6.99	11.15	14.54	15.51	13.14	8.14	2.74
10 Mar 2023 15:52:13	-1000000015047466219876688855040.00	-1000000015047466219876688855040.00	-1000000015047466219876688855040.00	-100000002537764290115403776.0000	-1000000015047466219876688855040.00	-1000000015047466219876688855040.00	87.02	-	0.00	0.00	0.00	0.00	0.00	0.00	0.00	0.00	0.00	0.00	0.00	0.00	0.00	0.00	0.00	0.00	0.00	0.00	0.00	0.00	0.00	0.00	0.00	0.00	0.00	0.00	0.00	0.00	0.00	0.00	0.00	0.00	0.00	0.00	0.00	0.00	0.00	0.00	0.00	0.00	0.00	0.00	0.00	0.00	0.00	0.00	0.00	0.00	0.00	0.00	0.00	0.00	0.00	0.00	0.00	0.00	0.00	0.00	0.00	0.00
10 Mar 2023 15:52:14	12.20	468.95	745.14	0.0016	421.00	6.87	68.88	-	0.05	0.09	0.13	0.18	0.22	0.25	0.29	0.32	0.34	0.37	0.38	0.39	0.40	0.39	0.38	0.37	0.34	0.31	0.27	0.23	0.20	0.17	0.17	0.17	0.21	0.26	0.34	0.43	0.55	0.69	0.84	1.00	1.15	1.30	1.43	1.51	1.54	1.51	1.41	1.26	1.07	0.86	0.64	0.40	0.14	0.00	0.00	0.00	0.00	0.07	0.53	1.72	3.95	7.17	10.76	13.54	14.25	12.22	7.90	2.95
10 Mar 2023 15:52:15	12.82	476.71	738.60	0.0017	418.84	9.14	70.06	-	0.03	0.06	0.08	0.11	0.14	0.16	0.19	0.21	0.24	0.26	0.28	0.30	0.32	0.33	0.34	0.34	0.33	0.31	0.28	0.24	0.20	0.17	0.15	0.16	0.19	0.26	0.36	0.50	0.68	0.88	1.10	1.32	1.52	1.68	1.78	1.81	1.76	1.64	1.46	1.25	1.03	0.81	0.60	0.38	0.14	0.00	0.00	0.00	0.00	0.01	0.23	1.08	3.06	6.40	10.55	14.07	15.15	12.80	7.77	2.48
10 Mar 2023 15:52:16	12.24	462.96	743.75	0.0013	411.26	7.43	75.91	-	0.04	0.08	0.12	0.16	0.19	0.23	0.26	0.29	0.31	0.34	0.35	0.37	0.37	0.38	0.37	0.35	0.33	0.30	0.26	0.21	0.17	0.14	0.12	0.12	0.16	0.23	0.33	0.47	0.65	0.85	1.08	1.30	1.51	1.67	1.78	1.82	1.78	1.66	1.48	1.27	1.06	0.85	0.65	0.44	0.22	0.00	0.00	0.00	0.00	0.07	0.48	1.60	3.73	6.84	10.36	13.15	13.94	12.01	7.80	2.91
10 Mar 2023 15:52:17	-1000000015047466219876688855040.00	-1000000015047466219876688855040.00	-1000000015047466219876688855040.00	-100000002537764290115403776.0000	-1000000015047466219876688855040.00	-1000000015047466219876688855040.00	80.55	-	0.00	0.00	0.00	0.00	0.00	0.00	0.00	0.00	0.00	0.00	0.00	0.00	0.00	0.00	0.00	0.00	0.00	0.00	0.00	0.00	0.00	0.00	0.00	0.00	0.00	0.00	0.00	0.00	0.00	0.00	0.00	0.00	0.00	0.00	0.00	0.00	0.00	0.00	0.00	0.00	0.00	0.00	0.00	0.00	0.00	0.00	0.00	0.00	0.00	0.00	0.00	0.00	0.00	0.00	0.00	0.00	0.00	0.00	0.00	0.00
10 Mar 2023 15:52:18	8.88	439.34	719.54	0.0014	381.49	6.51	69.19	-	0.04	0.09	0.13	0.17	0.21	0.25	0.29	0.32	0.35	0.38	0.40	0.41	0.42	0.42	0.42	0.40	0.37	0.34	0.30	0.25	0.22	0.20	0.20	0.23	0.30	0.41	0.55	0.73	0.95	1.18	1.43	1.66	1.86	2.02	2.10	2.10	2.00	1.82	1.56	1.27	0.98	0.71	0.48	0.26	0.05	0.00	0.00	0.00	0.00	0.04	0.39	1.48	3.65	6.88	10.44	13.04	13.35	10.89	6.50	2.11
10 Mar 2023 15:52:19	12.33	471.14	742.73	0.0012	420.10	9.18	78.07	-	0.03	0.05	0.08	0.11	0.13	0.16	0.19	0.21	0.24	0.26	0.28	0.30	0.32	0.33	0.34	0.34	0.33	0.31	0.28	0.24	0.21	0.18	0.17	0.19	0.23	0.30	0.41	0.55	0.72	0.92	1.12	1.32	1.50	1.65	1.73	1.75	1.67	1.53	1.32	1.08	0.85	0.63	0.43	0.24	0.03	0.00	0.00	0.00	0.00	0.05	0.43	1.54	3.72	7.00	10.75	13.72	14.52	12.38	7.84	2.79
10 Mar 2023 15:52:20	-1000000015047466219876688855040.00	-1000000015047466219876688855040.00	-1000000015047466219876688855040.00	-100000002537764290115403776.0000	-1000000015047466219876688855040.00	-1000000015047466219876688855040.00	75.08	-	0.00	0.00	0.00	0.00	0.00	0.00	0.00	0.00	0.00	0.00	0.00	0.00	0.00	0.00	0.00	0.00	0.00	0.00	0.00	0.00	0.00	0.00	0.00	0.00	0.00	0.00	0.00	0.00	0.00	0.00	0.00	0.00	0.00	0.00	0.00	0.00	0.00	0.00	0.00	0.00	0.00	0.00	0.00	0.00	0.00	0.00	0.00	0.00	0.00	0.00	0.00	0.00	0.00	0.00	0.00	0.00	0.00	0.00	0.00	0.00
10 Mar 2023 15:52:21	8.79	482.22	734.83	0.0021	415.92	6.41	58.83	-	0.05	0.09	0.14	0.18	0.22	0.26	0.30	0.33	0.36	0.39	0.41	0.42	0.43	0.43	0.42	0.40	0.37	0.33	0.29	0.25	0.22	0.20	0.20	0.24	0.31	0.41	0.55	0.72	0.91	1.11	1.30	1.47	1.60	1.68	1.69	1.63	1.51	1.34	1.14	0.94	0.75	0.60	0.46	0.32	0.13	0.00	0.00	0.00	0.00	0.00	0.11	0.71	2.42	5.71	10.21	14.33	15.80	13.27	7.70	2.19
10 Mar 2023 15:52:22	8.30	466.66	729.44	0.0019	403.32	5.42	59.62	-	0.06	0.12	0.18	0.24	0.29	0.34	0.38	0.42	0.45	0.47	0.48	0.48	0.48	0.46	0.44	0.40	0.36	0.31	0.27	0.22	0.19	0.18	0.19	0.22	0.28	0.37	0.49	0.62	0.78	0.94	1.10	1.26	1.41	1.54	1.64	1.70	1.69	1.62	1.49	1.30	1.09	0.86	0.62	0.37	0.11	0.00	0.00	0.00	0.00	0.01	0.19	0.97	2.88	6.20	10.37	13.87	14.85	12.33	7.24	2.17
10 Mar 2023 15:52:23	8.63	484.83	730.54	0.0014	418.45	6.67	70.68	-	0.04	0.09	0.13	0.17	0.21	0.24	0.28	0.31	0.34	0.37	0.39	0.41	0.42	0.43	0.42	0.41	0.39	0.35	0.31	0.27	0.24	0.22	0.22	0.26	0.33	0.44	0.58	0.74	0.93	1.12	1.29	1.44	1.56	1.62	1.62	1.56	1.45	1.28	1.09	0.89	0.71	0.55	0.40	0.23	0.03	0.00	0.00	0.00	0.00	0.00	0.08	0.63	2.34	5.74	10.49	14.81	16.23	13.38	7.50	2.00
10 Mar 2023 15:52:24	11.52	482.43	736.46	0.0014	424.52	7.61	74.40	-	0.04	0.08	0.12	0.15	0.19	0.22	0.25	0.28	0.30	0.32	0.34	0.35	0.35	0.35	0.34	0.32	0.30	0.26	0.23	0.19	0.16	0.14	0.15	0.17	0.23	0.32	0.44	0.60	0.77	0.96	1.15	1.33	1.47	1.56	1.60	1.57	1.48	1.35	1.18	1.01	0.85	0.70	0.55	0.38	0.15	0.00	0.00	0.00	0.00	0.00	0.18	0.96	2.94	6.40	10.81	14.58	15.70	13.11	7.73	2.32
10 Mar 2023 15:52:25	9.82	457.50	729.05	0.0011	394.95	9.24	77.30	-	0.02	0.05	0.07	0.09	0.12	0.14	0.17	0.19	0.22	0.25	0.27	0.30	0.32	0.34	0.36	0.36	0.36	0.34	0.31	0.28	0.25	0.23	0.23	0.27	0.34	0.46	0.63	0.83	1.06	1.30	1.55	1.77	1.94	2.05	2.08	2.02	1.89	1.68	1.43	1.17	0.92	0.70	0.49	0.28	0.06	0.00	0.00	0.00	0.00	0.01	0.24	1.10	3.06	6.30	10.21	13.40	14.22	11.87	7.13	2.27
10 Mar 2023 15:52:26	11.44	464.61	740.30	0.0023	411.63	7.03	59.82	-	0.04	0.09	0.13	0.17	0.21	0.25	0.28	0.31	0.33	0.35	0.37	0.38	0.38	0.37	0.36	0.34	0.31	0.27	0.23	0.20	0.16	0.15	0.15	0.17	0.22	0.30	0.41	0.54	0.71	0.89	1.08	1.28	1.47	1.62	1.73	1.78	1.75	1.64	1.47	1.25	1.01	0.77	0.54	0.31	0.08	0.00	0.00	0.00	0.00	0.05	0.44	1.53	3.66	6.86	10.51	13.41	14.19	12.10	7.67	2.73
10 Mar 2023 15:52:27	8.53	455.35	745.84	0.0026	411.05	5.43	50.63	-	0.06	0.12	0.18	0.24	0.29	0.34	0.38	0.42	0.45	0.47	0.49	0.49	0.49	0.47	0.45	0.41	0.37	0.32	0.27	0.21	0.17	0.15	0.15	0.18	0.24	0.34	0.47	0.62	0.80	0.98	1.16	1.31	1.42	1.48	1.48	1.42	1.31	1.16	1.00	0.83	0.69	0.56	0.43	0.29	0.12	0.00	0.00	0.00	0.01	0.20	0.85	2.22	4.48	7.46	10.56	12.83	13.32	11.51	7.72	3.15
10 Mar 2023 15:52:28	7.54	455.20	726.02	0.0018	386.75	6.13	60.10	-	0.05	0.09	0.14	0.18	0.22	0.26	0.30	0.34	0.37	0.40	0.42	0.44	0.46	0.46	0.46	0.44	0.42	0.38	0.33	0.28	0.24	0.22	0.22	0.27	0.36	0.50	0.69	0.91	1.16	1.42	1.66	1.86	1.99	2.05	2.03	1.92	1.75	1.53	1.30	1.07	0.87	0.69	0.52	0.34	0.12	0.00	0.00	0.00	0.00	0.00	0.16	0.88	2.68	5.83	9.84	13.26	14.26	11.89	7.00	2.11
10 Mar 2023 15:52:29	10.03	455.94	740.07	0.0017	403.12	7.78	68.23	-	0.04	0.07	0.11	0.14	0.17	0.20	0.23	0.26	0.29	0.31	0.33	0.34	0.35	0.36	0.35	0.34	0.32	0.29	0.26	0.23	0.20	0.19	0.20	0.25	0.32	0.44	0.58	0.75	0.94	1.13	1.30	1.46	1.58	1.67	1.70	1.69	1.63	1.52	1.38	1.21	1.03	0.85	0.66	0.45	0.22	0.00	0.00	0.00	0.00	0.06	0.49	1.62	3.75	6.84	10.28	12.95	13.64	11.69	7.55	2.82
10 Mar 2023 15:52:30	9.24	477.26	733.28	0.0018	417.93	6.97	64.62	-	0.04	0.08	0.12	0.16	0.20	0.23	0.27	0.30	0.33	0.35	0.38	0.39	0.41	0.41	0.41	0.40	0.38	0.35	0.31	0.26	0.23	0.21	0.21	0.24	0.31	0.41	0.54	0.71	0.89	1.07	1.25	1.41	1.52	1.58	1.59	1.53	1.41	1.24	1.06	0.88	0.71	0.57	0.43	0.27	0.05	0.00	0.00	0.00	0.00	0.00	0.19	1.00	3.00	6.47	10.82	14.45	15.44	12.80	7.51	2.25
10 Mar 2023 15:52:31	6.40	476.69	732.10	0.0017	408.50	5.47	58.60	-	0.05	0.11	0.16	0.21	0.26	0.30	0.35	0.39	0.43	0.46	0.49	0.51	0.53	0.54	0.53	0.52	0.50	0.46	0.41	0.36	0.32	0.28	0.27	0.28	0.32	0.40	0.51	0.64	0.80	0.98	1.15	1.33	1.47	1.59	1.65	1.64	1.55	1.40	1.20	1.00	0.80	0.63	0.48	0.33	0.13	0.00	0.00	0.00	0.00	0.00	0.11	0.71	2.42	5.68	10.11	14.12	15.50	12.97	7.51	2.14
10 Mar 2023 15:52:32	-1000000015047466219876688855040.00	-1000000015047466219876688855040.00	-1000000015047466219876688855040.00	-100000002537764290115403776.0000	-1000000015047466219876688855040.00	-1000000015047466219876688855040.00	72.04	-	0.00	0.00	0.00	0.00	0.00	0.00	0.00	0.00	0.00	0.00	0.00	0.00	0.00	0.00	0.00	0.00	0.00	0.00	0.00	0.00	0.00	0.00	0.00	0.00	0.00	0.00	0.00	0.00	0.00	0.00	0.00	0.00	0.00	0.00	0.00	0.00	0.00	0.00	0.00	0.00	0.00	0.00	0.00	0.00	0.00	0.00	0.00	0.00	0.00	0.00	0.00	0.00	0.00	0.00	0.00	0.00	0.00	0.00	0.00	0.00
10 Mar 2023 15:52:33	-1000000015047466219876688855040.00	-1000000015047466219876688855040.00	-1000000015047466219876688855040.00	-100000002537764290115403776.0000	-1000000015047466219876688855040.00	-1000000015047466219876688855040.00	79.86	-	0.00	0.00	0.00	0.00	0.00	0.00	0.00	0.00	0.00	0.00	0.00	0.00	0.00	0.00	0.00	0.00	0.00	0.00	0.00	0.00	0.00	0.00	0.00	0.00	0.00	0.00	0.00	0.00	0.00	0.00	0.00	0.00	0.00	0.00	0.00	0.00	0.00	0.00	0.00	0.00	0.00	0.00	0.00	0.00	0.00	0.00	0.00	0.00	0.00	0.00	0.00	0.00	0.00	0.00	0.00	0.00	0.00	0.00	0.00	0.00
10 Mar 2023 15:52:34	6.39	438.46	717.08	0.0013	380.95	4.91	69.39	-	0.07	0.14	0.20	0.27	0.33	0.38	0.42	0.46	0.49	0.51	0.52	0.51	0.50	0.47	0.42	0.37	0.30	0.23	0.16	0.11	0.09	0.11	0.18	0.32	0.51	0.77	1.06	1.36	1.65	1.89	2.05	2.11	2.07	1.93	1.72	1.46	1.19	0.93	0.70	0.53	0.40	0.30	0.22	0.11	0.00	0.00	0.00	0.00	0.00	0.04	0.44	1.60	3.88	7.17	10.71	13.18	13.32	10.74	6.36	2.06
10 Mar 2023 15:52:35	9.27	527.19	743.37	0.0018	468.45	5.63	62.95	-	0.06	0.12	0.18	0.23	0.28	0.33	0.37	0.40	0.43	0.46	0.47	0.48	0.48	0.47	0.45	0.41	0.37	0.33	0.27	0.22	0.18	0.16	0.16	0.19	0.24	0.32	0.42	0.52	0.64	0.74	0.83	0.91	0.96	0.98	0.97	0.93	0.85	0.74	0.62	0.50	0.39	0.31	0.22	0.10	0.00	0.00	0.00	0.00	0.00	0.00	0.02	0.29	1.51	4.74	10.34	16.54	19.55	16.49	8.84	1.99
10 Mar 2023 15:52:36	-1000000015047466219876688855040.00	-1000000015047466219876688855040.00	-1000000015047466219876688855040.00	-100000002537764290115403776.0000	-1000000015047466219876688855040.00	-1000000015047466219876688855040.00	71.88	-	0.00	0.00	0.00	0.00	0.00	0.00	0.00	0.00	0.00	0.00	0.00	0.00	0.00	0.00	0.00	0.00	0.00	0.00	0.00	0.00	0.00	0.00	0.00	0.00	0.00	0.00	0.00	0.00	0.00	0.00	0.00	0.00	0.00	0.00	0.00	0.00	0.00	0.00	0.00	0.00	0.00	0.00	0.00	0.00	0.00	0.00	0.00	0.00	0.00	0.00	0.00	0.00	0.00	0.00	0.00	0.00	0.00	0.00	0.00	0.00
10 Mar 2023 15:52:37	10.73	490.21	742.40	0.0013	441.28	6.77	73.72	-	0.04	0.08	0.13	0.17	0.21	0.25	0.29	0.33	0.36	0.38	0.41	0.42	0.43	0.43	0.42	0.40	0.37	0.34	0.29	0.25	0.21	0.19	0.18	0.19	0.24	0.30	0.39	0.50	0.63	0.76	0.89	1.02	1.12	1.19	1.23	1.21	1.13	1.01	0.86	0.71	0.58	0.47	0.35	0.21	0.04	0.00	0.00	0.00	0.00	0.01	0.24	1.19	3.39	7.02	11.43	15.05	16.02	13.40	8.07	2.56
10 Mar 2023 15:52:38	-1000000015047466219876688855040.00	-1000000015047466219876688855040.00	-1000000015047466219876688855040.00	-100000002537764290115403776.0000	-1000000015047466219876688855040.00	-1000000015047466219876688855040.00	90.02	-	0.00	0.00	0.00	0.00	0.00	0.00	0.00	0.00	0.00	0.00	0.00	0.00	0.00	0.00	0.00	0.00	0.00	0.00	0.00	0.00	0.00	0.00	0.00	0.00	0.00	0.00	0.00	0.00	0.00	0.00	0.00	0.00	0.00	0.00	0.00	0.00	0.00	0.00	0.00	0.00	0.00	0.00	0.00	0.00	0.00	0.00	0.00	0.00	0.00	0.00	0.00	0.00	0.00	0.00	0.00	0.00	0.00	0.00	0.00	0.00
10 Mar 2023 15:52:39	11.97	496.53	746.89	0.0018	447.01	6.98	66.57	-	0.04	0.08	0.12	0.17	0.21	0.25	0.28	0.32	0.35	0.37	0.39	0.40	0.41	0.41	0.40	0.38	0.36	0.33	0.29	0.25	0.22	0.20	0.19	0.20	0.23	0.28	0.34	0.43	0.53	0.65	0.77	0.90	1.02	1.13	1.21	1.23	1.20	1.10	0.97	0.81	0.66	0.52	0.39	0.24	0.06	0.00	0.00	0.00	0.00	0.00	0.21	1.08	3.17	6.73	11.21	15.06	16.30	13.83	8.41	2.69
10 Mar 2023 15:52:40	6.83	471.24	724.56	0.0015	400.76	6.34	64.53	-	0.04	0.08	0.12	0.16	0.20	0.24	0.28	0.31	0.35	0.38	0.41	0.44	0.46	0.48	0.49	0.49	0.47	0.45	0.41	0.37	0.33	0.31	0.31	0.35	0.42	0.53	0.67	0.85	1.04	1.23	1.41	1.56	1.67	1.73	1.73	1.67	1.55	1.39	1.19	0.98	0.78	0.60	0.43	0.25	0.03	0.00	0.00	0.00	0.00	0.00	0.09	0.67	2.37	5.68	10.21	14.25	15.47	12.66	7.05	1.87
10 Mar 2023 15:52:41	6.40	468.69	730.72	0.0018	404.21	5.19	58.57	-	0.06	0.12	0.18	0.23	0.28	0.33	0.38	0.42	0.46	0.49	0.51	0.53	0.54	0.53	0.52	0.49	0.46	0.41	0.36	0.31	0.26	0.24	0.23	0.26	0.33	0.43	0.57	0.73	0.91	1.10	1.27	1.41	1.52	1.58	1.58	1.53	1.42	1.28	1.11	0.95	0.80	0.66	0.53	0.36	0.14	0.00	0.00	0.00	0.00	0.00	0.17	0.92	2.81	6.12	10.33	13.90	14.94	12.45	7.33	2.20
10 Mar 2023 15:52:42	14.94	490.83	753.88	0.0017	453.44	9.72	75.01	-	0.03	0.06	0.09	0.12	0.14	0.17	0.20	0.22	0.24	0.26	0.27	0.28	0.29	0.29	0.28	0.27	0.25	0.22	0.19	0.16	0.13	0.12	0.13	0.16	0.21	0.29	0.40	0.52	0.66	0.79	0.91	1.01	1.07	1.10	1.09	1.04	0.96	0.87	0.77	0.68	0.60	0.52	0.42	0.28	0.09	0.00	0.00	0.00	0.00	0.07	0.56	1.85	4.26	7.74	11.61	14.63	15.42	13.24	8.58	3.20
10 Mar 2023 15:52:43	17.49	516.09	739.89	0.0013	468.61	9.14	80.12	-	0.03	0.07	0.10	0.13	0.16	0.19	0.22	0.24	0.26	0.28	0.29	0.30	0.30	0.29	0.28	0.26	0.24	0.21	0.18	0.14	0.12	0.10	0.10	0.12	0.16	0.23	0.31	0.41	0.53	0.64	0.74	0.83	0.90	0.95	0.96	0.95	0.92	0.87	0.81	0.75	0.70	0.65	0.56	0.42	0.20	0.00	0.00	0.00	0.00	0.00	0.05	0.55	2.29	6.07	11.62	16.88	18.70	15.30	8.34	2.08
10 Mar 2023 15:52:44	8.77	408.59	709.82	0.0018	356.16	7.09	63.98	-	0.04	0.08	0.11	0.15	0.18	0.22	0.25	0.28	0.31	0.33	0.35	0.37	0.38	0.39	0.39	0.38	0.36	0.34	0.31	0.28	0.26	0.25	0.26	0.31	0.38	0.49	0.62	0.79	0.97	1.17	1.38	1.60	1.81	2.02	2.20	2.34	2.40	2.36	2.21	1.96	1.62	1.23	0.82	0.43	0.07	0.00	0.00	0.00	0.00	0.07	0.55	1.75	3.89	6.81	9.83	11.88	11.98	9.78	5.96	2.04
10 Mar 2023 15:52:45	6.95	421.83	713.75	0.0015	361.38	5.70	65.26	-	0.05	0.10	0.15	0.20	0.25	0.29	0.33	0.37	0.40	0.43	0.45	0.46	0.47	0.47	0.45	0.43	0.39	0.34	0.29	0.23	0.20	0.18	0.21	0.29	0.42	0.61	0.86	1.14	1.44	1.74	2.00	2.20	2.31	2.33	2.26	2.11	1.88	1.62	1.34	1.07	0.83	0.63	0.46	0.28	0.09	0.00	0.00	0.00	0.00	0.02	0.34	1.36	3.41	6.47	9.86	12.33	12.64	10.33	6.18	2.01
10 Mar 2023 15:52:46	7.73	437.78	715.41	0.0017	376.35	5.85	63.80	-	0.05	0.10	0.15	0.20	0.25	0.29	0.33	0.37	0.40	0.42	0.44	0.45	0.45	0.45	0.43	0.40	0.37	0.32	0.27	0.23	0.19	0.18	0.20	0.26	0.35	0.50	0.68	0.90	1.14	1.39	1.62	1.82	1.97	2.06	2.07	2.00	1.86	1.66	1.42	1.16	0.92	0.70	0.50	0.30	0.08	0.00	0.00	0.00	0.00	0.02	0.30	1.29	3.40	6.67	10.37	13.10	13.44	10.85	6.32	1.94
10 Mar 2023 15:52:47	7.12	425.47	706.51	0.0012	353.74	6.91	71.30	-	0.03	0.07	0.10	0.13	0.17	0.20	0.23	0.27	0.30	0.34	0.37	0.40	0.42	0.44	0.45	0.45	0.43	0.39	0.34	0.29	0.24	0.23	0.25	0.33	0.47	0.69	0.97	1.31	1.67	2.03	2.36	2.60	2.74	2.75	2.63	2.39	2.06	1.69	1.32	0.99	0.71	0.51	0.35	0.21	0.06	0.00	0.00	0.00	0.00	0.00	0.12	0.77	2.49	5.58	9.49	12.66	13.30	10.66	5.92	1.62
10 Mar 2023 15:52:48	9.66	440.00	728.48	0.0011	376.29	9.11	78.06	-	0.02	0.05	0.07	0.10	0.12	0.15	0.17	0.20	0.22	0.25	0.27	0.29	0.31	0.33	0.34	0.34	0.33	0.31	0.27	0.24	0.20	0.19	0.20	0.25	0.34	0.48	0.68	0.93	1.21	1.51	1.81	2.08	2.29	2.41	2.45	2.38	2.21	1.97	1.68	1.37	1.08	0.82	0.59	0.38	0.16	0.00	0.00	0.00	0.00	0.02	0.26	1.10	2.93	5.89	9.45	12.39	13.27	11.29	7.01	2.36
10 Mar 2023 15:52:49	-1000000015047466219876688855040.00	-1000000015047466219876688855040.00	-1000000015047466219876688855040.00	-100000002537764290115403776.0000	-1000000015047466219876688855040.00	-1000000015047466219876688855040.00	82.10	-	0.00	0.00	0.00	0.00	0.00	0.00	0.00	0.00	0.00	0.00	0.00	0.00	0.00	0.00	0.00	0.00	0.00	0.00	0.00	0.00	0.00	0.00	0.00	0.00	0.00	0.00	0.00	0.00	0.00	0.00	0.00	0.00	0.00	0.00	0.00	0.00	0.00	0.00	0.00	0.00	0.00	0.00	0.00	0.00	0.00	0.00	0.00	0.00	0.00	0.00	0.00	0.00	0.00	0.00	0.00	0.00	0.00	0.00	0.00	0.00
10 Mar 2023 15:52:50	-1000000015047466219876688855040.00	-1000000015047466219876688855040.00	-1000000015047466219876688855040.00	-100000002537764290115403776.0000	-1000000015047466219876688855040.00	-1000000015047466219876688855040.00	83.42	-	0.00	0.00	0.00	0.00	0.00	0.00	0.00	0.00	0.00	0.00	0.00	0.00	0.00	0.00	0.00	0.00	0.00	0.00	0.00	0.00	0.00	0.00	0.00	0.00	0.00	0.00	0.00	0.00	0.00	0.00	0.00	0.00	0.00	0.00	0.00	0.00	0.00	0.00	0.00	0.00	0.00	0.00	0.00	0.00	0.00	0.00	0.00	0.00	0.00	0.00	0.00	0.00	0.00	0.00	0.00	0.00	0.00	0.00	0.00	0.00
10 Mar 2023 15:52:51	5.16	414.66	691.84	0.0020	337.05	4.51	51.80	-	0.07	0.14	0.21	0.27	0.34	0.39	0.44	0.49	0.52	0.55	0.56	0.57	0.57	0.55	0.52	0.48	0.43	0.38	0.32	0.27	0.24	0.23	0.26	0.33	0.45	0.62	0.84	1.10	1.38	1.68	1.95	2.20	2.39	2.51	2.55	2.50	2.38	2.17	1.90	1.59	1.27	0.95	0.64	0.35	0.07	0.00	0.00	0.00	0.00	0.00	0.05	0.48	1.94	4.97	9.15	12.72	13.38	10.31	5.20	1.16
10 Mar 2023 15:52:52	9.17	440.80	709.50	0.0010	363.60	7.35	77.04	-	0.03	0.07	0.10	0.14	0.17	0.20	0.23	0.26	0.29	0.32	0.35	0.37	0.39	0.40	0.41	0.40	0.39	0.36	0.32	0.28	0.24	0.21	0.21	0.24	0.31	0.42	0.58	0.78	1.02	1.28	1.55	1.81	2.06	2.26	2.41	2.49	2.49	2.40	2.21	1.94	1.61	1.25	0.87	0.51	0.15	0.00	0.00	0.00	0.00	0.00	0.06	0.53	2.02	5.04	9.28	13.07	14.16	11.41	6.14	1.52
10 Mar 2023 15:52:53	7.94	446.03	720.11	0.0012	374.45	6.36	72.38	-	0.04	0.09	0.13	0.17	0.22	0.25	0.29	0.33	0.36	0.38	0.40	0.42	0.43	0.44	0.43	0.42	0.39	0.35	0.31	0.27	0.25	0.24	0.26	0.31	0.39	0.51	0.65	0.81	0.97	1.14	1.29	1.44	1.59	1.74	1.89	2.02	2.12	2.15	2.09	1.94	1.69	1.37	1.01	0.64	0.26	0.00	0.00	0.00	0.00	0.00	0.11	0.72	2.36	5.39	9.39	12.92	14.02	11.63	6.69	1.89
10 Mar 2023 15:52:54	5.58	452.98	717.33	0.0014	379.08	4.81	63.63	-	0.07	0.13	0.20	0.26	0.31	0.37	0.42	0.46	0.50	0.52	0.54	0.56	0.56	0.55	0.53	0.49	0.45	0.40	0.35	0.30	0.27	0.25	0.26	0.30	0.37	0.47	0.60	0.75	0.91	1.07	1.23	1.37	1.51	1.63	1.74	1.83	1.87	1.87	1.79	1.63	1.41	1.14	0.83	0.50	0.16	0.00	0.00	0.00	0.00	0.00	0.09	0.64	2.27	5.42	9.70	13.46	14.54	11.84	6.57	1.74
10 Mar 2023 15:52:55	8.95	451.81	719.75	0.0012	376.64	7.58	74.83	-	0.03	0.07	0.10	0.13	0.16	0.19	0.22	0.25	0.28	0.31	0.34	0.36	0.38	0.39	0.40	0.40	0.39	0.36	0.33	0.29	0.26	0.25	0.25	0.29	0.37	0.48	0.62	0.80	0.99	1.19	1.39	1.60	1.79	1.96	2.12	2.23	2.28	2.24	2.11	1.88	1.58	1.23	0.87	0.51	0.15	0.00	0.00	0.00	0.00	0.00	0.07	0.58	2.10	5.11	9.30	13.13	14.44	11.95	6.72	1.79
