Date-Time	Dx(10)	Dx(50)	Dx(90)	Cv(%)	D[4][3]	D[3][2]	Transmission	0.00000000	0.00000000	0.00000000	0.00000000	0.00000000	0.00000000	0.00000000	0.00000000	0.00000000	0.00000000	0.00000000	0.00000000	0.00000000	0.00000000	0.00000000	0.00000000	0.00000000	0.00000000	0.00000000	0.00000000	0.00000000	0.00000000	0.00000000	0.00000000	0.00000000	0.00000000	0.00000000	0.00000000	0.00000000	0.00000000	0.00000000	0.00000000	0.00000000	0.00000000	0.00000000	0.00000000	0.00000000	0.00000000	0.00000000	0.00000000	0.00000000	0.00000000	0.00000000	0.00000000	0.00000000	0.00000000	0.00000000	0.00000000	0.00000000	0.00000000	0.00000000	0.00000000	0.00000000	0.00000000	0.00000000	0.00000000	0.00000000	0.00000000	0.00000000	0.00000000	0.00000000
10 Mar 2023 20:39:47	-1000000015047466219876688855040.00	-1000000015047466219876688855040.00	-1000000015047466219876688855040.00	-100000002537764290115403776.0000	-1000000015047466219876688855040.00	-1000000015047466219876688855040.00	99.98	-	0.00	0.00	0.00	0.00	0.00	0.00	0.00	0.00	0.00	0.00	0.00	0.00	0.00	0.00	0.00	0.00	0.00	0.00	0.00	0.00	0.00	0.00	0.00	0.00	0.00	0.00	0.00	0.00	0.00	0.00	0.00	0.00	0.00	0.00	0.00	0.00	0.00	0.00	0.00	0.00	0.00	0.00	0.00	0.00	0.00	0.00	0.00	0.00	0.00	0.00	0.00	0.00	0.00	0.00	0.00	0.00	0.00	0.00	0.00	0.00
10 Mar 2023 20:39:48	-1000000015047466219876688855040.00	-1000000015047466219876688855040.00	-1000000015047466219876688855040.00	-100000002537764290115403776.0000	-1000000015047466219876688855040.00	-1000000015047466219876688855040.00	100.00	-	0.00	0.00	0.00	0.00	0.00	0.00	0.00	0.00	0.00	0.00	0.00	0.00	0.00	0.00	0.00	0.00	0.00	0.00	0.00	0.00	0.00	0.00	0.00	0.00	0.00	0.00	0.00	0.00	0.00	0.00	0.00	0.00	0.00	0.00	0.00	0.00	0.00	0.00	0.00	0.00	0.00	0.00	0.00	0.00	0.00	0.00	0.00	0.00	0.00	0.00	0.00	0.00	0.00	0.00	0.00	0.00	0.00	0.00	0.00	0.00
10 Mar 2023 20:39:49	-1000000015047466219876688855040.00	-1000000015047466219876688855040.00	-1000000015047466219876688855040.00	-100000002537764290115403776.0000	-1000000015047466219876688855040.00	-1000000015047466219876688855040.00	99.99	-	0.00	0.00	0.00	0.00	0.00	0.00	0.00	0.00	0.00	0.00	0.00	0.00	0.00	0.00	0.00	0.00	0.00	0.00	0.00	0.00	0.00	0.00	0.00	0.00	0.00	0.00	0.00	0.00	0.00	0.00	0.00	0.00	0.00	0.00	0.00	0.00	0.00	0.00	0.00	0.00	0.00	0.00	0.00	0.00	0.00	0.00	0.00	0.00	0.00	0.00	0.00	0.00	0.00	0.00	0.00	0.00	0.00	0.00	0.00	0.00
10 Mar 2023 20:39:50	-1000000015047466219876688855040.00	-1000000015047466219876688855040.00	-1000000015047466219876688855040.00	-100000002537764290115403776.0000	-1000000015047466219876688855040.00	-1000000015047466219876688855040.00	99.78	-	0.00	0.00	0.00	0.00	0.00	0.00	0.00	0.00	0.00	0.00	0.00	0.00	0.00	0.00	0.00	0.00	0.00	0.00	0.00	0.00	0.00	0.00	0.00	0.00	0.00	0.00	0.00	0.00	0.00	0.00	0.00	0.00	0.00	0.00	0.00	0.00	0.00	0.00	0.00	0.00	0.00	0.00	0.00	0.00	0.00	0.00	0.00	0.00	0.00	0.00	0.00	0.00	0.00	0.00	0.00	0.00	0.00	0.00	0.00	0.00
10 Mar 2023 20:39:51	-1000000015047466219876688855040.00	-1000000015047466219876688855040.00	-1000000015047466219876688855040.00	-100000002537764290115403776.0000	-1000000015047466219876688855040.00	-1000000015047466219876688855040.00	95.68	-	0.00	0.00	0.00	0.00	0.00	0.00	0.00	0.00	0.00	0.00	0.00	0.00	0.00	0.00	0.00	0.00	0.00	0.00	0.00	0.00	0.00	0.00	0.00	0.00	0.00	0.00	0.00	0.00	0.00	0.00	0.00	0.00	0.00	0.00	0.00	0.00	0.00	0.00	0.00	0.00	0.00	0.00	0.00	0.00	0.00	0.00	0.00	0.00	0.00	0.00	0.00	0.00	0.00	0.00	0.00	0.00	0.00	0.00	0.00	0.00
10 Mar 2023 20:39:52	-1000000015047466219876688855040.00	-1000000015047466219876688855040.00	-1000000015047466219876688855040.00	-100000002537764290115403776.0000	-1000000015047466219876688855040.00	-1000000015047466219876688855040.00	98.06	-	0.00	0.00	0.00	0.00	0.00	0.00	0.00	0.00	0.00	0.00	0.00	0.00	0.00	0.00	0.00	0.00	0.00	0.00	0.00	0.00	0.00	0.00	0.00	0.00	0.00	0.00	0.00	0.00	0.00	0.00	0.00	0.00	0.00	0.00	0.00	0.00	0.00	0.00	0.00	0.00	0.00	0.00	0.00	0.00	0.00	0.00	0.00	0.00	0.00	0.00	0.00	0.00	0.00	0.00	0.00	0.00	0.00	0.00	0.00	0.00
10 Mar 2023 20:39:53	-1000000015047466219876688855040.00	-1000000015047466219876688855040.00	-1000000015047466219876688855040.00	-100000002537764290115403776.0000	-1000000015047466219876688855040.00	-1000000015047466219876688855040.00	98.89	-	0.00	0.00	0.00	0.00	0.00	0.00	0.00	0.00	0.00	0.00	0.00	0.00	0.00	0.00	0.00	0.00	0.00	0.00	0.00	0.00	0.00	0.00	0.00	0.00	0.00	0.00	0.00	0.00	0.00	0.00	0.00	0.00	0.00	0.00	0.00	0.00	0.00	0.00	0.00	0.00	0.00	0.00	0.00	0.00	0.00	0.00	0.00	0.00	0.00	0.00	0.00	0.00	0.00	0.00	0.00	0.00	0.00	0.00	0.00	0.00
10 Mar 2023 20:39:54	-1000000015047466219876688855040.00	-1000000015047466219876688855040.00	-1000000015047466219876688855040.00	-100000002537764290115403776.0000	-1000000015047466219876688855040.00	-1000000015047466219876688855040.00	99.95	-	0.00	0.00	0.00	0.00	0.00	0.00	0.00	0.00	0.00	0.00	0.00	0.00	0.00	0.00	0.00	0.00	0.00	0.00	0.00	0.00	0.00	0.00	0.00	0.00	0.00	0.00	0.00	0.00	0.00	0.00	0.00	0.00	0.00	0.00	0.00	0.00	0.00	0.00	0.00	0.00	0.00	0.00	0.00	0.00	0.00	0.00	0.00	0.00	0.00	0.00	0.00	0.00	0.00	0.00	0.00	0.00	0.00	0.00	0.00	0.00
10 Mar 2023 20:39:55	-1000000015047466219876688855040.00	-1000000015047466219876688855040.00	-1000000015047466219876688855040.00	-100000002537764290115403776.0000	-1000000015047466219876688855040.00	-1000000015047466219876688855040.00	100.00	-	0.00	0.00	0.00	0.00	0.00	0.00	0.00	0.00	0.00	0.00	0.00	0.00	0.00	0.00	0.00	0.00	0.00	0.00	0.00	0.00	0.00	0.00	0.00	0.00	0.00	0.00	0.00	0.00	0.00	0.00	0.00	0.00	0.00	0.00	0.00	0.00	0.00	0.00	0.00	0.00	0.00	0.00	0.00	0.00	0.00	0.00	0.00	0.00	0.00	0.00	0.00	0.00	0.00	0.00	0.00	0.00	0.00	0.00	0.00	0.00
10 Mar 2023 20:39:56	-1000000015047466219876688855040.00	-1000000015047466219876688855040.00	-1000000015047466219876688855040.00	-100000002537764290115403776.0000	-1000000015047466219876688855040.00	-1000000015047466219876688855040.00	99.97	-	0.00	0.00	0.00	0.00	0.00	0.00	0.00	0.00	0.00	0.00	0.00	0.00	0.00	0.00	0.00	0.00	0.00	0.00	0.00	0.00	0.00	0.00	0.00	0.00	0.00	0.00	0.00	0.00	0.00	0.00	0.00	0.00	0.00	0.00	0.00	0.00	0.00	0.00	0.00	0.00	0.00	0.00	0.00	0.00	0.00	0.00	0.00	0.00	0.00	0.00	0.00	0.00	0.00	0.00	0.00	0.00	0.00	0.00	0.00	0.00
10 Mar 2023 20:39:57	-1000000015047466219876688855040.00	-1000000015047466219876688855040.00	-1000000015047466219876688855040.00	-100000002537764290115403776.0000	-1000000015047466219876688855040.00	-1000000015047466219876688855040.00	99.94	-	0.00	0.00	0.00	0.00	0.00	0.00	0.00	0.00	0.00	0.00	0.00	0.00	0.00	0.00	0.00	0.00	0.00	0.00	0.00	0.00	0.00	0.00	0.00	0.00	0.00	0.00	0.00	0.00	0.00	0.00	0.00	0.00	0.00	0.00	0.00	0.00	0.00	0.00	0.00	0.00	0.00	0.00	0.00	0.00	0.00	0.00	0.00	0.00	0.00	0.00	0.00	0.00	0.00	0.00	0.00	0.00	0.00	0.00	0.00	0.00
10 Mar 2023 20:39:58	-1000000015047466219876688855040.00	-1000000015047466219876688855040.00	-1000000015047466219876688855040.00	-100000002537764290115403776.0000	-1000000015047466219876688855040.00	-1000000015047466219876688855040.00	99.96	-	0.00	0.00	0.00	0.00	0.00	0.00	0.00	0.00	0.00	0.00	0.00	0.00	0.00	0.00	0.00	0.00	0.00	0.00	0.00	0.00	0.00	0.00	0.00	0.00	0.00	0.00	0.00	0.00	0.00	0.00	0.00	0.00	0.00	0.00	0.00	0.00	0.00	0.00	0.00	0.00	0.00	0.00	0.00	0.00	0.00	0.00	0.00	0.00	0.00	0.00	0.00	0.00	0.00	0.00	0.00	0.00	0.00	0.00	0.00	0.00
10 Mar 2023 20:39:59	-1000000015047466219876688855040.00	-1000000015047466219876688855040.00	-1000000015047466219876688855040.00	-100000002537764290115403776.0000	-1000000015047466219876688855040.00	-1000000015047466219876688855040.00	99.75	-	0.00	0.00	0.00	0.00	0.00	0.00	0.00	0.00	0.00	0.00	0.00	0.00	0.00	0.00	0.00	0.00	0.00	0.00	0.00	0.00	0.00	0.00	0.00	0.00	0.00	0.00	0.00	0.00	0.00	0.00	0.00	0.00	0.00	0.00	0.00	0.00	0.00	0.00	0.00	0.00	0.00	0.00	0.00	0.00	0.00	0.00	0.00	0.00	0.00	0.00	0.00	0.00	0.00	0.00	0.00	0.00	0.00	0.00	0.00	0.00
10 Mar 2023 20:40:00	-1000000015047466219876688855040.00	-1000000015047466219876688855040.00	-1000000015047466219876688855040.00	-100000002537764290115403776.0000	-1000000015047466219876688855040.00	-1000000015047466219876688855040.00	98.78	-	0.00	0.00	0.00	0.00	0.00	0.00	0.00	0.00	0.00	0.00	0.00	0.00	0.00	0.00	0.00	0.00	0.00	0.00	0.00	0.00	0.00	0.00	0.00	0.00	0.00	0.00	0.00	0.00	0.00	0.00	0.00	0.00	0.00	0.00	0.00	0.00	0.00	0.00	0.00	0.00	0.00	0.00	0.00	0.00	0.00	0.00	0.00	0.00	0.00	0.00	0.00	0.00	0.00	0.00	0.00	0.00	0.00	0.00	0.00	0.00
10 Mar 2023 20:40:01	-1000000015047466219876688855040.00	-1000000015047466219876688855040.00	-1000000015047466219876688855040.00	-100000002537764290115403776.0000	-1000000015047466219876688855040.00	-1000000015047466219876688855040.00	99.84	-	0.00	0.00	0.00	0.00	0.00	0.00	0.00	0.00	0.00	0.00	0.00	0.00	0.00	0.00	0.00	0.00	0.00	0.00	0.00	0.00	0.00	0.00	0.00	0.00	0.00	0.00	0.00	0.00	0.00	0.00	0.00	0.00	0.00	0.00	0.00	0.00	0.00	0.00	0.00	0.00	0.00	0.00	0.00	0.00	0.00	0.00	0.00	0.00	0.00	0.00	0.00	0.00	0.00	0.00	0.00	0.00	0.00	0.00	0.00	0.00
10 Mar 2023 20:40:02	-1000000015047466219876688855040.00	-1000000015047466219876688855040.00	-1000000015047466219876688855040.00	-100000002537764290115403776.0000	-1000000015047466219876688855040.00	-1000000015047466219876688855040.00	99.61	-	0.00	0.00	0.00	0.00	0.00	0.00	0.00	0.00	0.00	0.00	0.00	0.00	0.00	0.00	0.00	0.00	0.00	0.00	0.00	0.00	0.00	0.00	0.00	0.00	0.00	0.00	0.00	0.00	0.00	0.00	0.00	0.00	0.00	0.00	0.00	0.00	0.00	0.00	0.00	0.00	0.00	0.00	0.00	0.00	0.00	0.00	0.00	0.00	0.00	0.00	0.00	0.00	0.00	0.00	0.00	0.00	0.00	0.00	0.00	0.00
10 Mar 2023 20:40:03	-1000000015047466219876688855040.00	-1000000015047466219876688855040.00	-1000000015047466219876688855040.00	-100000002537764290115403776.0000	-1000000015047466219876688855040.00	-1000000015047466219876688855040.00	99.81	-	0.00	0.00	0.00	0.00	0.00	0.00	0.00	0.00	0.00	0.00	0.00	0.00	0.00	0.00	0.00	0.00	0.00	0.00	0.00	0.00	0.00	0.00	0.00	0.00	0.00	0.00	0.00	0.00	0.00	0.00	0.00	0.00	0.00	0.00	0.00	0.00	0.00	0.00	0.00	0.00	0.00	0.00	0.00	0.00	0.00	0.00	0.00	0.00	0.00	0.00	0.00	0.00	0.00	0.00	0.00	0.00	0.00	0.00	0.00	0.00
10 Mar 2023 20:40:04	-1000000015047466219876688855040.00	-1000000015047466219876688855040.00	-1000000015047466219876688855040.00	-100000002537764290115403776.0000	-1000000015047466219876688855040.00	-1000000015047466219876688855040.00	99.97	-	0.00	0.00	0.00	0.00	0.00	0.00	0.00	0.00	0.00	0.00	0.00	0.00	0.00	0.00	0.00	0.00	0.00	0.00	0.00	0.00	0.00	0.00	0.00	0.00	0.00	0.00	0.00	0.00	0.00	0.00	0.00	0.00	0.00	0.00	0.00	0.00	0.00	0.00	0.00	0.00	0.00	0.00	0.00	0.00	0.00	0.00	0.00	0.00	0.00	0.00	0.00	0.00	0.00	0.00	0.00	0.00	0.00	0.00	0.00	0.00
10 Mar 2023 20:40:05	-1000000015047466219876688855040.00	-1000000015047466219876688855040.00	-1000000015047466219876688855040.00	-100000002537764290115403776.0000	-1000000015047466219876688855040.00	-1000000015047466219876688855040.00	99.60	-	0.00	0.00	0.00	0.00	0.00	0.00	0.00	0.00	0.00	0.00	0.00	0.00	0.00	0.00	0.00	0.00	0.00	0.00	0.00	0.00	0.00	0.00	0.00	0.00	0.00	0.00	0.00	0.00	0.00	0.00	0.00	0.00	0.00	0.00	0.00	0.00	0.00	0.00	0.00	0.00	0.00	0.00	0.00	0.00	0.00	0.00	0.00	0.00	0.00	0.00	0.00	0.00	0.00	0.00	0.00	0.00	0.00	0.00	0.00	0.00
10 Mar 2023 20:40:06	-1000000015047466219876688855040.00	-1000000015047466219876688855040.00	-1000000015047466219876688855040.00	-100000002537764290115403776.0000	-1000000015047466219876688855040.00	-1000000015047466219876688855040.00	99.85	-	0.00	0.00	0.00	0.00	0.00	0.00	0.00	0.00	0.00	0.00	0.00	0.00	0.00	0.00	0.00	0.00	0.00	0.00	0.00	0.00	0.00	0.00	0.00	0.00	0.00	0.00	0.00	0.00	0.00	0.00	0.00	0.00	0.00	0.00	0.00	0.00	0.00	0.00	0.00	0.00	0.00	0.00	0.00	0.00	0.00	0.00	0.00	0.00	0.00	0.00	0.00	0.00	0.00	0.00	0.00	0.00	0.00	0.00	0.00	0.00
10 Mar 2023 20:40:07	-1000000015047466219876688855040.00	-1000000015047466219876688855040.00	-1000000015047466219876688855040.00	-100000002537764290115403776.0000	-1000000015047466219876688855040.00	-1000000015047466219876688855040.00	99.52	-	0.00	0.00	0.00	0.00	0.00	0.00	0.00	0.00	0.00	0.00	0.00	0.00	0.00	0.00	0.00	0.00	0.00	0.00	0.00	0.00	0.00	0.00	0.00	0.00	0.00	0.00	0.00	0.00	0.00	0.00	0.00	0.00	0.00	0.00	0.00	0.00	0.00	0.00	0.00	0.00	0.00	0.00	0.00	0.00	0.00	0.00	0.00	0.00	0.00	0.00	0.00	0.00	0.00	0.00	0.00	0.00	0.00	0.00	0.00	0.00
10 Mar 2023 20:40:08	-1000000015047466219876688855040.00	-1000000015047466219876688855040.00	-1000000015047466219876688855040.00	-100000002537764290115403776.0000	-1000000015047466219876688855040.00	-1000000015047466219876688855040.00	99.96	-	0.00	0.00	0.00	0.00	0.00	0.00	0.00	0.00	0.00	0.00	0.00	0.00	0.00	0.00	0.00	0.00	0.00	0.00	0.00	0.00	0.00	0.00	0.00	0.00	0.00	0.00	0.00	0.00	0.00	0.00	0.00	0.00	0.00	0.00	0.00	0.00	0.00	0.00	0.00	0.00	0.00	0.00	0.00	0.00	0.00	0.00	0.00	0.00	0.00	0.00	0.00	0.00	0.00	0.00	0.00	0.00	0.00	0.00	0.00	0.00
10 Mar 2023 20:40:09	-1000000015047466219876688855040.00	-1000000015047466219876688855040.00	-1000000015047466219876688855040.00	-100000002537764290115403776.0000	-1000000015047466219876688855040.00	-1000000015047466219876688855040.00	95.23	-	0.00	0.00	0.00	0.00	0.00	0.00	0.00	0.00	0.00	0.00	0.00	0.00	0.00	0.00	0.00	0.00	0.00	0.00	0.00	0.00	0.00	0.00	0.00	0.00	0.00	0.00	0.00	0.00	0.00	0.00	0.00	0.00	0.00	0.00	0.00	0.00	0.00	0.00	0.00	0.00	0.00	0.00	0.00	0.00	0.00	0.00	0.00	0.00	0.00	0.00	0.00	0.00	0.00	0.00	0.00	0.00	0.00	0.00	0.00	0.00
10 Mar 2023 20:40:10	-1000000015047466219876688855040.00	-1000000015047466219876688855040.00	-1000000015047466219876688855040.00	-100000002537764290115403776.0000	-1000000015047466219876688855040.00	-1000000015047466219876688855040.00	92.65	-	0.00	0.00	0.00	0.00	0.00	0.00	0.00	0.00	0.00	0.00	0.00	0.00	0.00	0.00	0.00	0.00	0.00	0.00	0.00	0.00	0.00	0.00	0.00	0.00	0.00	0.00	0.00	0.00	0.00	0.00	0.00	0.00	0.00	0.00	0.00	0.00	0.00	0.00	0.00	0.00	0.00	0.00	0.00	0.00	0.00	0.00	0.00	0.00	0.00	0.00	0.00	0.00	0.00	0.00	0.00	0.00	0.00	0.00	0.00	0.00
10 Mar 2023 20:40:11	-1000000015047466219876688855040.00	-1000000015047466219876688855040.00	-1000000015047466219876688855040.00	-100000002537764290115403776.0000	-1000000015047466219876688855040.00	-1000000015047466219876688855040.00	86.73	-	0.00	0.00	0.00	0.00	0.00	0.00	0.00	0.00	0.00	0.00	0.00	0.00	0.00	0.00	0.00	0.00	0.00	0.00	0.00	0.00	0.00	0.00	0.00	0.00	0.00	0.00	0.00	0.00	0.00	0.00	0.00	0.00	0.00	0.00	0.00	0.00	0.00	0.00	0.00	0.00	0.00	0.00	0.00	0.00	0.00	0.00	0.00	0.00	0.00	0.00	0.00	0.00	0.00	0.00	0.00	0.00	0.00	0.00	0.00	0.00
Date-Time	Dx(10)	Dx(50)	Dx(90)	Cv(%)	D[4][3]	D[3][2]	Transmission	0.10000020	0.11659167	0.13593590	0.15848963	0.18478534	0.21544389	0.25118914	0.29286504	0.34145555	0.39810795	0.46415979	0.54117060	0.63095856	0.73564368	0.85769761	1.00000191	1.16591668	1.35935903	1.58489633	1.84785342	2.15443897	2.51189137	2.92865038	3.41455555	3.98107958	4.64159775	5.41170597	6.30958605	7.35643721	8.57697582	10.00002003	11.65916729	13.59359074	15.84896278	18.47853470	21.54438972	25.11891365	29.28650284	34.14555740	39.81079483	46.41598129	54.11705780	63.09585953	73.56436920	85.76976013	100.00019836	116.59166718	135.93591309	158.48962402	184.78533936	215.44389343	251.18913269	292.86502075	341.45556641	398.10794067	464.15979004	541.17059326	630.95855713	735.64367676	857.69757080	1000.00195312
10 Mar 2023 20:40:12	10.29	358.88	686.41	0.0019	310.11	9.73	64.82	-	0.02	0.04	0.06	0.08	0.10	0.12	0.14	0.16	0.19	0.21	0.23	0.25	0.26	0.28	0.30	0.31	0.31	0.31	0.31	0.30	0.29	0.29	0.29	0.31	0.36	0.44	0.57	0.76	1.02	1.37	1.80	2.31	2.85	3.37	3.80	4.08	4.12	3.90	3.43	2.78	2.05	1.33	0.70	0.19	0.00	0.00	0.00	0.00	0.00	0.00	0.08	0.54	1.87	4.46	7.98	11.05	11.83	9.47	5.08	1.25
10 Mar 2023 20:40:13	13.85	448.33	727.65	0.0014	384.81	12.13	80.43	-	0.02	0.04	0.06	0.08	0.10	0.11	0.13	0.15	0.16	0.17	0.19	0.20	0.20	0.21	0.21	0.21	0.20	0.19	0.18	0.17	0.17	0.17	0.19	0.23	0.28	0.36	0.46	0.59	0.76	0.95	1.19	1.48	1.79	2.12	2.42	2.64	2.74	2.68	2.45	2.08	1.63	1.17	0.74	0.37	0.04	0.00	0.00	0.00	0.00	0.01	0.23	1.04	2.88	5.94	9.69	12.85	13.78	11.61	7.03	2.24
10 Mar 2023 20:40:14	-1000000015047466219876688855040.00	-1000000015047466219876688855040.00	-1000000015047466219876688855040.00	-100000002537764290115403776.0000	-1000000015047466219876688855040.00	-1000000015047466219876688855040.00	87.60	-	0.00	0.00	0.00	0.00	0.00	0.00	0.00	0.00	0.00	0.00	0.00	0.00	0.00	0.00	0.00	0.00	0.00	0.00	0.00	0.00	0.00	0.00	0.00	0.00	0.00	0.00	0.00	0.00	0.00	0.00	0.00	0.00	0.00	0.00	0.00	0.00	0.00	0.00	0.00	0.00	0.00	0.00	0.00	0.00	0.00	0.00	0.00	0.00	0.00	0.00	0.00	0.00	0.00	0.00	0.00	0.00	0.00	0.00	0.00	0.00
10 Mar 2023 20:40:15	12.41	440.93	716.88	0.0015	371.55	11.34	76.97	-	0.02	0.04	0.06	0.08	0.10	0.12	0.14	0.15	0.17	0.18	0.20	0.21	0.22	0.23	0.23	0.23	0.23	0.22	0.21	0.20	0.19	0.20	0.22	0.26	0.32	0.40	0.52	0.67	0.86	1.10	1.38	1.71	2.08	2.43	2.74	2.94	2.98	2.83	2.50	2.05	1.54	1.03	0.59	0.21	0.00	0.00	0.00	0.00	0.00	0.00	0.15	0.82	2.54	5.60	9.53	12.89	13.82	11.35	6.49	1.83
10 Mar 2023 20:40:16	-1000000015047466219876688855040.00	-1000000015047466219876688855040.00	-1000000015047466219876688855040.00	-100000002537764290115403776.0000	-1000000015047466219876688855040.00	-1000000015047466219876688855040.00	87.68	-	0.00	0.00	0.00	0.00	0.00	0.00	0.00	0.00	0.00	0.00	0.00	0.00	0.00	0.00	0.00	0.00	0.00	0.00	0.00	0.00	0.00	0.00	0.00	0.00	0.00	0.00	0.00	0.00	0.00	0.00	0.00	0.00	0.00	0.00	0.00	0.00	0.00	0.00	0.00	0.00	0.00	0.00	0.00	0.00	0.00	0.00	0.00	0.00	0.00	0.00	0.00	0.00	0.00	0.00	0.00	0.00	0.00	0.00	0.00	0.00
10 Mar 2023 20:40:17	16.56	416.09	696.57	0.0012	340.13	11.02	81.84	-	0.03	0.05	0.07	0.10	0.12	0.14	0.15	0.17	0.18	0.19	0.19	0.20	0.20	0.19	0.19	0.18	0.18	0.18	0.19	0.20	0.22	0.23	0.24	0.25	0.25	0.25	0.24	0.26	0.32	0.46	0.72	1.13	1.70	2.39	3.13	3.80	4.27	4.42	4.22	3.67	2.88	1.99	1.13	0.40	0.00	0.00	0.00	0.00	0.00	0.00	0.04	0.39	1.62	4.36	8.49	12.40	13.60	10.77	5.47	1.17
10 Mar 2023 20:40:18	-1000000015047466219876688855040.00	-1000000015047466219876688855040.00	-1000000015047466219876688855040.00	-100000002537764290115403776.0000	-1000000015047466219876688855040.00	-1000000015047466219876688855040.00	97.02	-	0.00	0.00	0.00	0.00	0.00	0.00	0.00	0.00	0.00	0.00	0.00	0.00	0.00	0.00	0.00	0.00	0.00	0.00	0.00	0.00	0.00	0.00	0.00	0.00	0.00	0.00	0.00	0.00	0.00	0.00	0.00	0.00	0.00	0.00	0.00	0.00	0.00	0.00	0.00	0.00	0.00	0.00	0.00	0.00	0.00	0.00	0.00	0.00	0.00	0.00	0.00	0.00	0.00	0.00	0.00	0.00	0.00	0.00	0.00	0.00
10 Mar 2023 20:40:19	-1000000015047466219876688855040.00	-1000000015047466219876688855040.00	-1000000015047466219876688855040.00	-100000002537764290115403776.0000	-1000000015047466219876688855040.00	-1000000015047466219876688855040.00	100.01	-	0.00	0.00	0.00	0.00	0.00	0.00	0.00	0.00	0.00	0.00	0.00	0.00	0.00	0.00	0.00	0.00	0.00	0.00	0.00	0.00	0.00	0.00	0.00	0.00	0.00	0.00	0.00	0.00	0.00	0.00	0.00	0.00	0.00	0.00	0.00	0.00	0.00	0.00	0.00	0.00	0.00	0.00	0.00	0.00	0.00	0.00	0.00	0.00	0.00	0.00	0.00	0.00	0.00	0.00	0.00	0.00	0.00	0.00	0.00	0.00
10 Mar 2023 20:40:20	-1000000015047466219876688855040.00	-1000000015047466219876688855040.00	-1000000015047466219876688855040.00	-100000002537764290115403776.0000	-1000000015047466219876688855040.00	-1000000015047466219876688855040.00	100.02	-	0.00	0.00	0.00	0.00	0.00	0.00	0.00	0.00	0.00	0.00	0.00	0.00	0.00	0.00	0.00	0.00	0.00	0.00	0.00	0.00	0.00	0.00	0.00	0.00	0.00	0.00	0.00	0.00	0.00	0.00	0.00	0.00	0.00	0.00	0.00	0.00	0.00	0.00	0.00	0.00	0.00	0.00	0.00	0.00	0.00	0.00	0.00	0.00	0.00	0.00	0.00	0.00	0.00	0.00	0.00	0.00	0.00	0.00	0.00	0.00
10 Mar 2023 20:40:21	-1000000015047466219876688855040.00	-1000000015047466219876688855040.00	-1000000015047466219876688855040.00	-100000002537764290115403776.0000	-1000000015047466219876688855040.00	-1000000015047466219876688855040.00	100.01	-	0.00	0.00	0.00	0.00	0.00	0.00	0.00	0.00	0.00	0.00	0.00	0.00	0.00	0.00	0.00	0.00	0.00	0.00	0.00	0.00	0.00	0.00	0.00	0.00	0.00	0.00	0.00	0.00	0.00	0.00	0.00	0.00	0.00	0.00	0.00	0.00	0.00	0.00	0.00	0.00	0.00	0.00	0.00	0.00	0.00	0.00	0.00	0.00	0.00	0.00	0.00	0.00	0.00	0.00	0.00	0.00	0.00	0.00	0.00	0.00
10 Mar 2023 20:40:22	-1000000015047466219876688855040.00	-1000000015047466219876688855040.00	-1000000015047466219876688855040.00	-100000002537764290115403776.0000	-1000000015047466219876688855040.00	-1000000015047466219876688855040.00	100.00	-	0.00	0.00	0.00	0.00	0.00	0.00	0.00	0.00	0.00	0.00	0.00	0.00	0.00	0.00	0.00	0.00	0.00	0.00	0.00	0.00	0.00	0.00	0.00	0.00	0.00	0.00	0.00	0.00	0.00	0.00	0.00	0.00	0.00	0.00	0.00	0.00	0.00	0.00	0.00	0.00	0.00	0.00	0.00	0.00	0.00	0.00	0.00	0.00	0.00	0.00	0.00	0.00	0.00	0.00	0.00	0.00	0.00	0.00	0.00	0.00
10 Mar 2023 20:40:23	-1000000015047466219876688855040.00	-1000000015047466219876688855040.00	-1000000015047466219876688855040.00	-100000002537764290115403776.0000	-1000000015047466219876688855040.00	-1000000015047466219876688855040.00	99.99	-	0.00	0.00	0.00	0.00	0.00	0.00	0.00	0.00	0.00	0.00	0.00	0.00	0.00	0.00	0.00	0.00	0.00	0.00	0.00	0.00	0.00	0.00	0.00	0.00	0.00	0.00	0.00	0.00	0.00	0.00	0.00	0.00	0.00	0.00	0.00	0.00	0.00	0.00	0.00	0.00	0.00	0.00	0.00	0.00	0.00	0.00	0.00	0.00	0.00	0.00	0.00	0.00	0.00	0.00	0.00	0.00	0.00	0.00	0.00	0.00
10 Mar 2023 20:40:24	-1000000015047466219876688855040.00	-1000000015047466219876688855040.00	-1000000015047466219876688855040.00	-100000002537764290115403776.0000	-1000000015047466219876688855040.00	-1000000015047466219876688855040.00	99.99	-	0.00	0.00	0.00	0.00	0.00	0.00	0.00	0.00	0.00	0.00	0.00	0.00	0.00	0.00	0.00	0.00	0.00	0.00	0.00	0.00	0.00	0.00	0.00	0.00	0.00	0.00	0.00	0.00	0.00	0.00	0.00	0.00	0.00	0.00	0.00	0.00	0.00	0.00	0.00	0.00	0.00	0.00	0.00	0.00	0.00	0.00	0.00	0.00	0.00	0.00	0.00	0.00	0.00	0.00	0.00	0.00	0.00	0.00	0.00	0.00
10 Mar 2023 20:40:25	-1000000015047466219876688855040.00	-1000000015047466219876688855040.00	-1000000015047466219876688855040.00	-100000002537764290115403776.0000	-1000000015047466219876688855040.00	-1000000015047466219876688855040.00	100.01	-	0.00	0.00	0.00	0.00	0.00	0.00	0.00	0.00	0.00	0.00	0.00	0.00	0.00	0.00	0.00	0.00	0.00	0.00	0.00	0.00	0.00	0.00	0.00	0.00	0.00	0.00	0.00	0.00	0.00	0.00	0.00	0.00	0.00	0.00	0.00	0.00	0.00	0.00	0.00	0.00	0.00	0.00	0.00	0.00	0.00	0.00	0.00	0.00	0.00	0.00	0.00	0.00	0.00	0.00	0.00	0.00	0.00	0.00	0.00	0.00
10 Mar 2023 20:40:26	-1000000015047466219876688855040.00	-1000000015047466219876688855040.00	-1000000015047466219876688855040.00	-100000002537764290115403776.0000	-1000000015047466219876688855040.00	-1000000015047466219876688855040.00	99.98	-	0.00	0.00	0.00	0.00	0.00	0.00	0.00	0.00	0.00	0.00	0.00	0.00	0.00	0.00	0.00	0.00	0.00	0.00	0.00	0.00	0.00	0.00	0.00	0.00	0.00	0.00	0.00	0.00	0.00	0.00	0.00	0.00	0.00	0.00	0.00	0.00	0.00	0.00	0.00	0.00	0.00	0.00	0.00	0.00	0.00	0.00	0.00	0.00	0.00	0.00	0.00	0.00	0.00	0.00	0.00	0.00	0.00	0.00	0.00	0.00
10 Mar 2023 20:40:27	-1000000015047466219876688855040.00	-1000000015047466219876688855040.00	-1000000015047466219876688855040.00	-100000002537764290115403776.0000	-1000000015047466219876688855040.00	-1000000015047466219876688855040.00	99.96	-	0.00	0.00	0.00	0.00	0.00	0.00	0.00	0.00	0.00	0.00	0.00	0.00	0.00	0.00	0.00	0.00	0.00	0.00	0.00	0.00	0.00	0.00	0.00	0.00	0.00	0.00	0.00	0.00	0.00	0.00	0.00	0.00	0.00	0.00	0.00	0.00	0.00	0.00	0.00	0.00	0.00	0.00	0.00	0.00	0.00	0.00	0.00	0.00	0.00	0.00	0.00	0.00	0.00	0.00	0.00	0.00	0.00	0.00	0.00	0.00
10 Mar 2023 20:40:28	-1000000015047466219876688855040.00	-1000000015047466219876688855040.00	-1000000015047466219876688855040.00	-100000002537764290115403776.0000	-1000000015047466219876688855040.00	-1000000015047466219876688855040.00	100.02	-	0.00	0.00	0.00	0.00	0.00	0.00	0.00	0.00	0.00	0.00	0.00	0.00	0.00	0.00	0.00	0.00	0.00	0.00	0.00	0.00	0.00	0.00	0.00	0.00	0.00	0.00	0.00	0.00	0.00	0.00	0.00	0.00	0.00	0.00	0.00	0.00	0.00	0.00	0.00	0.00	0.00	0.00	0.00	0.00	0.00	0.00	0.00	0.00	0.00	0.00	0.00	0.00	0.00	0.00	0.00	0.00	0.00	0.00	0.00	0.00
10 Mar 2023 20:40:29	-1000000015047466219876688855040.00	-1000000015047466219876688855040.00	-1000000015047466219876688855040.00	-100000002537764290115403776.0000	-1000000015047466219876688855040.00	-1000000015047466219876688855040.00	99.98	-	0.00	0.00	0.00	0.00	0.00	0.00	0.00	0.00	0.00	0.00	0.00	0.00	0.00	0.00	0.00	0.00	0.00	0.00	0.00	0.00	0.00	0.00	0.00	0.00	0.00	0.00	0.00	0.00	0.00	0.00	0.00	0.00	0.00	0.00	0.00	0.00	0.00	0.00	0.00	0.00	0.00	0.00	0.00	0.00	0.00	0.00	0.00	0.00	0.00	0.00	0.00	0.00	0.00	0.00	0.00	0.00	0.00	0.00	0.00	0.00
10 Mar 2023 20:40:30	-1000000015047466219876688855040.00	-1000000015047466219876688855040.00	-1000000015047466219876688855040.00	-100000002537764290115403776.0000	-1000000015047466219876688855040.00	-1000000015047466219876688855040.00	100.00	-	0.00	0.00	0.00	0.00	0.00	0.00	0.00	0.00	0.00	0.00	0.00	0.00	0.00	0.00	0.00	0.00	0.00	0.00	0.00	0.00	0.00	0.00	0.00	0.00	0.00	0.00	0.00	0.00	0.00	0.00	0.00	0.00	0.00	0.00	0.00	0.00	0.00	0.00	0.00	0.00	0.00	0.00	0.00	0.00	0.00	0.00	0.00	0.00	0.00	0.00	0.00	0.00	0.00	0.00	0.00	0.00	0.00	0.00	0.00	0.00
10 Mar 2023 20:40:31	-1000000015047466219876688855040.00	-1000000015047466219876688855040.00	-1000000015047466219876688855040.00	-100000002537764290115403776.0000	-1000000015047466219876688855040.00	-1000000015047466219876688855040.00	99.97	-	0.00	0.00	0.00	0.00	0.00	0.00	0.00	0.00	0.00	0.00	0.00	0.00	0.00	0.00	0.00	0.00	0.00	0.00	0.00	0.00	0.00	0.00	0.00	0.00	0.00	0.00	0.00	0.00	0.00	0.00	0.00	0.00	0.00	0.00	0.00	0.00	0.00	0.00	0.00	0.00	0.00	0.00	0.00	0.00	0.00	0.00	0.00	0.00	0.00	0.00	0.00	0.00	0.00	0.00	0.00	0.00	0.00	0.00	0.00	0.00
10 Mar 2023 20:40:32	-1000000015047466219876688855040.00	-1000000015047466219876688855040.00	-1000000015047466219876688855040.00	-100000002537764290115403776.0000	-1000000015047466219876688855040.00	-1000000015047466219876688855040.00	100.02	-	0.00	0.00	0.00	0.00	0.00	0.00	0.00	0.00	0.00	0.00	0.00	0.00	0.00	0.00	0.00	0.00	0.00	0.00	0.00	0.00	0.00	0.00	0.00	0.00	0.00	0.00	0.00	0.00	0.00	0.00	0.00	0.00	0.00	0.00	0.00	0.00	0.00	0.00	0.00	0.00	0.00	0.00	0.00	0.00	0.00	0.00	0.00	0.00	0.00	0.00	0.00	0.00	0.00	0.00	0.00	0.00	0.00	0.00	0.00	0.00
10 Mar 2023 20:40:33	-1000000015047466219876688855040.00	-1000000015047466219876688855040.00	-1000000015047466219876688855040.00	-100000002537764290115403776.0000	-1000000015047466219876688855040.00	-1000000015047466219876688855040.00	100.00	-	0.00	0.00	0.00	0.00	0.00	0.00	0.00	0.00	0.00	0.00	0.00	0.00	0.00	0.00	0.00	0.00	0.00	0.00	0.00	0.00	0.00	0.00	0.00	0.00	0.00	0.00	0.00	0.00	0.00	0.00	0.00	0.00	0.00	0.00	0.00	0.00	0.00	0.00	0.00	0.00	0.00	0.00	0.00	0.00	0.00	0.00	0.00	0.00	0.00	0.00	0.00	0.00	0.00	0.00	0.00	0.00	0.00	0.00	0.00	0.00
10 Mar 2023 20:40:34	-1000000015047466219876688855040.00	-1000000015047466219876688855040.00	-1000000015047466219876688855040.00	-100000002537764290115403776.0000	-1000000015047466219876688855040.00	-1000000015047466219876688855040.00	100.00	-	0.00	0.00	0.00	0.00	0.00	0.00	0.00	0.00	0.00	0.00	0.00	0.00	0.00	0.00	0.00	0.00	0.00	0.00	0.00	0.00	0.00	0.00	0.00	0.00	0.00	0.00	0.00	0.00	0.00	0.00	0.00	0.00	0.00	0.00	0.00	0.00	0.00	0.00	0.00	0.00	0.00	0.00	0.00	0.00	0.00	0.00	0.00	0.00	0.00	0.00	0.00	0.00	0.00	0.00	0.00	0.00	0.00	0.00	0.00	0.00
10 Mar 2023 20:40:35	-1000000015047466219876688855040.00	-1000000015047466219876688855040.00	-1000000015047466219876688855040.00	-100000002537764290115403776.0000	-1000000015047466219876688855040.00	-1000000015047466219876688855040.00	100.01	-	0.00	0.00	0.00	0.00	0.00	0.00	0.00	0.00	0.00	0.00	0.00	0.00	0.00	0.00	0.00	0.00	0.00	0.00	0.00	0.00	0.00	0.00	0.00	0.00	0.00	0.00	0.00	0.00	0.00	0.00	0.00	0.00	0.00	0.00	0.00	0.00	0.00	0.00	0.00	0.00	0.00	0.00	0.00	0.00	0.00	0.00	0.00	0.00	0.00	0.00	0.00	0.00	0.00	0.00	0.00	0.00	0.00	0.00	0.00	0.00
10 Mar 2023 20:40:36	-1000000015047466219876688855040.00	-1000000015047466219876688855040.00	-1000000015047466219876688855040.00	-100000002537764290115403776.0000	-1000000015047466219876688855040.00	-1000000015047466219876688855040.00	100.00	-	0.00	0.00	0.00	0.00	0.00	0.00	0.00	0.00	0.00	0.00	0.00	0.00	0.00	0.00	0.00	0.00	0.00	0.00	0.00	0.00	0.00	0.00	0.00	0.00	0.00	0.00	0.00	0.00	0.00	0.00	0.00	0.00	0.00	0.00	0.00	0.00	0.00	0.00	0.00	0.00	0.00	0.00	0.00	0.00	0.00	0.00	0.00	0.00	0.00	0.00	0.00	0.00	0.00	0.00	0.00	0.00	0.00	0.00	0.00	0.00
10 Mar 2023 20:40:37	-1000000015047466219876688855040.00	-1000000015047466219876688855040.00	-1000000015047466219876688855040.00	-100000002537764290115403776.0000	-1000000015047466219876688855040.00	-1000000015047466219876688855040.00	100.00	-	0.00	0.00	0.00	0.00	0.00	0.00	0.00	0.00	0.00	0.00	0.00	0.00	0.00	0.00	0.00	0.00	0.00	0.00	0.00	0.00	0.00	0.00	0.00	0.00	0.00	0.00	0.00	0.00	0.00	0.00	0.00	0.00	0.00	0.00	0.00	0.00	0.00	0.00	0.00	0.00	0.00	0.00	0.00	0.00	0.00	0.00	0.00	0.00	0.00	0.00	0.00	0.00	0.00	0.00	0.00	0.00	0.00	0.00	0.00	0.00
10 Mar 2023 20:40:38	-1000000015047466219876688855040.00	-1000000015047466219876688855040.00	-1000000015047466219876688855040.00	-100000002537764290115403776.0000	-1000000015047466219876688855040.00	-1000000015047466219876688855040.00	100.01	-	0.00	0.00	0.00	0.00	0.00	0.00	0.00	0.00	0.00	0.00	0.00	0.00	0.00	0.00	0.00	0.00	0.00	0.00	0.00	0.00	0.00	0.00	0.00	0.00	0.00	0.00	0.00	0.00	0.00	0.00	0.00	0.00	0.00	0.00	0.00	0.00	0.00	0.00	0.00	0.00	0.00	0.00	0.00	0.00	0.00	0.00	0.00	0.00	0.00	0.00	0.00	0.00	0.00	0.00	0.00	0.00	0.00	0.00	0.00	0.00
10 Mar 2023 20:40:39	-1000000015047466219876688855040.00	-1000000015047466219876688855040.00	-1000000015047466219876688855040.00	-100000002537764290115403776.0000	-1000000015047466219876688855040.00	-1000000015047466219876688855040.00	100.00	-	0.00	0.00	0.00	0.00	0.00	0.00	0.00	0.00	0.00	0.00	0.00	0.00	0.00	0.00	0.00	0.00	0.00	0.00	0.00	0.00	0.00	0.00	0.00	0.00	0.00	0.00	0.00	0.00	0.00	0.00	0.00	0.00	0.00	0.00	0.00	0.00	0.00	0.00	0.00	0.00	0.00	0.00	0.00	0.00	0.00	0.00	0.00	0.00	0.00	0.00	0.00	0.00	0.00	0.00	0.00	0.00	0.00	0.00	0.00	0.00
