Date-Time	Dx(10)	Dx(50)	Dx(90)	Cv(%)	D[4][3]	D[3][2]	Transmission	0.00000000	0.00000000	0.00000000	0.00000000	0.00000000	0.00000000	0.00000000	0.00000000	0.00000000	0.00000000	0.00000000	0.00000000	0.00000000	0.00000000	0.00000000	0.00000000	0.00000000	0.00000000	0.00000000	0.00000000	0.00000000	0.00000000	0.00000000	0.00000000	0.00000000	0.00000000	0.00000000	0.00000000	0.00000000	0.00000000	0.00000000	0.00000000	0.00000000	0.00000000	0.00000000	0.00000000	0.00000000	0.00000000	0.00000000	0.00000000	0.00000000	0.00000000	0.00000000	0.00000000	0.00000000	0.00000000	0.00000000	0.00000000	0.00000000	0.00000000	0.00000000	0.00000000	0.00000000	0.00000000	0.00000000	0.00000000	0.00000000	0.00000000	0.00000000	0.00000000	0.00000000
10 Mar 2023 20:32:29	-1000000015047466219876688855040.00	-1000000015047466219876688855040.00	-1000000015047466219876688855040.00	-100000002537764290115403776.0000	-1000000015047466219876688855040.00	-1000000015047466219876688855040.00	105.93	-	0.00	0.00	0.00	0.00	0.00	0.00	0.00	0.00	0.00	0.00	0.00	0.00	0.00	0.00	0.00	0.00	0.00	0.00	0.00	0.00	0.00	0.00	0.00	0.00	0.00	0.00	0.00	0.00	0.00	0.00	0.00	0.00	0.00	0.00	0.00	0.00	0.00	0.00	0.00	0.00	0.00	0.00	0.00	0.00	0.00	0.00	0.00	0.00	0.00	0.00	0.00	0.00	0.00	0.00	0.00	0.00	0.00	0.00	0.00	0.00
10 Mar 2023 20:32:30	-1000000015047466219876688855040.00	-1000000015047466219876688855040.00	-1000000015047466219876688855040.00	-100000002537764290115403776.0000	-1000000015047466219876688855040.00	-1000000015047466219876688855040.00	104.60	-	0.00	0.00	0.00	0.00	0.00	0.00	0.00	0.00	0.00	0.00	0.00	0.00	0.00	0.00	0.00	0.00	0.00	0.00	0.00	0.00	0.00	0.00	0.00	0.00	0.00	0.00	0.00	0.00	0.00	0.00	0.00	0.00	0.00	0.00	0.00	0.00	0.00	0.00	0.00	0.00	0.00	0.00	0.00	0.00	0.00	0.00	0.00	0.00	0.00	0.00	0.00	0.00	0.00	0.00	0.00	0.00	0.00	0.00	0.00	0.00
10 Mar 2023 20:32:31	-1000000015047466219876688855040.00	-1000000015047466219876688855040.00	-1000000015047466219876688855040.00	-100000002537764290115403776.0000	-1000000015047466219876688855040.00	-1000000015047466219876688855040.00	104.84	-	0.00	0.00	0.00	0.00	0.00	0.00	0.00	0.00	0.00	0.00	0.00	0.00	0.00	0.00	0.00	0.00	0.00	0.00	0.00	0.00	0.00	0.00	0.00	0.00	0.00	0.00	0.00	0.00	0.00	0.00	0.00	0.00	0.00	0.00	0.00	0.00	0.00	0.00	0.00	0.00	0.00	0.00	0.00	0.00	0.00	0.00	0.00	0.00	0.00	0.00	0.00	0.00	0.00	0.00	0.00	0.00	0.00	0.00	0.00	0.00
10 Mar 2023 20:32:32	-1000000015047466219876688855040.00	-1000000015047466219876688855040.00	-1000000015047466219876688855040.00	-100000002537764290115403776.0000	-1000000015047466219876688855040.00	-1000000015047466219876688855040.00	105.84	-	0.00	0.00	0.00	0.00	0.00	0.00	0.00	0.00	0.00	0.00	0.00	0.00	0.00	0.00	0.00	0.00	0.00	0.00	0.00	0.00	0.00	0.00	0.00	0.00	0.00	0.00	0.00	0.00	0.00	0.00	0.00	0.00	0.00	0.00	0.00	0.00	0.00	0.00	0.00	0.00	0.00	0.00	0.00	0.00	0.00	0.00	0.00	0.00	0.00	0.00	0.00	0.00	0.00	0.00	0.00	0.00	0.00	0.00	0.00	0.00
10 Mar 2023 20:32:33	-1000000015047466219876688855040.00	-1000000015047466219876688855040.00	-1000000015047466219876688855040.00	-100000002537764290115403776.0000	-1000000015047466219876688855040.00	-1000000015047466219876688855040.00	101.55	-	0.00	0.00	0.00	0.00	0.00	0.00	0.00	0.00	0.00	0.00	0.00	0.00	0.00	0.00	0.00	0.00	0.00	0.00	0.00	0.00	0.00	0.00	0.00	0.00	0.00	0.00	0.00	0.00	0.00	0.00	0.00	0.00	0.00	0.00	0.00	0.00	0.00	0.00	0.00	0.00	0.00	0.00	0.00	0.00	0.00	0.00	0.00	0.00	0.00	0.00	0.00	0.00	0.00	0.00	0.00	0.00	0.00	0.00	0.00	0.00
10 Mar 2023 20:32:34	-1000000015047466219876688855040.00	-1000000015047466219876688855040.00	-1000000015047466219876688855040.00	-100000002537764290115403776.0000	-1000000015047466219876688855040.00	-1000000015047466219876688855040.00	105.62	-	0.00	0.00	0.00	0.00	0.00	0.00	0.00	0.00	0.00	0.00	0.00	0.00	0.00	0.00	0.00	0.00	0.00	0.00	0.00	0.00	0.00	0.00	0.00	0.00	0.00	0.00	0.00	0.00	0.00	0.00	0.00	0.00	0.00	0.00	0.00	0.00	0.00	0.00	0.00	0.00	0.00	0.00	0.00	0.00	0.00	0.00	0.00	0.00	0.00	0.00	0.00	0.00	0.00	0.00	0.00	0.00	0.00	0.00	0.00	0.00
Date-Time	Dx(10)	Dx(50)	Dx(90)	Cv(%)	D[4][3]	D[3][2]	Transmission	0.10000020	0.11659167	0.13593590	0.15848963	0.18478534	0.21544389	0.25118914	0.29286504	0.34145555	0.39810795	0.46415979	0.54117060	0.63095856	0.73564368	0.85769761	1.00000191	1.16591668	1.35935903	1.58489633	1.84785342	2.15443897	2.51189137	2.92865038	3.41455555	3.98107958	4.64159775	5.41170597	6.30958605	7.35643721	8.57697582	10.00002003	11.65916729	13.59359074	15.84896278	18.47853470	21.54438972	25.11891365	29.28650284	34.14555740	39.81079483	46.41598129	54.11705780	63.09585953	73.56436920	85.76976013	100.00019836	116.59166718	135.93591309	158.48962402	184.78533936	215.44389343	251.18913269	292.86502075	341.45556641	398.10794067	464.15979004	541.17059326	630.95855713	735.64367676	857.69757080	1000.00195312
10 Mar 2023 20:32:35	5.83	26.01	618.14	0.0006	191.05	5.55	83.87	-	0.05	0.11	0.16	0.20	0.24	0.28	0.31	0.34	0.35	0.36	0.36	0.35	0.32	0.29	0.25	0.21	0.17	0.13	0.12	0.14	0.20	0.32	0.51	0.77	1.09	1.49	1.93	2.41	2.91	3.42	3.91	4.38	4.81	5.15	5.37	5.38	5.15	4.65	3.91	3.01	2.08	1.23	0.55	0.07	0.00	0.00	0.00	0.00	0.00	0.00	0.00	0.00	0.02	0.36	2.53	7.83	11.27	7.05	1.47	0.04
10 Mar 2023 20:32:36	7.60	41.90	653.29	0.0011	256.05	6.39	76.60	-	0.05	0.10	0.14	0.18	0.22	0.26	0.29	0.31	0.32	0.33	0.33	0.32	0.30	0.28	0.25	0.23	0.20	0.19	0.19	0.21	0.26	0.32	0.41	0.52	0.65	0.79	0.95	1.13	1.37	1.67	2.07	2.59	3.20	3.87	4.50	4.98	5.18	5.03	4.50	3.67	2.67	1.67	0.78	0.10	0.00	0.00	0.00	0.00	0.00	0.00	0.00	0.04	0.39	1.90	5.46	10.09	12.04	8.82	3.33	0.35
10 Mar 2023 20:32:37	7.11	399.57	667.21	0.0009	309.03	7.47	80.27	-	0.04	0.07	0.11	0.14	0.17	0.20	0.22	0.24	0.26	0.27	0.28	0.28	0.27	0.26	0.24	0.22	0.20	0.18	0.18	0.18	0.22	0.29	0.41	0.57	0.79	1.05	1.36	1.70	2.07	2.43	2.79	3.11	3.38	3.56	3.62	3.53	3.28	2.87	2.34	1.75	1.18	0.69	0.29	0.00	0.00	0.00	0.00	0.00	0.00	0.00	0.00	0.02	0.37	2.17	6.82	13.01	15.41	10.80	3.75	0.34
10 Mar 2023 20:32:38	-1000000015047466219876688855040.00	-1000000015047466219876688855040.00	-1000000015047466219876688855040.00	-100000002537764290115403776.0000	-1000000015047466219876688855040.00	-1000000015047466219876688855040.00	95.16	-	0.00	0.00	0.00	0.00	0.00	0.00	0.00	0.00	0.00	0.00	0.00	0.00	0.00	0.00	0.00	0.00	0.00	0.00	0.00	0.00	0.00	0.00	0.00	0.00	0.00	0.00	0.00	0.00	0.00	0.00	0.00	0.00	0.00	0.00	0.00	0.00	0.00	0.00	0.00	0.00	0.00	0.00	0.00	0.00	0.00	0.00	0.00	0.00	0.00	0.00	0.00	0.00	0.00	0.00	0.00	0.00	0.00	0.00	0.00	0.00
10 Mar 2023 20:32:39	-1000000015047466219876688855040.00	-1000000015047466219876688855040.00	-1000000015047466219876688855040.00	-100000002537764290115403776.0000	-1000000015047466219876688855040.00	-1000000015047466219876688855040.00	106.14	-	0.00	0.00	0.00	0.00	0.00	0.00	0.00	0.00	0.00	0.00	0.00	0.00	0.00	0.00	0.00	0.00	0.00	0.00	0.00	0.00	0.00	0.00	0.00	0.00	0.00	0.00	0.00	0.00	0.00	0.00	0.00	0.00	0.00	0.00	0.00	0.00	0.00	0.00	0.00	0.00	0.00	0.00	0.00	0.00	0.00	0.00	0.00	0.00	0.00	0.00	0.00	0.00	0.00	0.00	0.00	0.00	0.00	0.00	0.00	0.00
10 Mar 2023 20:32:40	-1000000015047466219876688855040.00	-1000000015047466219876688855040.00	-1000000015047466219876688855040.00	-100000002537764290115403776.0000	-1000000015047466219876688855040.00	-1000000015047466219876688855040.00	105.63	-	0.00	0.00	0.00	0.00	0.00	0.00	0.00	0.00	0.00	0.00	0.00	0.00	0.00	0.00	0.00	0.00	0.00	0.00	0.00	0.00	0.00	0.00	0.00	0.00	0.00	0.00	0.00	0.00	0.00	0.00	0.00	0.00	0.00	0.00	0.00	0.00	0.00	0.00	0.00	0.00	0.00	0.00	0.00	0.00	0.00	0.00	0.00	0.00	0.00	0.00	0.00	0.00	0.00	0.00	0.00	0.00	0.00	0.00	0.00	0.00
10 Mar 2023 20:32:41	-1000000015047466219876688855040.00	-1000000015047466219876688855040.00	-1000000015047466219876688855040.00	-100000002537764290115403776.0000	-1000000015047466219876688855040.00	-1000000015047466219876688855040.00	104.60	-	0.00	0.00	0.00	0.00	0.00	0.00	0.00	0.00	0.00	0.00	0.00	0.00	0.00	0.00	0.00	0.00	0.00	0.00	0.00	0.00	0.00	0.00	0.00	0.00	0.00	0.00	0.00	0.00	0.00	0.00	0.00	0.00	0.00	0.00	0.00	0.00	0.00	0.00	0.00	0.00	0.00	0.00	0.00	0.00	0.00	0.00	0.00	0.00	0.00	0.00	0.00	0.00	0.00	0.00	0.00	0.00	0.00	0.00	0.00	0.00
10 Mar 2023 20:32:42	-1000000015047466219876688855040.00	-1000000015047466219876688855040.00	-1000000015047466219876688855040.00	-100000002537764290115403776.0000	-1000000015047466219876688855040.00	-1000000015047466219876688855040.00	106.02	-	0.00	0.00	0.00	0.00	0.00	0.00	0.00	0.00	0.00	0.00	0.00	0.00	0.00	0.00	0.00	0.00	0.00	0.00	0.00	0.00	0.00	0.00	0.00	0.00	0.00	0.00	0.00	0.00	0.00	0.00	0.00	0.00	0.00	0.00	0.00	0.00	0.00	0.00	0.00	0.00	0.00	0.00	0.00	0.00	0.00	0.00	0.00	0.00	0.00	0.00	0.00	0.00	0.00	0.00	0.00	0.00	0.00	0.00	0.00	0.00
10 Mar 2023 20:32:43	-1000000015047466219876688855040.00	-1000000015047466219876688855040.00	-1000000015047466219876688855040.00	-100000002537764290115403776.0000	-1000000015047466219876688855040.00	-1000000015047466219876688855040.00	106.00	-	0.00	0.00	0.00	0.00	0.00	0.00	0.00	0.00	0.00	0.00	0.00	0.00	0.00	0.00	0.00	0.00	0.00	0.00	0.00	0.00	0.00	0.00	0.00	0.00	0.00	0.00	0.00	0.00	0.00	0.00	0.00	0.00	0.00	0.00	0.00	0.00	0.00	0.00	0.00	0.00	0.00	0.00	0.00	0.00	0.00	0.00	0.00	0.00	0.00	0.00	0.00	0.00	0.00	0.00	0.00	0.00	0.00	0.00	0.00	0.00
10 Mar 2023 20:32:44	-1000000015047466219876688855040.00	-1000000015047466219876688855040.00	-1000000015047466219876688855040.00	-100000002537764290115403776.0000	-1000000015047466219876688855040.00	-1000000015047466219876688855040.00	102.30	-	0.00	0.00	0.00	0.00	0.00	0.00	0.00	0.00	0.00	0.00	0.00	0.00	0.00	0.00	0.00	0.00	0.00	0.00	0.00	0.00	0.00	0.00	0.00	0.00	0.00	0.00	0.00	0.00	0.00	0.00	0.00	0.00	0.00	0.00	0.00	0.00	0.00	0.00	0.00	0.00	0.00	0.00	0.00	0.00	0.00	0.00	0.00	0.00	0.00	0.00	0.00	0.00	0.00	0.00	0.00	0.00	0.00	0.00	0.00	0.00
10 Mar 2023 20:32:45	-1000000015047466219876688855040.00	-1000000015047466219876688855040.00	-1000000015047466219876688855040.00	-100000002537764290115403776.0000	-1000000015047466219876688855040.00	-1000000015047466219876688855040.00	102.48	-	0.00	0.00	0.00	0.00	0.00	0.00	0.00	0.00	0.00	0.00	0.00	0.00	0.00	0.00	0.00	0.00	0.00	0.00	0.00	0.00	0.00	0.00	0.00	0.00	0.00	0.00	0.00	0.00	0.00	0.00	0.00	0.00	0.00	0.00	0.00	0.00	0.00	0.00	0.00	0.00	0.00	0.00	0.00	0.00	0.00	0.00	0.00	0.00	0.00	0.00	0.00	0.00	0.00	0.00	0.00	0.00	0.00	0.00	0.00	0.00
10 Mar 2023 20:32:46	-1000000015047466219876688855040.00	-1000000015047466219876688855040.00	-1000000015047466219876688855040.00	-100000002537764290115403776.0000	-1000000015047466219876688855040.00	-1000000015047466219876688855040.00	105.59	-	0.00	0.00	0.00	0.00	0.00	0.00	0.00	0.00	0.00	0.00	0.00	0.00	0.00	0.00	0.00	0.00	0.00	0.00	0.00	0.00	0.00	0.00	0.00	0.00	0.00	0.00	0.00	0.00	0.00	0.00	0.00	0.00	0.00	0.00	0.00	0.00	0.00	0.00	0.00	0.00	0.00	0.00	0.00	0.00	0.00	0.00	0.00	0.00	0.00	0.00	0.00	0.00	0.00	0.00	0.00	0.00	0.00	0.00	0.00	0.00
10 Mar 2023 20:32:47	-1000000015047466219876688855040.00	-1000000015047466219876688855040.00	-1000000015047466219876688855040.00	-100000002537764290115403776.0000	-1000000015047466219876688855040.00	-1000000015047466219876688855040.00	103.73	-	0.00	0.00	0.00	0.00	0.00	0.00	0.00	0.00	0.00	0.00	0.00	0.00	0.00	0.00	0.00	0.00	0.00	0.00	0.00	0.00	0.00	0.00	0.00	0.00	0.00	0.00	0.00	0.00	0.00	0.00	0.00	0.00	0.00	0.00	0.00	0.00	0.00	0.00	0.00	0.00	0.00	0.00	0.00	0.00	0.00	0.00	0.00	0.00	0.00	0.00	0.00	0.00	0.00	0.00	0.00	0.00	0.00	0.00	0.00	0.00
10 Mar 2023 20:32:48	-1000000015047466219876688855040.00	-1000000015047466219876688855040.00	-1000000015047466219876688855040.00	-100000002537764290115403776.0000	-1000000015047466219876688855040.00	-1000000015047466219876688855040.00	100.97	-	0.00	0.00	0.00	0.00	0.00	0.00	0.00	0.00	0.00	0.00	0.00	0.00	0.00	0.00	0.00	0.00	0.00	0.00	0.00	0.00	0.00	0.00	0.00	0.00	0.00	0.00	0.00	0.00	0.00	0.00	0.00	0.00	0.00	0.00	0.00	0.00	0.00	0.00	0.00	0.00	0.00	0.00	0.00	0.00	0.00	0.00	0.00	0.00	0.00	0.00	0.00	0.00	0.00	0.00	0.00	0.00	0.00	0.00	0.00	0.00
10 Mar 2023 20:32:49	-1000000015047466219876688855040.00	-1000000015047466219876688855040.00	-1000000015047466219876688855040.00	-100000002537764290115403776.0000	-1000000015047466219876688855040.00	-1000000015047466219876688855040.00	105.83	-	0.00	0.00	0.00	0.00	0.00	0.00	0.00	0.00	0.00	0.00	0.00	0.00	0.00	0.00	0.00	0.00	0.00	0.00	0.00	0.00	0.00	0.00	0.00	0.00	0.00	0.00	0.00	0.00	0.00	0.00	0.00	0.00	0.00	0.00	0.00	0.00	0.00	0.00	0.00	0.00	0.00	0.00	0.00	0.00	0.00	0.00	0.00	0.00	0.00	0.00	0.00	0.00	0.00	0.00	0.00	0.00	0.00	0.00	0.00	0.00
10 Mar 2023 20:32:50	-1000000015047466219876688855040.00	-1000000015047466219876688855040.00	-1000000015047466219876688855040.00	-100000002537764290115403776.0000	-1000000015047466219876688855040.00	-1000000015047466219876688855040.00	106.44	-	0.00	0.00	0.00	0.00	0.00	0.00	0.00	0.00	0.00	0.00	0.00	0.00	0.00	0.00	0.00	0.00	0.00	0.00	0.00	0.00	0.00	0.00	0.00	0.00	0.00	0.00	0.00	0.00	0.00	0.00	0.00	0.00	0.00	0.00	0.00	0.00	0.00	0.00	0.00	0.00	0.00	0.00	0.00	0.00	0.00	0.00	0.00	0.00	0.00	0.00	0.00	0.00	0.00	0.00	0.00	0.00	0.00	0.00	0.00	0.00
10 Mar 2023 20:32:51	-1000000015047466219876688855040.00	-1000000015047466219876688855040.00	-1000000015047466219876688855040.00	-100000002537764290115403776.0000	-1000000015047466219876688855040.00	-1000000015047466219876688855040.00	103.30	-	0.00	0.00	0.00	0.00	0.00	0.00	0.00	0.00	0.00	0.00	0.00	0.00	0.00	0.00	0.00	0.00	0.00	0.00	0.00	0.00	0.00	0.00	0.00	0.00	0.00	0.00	0.00	0.00	0.00	0.00	0.00	0.00	0.00	0.00	0.00	0.00	0.00	0.00	0.00	0.00	0.00	0.00	0.00	0.00	0.00	0.00	0.00	0.00	0.00	0.00	0.00	0.00	0.00	0.00	0.00	0.00	0.00	0.00	0.00	0.00
10 Mar 2023 20:32:52	-1000000015047466219876688855040.00	-1000000015047466219876688855040.00	-1000000015047466219876688855040.00	-100000002537764290115403776.0000	-1000000015047466219876688855040.00	-1000000015047466219876688855040.00	106.08	-	0.00	0.00	0.00	0.00	0.00	0.00	0.00	0.00	0.00	0.00	0.00	0.00	0.00	0.00	0.00	0.00	0.00	0.00	0.00	0.00	0.00	0.00	0.00	0.00	0.00	0.00	0.00	0.00	0.00	0.00	0.00	0.00	0.00	0.00	0.00	0.00	0.00	0.00	0.00	0.00	0.00	0.00	0.00	0.00	0.00	0.00	0.00	0.00	0.00	0.00	0.00	0.00	0.00	0.00	0.00	0.00	0.00	0.00	0.00	0.00
10 Mar 2023 20:32:53	-1000000015047466219876688855040.00	-1000000015047466219876688855040.00	-1000000015047466219876688855040.00	-100000002537764290115403776.0000	-1000000015047466219876688855040.00	-1000000015047466219876688855040.00	106.70	-	0.00	0.00	0.00	0.00	0.00	0.00	0.00	0.00	0.00	0.00	0.00	0.00	0.00	0.00	0.00	0.00	0.00	0.00	0.00	0.00	0.00	0.00	0.00	0.00	0.00	0.00	0.00	0.00	0.00	0.00	0.00	0.00	0.00	0.00	0.00	0.00	0.00	0.00	0.00	0.00	0.00	0.00	0.00	0.00	0.00	0.00	0.00	0.00	0.00	0.00	0.00	0.00	0.00	0.00	0.00	0.00	0.00	0.00	0.00	0.00
10 Mar 2023 20:32:54	-1000000015047466219876688855040.00	-1000000015047466219876688855040.00	-1000000015047466219876688855040.00	-100000002537764290115403776.0000	-1000000015047466219876688855040.00	-1000000015047466219876688855040.00	106.41	-	0.00	0.00	0.00	0.00	0.00	0.00	0.00	0.00	0.00	0.00	0.00	0.00	0.00	0.00	0.00	0.00	0.00	0.00	0.00	0.00	0.00	0.00	0.00	0.00	0.00	0.00	0.00	0.00	0.00	0.00	0.00	0.00	0.00	0.00	0.00	0.00	0.00	0.00	0.00	0.00	0.00	0.00	0.00	0.00	0.00	0.00	0.00	0.00	0.00	0.00	0.00	0.00	0.00	0.00	0.00	0.00	0.00	0.00	0.00	0.00
10 Mar 2023 20:32:55	-1000000015047466219876688855040.00	-1000000015047466219876688855040.00	-1000000015047466219876688855040.00	-100000002537764290115403776.0000	-1000000015047466219876688855040.00	-1000000015047466219876688855040.00	106.66	-	0.00	0.00	0.00	0.00	0.00	0.00	0.00	0.00	0.00	0.00	0.00	0.00	0.00	0.00	0.00	0.00	0.00	0.00	0.00	0.00	0.00	0.00	0.00	0.00	0.00	0.00	0.00	0.00	0.00	0.00	0.00	0.00	0.00	0.00	0.00	0.00	0.00	0.00	0.00	0.00	0.00	0.00	0.00	0.00	0.00	0.00	0.00	0.00	0.00	0.00	0.00	0.00	0.00	0.00	0.00	0.00	0.00	0.00	0.00	0.00
10 Mar 2023 20:32:56	-1000000015047466219876688855040.00	-1000000015047466219876688855040.00	-1000000015047466219876688855040.00	-100000002537764290115403776.0000	-1000000015047466219876688855040.00	-1000000015047466219876688855040.00	106.66	-	0.00	0.00	0.00	0.00	0.00	0.00	0.00	0.00	0.00	0.00	0.00	0.00	0.00	0.00	0.00	0.00	0.00	0.00	0.00	0.00	0.00	0.00	0.00	0.00	0.00	0.00	0.00	0.00	0.00	0.00	0.00	0.00	0.00	0.00	0.00	0.00	0.00	0.00	0.00	0.00	0.00	0.00	0.00	0.00	0.00	0.00	0.00	0.00	0.00	0.00	0.00	0.00	0.00	0.00	0.00	0.00	0.00	0.00	0.00	0.00
10 Mar 2023 20:32:57	-1000000015047466219876688855040.00	-1000000015047466219876688855040.00	-1000000015047466219876688855040.00	-100000002537764290115403776.0000	-1000000015047466219876688855040.00	-1000000015047466219876688855040.00	106.73	-	0.00	0.00	0.00	0.00	0.00	0.00	0.00	0.00	0.00	0.00	0.00	0.00	0.00	0.00	0.00	0.00	0.00	0.00	0.00	0.00	0.00	0.00	0.00	0.00	0.00	0.00	0.00	0.00	0.00	0.00	0.00	0.00	0.00	0.00	0.00	0.00	0.00	0.00	0.00	0.00	0.00	0.00	0.00	0.00	0.00	0.00	0.00	0.00	0.00	0.00	0.00	0.00	0.00	0.00	0.00	0.00	0.00	0.00	0.00	0.00
10 Mar 2023 20:32:58	-1000000015047466219876688855040.00	-1000000015047466219876688855040.00	-1000000015047466219876688855040.00	-100000002537764290115403776.0000	-1000000015047466219876688855040.00	-1000000015047466219876688855040.00	106.65	-	0.00	0.00	0.00	0.00	0.00	0.00	0.00	0.00	0.00	0.00	0.00	0.00	0.00	0.00	0.00	0.00	0.00	0.00	0.00	0.00	0.00	0.00	0.00	0.00	0.00	0.00	0.00	0.00	0.00	0.00	0.00	0.00	0.00	0.00	0.00	0.00	0.00	0.00	0.00	0.00	0.00	0.00	0.00	0.00	0.00	0.00	0.00	0.00	0.00	0.00	0.00	0.00	0.00	0.00	0.00	0.00	0.00	0.00	0.00	0.00
10 Mar 2023 20:32:59	-1000000015047466219876688855040.00	-1000000015047466219876688855040.00	-1000000015047466219876688855040.00	-100000002537764290115403776.0000	-1000000015047466219876688855040.00	-1000000015047466219876688855040.00	106.67	-	0.00	0.00	0.00	0.00	0.00	0.00	0.00	0.00	0.00	0.00	0.00	0.00	0.00	0.00	0.00	0.00	0.00	0.00	0.00	0.00	0.00	0.00	0.00	0.00	0.00	0.00	0.00	0.00	0.00	0.00	0.00	0.00	0.00	0.00	0.00	0.00	0.00	0.00	0.00	0.00	0.00	0.00	0.00	0.00	0.00	0.00	0.00	0.00	0.00	0.00	0.00	0.00	0.00	0.00	0.00	0.00	0.00	0.00	0.00	0.00
10 Mar 2023 20:33:00	-1000000015047466219876688855040.00	-1000000015047466219876688855040.00	-1000000015047466219876688855040.00	-100000002537764290115403776.0000	-1000000015047466219876688855040.00	-1000000015047466219876688855040.00	105.32	-	0.00	0.00	0.00	0.00	0.00	0.00	0.00	0.00	0.00	0.00	0.00	0.00	0.00	0.00	0.00	0.00	0.00	0.00	0.00	0.00	0.00	0.00	0.00	0.00	0.00	0.00	0.00	0.00	0.00	0.00	0.00	0.00	0.00	0.00	0.00	0.00	0.00	0.00	0.00	0.00	0.00	0.00	0.00	0.00	0.00	0.00	0.00	0.00	0.00	0.00	0.00	0.00	0.00	0.00	0.00	0.00	0.00	0.00	0.00	0.00
10 Mar 2023 20:33:01	-1000000015047466219876688855040.00	-1000000015047466219876688855040.00	-1000000015047466219876688855040.00	-100000002537764290115403776.0000	-1000000015047466219876688855040.00	-1000000015047466219876688855040.00	104.45	-	0.00	0.00	0.00	0.00	0.00	0.00	0.00	0.00	0.00	0.00	0.00	0.00	0.00	0.00	0.00	0.00	0.00	0.00	0.00	0.00	0.00	0.00	0.00	0.00	0.00	0.00	0.00	0.00	0.00	0.00	0.00	0.00	0.00	0.00	0.00	0.00	0.00	0.00	0.00	0.00	0.00	0.00	0.00	0.00	0.00	0.00	0.00	0.00	0.00	0.00	0.00	0.00	0.00	0.00	0.00	0.00	0.00	0.00	0.00	0.00
10 Mar 2023 20:33:02	-1000000015047466219876688855040.00	-1000000015047466219876688855040.00	-1000000015047466219876688855040.00	-100000002537764290115403776.0000	-1000000015047466219876688855040.00	-1000000015047466219876688855040.00	105.66	-	0.00	0.00	0.00	0.00	0.00	0.00	0.00	0.00	0.00	0.00	0.00	0.00	0.00	0.00	0.00	0.00	0.00	0.00	0.00	0.00	0.00	0.00	0.00	0.00	0.00	0.00	0.00	0.00	0.00	0.00	0.00	0.00	0.00	0.00	0.00	0.00	0.00	0.00	0.00	0.00	0.00	0.00	0.00	0.00	0.00	0.00	0.00	0.00	0.00	0.00	0.00	0.00	0.00	0.00	0.00	0.00	0.00	0.00	0.00	0.00
10 Mar 2023 20:33:03	-1000000015047466219876688855040.00	-1000000015047466219876688855040.00	-1000000015047466219876688855040.00	-100000002537764290115403776.0000	-1000000015047466219876688855040.00	-1000000015047466219876688855040.00	106.56	-	0.00	0.00	0.00	0.00	0.00	0.00	0.00	0.00	0.00	0.00	0.00	0.00	0.00	0.00	0.00	0.00	0.00	0.00	0.00	0.00	0.00	0.00	0.00	0.00	0.00	0.00	0.00	0.00	0.00	0.00	0.00	0.00	0.00	0.00	0.00	0.00	0.00	0.00	0.00	0.00	0.00	0.00	0.00	0.00	0.00	0.00	0.00	0.00	0.00	0.00	0.00	0.00	0.00	0.00	0.00	0.00	0.00	0.00	0.00	0.00
10 Mar 2023 20:33:04	-1000000015047466219876688855040.00	-1000000015047466219876688855040.00	-1000000015047466219876688855040.00	-100000002537764290115403776.0000	-1000000015047466219876688855040.00	-1000000015047466219876688855040.00	103.16	-	0.00	0.00	0.00	0.00	0.00	0.00	0.00	0.00	0.00	0.00	0.00	0.00	0.00	0.00	0.00	0.00	0.00	0.00	0.00	0.00	0.00	0.00	0.00	0.00	0.00	0.00	0.00	0.00	0.00	0.00	0.00	0.00	0.00	0.00	0.00	0.00	0.00	0.00	0.00	0.00	0.00	0.00	0.00	0.00	0.00	0.00	0.00	0.00	0.00	0.00	0.00	0.00	0.00	0.00	0.00	0.00	0.00	0.00	0.00	0.00
10 Mar 2023 20:33:05	-1000000015047466219876688855040.00	-1000000015047466219876688855040.00	-1000000015047466219876688855040.00	-100000002537764290115403776.0000	-1000000015047466219876688855040.00	-1000000015047466219876688855040.00	106.75	-	0.00	0.00	0.00	0.00	0.00	0.00	0.00	0.00	0.00	0.00	0.00	0.00	0.00	0.00	0.00	0.00	0.00	0.00	0.00	0.00	0.00	0.00	0.00	0.00	0.00	0.00	0.00	0.00	0.00	0.00	0.00	0.00	0.00	0.00	0.00	0.00	0.00	0.00	0.00	0.00	0.00	0.00	0.00	0.00	0.00	0.00	0.00	0.00	0.00	0.00	0.00	0.00	0.00	0.00	0.00	0.00	0.00	0.00	0.00	0.00
10 Mar 2023 20:33:06	-1000000015047466219876688855040.00	-1000000015047466219876688855040.00	-1000000015047466219876688855040.00	-100000002537764290115403776.0000	-1000000015047466219876688855040.00	-1000000015047466219876688855040.00	106.75	-	0.00	0.00	0.00	0.00	0.00	0.00	0.00	0.00	0.00	0.00	0.00	0.00	0.00	0.00	0.00	0.00	0.00	0.00	0.00	0.00	0.00	0.00	0.00	0.00	0.00	0.00	0.00	0.00	0.00	0.00	0.00	0.00	0.00	0.00	0.00	0.00	0.00	0.00	0.00	0.00	0.00	0.00	0.00	0.00	0.00	0.00	0.00	0.00	0.00	0.00	0.00	0.00	0.00	0.00	0.00	0.00	0.00	0.00	0.00	0.00
10 Mar 2023 20:33:07	-1000000015047466219876688855040.00	-1000000015047466219876688855040.00	-1000000015047466219876688855040.00	-100000002537764290115403776.0000	-1000000015047466219876688855040.00	-1000000015047466219876688855040.00	100.14	-	0.00	0.00	0.00	0.00	0.00	0.00	0.00	0.00	0.00	0.00	0.00	0.00	0.00	0.00	0.00	0.00	0.00	0.00	0.00	0.00	0.00	0.00	0.00	0.00	0.00	0.00	0.00	0.00	0.00	0.00	0.00	0.00	0.00	0.00	0.00	0.00	0.00	0.00	0.00	0.00	0.00	0.00	0.00	0.00	0.00	0.00	0.00	0.00	0.00	0.00	0.00	0.00	0.00	0.00	0.00	0.00	0.00	0.00	0.00	0.00
10 Mar 2023 20:33:08	-1000000015047466219876688855040.00	-1000000015047466219876688855040.00	-1000000015047466219876688855040.00	-100000002537764290115403776.0000	-1000000015047466219876688855040.00	-1000000015047466219876688855040.00	106.58	-	0.00	0.00	0.00	0.00	0.00	0.00	0.00	0.00	0.00	0.00	0.00	0.00	0.00	0.00	0.00	0.00	0.00	0.00	0.00	0.00	0.00	0.00	0.00	0.00	0.00	0.00	0.00	0.00	0.00	0.00	0.00	0.00	0.00	0.00	0.00	0.00	0.00	0.00	0.00	0.00	0.00	0.00	0.00	0.00	0.00	0.00	0.00	0.00	0.00	0.00	0.00	0.00	0.00	0.00	0.00	0.00	0.00	0.00	0.00	0.00
10 Mar 2023 20:33:09	-1000000015047466219876688855040.00	-1000000015047466219876688855040.00	-1000000015047466219876688855040.00	-100000002537764290115403776.0000	-1000000015047466219876688855040.00	-1000000015047466219876688855040.00	106.28	-	0.00	0.00	0.00	0.00	0.00	0.00	0.00	0.00	0.00	0.00	0.00	0.00	0.00	0.00	0.00	0.00	0.00	0.00	0.00	0.00	0.00	0.00	0.00	0.00	0.00	0.00	0.00	0.00	0.00	0.00	0.00	0.00	0.00	0.00	0.00	0.00	0.00	0.00	0.00	0.00	0.00	0.00	0.00	0.00	0.00	0.00	0.00	0.00	0.00	0.00	0.00	0.00	0.00	0.00	0.00	0.00	0.00	0.00	0.00	0.00
10 Mar 2023 20:33:10	-1000000015047466219876688855040.00	-1000000015047466219876688855040.00	-1000000015047466219876688855040.00	-100000002537764290115403776.0000	-1000000015047466219876688855040.00	-1000000015047466219876688855040.00	105.58	-	0.00	0.00	0.00	0.00	0.00	0.00	0.00	0.00	0.00	0.00	0.00	0.00	0.00	0.00	0.00	0.00	0.00	0.00	0.00	0.00	0.00	0.00	0.00	0.00	0.00	0.00	0.00	0.00	0.00	0.00	0.00	0.00	0.00	0.00	0.00	0.00	0.00	0.00	0.00	0.00	0.00	0.00	0.00	0.00	0.00	0.00	0.00	0.00	0.00	0.00	0.00	0.00	0.00	0.00	0.00	0.00	0.00	0.00	0.00	0.00
10 Mar 2023 20:33:11	-1000000015047466219876688855040.00	-1000000015047466219876688855040.00	-1000000015047466219876688855040.00	-100000002537764290115403776.0000	-1000000015047466219876688855040.00	-1000000015047466219876688855040.00	106.51	-	0.00	0.00	0.00	0.00	0.00	0.00	0.00	0.00	0.00	0.00	0.00	0.00	0.00	0.00	0.00	0.00	0.00	0.00	0.00	0.00	0.00	0.00	0.00	0.00	0.00	0.00	0.00	0.00	0.00	0.00	0.00	0.00	0.00	0.00	0.00	0.00	0.00	0.00	0.00	0.00	0.00	0.00	0.00	0.00	0.00	0.00	0.00	0.00	0.00	0.00	0.00	0.00	0.00	0.00	0.00	0.00	0.00	0.00	0.00	0.00
10 Mar 2023 20:33:12	-1000000015047466219876688855040.00	-1000000015047466219876688855040.00	-1000000015047466219876688855040.00	-100000002537764290115403776.0000	-1000000015047466219876688855040.00	-1000000015047466219876688855040.00	106.69	-	0.00	0.00	0.00	0.00	0.00	0.00	0.00	0.00	0.00	0.00	0.00	0.00	0.00	0.00	0.00	0.00	0.00	0.00	0.00	0.00	0.00	0.00	0.00	0.00	0.00	0.00	0.00	0.00	0.00	0.00	0.00	0.00	0.00	0.00	0.00	0.00	0.00	0.00	0.00	0.00	0.00	0.00	0.00	0.00	0.00	0.00	0.00	0.00	0.00	0.00	0.00	0.00	0.00	0.00	0.00	0.00	0.00	0.00	0.00	0.00
