Date-Time	Sc[0]	Sc[1]	Sc[2]	Sc[3]	Sc[4]	Sc[5]	Sc[6]	Sc[7]	Sc[8]	Sc[9]	Sc[10]	Sc[11]	Sc[12]	Sc[13]	Sc[14]	Sc[15]	Sc[16]	Sc[17]	Sc[18]	Sc[19]	Sc[20]	Sc[21]	Sc[22]	Sc[23]	Sc[24]	Sc[25]	Sc[26]	Sc[27]	Sc[28]	Sc[29]	Sc[30]	Sc[31]	Sc[32]	Sc[33]	Sc[34]	Sc[35]	Sc[36]	Sc[M]
Mar 10 2023 19:54:37	25189.8144531	42.5236206055	35.4718551636	27.0019664764	21.3701038361	24.3556938171	27.9466362	35.9311294556	44.5340881348	55.2798957825	65.8396606445	78.9519805908	92.4875640869	108.762619019	126.032585144	146.328460693	167.134292603	189.393066406	210.995574951	229.373428345	241.613357544	245.71661377	239.219100952	220.22895813	192.817642212	157.806549072	122.611404419	93.8393478394	71.7617492676	55.4291610718	44.2431297302	37.9920806885	33.7757568359	33.0094108582	32.53723526	32.4847869873	32.1504669189	0
Mar 10 2023 19:54:38	26645.7851563	65.2075119019	47.881313324	31.7837467194	24.3502883911	23.6050205231	22.7667064667	24.899017334	28.5030555725	34.4451751709	39.9765968323	46.9739532471	53.7759742737	62.5486297607	71.8782348633	82.7730407715	93.561126709	104.515228271	114.805625916	122.498443604	126.196556091	125.282081604	118.820487976	106.804344177	91.9432373047	74.1433486938	57.6285896301	44.6494903564	35.212562561	28.0561618805	23.3958091736	20.7211799622	19.0729007721	18.8182029724	18.9539909363	18.8739376068	18.9172325134	0
Mar 10 2023 19:54:39	23451.1640625	179.560775757	138.110290527	102.523658752	84.5257797241	76.2041473389	73.376701355	77.2392044067	85.6392288208	98.4626617432	114.9426651	134.565032959	155.416641235	179.015945435	206.797866821	237.320556641	269.189880371	299.743743896	326.871398926	347.119903564	355.411376953	350.995269775	329.930786133	294.668457031	251.612884521	201.970199585	156.119049072	121.040344238	95.1731872559	76.2088394165	63.0149078369	55.8074455261	50.8679389954	50.4017295837	50.7114906311	50.7268867493	50.5481796265	0
Mar 10 2023 19:54:40	22250.8183594	171.481262207	147.653900146	116.419204712	99.4577178955	92.5178833008	90.8172149658	91.596206665	101.847732544	115.802947998	134.876113892	154.603775024	177.884353638	203.799407959	234.707382202	267.451324463	301.810791016	334.736358643	363.787139893	384.373687744	392.399871826	385.118225098	360.182617188	320.360626221	273.112609863	219.421630859	170.415222168	134.081451416	107.794616699	88.2278213501	75.0079727173	68.0682296753	63.6130180359	64.1495132446	65.4320831299	65.822517395	66.0487976074	0
Mar 10 2023 19:54:41	22734.4667969	144.207229614	118.54019165	88.8786315918	75.0189361572	71.4134521484	71.5492706299	76.3381576538	87.459854126	101.870834351	118.626296997	137.961929321	160.361465454	186.144836426	215.82661438	247.457824707	281.333526611	314.367004395	343.777984619	366.36416626	375.810424805	373.427825928	352.21270752	316.463684082	272.175537109	221.193695068	172.93031311	135.817169189	107.686065674	86.910697937	72.5137634277	64.7858276367	59.4060516357	59.4724273682	59.7620658875	60.0281066895	59.9140090942	0
Mar 10 2023 19:54:42	21730.9824219	190.702362061	153.772918701	110.153617859	89.0041122437	79.7041397095	77.373085022	79.510017395	90.3800811768	103.641357422	120.890007019	139.776519775	161.003921509	186.265289307	215.446151733	247.615951538	282.77331543	318.735015869	351.350128174	380.491516113	398.884277344	405.880157471	393.254302979	364.018981934	321.628112793	267.860412598	212.148071289	166.424133301	129.960861206	103.604766846	84.6825256348	74.2209014893	66.7363891602	66.3746566772	67.1041717529	68.1445999146	69.3652572632	0
Mar 10 2023 19:54:43	21888.1777344	264.462585449	210.024719238	153.318618774	123.324455261	105.167709351	98.4195251465	96.9566421509	104.146018982	115.618255615	133.077941895	151.621551514	174.339614868	201.727645874	233.72644043	267.726348877	305.443267822	340.157104492	372.797790527	399.708984375	414.518371582	415.217285156	396.90246582	362.052307129	316.100158691	258.897674561	202.552963257	157.440933228	123.69808197	98.8715896606	81.5675354004	72.1787109375	65.7453918457	65.3066558838	65.86693573	66.1649093628	66.0718383789	0
Mar 10 2023 19:54:44	24890.46875	212.514755249	166.566589355	116.057228088	86.7393951416	71.216835022	62.8109703064	57.9457206726	58.3540840149	63.1172142029	70.770980835	79.9186859131	90.5956115723	104.248855591	119.8227005	137.073684692	156.186553955	175.600982666	193.735092163	208.835922241	218.220733643	219.628723145	211.163650513	193.073165894	168.323898315	137.651473999	107.971214294	84.6531066895	67.5669784546	54.8935394287	46.2216835022	41.6982727051	38.7160186768	38.9000320435	39.2468833923	39.2270889282	38.9793434143	0
Mar 10 2023 19:54:45	20642.8203125	201.726348877	166.493850708	121.382369995	94.9820785522	84.2259063721	84.1480178833	88.3922653198	98.5917739868	112.14516449	130.301345825	151.275039673	176.689834595	204.125228882	236.371063232	270.328887939	307.764770508	342.409332275	374.216888428	402.258880615	419.850494385	427.215789795	417.879364014	390.852722168	349.521453857	292.988098145	233.498474121	182.874694824	143.39213562	114.484657288	94.4978637695	83.4228363037	75.9429855347	75.3640975952	76.3904953003	77.1762542725	78.1435394287	0
Mar 10 2023 19:54:46	19406.8203125	304.422393799	243.069519043	176.0181427	141.578674316	125.818832397	122.882537842	124.681503296	138.216247559	154.695068359	178.28578186	205.159210205	237.498977661	271.666442871	312.780944824	357.455566406	407.293670654	451.579071045	490.822265625	522.449829102	537.971252441	536.083557129	510.721160889	467.076568604	409.200042725	338.345733643	266.076782227	208.10824585	162.475234985	129.679962158	106.293365479	93.8818740845	85.2414398193	85.5068206787	87.572593689	89.4942245483	91.5311508179	0
Mar 10 2023 19:54:47	20819.4335938	301.983734131	230.429412842	164.895996094	132.657104492	111.439445496	104.301712036	102.469932556	111.096313477	124.271316528	144.119903564	164.756134033	191.793899536	221.471130371	256.263214111	292.867126465	335.438323975	376.795410156	414.349365234	446.548553467	463.139251709	466.521118164	447.609771729	407.40713501	354.684020996	288.856872559	225.215682983	175.813110352	139.158050537	112.287780762	93.3336715698	83.4709091187	76.69947052	76.9253158569	77.9049453735	78.5901947021	79.1473693848	0
Mar 10 2023 19:54:48	24168.2070313	225.448776245	173.04750061	123.315788269	97.9172058105	81.4759674072	73.9627761841	70.2424926758	74.0831756592	80.9968185425	92.0140762329	104.078491211	118.525085449	135.363311768	155.2684021	176.551467896	200.520996094	223.423370361	244.508560181	261.729919434	271.38394165	271.615325928	259.791442871	236.726501465	206.188552856	168.376281738	131.517181396	102.740776062	81.6990203857	65.9153900146	55.1590423584	49.3762741089	45.4179878235	45.3786773682	45.4577789307	45.3364105225	44.7282562256	0
Mar 10 2023 19:54:49	24480.6914063	151.819671631	122.365379333	89.5257949829	72.1240692139	63.9835472107	60.9746246338	62.1229248047	68.0364685059	77.3294372559	89.1178588867	102.23840332	117.732139587	135.055709839	154.642547607	174.110214233	194.238311768	211.965774536	226.09513855	236.033813477	239.679397583	238.10319519	228.895431519	211.395339966	186.996887207	155.60144043	123.964134216	97.4796295166	77.1430511475	62.2011756897	52.0401153564	46.4422302246	42.797832489	42.7671012878	43.0514945984	42.9425468445	42.6214179993	0
Mar 10 2023 19:54:50	22070.9316406	308.311523438	245.688980103	177.345092773	143.0262146	122.864883423	115.294815063	112.539932251	120.599472046	132.980194092	150.488433838	169.990447998	193.786117554	220.388793945	250.571304321	280.334259033	310.55557251	333.708526611	351.288970947	361.290618896	363.111877441	359.423248291	347.814697266	323.381591797	288.433197021	239.264465332	189.096588135	147.291168213	116.224517822	93.6959457397	78.6286087036	70.5949401855	65.4357223511	65.9106369019	66.7673034668	67.2821578979	67.0902557373	0
Mar 10 2023 19:54:51	21819.2714844	191.2109375	162.61265564	129.762359619	113.308403015	101.598434448	98.3330917358	97.442276001	106.178764343	118.045692444	135.781326294	154.452560425	176.424468994	201.771179199	232.087692261	264.869293213	300.680053711	335.050476074	368.299346924	394.906066895	411.02734375	411.847473145	395.751953125	360.496887207	315.835479736	258.307128906	203.182983398	157.467346191	123.978904724	98.9673843384	82.7105484009	73.4196166992	67.4478912354	67.400894165	67.8774719238	68.7061538696	68.0296783447	0
Mar 10 2023 19:54:52	19906.828125	248.590393066	198.406158447	149.744659424	128.023590088	116.589485168	113.310203552	116.924346924	129.971481323	147.696594238	170.348678589	195.813400269	225.657989502	260.195861816	298.428070068	339.005859375	382.697937012	422.894836426	456.773284912	480.472839355	488.461334229	479.967041016	451.838287354	408.432800293	357.270294189	296.612579346	236.949279785	188.561462402	150.701431274	123.006141663	104.114227295	94.3485641479	87.6046981812	88.7230453491	90.2767944336	91.4245605469	91.5537109375	0
Mar 10 2023 19:54:53	21652.3769531	314.1875	256.94833374	192.394683838	157.777328491	131.701629639	117.294395447	107.830383301	112.11946106	120.943634033	136.489257813	152.160049438	171.833572388	193.882720947	221.535980225	251.032089233	283.309112549	312.724151611	339.221557617	359.20111084	367.58807373	363.433044434	344.567626953	311.578369141	271.474060059	223.659286499	178.607757568	142.340042114	115.155227661	95.5326004028	82.6405258179	76.0342636108	71.6370162964	72.3441772461	73.4052581787	72.9923553467	72.1033554077	0
Mar 10 2023 19:54:54	21516.6386719	324.788909912	249.758468628	175.255218506	131.368621826	106.25403595	95.5744247437	93.3359069824	97.7190170288	107.803375244	123.041305542	141.002182007	163.819046021	190.149856567	220.515182495	250.919174194	285.367614746	318.986053467	350.015899658	374.092132568	387.65927124	387.862426758	371.555938721	340.029052734	299.364135742	249.277679443	199.425262451	158.327972412	126.443992615	102.809547424	86.6158447266	78.0194396973	72.1719512939	72.6643066406	73.479675293	73.9312133789	73.8551177979	0
Mar 10 2023 19:54:55	23550.53125	223.883117676	173.389053345	122.350074768	95.8631973267	83.2483215332	77.9351577759	78.7928009033	86.4720306396	98.9082946777	114.287895203	131.372497559	150.772125244	172.009689331	197.055557251	223.588562012	251.061904907	277.180755615	298.537902832	312.262390137	315.86831665	308.771057129	290.181884766	262.024810791	228.133987427	188.29699707	149.085464478	117.568702698	92.8985519409	74.6689605713	62.1505508423	55.4316825867	50.7288131714	50.614944458	51.2302017212	51.3663711548	51.496257782	0
Mar 10 2023 19:54:56	22972.859375	166.76473999	141.806533813	111.623580933	97.4728240967	90.689201355	89.8581008911	90.2008743286	100.393859863	113.408821106	131.129135132	150.19392395	172.118408203	196.103622437	224.169998169	252.57699585	282.9480896	309.113037109	330.287658691	342.809234619	344.099700928	334.948303223	313.199401855	280.401611328	240.489746094	193.707519531	150.64289856	118.321426392	95.1185684204	78.2626419067	67.2106781006	61.6710395813	58.3358268738	59.0918884277	60.2483406067	60.0261993408	59.4795417786	0
Mar 10 2023 19:54:57	22654.7949219	329.66305542	256.884246826	179.83833313	138.122055054	112.548828125	98.9454040527	91.7811355591	95.5785751343	103.719680786	117.729751587	132.345169067	151.387557983	172.192214966	196.921569824	223.69708252	253.021789551	281.003875732	305.554534912	324.251495361	333.137969971	330.246337891	312.311584473	281.82699585	244.320114136	199.850830078	157.861099243	125.628166199	101.932983398	84.5431213379	72.9461517334	67.4662017822	63.773349762	64.7328720093	65.3710479736	65.2180099487	64.3915557861	0
Mar 10 2023 19:54:58	22629.9375	356.107666016	278.690765381	183.469360352	131.127883911	108.255096436	95.1817169189	88.533164978	92.7313842773	101.505752563	115.098472595	130.275695801	148.254135132	168.418792725	192.070251465	218.742233276	247.452560425	274.829559326	299.887023926	317.699859619	324.927520752	322.061737061	304.543609619	274.174438477	237.487213135	195.056060791	155.554138184	125.02191925	101.965538025	85.1140670776	74.0223770142	68.5582351685	64.7183914185	65.0880050659	65.5768203735	64.7576141357	63.9495697021	0
Mar 10 2023 19:54:59	25048.6054688	202.840408325	168.059158325	119.539268494	89.5105895996	71.9088821411	60.780506134	55.101852417	56.2540397644	62.3822097778	70.2699661255	79.4070205688	90.0966567993	102.878074646	117.082366943	133.270507813	150.609573364	168.989151001	185.736907959	198.88835144	205.240905762	205.129745483	194.93913269	175.861541748	150.845046997	121.936393738	94.9845962524	74.8531188965	60.3268127441	49.9088401794	43.0766868591	39.6022834778	37.3887062073	37.5084152222	38.2755203247	37.9458808899	37.8149490356	0
Mar 10 2023 19:55:00	20711.0214844	457.765289307	357.527496338	249.170928955	190.664489746	158.395935059	142.268341064	132.667877197	135.736419678	145.047134399	162.196166992	182.066162109	208.410614014	237.672821045	272.88381958	309.000457764	351.281433105	388.467651367	423.002258301	450.568908691	463.132049561	460.565368652	436.611450195	393.828369141	338.426147461	272.437591553	210.080307007	163.539657593	129.94303894	105.746017456	89.2597427368	81.070640564	75.3984069824	76.0185089111	77.4751663208	78.124671936	78.4184112549	0
Mar 10 2023 19:55:01	22121.5390625	290.663238525	228.769760132	164.463256836	131.219421387	109.56072998	99.7561721802	95.6873474121	99.5233383179	107.611473083	122.29447937	138.853027344	158.973068237	182.034957886	209.824447632	238.985183716	272.220703125	304.175079346	334.771270752	359.904693604	375.671447754	378.602722168	365.656555176	335.481781006	294.395812988	241.569244385	189.605987549	147.966781616	117.332580566	94.3109359741	78.9719619751	70.470703125	65.3376159668	65.2091140747	66.3734512329	66.5466537476	66.7393875122	0
Mar 10 2023 19:55:02	23655.6464844	253.612503052	187.585479736	129.472198486	104.586547852	90.127571106	81.538192749	76.8617630005	80.3461685181	87.7436141968	99.7027053833	112.082633972	126.234054565	142.996398926	163.766479492	186.513458252	212.021697998	237.983459473	261.638977051	281.35949707	292.709503174	294.287902832	282.645874023	257.185424805	223.84526062	182.322738647	142.878097534	112.012748718	89.7611312866	72.8905181885	61.5110359192	55.2089767456	51.376663208	51.1568870544	51.9155235291	51.5101165771	51.0456848145	0
Mar 10 2023 19:55:03	21153.7441406	506.813568115	379.980102539	243.270767212	167.172363281	127.115966797	106.890762329	97.1753845215	100.482398987	107.911529541	121.754203796	137.000350952	156.72164917	179.603912354	207.000228882	235.722427368	268.068115234	299.555450439	328.387756348	352.240600586	365.382904053	367.014831543	351.024505615	320.47756958	280.345153809	232.245574951	185.983001709	149.141586304	121.632713318	101.443695068	88.2037811279	81.7390670776	77.8021697998	79.2368392944	81.0080337524	81.2668380737	80.9043655396	0
Mar 10 2023 19:55:04	22501.4257813	254.29335022	209.290893555	152.243255615	120.385131836	100.891418457	93.5687942505	89.5768280029	96.1567459106	105.789276123	121.134048462	136.701721191	156.580337524	177.737548828	204.1978302	232.199005127	263.307556152	293.001190186	321.272216797	342.484893799	353.368835449	351.20010376	333.695495605	301.847595215	262.562988281	215.32244873	170.701690674	135.361862183	108.882301331	89.2227478027	76.2470703125	69.1238861084	64.7894058228	65.0356369019	65.8475265503	65.4539337158	64.7560119629	0
Mar 10 2023 19:55:05	24026.5019531	256.349395752	198.960845947	130.599884033	94.5908432007	76.2490234375	68.5710754395	62.8007125854	66.3908462524	73.2958297729	84.2221908569	96.7596282959	111.31224823	126.826225281	145.100280762	164.751373291	186.481918335	207.293823242	226.733856201	239.857635498	247.127044678	244.914169312	232.126358032	210.477706909	184.639923096	153.28276062	123.41947937	99.4647750854	81.4832687378	67.9868927002	59.2932128906	54.8714447021	52.2136001587	52.5298614502	53.0844192505	52.2959289551	51.0513305664	0
Mar 10 2023 19:55:06	20615.9746094	350.605407715	278.055480957	197.116485596	155.151931763	130.229003906	118.443527222	109.779411316	115.04208374	124.620101929	141.521255493	159.865631104	181.652267456	205.686645508	235.522369385	267.724914551	303.192840576	337.592590332	370.0440979	394.00894165	407.747802734	406.535400391	388.332733154	353.966369629	310.784393311	257.99810791	206.926467896	165.659042358	134.479751587	111.38167572	96.2437591553	88.3667297363	83.2785339355	83.8114013672	85.1348495483	84.7178955078	84.0602340698	0
Mar 10 2023 19:55:07	21107.6855469	297.427886963	245.480178833	181.712081909	147.62802124	122.125762939	112.44985199	105.963157654	110.423744202	117.865325928	133.910598755	151.581756592	174.276062012	199.506637573	230.764846802	262.625579834	298.940460205	332.603393555	364.419281006	390.023742676	405.134033203	406.53894043	391.009033203	358.043029785	315.320953369	262.194396973	209.282028198	165.945953369	132.49307251	107.863204956	91.1900558472	82.3900375366	76.4245300293	76.5801544189	77.5091552734	77.3789672852	77.0117492676	0
Mar 10 2023 19:55:08	23875.9394531	453.135467529	353.821258545	242.298828125	174.258300781	127.097488403	100.695877075	83.2432250977	76.3913574219	73.1448822021	75.8964920044	83.2645492554	95.4886703491	109.834434509	126.973358154	144.551635742	164.144775391	181.586288452	197.767944336	209.625732422	215.395065308	214.699462891	204.415466309	186.558761597	164.339309692	137.451797485	110.951080322	90.3874053955	74.8190307617	64.2672042847	57.3823051453	54.6661720276	52.7598686218	54.4801216125	54.9825553894	54.7276535034	53.3993682861	0
Mar 10 2023 19:55:09	22801.1210938	331.102020264	262.042938232	182.12336731	137.927322388	111.487052917	98.7665405273	91.5404052734	95.6761322021	102.884338379	116.680603027	131.642150879	150.404052734	170.846862793	195.098968506	221.475662231	250.924133301	278.535095215	304.974578857	324.482330322	335.797973633	335.363891602	320.606658936	290.693969727	253.769393921	208.069412231	164.678207397	129.838485718	103.879798889	84.6397094727	71.8914642334	65.0906143188	60.9779434204	61.3552055359	62.151512146	62.1441764832	61.7345352173	0
Mar 10 2023 19:55:10	22938.6035156	137.420455933	113.06149292	82.7210922241	69.3020629883	66.11693573	68.5602264404	73.1859512329	85.0529174805	99.611038208	117.918678284	137.301132202	158.934677124	182.821548462	209.77204895	239.541549683	269.814819336	299.34362793	325.691955566	343.702758789	353.03326416	349.747894287	332.801391602	301.364929199	263.851257324	217.469314575	172.125473022	134.48916626	106.263977051	84.8231277466	70.5134353638	61.9493408203	57.0096855164	56.4112205505	57.2078018188	57.2232666016	57.0912361145	0
Mar 10 2023 19:55:11	21109.6738281	214.238021851	181.412445068	138.922470093	115.370071411	101.753753662	100.12713623	103.235664368	114.303573608	130.605270386	151.77633667	177.448486328	206.918518066	238.400695801	275.07333374	314.980895996	357.322113037	395.925079346	431.595031738	456.609344482	468.159820557	462.368499756	437.304199219	393.897125244	341.323394775	278.925109863	219.5493927	172.575698853	136.933624268	110.149330139	91.9887237549	81.9520339966	75.5032424927	75.3955001831	75.971031189	76.4956436157	76.3658905029	0
Mar 10 2023 19:55:12	22195.2597656	226.51789856	189.484237671	141.570709229	119.118843079	104.148490906	100.411125183	97.123336792	104.918052673	114.760307312	131.897216797	150.021011353	172.862579346	196.697555542	225.13999939	256.486694336	290.539611816	322.365905762	351.701385498	373.518554688	384.949157715	382.182647705	363.026245117	327.82901001	284.879302979	231.728149414	181.731338501	142.368530273	113.907089233	92.5129852295	78.357963562	70.6125946045	65.9800949097	66.5123291016	67.5448379517	67.9276046753	67.5154800415	0
Mar 10 2023 19:55:13	23485.8515625	258.857421875	206.826187134	143.540176392	108.606163025	88.1832885742	80.5383224487	75.4138641357	79.8673400879	87.7305603027	100.551811218	114.215263367	130.62689209	148.141906738	168.874481201	192.072067261	217.39805603	242.192672729	265.025878906	281.3543396	290.863769531	290.219543457	276.370300293	251.133377075	219.463653564	179.761276245	142.19972229	112.742935181	91.0872421265	74.6237106323	63.6126823425	57.7035827637	54.2178115845	54.7762374878	55.4311180115	55.5278320313	54.8132896423	0
Mar 10 2023 19:55:14	22860.578125	218.012573242	175.555389404	127.411003113	103.522705078	90.6080780029	86.9460296631	85.2719268799	92.4261932373	102.877662659	118.686462402	135.480316162	155.887832642	176.955154419	202.763458252	230.860641479	261.693786621	290.543823242	318.286437988	339.118774414	350.471038818	348.431518555	331.070007324	297.224395752	255.743774414	205.718597412	160.311782837	125.669975281	101.207801819	82.4347915649	70.3933334351	63.7851486206	60.1051292419	60.3623313904	61.5315284729	61.4411849976	61.090637207	0
Mar 10 2023 19:55:15	24169.4902344	120.76700592	105.516036987	84.1267547607	73.4567337036	65.9854125977	66.8542480469	68.7618255615	77.7887268066	89.6141815186	104.951217651	121.152641296	140.109115601	160.714889526	184.933258057	209.377700806	235.70425415	259.905609131	280.606506348	294.25378418	298.775970459	292.36151123	273.09753418	243.224243164	207.462234497	165.991851807	128.165420532	99.7857894897	79.516456604	64.0511779785	53.815826416	48.184223175	44.9112548828	44.447467804	45.3436203003	44.8549499512	44.5894851685	0
Mar 10 2023 19:55:16	25858.2734375	125.168563843	104.400337219	66.9677200317	46.5565872192	38.3849716187	37.2645072937	32.0378570557	35.8857650757	40.556098938	47.9768028259	55.2173843384	63.9339294434	72.4782943726	82.7630386353	94.0420227051	106.093444824	118.679801941	130.565536499	139.074829102	143.871414185	143.599121094	136.841888428	123.922935486	108.462562561	89.9468383789	72.1973953247	58.1840438843	47.5802574158	39.4330596924	34.217956543	31.234128952	29.8474311829	29.800994873	30.481924057	29.9292812347	29.5399971008	0
Mar 10 2023 19:55:17	25076.8789063	152.230148315	130.116226196	97.5757904053	80.0970077515	67.5833816528	63.0788116455	57.1227416992	60.3974342346	65.2816390991	74.4611358643	83.7672119141	95.9776535034	107.74659729	122.92061615	139.762451172	157.88293457	175.693222046	193.138381958	205.689041138	212.910766602	212.577163696	202.654769897	183.382827759	158.212783813	127.964996338	99.6086425781	78.1340026855	62.7703552246	51.0592269897	43.3109855652	38.9668655396	36.6625404358	36.4706459045	37.2919120789	36.8852157593	36.6182518005	0
Mar 10 2023 19:55:18	25780.546875	96.3322067261	75.2942047119	53.6261291504	43.1417617798	39.0836677551	37.2705039978	39.0180854797	44.0687255859	51.3342819214	59.2724494934	69.413269043	80.3174209595	93.2210159302	107.193206787	122.482261658	138.697921753	155.024749756	169.529006958	181.795074463	188.232498169	188.217193604	179.76322937	162.551437378	139.956375122	112.724014282	87.0269317627	67.3030014038	53.0037231445	42.1007385254	34.8812026978	30.6877574921	28.4132785797	27.6926898956	28.1030063629	27.395942688	27.202545166	0
Mar 10 2023 19:55:19	22744.2988281	261.558868408	211.371780396	156.944854736	128.126907349	107.560188293	97.484336853	90.1095733643	93.7124557495	100.975898743	114.208091736	128.311630249	146.186599731	165.740005493	189.592926025	215.609390259	244.619949341	271.915527344	297.498901367	317.878997803	328.198486328	326.441467285	308.544799805	276.828399658	237.5987854	192.372589111	151.172409058	120.690872192	98.4351577759	81.2330322266	70.0333251953	63.9548683167	60.7000579834	60.6565208435	62.2832946777	61.1779556274	60.7545928955	0
Mar 10 2023 19:55:20	26734.9863281	98.5480651855	78.4436264038	55.336971283	41.8126602173	34.4542312622	30.4440612793	28.7324829102	31.3722877502	35.6449813843	40.5194549561	45.4841957092	51.4622688293	58.0034332275	65.5079345703	74.0038604736	82.8937301636	91.4248886108	99.0691680908	104.454421997	106.336196899	103.854103088	96.8934860229	85.859375	72.7634506226	58.2325248718	45.4037513733	36.2463912964	29.7153148651	24.4993038177	21.363161087	19.6195106506	18.9695587158	18.8931312561	19.5478839874	19.0047912598	18.8811473846	0
Mar 10 2023 19:55:21	22530.4121094	188.583969116	156.106155396	114.120689392	89.6680603027	78.0883712769	75.5492172241	76.9407119751	84.3744506836	95.2488021851	110.349403381	127.4453125	147.823883057	171.246780396	197.819992065	227.486663818	258.822967529	290.520019531	319.596038818	344.049072266	357.700836182	359.550323486	343.346099854	313.068603516	272.068939209	222.804168701	174.69052124	137.416107178	109.526306152	88.9824447632	74.5155181885	66.7369384766	61.4867477417	61.2867774963	62.3995628357	62.2702598572	62.4900665283	0
Mar 10 2023 19:55:22	21746.6542969	246.096664429	195.013763428	146.294189453	120.291915894	104.268424988	99.236579895	99.191619873	106.962738037	120.344032288	138.008148193	158.359436035	184.327697754	212.544509888	245.583114624	281.002380371	320.359802246	355.125213623	389.198791504	414.237365723	427.22265625	424.678405762	402.247680664	361.318359375	309.618225098	248.869873047	192.928085327	150.981307983	120.665153503	97.6092681885	82.0205841064	73.5335006714	67.9450531006	67.8871994019	68.9123916626	68.9356384277	68.9511413574	0
Mar 10 2023 19:55:23	25397.8554688	124.828392029	96.1909561157	64.1591873169	48.5005607605	43.2955131531	40.9993095398	42.0601844788	46.8505096436	54.6022033691	63.7694740295	73.2854003906	84.3793029785	97.165763855	111.979682922	128.465530396	145.83682251	162.612319946	178.343963623	190.347122192	196.397033691	194.275650024	182.50328064	162.178222656	136.682037354	108.277671814	83.0864181519	65.6041793823	53.5670127869	44.4614219666	38.5853271484	35.8689041138	34.2422523499	35.0828437805	35.6361045837	35.7490310669	35.3258628845	0
Mar 10 2023 19:55:24	26995.4550781	40.3151512146	33.4646644592	24.3166866302	18.9917964935	18.8021812439	17.81640625	19.2751617432	22.4214878082	27.4883079529	32.0443916321	37.2285232544	42.1827850342	48.6491851807	55.4904136658	63.910987854	72.0367431641	80.6734390259	88.6308746338	94.5055465698	97.5326538086	97.1383056641	91.7486343384	82.0781402588	69.7106246948	55.7223739624	43.0110588074	33.9605674744	27.4833106995	22.6651191711	19.4309082031	17.8050746918	16.9172363281	17.1540775299	17.3653964996	17.3686618805	16.5118598938	0
Mar 10 2023 19:55:25	23122.0117188	200.86050415	166.826675415	129.808334351	106.77130127	91.9188690186	84.0688018799	79.968460083	83.2834854126	91.4322280884	104.130058289	118.311386108	134.612243652	153.475418091	175.93927002	201.580688477	228.075439453	255.58631897	280.275726318	300.367126465	310.492492676	309.417449951	293.641784668	265.438995361	229.51499939	186.808822632	146.815719604	117.032783508	95.2903518677	78.9142913818	67.6494216919	62.3331375122	58.6909675598	59.9912490845	60.5939331055	60.9710769653	60.2644882202	0
Mar 10 2023 19:55:26	23377.4414063	215.477432251	172.47895813	132.394256592	110.727363586	95.8940429688	88.2311401367	84.8188247681	90.3902740479	100.293067932	114.345359802	129.664413452	147.860870361	169.285812378	193.765365601	220.069839478	248.027938843	274.938110352	299.691833496	316.931549072	324.433135986	319.457977295	299.976409912	267.696502686	228.837646484	183.413314819	142.738708496	112.634429932	91.4209671021	75.020652771	64.5284576416	59.4587936401	56.2234802246	57.2606506348	57.7856369019	58.09217453	56.111907959	0
Mar 10 2023 19:55:27	22262.421875	234.286270142	193.428344727	153.656463623	134.064285278	113.718315125	102.203262329	94.4522323608	97.8990478516	104.973403931	118.877258301	133.234741211	150.747116089	172.053848267	197.345901489	224.411911011	254.926422119	285.713195801	313.835418701	336.582061768	349.369293213	349.617675781	334.182189941	303.143218994	263.734527588	215.269744873	169.461715698	134.489822388	109.445007324	90.4233016968	77.8270797729	71.4326705933	67.4107589722	68.4582595825	69.4328689575	69.6279678345	69.0737304688	0
Mar 10 2023 19:55:28	25319.359375	113.942893982	86.8092956543	60.6459083557	48.9928703308	45.170425415	43.9058685303	46.6202201843	52.5755653381	60.7305183411	70.4528503418	81.9686050415	94.8809890747	109.507598877	126.625984192	144.693328857	164.682373047	183.260192871	199.635223389	212.760742188	218.372329712	215.671508789	202.465499878	180.875946045	154.847732544	124.86026001	97.0878067017	76.2047195435	60.8900184631	49.2367210388	41.2371864319	36.8503761292	33.9337730408	33.588470459	33.5914382935	33.1640586853	32.7329521179	0
Mar 10 2023 19:55:29	22246.5273438	173.166534424	144.694549561	115.167854309	98.397605896	91.4046630859	91.601020813	95.0326156616	104.791152954	119.105331421	138.17539978	159.868392944	184.027175903	212.037963867	244.671279907	279.732696533	317.099456787	353.073394775	383.89364624	407.168151855	416.194030762	411.162658691	386.807830811	347.970184326	299.731170654	243.631408691	189.332946777	147.653717041	116.590133667	93.9489822388	77.8405685425	69.3411483765	63.4799690247	63.4067077637	63.9697113037	64.2699508667	64.2993392944	0
Mar 10 2023 19:55:30	22670.2402344	128.132827759	102.245300293	75.5575485229	63.7882080078	59.2519950867	60.5770225525	67.518447876	77.9062957764	91.6775970459	107.852516174	127.19732666	149.511871338	174.22038269	202.564193726	233.466537476	266.992614746	300.849700928	331.93850708	357.58581543	372.275482178	374.201751709	358.112670898	326.729827881	284.076416016	232.718048096	182.611251831	143.046661377	112.937339783	90.8748016357	75.328338623	66.9778900146	61.1020698547	60.816783905	61.0858039856	61.0392723083	60.8035964966	0
Mar 10 2023 19:55:31	25749.6894531	72.2790756226	62.927116394	48.351348877	39.8737182617	36.0311660767	33.7495651245	35.0202140808	39.9283103943	46.8764381409	54.4124946594	63.3037223816	72.693901062	83.924369812	96.2308731079	109.75491333	124.030593872	139.062072754	152.198638916	162.040786743	167.37071228	167.087142944	159.354385376	145.917892456	128.469299316	107.110351563	85.7083435059	68.2219085693	54.3580131531	43.9564323425	36.7203407288	32.6933860779	30.085931778	29.71692276	29.9557971954	29.606420517	29.5228691101	0
Mar 10 2023 19:55:32	24783.578125	195.710861206	148.682388306	105.077919006	84.6227264404	71.77003479	64.6150436401	60.7503662109	64.0005722046	70.0087814331	79.856048584	90.3160552979	102.25340271	115.762237549	132.648361206	150.960037231	170.506637573	188.570388794	205.862243652	218.669235229	224.458099365	221.651046753	208.280029297	185.817276001	159.303329468	128.878799438	101.51348114	81.2621917725	66.5863342285	55.2987213135	47.8673973083	44.0999336243	41.8615837097	42.3551216125	43.1699104309	42.7991676331	42.1573028564	0
Mar 10 2023 19:55:33	21460.7382813	272.837280273	220.129135132	164.361312866	134.113342285	116.700775146	107.162742615	102.653869629	108.019790649	118.967124939	134.825927734	153.66734314	176.759750366	202.900909424	233.474411011	266.864257813	303.386230469	337.789093018	369.008544922	394.305664063	406.827789307	404.134857178	382.15246582	344.355712891	296.419464111	241.271347046	189.697875977	151.230529785	121.967147827	100.011695862	84.1587219238	76.2961730957	70.2915115356	70.8932266235	71.3577194214	71.7832489014	71.6348724365	0
Mar 10 2023 19:55:34	19594.1464844	335.33883667	274.486053467	204.539749146	165.397613525	140.825576782	130.618988037	125.79234314	134.52293396	146.953720093	167.433654785	189.522323608	219.485794067	252.626205444	292.322479248	333.791229248	380.845947266	425.788879395	468.050598145	503.641601563	523.20300293	523.88671875	498.797485352	450.582519531	388.085266113	314.435791016	244.52482605	192.85319519	154.516784668	126.038581848	105.390670776	95.4347457886	88.1871261597	89.254486084	91.2269592285	92.7370071411	93.6918106079	0
Mar 10 2023 19:55:35	22190.015625	310.940002441	245.824905396	173.857711792	134.497436523	111.208183289	99.5245437622	96.967414856	102.528396606	112.872001648	128.485870361	146.73677063	168.734710693	193.401611328	223.419189453	254.981887817	289.744445801	321.529998779	350.756988525	374.503845215	386.286346436	383.29586792	363.870056152	328.958282471	285.646728516	233.3697052	182.619400024	142.767593384	113.343345642	90.8896560669	75.5151672363	67.0705337524	61.5133209229	60.8004417419	61.7013702393	61.5341644287	61.9205093384	0
Mar 10 2023 19:55:36	22706.6523438	219.546966553	177.517349243	130.854751587	105.358718872	93.2509918213	89.1344528198	89.6529464722	97.9596786499	111.047660828	129.146362305	149.168518066	171.323043823	197.056167603	227.512161255	260.417419434	296.573516846	330.788452148	361.484771729	386.031097412	397.706939697	394.570953369	372.430847168	336.074615479	289.941802979	235.80116272	182.91494751	141.703094482	110.589538574	87.6561660767	71.2400283813	62.5261917114	56.0977745056	55.2687835693	55.2467269897	55.261302948	55.255531311	0
Mar 10 2023 19:55:37	25477.5527344	134.362365723	113.215888977	79.2874069214	57.4055557251	46.7386550903	43.1601524353	42.8873558044	47.8266677856	55.1822319031	64.1932067871	74.1259536743	85.4696731567	97.6574783325	112.364761353	127.968589783	144.591842651	161.417678833	176.256820679	187.585800171	192.8409729	191.02784729	180.312332153	162.746276855	140.879547119	115.290634155	90.4193115234	71.1414642334	56.4766349792	45.7044219971	38.0826873779	34.1832351685	31.4207878113	31.2797489166	31.6006755829	31.456199646	31.4935321808	0
Mar 10 2023 19:55:38	24396.6640625	149.287658691	122.905975342	92.1886749268	76.3439407349	67.2978286743	64.4173355103	63.0943145752	69.0074310303	77.2032165527	88.6013641357	101.020980835	115.754737854	131.244766235	150.145080566	171.070953369	193.231552124	214.318450928	233.848114014	248.458618164	255.640823364	253.28894043	239.547851563	215.620010376	185.77935791	150.694839478	117.585166931	92.6416931152	74.4562759399	60.9728813171	51.9121284485	47.34815979	44.359539032	44.7133178711	45.4203071594	45.214756012	44.8944549561	0
Mar 10 2023 19:55:39	24639.1621094	135.425582886	105.446647644	79.1510772705	65.1308135986	59.565322876	58.3088150024	61.2974472046	68.5995101929	79.6783370972	93.2870635986	107.909591675	123.94153595	142.263900757	163.584060669	186.562408447	210.593032837	232.998931885	252.603027344	267.454193115	273.428863525	269.434906006	253.360946655	227.445846558	194.944076538	156.852233887	120.813117981	93.5698852539	73.6934814453	59.0333824158	49.0024147034	43.654586792	40.0595779419	39.7184562683	40.0984268188	39.9800453186	39.7339172363	0
Mar 10 2023 19:55:40	26172.3730469	114.167495728	90.260345459	61.5037956238	47.8691940308	43.7835083008	40.6203804016	37.9880104065	41.8623123169	47.5741157532	55.1571311951	61.6099243164	69.1550827026	77.3740768433	87.802116394	99.1408004761	111.543403625	123.538162231	135.149230957	143.415100098	147.833602905	145.891998291	137.673477173	122.975524902	104.767715454	83.8177032471	64.6583404541	50.8514518738	41.2979049683	34.0951881409	29.4059696198	27.0276069641	25.7215995789	25.9608364105	26.519071579	26.3620319366	26.1388912201	0
Mar 10 2023 19:55:41	24215.3417969	195.081695557	162.404846191	125.353477478	103.154693604	85.4021530151	76.9517593384	72.3721160889	74.8594741821	81.3779296875	92.0961151123	103.320358276	117.092475891	133.13949585	152.042922974	174.197265625	196.900817871	219.108810425	239.9609375	254.26991272	260.864105225	256.794769287	241.171096802	214.525680542	183.585678101	147.654266357	115.901557922	91.9839324951	75.5483551025	62.4627799988	54.372505188	50.0318908691	47.710609436	48.7223739624	49.1781578064	49.3831977844	46.2457084656	0
Mar 10 2023 19:55:42	24860.46875	231.464889526	187.121063232	139.128601074	110.160301208	86.7214431763	73.001121521	64.837928772	64.8589401245	68.7954483032	76.2375335693	84.3062133789	94.6387634277	106.673072815	122.022323608	138.949554443	157.331268311	175.502365112	191.987487793	205.739105225	212.689254761	212.441314697	202.016693115	183.049545288	159.033843994	130.108947754	102.563674927	81.6527481079	66.3652038574	55.0723266602	47.3364906311	43.6998138428	41.1563339233	42.1068954468	42.2844352722	42.4321098328	40.1010780334	0
Mar 10 2023 19:55:43	24095.9609375	189.609329224	157.61680603	117.284179688	94.1531143188	81.1137161255	74.4698638916	70.6708145142	74.1891403198	81.2878799438	92.4519042969	104.457290649	117.883621216	134.361801147	153.492553711	175.287521362	197.400527954	221.691223145	243.105865479	260.252197266	270.419281006	270.740875244	259.879760742	237.034255981	207.195678711	169.855819702	133.614318848	104.997314453	83.8449859619	67.9041824341	57.2206764221	51.5400009155	48.0198059082	48.262752533	48.5285758972	48.4291114807	47.8189201355	0
Mar 10 2023 19:55:44	22855.3144531	266.355224609	213.255187988	153.599990845	121.742164612	103.814910889	96.587638855	88.9786300659	91.7710113525	99.2411117554	111.826942444	125.680358887	143.302200317	163.696685791	188.388061523	214.637481689	244.349761963	271.952514648	298.507354736	319.265136719	330.895812988	331.042938232	315.53024292	286.437866211	249.128540039	203.452011108	159.82472229	125.989570618	101.24646759	82.929397583	70.6812973022	64.3312530518	60.188911438	60.8483581543	61.4871826172	61.4512939453	59.9749946594	0
Mar 10 2023 19:55:45	25731.7851563	101.853507996	79.2931060791	55.2887191772	44.1937026978	41.8785476685	39.9211578369	42.8077316284	48.9720573425	57.5918121338	67.4667663574	78.5204162598	90.4062271118	104.604446411	120.007736206	137.239212036	154.335723877	170.472549438	184.511138916	193.556488037	195.737731934	190.799682617	176.744491577	155.655502319	131.198806763	104.085792542	79.7546081543	62.2241477966	49.8114929199	40.4721946716	34.3121566772	31.1083831787	29.1175136566	29.3094081879	29.6806793213	29.6652011871	29.460111618	0
Mar 10 2023 19:55:46	24074.1347656	136.346191406	116.115280151	90.9746551514	77.5182800293	69.9644775391	68.1449127197	68.4081726074	74.9814682007	84.4237213135	97.3659057617	110.91305542	127.79510498	146.268066406	167.651367188	190.121948242	214.77293396	236.752853394	255.703765869	270.353210449	276.609436035	274.66809082	262.420837402	239.202728271	208.491241455	170.129241943	132.478805542	103.1902771	81.9091186523	66.4257202148	56.1959686279	51.0245628357	47.5785369873	48.168636322	48.7108573914	48.8430633545	48.3174133301	0
Mar 10 2023 19:55:47	22250.1796875	250.894332886	209.528305054	163.335968018	132.439163208	109.914642334	99.0155487061	95.4325332642	101.142356873	111.773994446	128.289093018	146.841522217	168.318023682	193.112289429	222.745697021	255.018280029	289.596374512	323.527679443	354.491638184	380.125823975	393.642425537	394.799468994	377.593505859	344.771728516	301.511291504	247.819778442	194.525894165	151.813873291	119.326637268	95.4258728027	78.9274368286	70.2047653198	64.2209701538	64.3825302124	64.7236404419	65.1591033936	65.0299987793	0
Mar 10 2023 19:55:48	24172.8339844	305.030609131	239.431762695	169.774429321	131.890335083	110.682395935	99.8300323486	95.3204040527	99.4490280151	107.638526917	120.776573181	134.767868042	152.011947632	170.848129272	191.936752319	211.160415649	228.76625061	239.173934937	243.115097046	239.656906128	229.431427002	216.927703857	202.980194092	185.996612549	165.265060425	137.888031006	110.564468384	88.5675201416	72.4152297974	61.0312194824	53.6270179749	50.5994338989	48.6873626709	50.265411377	50.8299789429	50.843208313	49.2884178162	0
Mar 10 2023 19:55:49	23852.2402344	164.073440552	131.152282715	94.432975769	76.0210113525	68.6953735352	65.8729553223	68.5074539185	77.3564147949	89.8263092041	104.024078369	120.402687073	138.354553223	157.900421143	180.246124268	203.566146851	227.085586548	248.434127808	265.159667969	277.962402344	282.941192627	280.908752441	269.312652588	247.219268799	217.304733276	179.339019775	141.207290649	110.346542358	87.0168075562	70.3458938599	58.9265937805	52.7923927307	48.7664604187	49.0084266663	49.3364219666	49.6388511658	49.5626029968	0
Mar 10 2023 19:55:50	22942.6328125	200.320266724	157.688751221	109.302772522	85.7704162598	75.8433151245	73.3884658813	75.7141799927	84.1582107544	95.2170562744	109.779327393	126.229049683	146.816619873	168.935409546	194.33644104	221.042694092	250.904174805	278.668914795	302.586639404	320.730926514	329.751495361	327.085876465	311.063293457	281.295684814	244.500061035	200.553894043	159.105712891	126.426132202	101.198806763	82.3624038696	69.3635101318	62.4778823853	57.8497886658	58.1243629456	58.7764053345	58.905960083	58.8813171387	0
Mar 10 2023 19:55:51	21168.6113281	173.606567383	147.056259155	115.01625061	100.366775513	93.3050994873	92.9547119141	94.52368927	105.685714722	120.172698975	139.342971802	160.295120239	184.120544434	209.955078125	239.652557373	272.42288208	306.354064941	339.582458496	367.081054688	389.028717041	400.494628906	401.057922363	386.435821533	356.914367676	316.225494385	263.07409668	209.328659058	165.52456665	132.120635986	107.358695984	90.2450256348	80.9755096436	75.0558013916	75.4895706177	76.8505935669	77.6105117798	78.110458374	0
Mar 10 2023 19:55:52	22833.2714844	167.627807617	141.57194519	110.405067444	92.5374908447	83.7518234253	80.2746200562	79.2838363647	87.2478408813	98.161277771	113.679824829	130.214492798	147.555908203	167.288894653	190.297302246	213.65637207	238.809326172	262.106231689	280.00982666	294.844940186	302.717987061	303.770507813	294.867675781	274.019195557	244.506896973	205.413574219	165.174530029	131.54246521	105.357887268	85.9633102417	72.4859542847	65.2898025513	60.4775352478	60.7239761353	61.3719062805	61.5716819763	61.6365737915	0
Mar 10 2023 19:55:53	24024.0898438	176.600006104	145.029953003	110.444519043	91.7442169189	78.5875015259	75.2247238159	77.2866668701	84.9869613647	95.3503265381	109.484985352	124.147277832	143.215667725	162.423751831	184.100875854	203.904571533	222.538986206	234.991485596	240.35710144	240.145004272	232.608062744	222.274353027	209.922302246	194.432357788	175.166290283	148.820587158	121.687309265	98.2580490112	79.5471572876	66.0252075195	56.7911911011	52.1993751526	49.1735534668	49.9114952087	50.5272216797	50.4346923828	50.0549926758	0
Mar 10 2023 19:55:54	23869.3359375	138.652587891	111.344970703	80.5554046631	63.4985961914	57.7189979553	55.7162971497	57.4915885925	65.605506897	75.5112228394	87.0662460327	100.31098938	115.145431519	132.286972046	150.713439941	170.309295654	190.123413086	209.841308594	225.833190918	237.715637207	243.142303467	244.329391479	237.143692017	222.517471313	200.737884521	171.016494751	138.836883545	110.999153137	88.3248214722	71.946395874	60.2934761047	53.9589347839	49.5449028015	49.8138046265	50.1730117798	50.3201980591	50.3437194824	0
Mar 10 2023 19:55:55	19695.9511719	244.844802856	187.07093811	130.332855225	96.3792877197	83.6099700928	82.4582748413	90.9969711304	102.464942932	118.613998413	136.159912109	158.230560303	185.802459717	216.34223938	249.789550781	283.387084961	319.475646973	353.273681641	380.515777588	401.596923828	409.768707275	407.622131348	390.192077637	360.585876465	320.766387939	272.390594482	222.111053467	180.704223633	146.773422241	122.830474854	105.732368469	97.9109420776	91.7971191406	94.5285491943	95.8077545166	97.2707366943	97.4281845093	0
Mar 10 2023 19:55:56	24534.1660156	80.4574966431	62.581161499	43.2571640015	32.2341880798	27.3094673157	28.4310703278	33.2741889954	39.4351387024	46.8110466003	54.5071716309	63.6513137817	76.3245544434	90.6129455566	106.137634277	122.089920044	139.669998169	156.872787476	171.957458496	185.516326904	193.239440918	195.697570801	190.336837769	177.997268677	160.173706055	137.090621948	112.497558594	91.5096054077	74.0973510742	61.463432312	52.3404808044	47.744052887	44.2824935913	45.0856819153	44.7876358032	45.0222854614	44.4439468384	0
Mar 10 2023 19:55:57	22125.8300781	212.459594727	174.110534668	124.398551941	95.1450576782	82.6607589722	76.0410461426	74.1647872925	78.8108978271	86.2062454224	98.015007019	111.643356323	126.775230408	144.337158203	165.757095337	188.367080688	212.413421631	235.505096436	254.682296753	271.51940918	280.854522705	284.971130371	279.308685303	264.809631348	242.052078247	209.560272217	174.088317871	142.299957275	115.427757263	95.3290328979	81.2852249146	73.935546875	69.055305481	69.7890167236	70.9586029053	71.1431350708	71.3017807007	0
Mar 10 2023 19:55:58	16863.15625	417.039123535	351.318267822	270.327606201	221.053131104	190.068664551	179.022705078	175.039123535	186.168319702	203.345046997	229.812133789	260.82510376	300.532592773	342.256530762	389.719146729	434.942108154	481.967407227	514.572509766	534.243713379	543.571411133	534.123779297	517.913024902	488.221008301	449.157348633	396.08984375	330.1171875	263.561798096	211.526351929	170.466384888	143.335678101	123.695854187	116.129547119	108.94103241	112.964485168	114.231460571	116.997993469	117.30632019	0
Mar 10 2023 19:55:59	19820.0078125	261.816497803	211.175750732	156.298675537	126.119499207	112.386413574	110.250701904	113.790412903	123.227325439	136.799087524	157.072372437	180.962783813	210.973724365	243.470123291	281.905914307	320.004882813	361.681610107	397.057769775	425.804962158	448.618835449	456.078704834	450.303100586	426.907684326	389.256896973	340.572784424	282.354156494	224.764892578	178.833892822	143.198379517	118.973762512	101.921348572	94.5378417969	88.5007629395	91.0656433105	92.5108261108	94.0927810669	94.001953125	0
Mar 10 2023 19:56:00	24937.9003906	106.349189758	79.8137664795	48.7062835693	29.1032848358	21.2155895233	22.5170402527	32.6373176575	39.5939369202	48.4803543091	56.2394828796	66.552482605	81.8466567993	98.5203781128	115.922561646	132.86781311	150.774185181	166.277999878	178.393829346	188.23588562	190.940048218	189.092041016	179.989822388	166.135620117	147.955154419	125.784828186	102.05670166	82.7647628784	66.7807159424	55.4537811279	47.2814025879	43.5854873657	40.5870361328	41.4244232178	41.3014640808	41.4861183167	40.8063468933	0
Mar 10 2023 19:56:01	22561.4980469	218.151916504	165.860534668	117.086700439	92.3221740723	80.1020584106	75.6793518066	80.556602478	87.4991073608	98.507850647	112.051361084	128.954528809	149.180267334	172.938613892	199.655395508	226.457504272	254.745895386	280.179748535	300.339050293	315.077301025	319.285919189	313.008728027	295.009674072	268.992889404	237.517105103	199.747406006	160.900970459	129.206283569	104.260360718	86.7992706299	74.3347854614	68.9592895508	64.55834198	67.0283889771	67.6154098511	68.7133102417	68.3188323975	0
Mar 10 2023 19:56:02	24250.0039063	155.826629639	123.229057312	88.6490478516	68.3907318115	56.017490387	54.2608718872	56.9371871948	61.016292572	67.3733215332	76.6605758667	87.901222229	102.435501099	119.280319214	137.835418701	157.098632813	177.860565186	196.374557495	212.725631714	224.62298584	230.670425415	229.354476929	219.068756104	201.220611572	178.894165039	150.635147095	122.161643982	98.1670074463	79.3146438599	65.5570144653	56.162361145	51.4064445496	48.010017395	48.8552207947	48.8357391357	48.7727012634	47.6724662781	0
Mar 10 2023 19:56:03	21365.203125	242.614151001	198.810073853	150.51260376	122.539627075	103.620864868	98.3126144409	98.2445373535	103.847984314	112.763580322	127.726593018	146.038909912	168.830444336	194.878189087	224.132904053	254.137832642	286.638122559	314.343353271	338.435150146	354.96786499	360.154541016	354.200012207	335.641052246	306.540161133	270.990142822	228.422485352	186.225082397	150.783828735	122.952888489	102.569580078	88.6348876953	81.8788604736	77.1507263184	78.9226074219	79.5450363159	79.9925613403	78.9917144775	0
Mar 10 2023 19:56:04	21989.3613281	245.203460693	193.912750244	139.707199097	109.628242493	92.0169525146	87.4165725708	87.2340393066	91.5138244629	99.4320220947	113.039772034	130.113937378	150.72164917	173.927383423	200.776824951	228.899734497	259.26763916	286.275817871	309.715148926	328.089904785	337.577270508	335.390319824	320.428863525	293.403808594	260.365722656	219.12840271	178.14805603	143.692062378	116.698379517	96.6907806396	82.880645752	75.6439819336	70.792427063	71.5877838135	72.1750793457	72.1064453125	71.2313308716	0
Mar 10 2023 19:56:05	25248.3789063	65.8896636963	49.2019042969	35.5328598022	29.9299163818	28.948600769	32.1629981995	37.7993087769	44.0092391968	51.5617218018	60.4780349731	71.5909118652	84.4075927734	98.0974273682	113.764465332	128.662612915	143.850967407	156.98097229	167.225418091	175.160247803	178.291671753	179.269592285	175.577926636	166.824310303	151.411010742	128.579391479	103.662483215	81.8552093506	64.6331634521	52.4879493713	44.0683860779	39.7692947388	36.7849578857	37.2556495667	37.0444297791	37.0708999634	36.3195533752	0
Mar 10 2023 19:56:06	22135.2265625	118.177505493	92.0934829712	68.7277145386	55.9956855774	53.2586669922	59.1830406189	70.7326049805	82.3995513916	96.0198059082	112.057929993	131.348861694	155.341934204	181.720657349	210.475021362	238.889068604	269.608306885	296.221038818	316.669799805	332.719665527	339.127075195	339.036895752	328.160125732	306.323608398	274.252685547	231.212142944	186.526062012	148.539031982	118.717552185	97.3649749756	83.1869812012	76.0262145996	71.117477417	72.1078872681	72.3458251953	72.3220825195	71.1153869629	0
Mar 10 2023 19:56:07	27497.7070313	0	0	0	0	0	0	0	0	3.07096338272	3.84590029716	7.15898323059	12.614367485	18.295167923	23.6738529205	27.7329673767	31.7933521271	34.8515472412	36.7767982483	38.0606803894	38.1659851074	37.8309631348	36.5314559937	34.775062561	31.8593826294	27.7076931	23.0975914001	19.2841911316	16.1135196686	14.0672283173	12.7221326828	12.5155668259	12.1103792191	13.1242294312	12.8175735474	13.1354799271	12.5179052353	0
Mar 10 2023 19:56:08	26281.7617188	0	3.1791446209	0	0	0	0.297808110714	1.49232339859	4.40060901642	11.0706386566	14.4437007904	20.7203598022	31.087097168	41.8015861511	52.5042037964	61.6284866333	71.6219100952	79.7871246338	86.6727294922	92.843170166	96.3876266479	98.1895370483	96.2706756592	91.191368103	83.1049880981	71.6499862671	58.9557647705	48.1368751526	39.2368469238	33.18019104	28.9876117706	27.3717651367	25.9297962189	27.0918560028	26.6843204498	26.8685569763	26.0430984497	0
Mar 10 2023 19:56:09	26863.6230469	11.8071126938	4.40121364594	0.378279149532	0	0	0.0968459397554	0.58511698246	2.67841911316	7.90746688843	10.3176431656	14.6605215073	22.2981357574	29.9413986206	37.5764465332	44.1024436951	51.2466316223	57.3905067444	62.9109039307	68.0919799805	70.6605453491	71.9370956421	70.5486373901	66.729347229	60.8694953918	52.9867477417	44.2365036011	36.6537742615	30.1550045013	25.5858306885	22.233921051	20.8708057404	19.5689792633	20.2797431946	19.9185619354	20.0123138428	19.3313026428	0
Mar 10 2023 19:56:10	27948.9667969	0	0	0	0	0	0	0	0	1.9198975563	2.43752408028	3.86425352097	6.13094758987	8.5810136795	10.9266662598	12.8595495224	14.961564064	16.9518375397	18.8143081665	20.4020652771	21.4800682068	21.9991188049	21.5956134796	20.5123252869	18.6992321014	16.3913440704	13.6743621826	11.3579483032	9.28485107422	7.82637882233	6.71515846252	6.2899980545	5.80300331116	6.08056116104	5.83906507492	5.97797489166	5.73225498199	0
Mar 10 2023 19:56:11	28346.3046875	2.26137518883	2.34537887573	1.76805472374	1.47691881657	0.842751681805	0.781967818737	0.522438943386	0.859945714474	0.916915357113	1.15205740929	1.20073628426	1.45776641369	1.50071561337	1.75359416008	1.91141545773	2.19333529472	2.43873381615	2.65089607239	2.88937878609	2.97878527641	2.98998117447	2.87779402733	2.7017595768	2.4017765522	2.07235002518	1.69592511654	1.40247583389	1.1451061964	0	0	0	0	0	0	0	0	0
Mar 10 2023 19:56:12	28332.2871094	3.4600250721	3.2151081562	2.73430109024	3.22323083878	1.75972783566	1.15104210377	0.654496431351	0.733536303043	0.868264913559	1.27149033546	1.49013209343	1.74865865707	1.85642766953	2.1367866993	2.430539608	2.74361252785	3.09109568596	3.47567439079	3.8076312542	4.02359199524	4.16535615921	4.1015162468	3.88666033745	3.45165634155	2.89729452133	2.29390835762	1.82456743717	1.43961215019	1.16314065456	0	0	0	0	0	0	0	0
Mar 10 2023 19:56:13	28378.8554688	2.44633865356	2.13360857964	1.82877671719	2.42475986481	1.48383915424	0.501929521561	0.134375944734	0.0435374155641	0.190984591842	0.421405464411	0.615218937397	0.547495901585	0.594163298607	0.636503398418	0.706114053726	0.762723505497	0.8161008358	0.90721064806	0.994908988476	0.994621515274	1.06701099873	1.06118297577	1.01934432983	0	0	0	0	0	0	0	0	0	0	0	0	0	0
Mar 10 2023 19:56:14	26805.7441406	48.8855514526	36.7228050232	24.0866756439	17.8143234253	14.5087060928	14.0844449997	15.4734249115	17.3535346985	19.0002002716	21.7201766968	25.127155304	29.8097724915	34.8687553406	40.3090286255	45.3234825134	50.4839439392	54.8139381409	57.3588256836	59.0092468262	58.7613372803	57.5511894226	55.3730392456	52.4201545715	48.2416229248	42.2101020813	35.8903694153	30.7543487549	26.7499694824	24.3974113464	23.175989151	23.3947563171	23.5922794342	25.0669651031	25.2469139099	24.9177761078	23.7509002686	0
Mar 10 2023 19:56:15	28358.2910156	3.75756287575	3.28006792068	2.49747252464	2.84662890434	1.71027338505	0.847731351852	0.415948987007	0.398633867502	0.527126193047	0.715577363968	0.899727344513	1.02715098858	1.12796592712	1.28470885754	1.37736749649	1.52281677723	1.65639162064	1.73181951046	1.76725316048	1.75375568867	1.72694075108	1.67189860344	1.59763145447	1.46167814732	1.28204095364	1.05251896381	0	0	0	0	0	0	0	0	0	0	0
Mar 10 2023 19:56:16	28219.1933594	3.82055878639	2.88597583771	2.06827950478	2.79551815987	2.53897309303	1.85188221931	1.72061574459	1.82042193413	2.62998819351	3.3353600502	4.09832429886	4.64310312271	5.51582384109	6.41766166687	7.43118667603	8.58225631714	9.84695243835	11.056678772	12.1439476013	13.0343036652	13.7469816208	13.9307937622	13.5366191864	12.411649704	10.5642251968	8.35153579712	6.21301937103	4.51485490799	3.38651609421	2.69917535782	2.27697682381	1.98809027672	1.94352149963	1.91229510307	1.89560103416	1.86895608902	0
Mar 10 2023 19:56:17	28374.1914063	1.6958988905	1.75345087051	1.5390304327	1.75676906109	1.07133889198	1.01255619526	0.513197958469	0.503759801388	0.331761240959	0.716823339462	0.663837730885	0.965579390526	0.7952247262	0.99183267355	1.07800233364	1.2720528841	1.3345733881	1.42550528049	1.61795127392	1.70079016685	1.74048233032	1.71180856228	1.62383878231	1.42005217075	1.13561654091	0	0	0	0	0	0	0	0	0	0	0	0
Mar 10 2023 19:56:18	28378.2597656	0	0	0	0	0	0	0	0	0	0	0	1.14573955536	1.27766275406	1.47982859612	1.613453269	1.78774952888	1.8715685606	1.8707600832	1.8350455761	1.681599617	1.51741206646	1.36901271343	1.2772384882	1.15546429157	0	0	0	0	0	0	0	0	0	0	0	0	0
Mar 10 2023 19:56:19	28313.3066406	1.22027480602	1.83733332157	2.56551408768	3.33928513527	3.48824262619	4.15287637711	4.87934970856	5.86705875397	7.15527915955	8.5120267868	9.86556053162	11.5248260498	12.9660148621	14.5377092361	15.7706251144	16.9705791473	17.1497097015	16.1516551971	14.2190170288	11.0288667679	7.50495290756	4.78659629822	3.67249679565	3.4410674572	2.83616256714	2.00707173347	1.54433679581	1.20217776299	0	0	0	0	0	0	0	0	0
Mar 10 2023 19:56:20	28182.6699219	3.14514660835	4.70316457748	5.96688890457	7.01207399368	6.72300481796	7.40854120255	8.4178571701	10.1833133698	11.8346376419	13.8721103668	16.414232254	19.2888774872	21.7995624542	24.7837791443	27.5133857727	29.9944705963	31.4802093506	31.4024276733	29.9065914154	25.986158371	21.0240364075	16.2010650635	13.0008468628	11.3783273697	9.47588253021	6.97771835327	5.09752941132	3.76642823219	2.83575320244	2.33364439011	2.0024523735	1.80952858925	1.79721450806	1.79943454266	1.79518949986	1.84040498734	0
Mar 10 2023 19:56:21	28039.0136719	40.4363899231	23.276758194	8.19689559937	1.26210284233	0.1312276721	0.229570791125	0.657723903656	0.791271746159	2.11374163628	1.79683327675	3.04315543175	5.50458288193	8.09661006927	10.2687397003	11.764749527	12.9932985306	13.5973825455	13.4842290878	13.0670127869	11.8635349274	10.8098917007	9.88874912262	9.32200431824	8.66095066071	7.64996957779	6.55263233185	5.62825345993	4.95479011536	4.56631088257	4.43896579742	4.51358747482	4.67740631104	5.09942960739	5.16950559616	5.27076244354	5.09030246735	0
Mar 10 2023 19:56:22	20999.7460938	291.58972168	240.197418213	186.984619141	159.816040039	140.673980713	132.110794067	126.697982788	131.71913147	141.784072876	159.379455566	180.228012085	205.689620972	233.074462891	264.61026001	297.322692871	331.616210938	360.112182617	381.413208008	394.257568359	392.988128662	380.617797852	355.5105896	320.047027588	279.29473877	231.609634399	187.520797729	150.853591919	122.727714539	102.839500427	90.1970977783	83.9214324951	80.3169174194	82.234375	83.8987884521	84.0229721069	83.3189239502	0
Mar 10 2023 19:56:23	18863.5878906	416.682769775	315.389984131	222.712142944	175.939682007	147.683898926	136.720626831	134.308898926	141.552200317	154.116363525	174.339904785	196.877578735	226.074066162	258.178588867	295.582763672	332.655395508	373.365264893	408.014953613	435.022003174	453.598144531	456.915618896	447.005157471	420.294891357	381.388183594	334.88482666	281.705352783	230.121704102	187.587783813	153.129623413	128.991668701	112.666847229	105.279266357	100.37387085	103.512039185	105.68560791	106.743560791	106.143539429	0
Mar 10 2023 19:56:24	21815.6484375	280.899902344	230.805252075	171.613128662	139.727890015	121.564926147	113.025108337	107.428726196	112.363967896	121.797691345	137.261230469	154.411743164	173.942810059	197.180847168	223.544494629	250.504302979	278.592315674	302.197814941	319.020385742	328.622406006	326.435119629	314.859832764	291.796447754	262.026306152	229.134140015	192.793670654	158.989562988	131.257629395	108.927238464	93.0880203247	82.7510223389	78.2904815674	75.491394043	77.8131027222	79.1326904297	79.059387207	77.8507537842	0
Mar 10 2023 19:56:25	24835.4394531	144.041473389	107.109420776	66.7779998779	41.0216522217	26.9898986816	23.8656864166	29.8626976013	34.8588752747	40.4955635071	46.5912590027	56.3864212036	70.4981918335	85.3814544678	101.092010498	115.779777527	131.859664917	145.569763184	156.49861145	165.330886841	168.173904419	166.482772827	157.642700195	145.077331543	129.123596191	111.000450134	92.3452758789	76.9339904785	63.5540161133	54.513671875	47.8333511353	45.2638587952	42.7919197083	44.5840835571	44.0453643799	44.421749115	43.3104133606	0
Mar 10 2023 19:56:26	24853.3554688	131.603225708	95.7371444702	59.0542984009	36.7294807434	26.3239116669	26.195936203	30.9560985565	34.8912124634	39.8634681702	46.175403595	55.1606941223	68.1053009033	81.9753494263	97.0289459229	111.69329834	126.983695984	140.590332031	152.294219971	160.89781189	164.172836304	162.847137451	155.495666504	143.503982544	128.882461548	111.002174377	92.84790802	77.2386245728	64.3195343018	55.1718254089	48.8649253845	46.1963119507	44.0551681519	45.342376709	45.3526153564	45.0723419189	43.7847900391	0
Mar 10 2023 19:56:27	20740.5371094	291.450775146	236.130401611	170.953277588	135.20690918	115.856613159	108.581375122	107.767051697	113.26663208	122.474479675	138.50440979	157.494445801	180.942092896	207.643127441	237.990203857	268.102905273	301.592193604	328.869445801	351.648864746	366.511993408	368.94744873	361.711547852	341.115234375	311.524261475	276.045196533	234.304672241	192.5390625	157.641723633	128.847442627	109.008171082	95.3176345825	89.4200592041	85.0404205322	87.639831543	88.6470489502	88.9863128662	87.6922836304	0
Mar 10 2023 19:56:28	22045.4980469	253.332626343	204.907608032	149.30531311	118.325401306	101.448417664	94.6858978271	91.0977859497	97.5102462769	106.92175293	121.584266663	138.452087402	158.196426392	179.672042847	204.429244995	229.65953064	257.595916748	281.559204102	298.913421631	310.560852051	311.365325928	304.079223633	286.236236572	261.018829346	231.351791382	196.66645813	162.470001221	133.730331421	110.078384399	93.1332550049	81.6496963501	76.1676177979	72.595489502	74.2187194824	75.5512466431	75.3272781372	74.4702377319	0
Mar 10 2023 19:56:29	27746.1152344	21.2571678162	14.0021266937	7.48042297363	4.88709878922	3.40006303787	3.43790078163	5.05172395706	6.1420750618	7.94570207596	9.77493476868	11.9913864136	14.9534902573	17.9912109375	21.1978492737	24.1489830017	27.3125991821	29.5653247833	31.103679657	32.0908470154	32.0089759827	31.1094379425	29.4192180634	27.1273536682	24.0733394623	20.3819198608	16.5782241821	13.4559631348	10.8993330002	9.23669910431	8.11835956573	7.61642694473	7.22903442383	7.38774204254	7.40810966492	7.33631706238	7.23922252655	0
Mar 10 2023 19:56:30	26716.65625	168.976211548	123.670410156	80.8535995483	56.1592025757	41.6098632813	35.6728744507	34.244556427	34.8110160828	37.3919677734	40.749256134	45.1750602722	51.5620498657	58.41147995	65.2816848755	71.0409088135	75.845664978	77.4689407349	76.3535919189	72.1779632568	65.7237472534	59.8680229187	55.7643089294	52.4956054688	48.5928993225	42.1356964111	35.1501312256	29.3322982788	25.1520824432	22.6876220703	21.5615081787	21.7000045776	21.9564533234	23.4166069031	23.823135376	23.7322502136	23.0382633209	0
Mar 10 2023 19:56:31	27912.7871094	54.4821739197	38.7783355713	24.5562343597	16.873714447	11.2104625702	9.25086212158	8.9638376236	9.73390769958	11.3524923325	13.3661355972	15.0244789124	17.104511261	19.0046424866	21.1875095367	23.2961101532	25.2489070892	26.3487586975	26.9092445374	26.4200611115	25.2730026245	24.0027599335	22.959154129	21.6347122192	19.7811069489	16.8945274353	13.7369661331	11.0060567856	8.88326740265	7.44610500336	6.65295028687	6.35265445709	6.20328998566	6.48607254028	6.46876096725	6.42183160782	6.11755514145	0
Mar 10 2023 19:56:32	23012.2773438	485.973510742	373.088867188	256.212219238	187.347991943	143.974609375	123.41506958	108.119628906	105.853965759	107.088623047	116.220199585	126.770149231	142.163192749	157.621032715	175.839096069	191.447372437	206.628753662	213.396224976	212.888122559	206.95149231	194.358703613	181.592910767	169.598968506	157.83706665	141.983474731	121.717147827	101.600189209	85.7213058472	74.2532730103	67.7452697754	64.5219039917	65.4024734497	66.3522186279	71.1815032959	73.2021789551	73.6919174194	72.2670822144	0
Mar 10 2023 19:56:33	28210.3886719	8.23263168335	7.86259078979	6.26031732559	5.45823717117	3.84915494919	4.00102472305	3.79101347923	4.5707988739	5.21082735062	6.36260080338	7.40582370758	8.72342205048	9.61594867706	10.862827301	11.9487667084	13.0658073425	13.5773038864	13.6816358566	13.309138298	12.3237543106	11.1598119736	10.0596036911	8.98150253296	7.7844042778	6.39487028122	5.09528303146	4.11606788635	3.40567231178	2.95175147057	2.70719861984	2.64041829109	2.5816628933	2.66391396523	2.60597372055	2.50874114037	2.36148405075	0
Mar 10 2023 19:56:34	25163.21875	218.337783813	180.093673706	131.786315918	102.647369385	79.5685958862	70.5352172852	67.6114425659	69.3717498779	71.2184295654	77.0783309937	85.3422775269	98.3608169556	110.192298889	123.561988831	133.55065918	142.39364624	143.116165161	136.303970337	124.075820923	106.730003357	91.9651260376	81.9714508057	77.1827163696	71.7949142456	63.1750640869	54.1040382385	47.4562759399	42.9277076721	41.2798461914	41.0529098511	43.2459030151	44.6279029846	48.5336494446	48.8917884827	48.7484550476	46.5427589417	0
Mar 10 2023 19:56:35	18259.5351563	525.827270508	413.697570801	301.650390625	237.251434326	194.139663696	173.256469727	162.045257568	164.349761963	173.845550537	194.06098938	218.035522461	247.039260864	279.660552979	315.836486816	349.982696533	384.033966064	407.155609131	419.104553223	419.820770264	407.303192139	388.345245361	365.246185303	337.041748047	301.502197266	253.952270508	207.564300537	170.550125122	143.620162964	126.981117249	117.676803589	116.12789917	115.535873413	121.913734436	125.107505798	125.986183167	123.88066864	0
Mar 10 2023 19:56:36	21143.5292969	457.682373047	358.293945313	251.787414551	189.419906616	144.153793335	122.001365662	106.655807495	102.563972473	103.064529419	110.884292603	121.125389099	137.140563965	155.495422363	177.012908936	198.805358887	222.665374756	242.163757324	259.138061523	269.769927979	273.169158936	270.043457031	258.301269531	238.354614258	213.275650024	181.969512939	151.472946167	126.397644043	107.261611938	94.5076751709	86.8280715942	85.082649231	83.9684677124	88.6106719971	90.1881027222	90.82762146	89.5307235718	0
Mar 10 2023 19:56:37	23674.9804688	372.451446533	275.160552979	180.832443237	129.790023804	97.1855621338	81.3640518188	74.7198028564	73.0790481567	74.9584884644	81.1197814941	90.9684371948	105.394538879	121.287879944	139.446304321	157.120452881	175.931503296	191.542739868	205.382873535	213.528320313	215.695648193	211.122543335	199.525650024	181.698059082	160.840545654	135.908859253	112.218589783	92.5096435547	77.2348937988	66.614151001	59.8996391296	57.6155891418	55.9043464661	58.4295463562	59.202911377	59.4106521606	57.9896507263	0
Mar 10 2023 19:56:38	18885.6972656	364.437286377	296.644348145	220.746307373	179.623641968	150.771774292	137.481246948	130.271652222	133.906143188	142.226303101	159.778182983	180.979553223	207.712936401	237.546020508	270.742645264	306.274841309	344.309906006	379.113372803	410.02130127	431.927703857	441.963104248	438.911102295	419.405639648	385.139129639	343.004333496	289.780456543	236.669967651	191.232681274	155.713134766	130.683166504	114.049583435	106.573051453	101.570716858	105.383781433	107.596176147	109.596351624	108.198921204	0
Mar 10 2023 19:56:39	23330.2910156	186.831787109	144.149200439	100.394767761	73.7112503052	56.7291030884	50.8386764526	53.3265609741	57.5071792603	65.0743331909	73.8453063965	85.2659606934	100.519386292	117.783538818	136.389068604	155.772079468	175.806381226	195.307006836	211.262039185	224.890182495	231.010467529	231.221481323	222.840591431	207.620834351	187.031860352	162.251907349	135.619689941	112.734260559	92.935256958	78.7247009277	68.4262771606	63.9521865845	60.3473548889	62.5870895386	62.355556488	62.97498703	61.3785247803	0
Mar 10 2023 19:56:40	18121.3710938	429.004547119	332.287322998	231.722412109	170.067459106	131.618484497	117.78188324	117.01133728	122.670524597	132.336044312	148.387039185	168.201599121	195.755905151	226.03465271	259.983032227	292.980529785	330.183959961	362.417114258	389.886260986	409.425811768	416.049407959	409.781951904	388.652954102	355.085693359	315.296661377	268.500793457	223.08996582	185.13722229	154.466156006	133.20703125	119.040840149	113.765182495	110.202102661	115.213058472	118.334342957	120.358337402	120.243736267	0
Mar 10 2023 19:56:41	21407.2871094	269.458984375	211.939697266	149.706604004	115.880935669	91.5233840942	83.7458724976	85.0054244995	90.9448471069	99.3373184204	112.054916382	129.755905151	153.096755981	178.616287231	206.824859619	235.581680298	267.791320801	296.079498291	319.292480469	336.581054688	342.443237305	339.860565186	321.959259033	294.598693848	259.305023193	219.362869263	178.887207031	146.444839478	119.507911682	101.558761597	88.600982666	83.7615432739	79.1548538208	82.1226043701	82.028137207	82.3113555908	80.3285598755	0
Mar 10 2023 19:56:42	27953.6425781	26.8917922974	16.0953521729	6.42669153214	1.69447731972	0.344750404358	0.505878806114	1.81878292561	2.42738556862	3.67161464691	3.96865797043	5.34212064743	7.32999610901	9.54292583466	11.4928541183	13.0684547424	14.7643995285	15.8868694305	16.7650032043	17.3553123474	17.2380504608	16.9084262848	16.0453166962	14.8323755264	13.2242746353	11.5106105804	9.7596282959	8.40338039398	7.23925256729	6.58070993423	6.14126729965	6.2503156662	6.14564609528	6.73415851593	6.53434658051	6.72760629654	6.39161252975	0
Mar 10 2023 19:56:43	22176.1992188	297.198150635	219.230438232	142.594848633	100.184501648	78.5303955078	73.21484375	76.7224655151	81.4000549316	88.239440918	97.9379272461	110.872879028	129.75100708	149.876098633	171.671524048	190.742050171	209.553985596	221.189956665	226.968231201	227.398666382	220.67779541	211.230773926	198.871856689	184.129318237	165.660980225	142.654434204	120.530525208	102.971260071	89.7189178467	81.5916976929	77.3887634277	78.0262527466	78.7591247559	84.1603851318	85.9861907959	86.4633483887	84.5088043213	0
Mar 10 2023 19:56:44	26867.3945313	79.6667404175	57.1356430054	33.9631538391	19.7315826416	13.0614862442	11.354883194	12.3280935287	13.031624794	14.4899539948	16.2737884521	19.2346038818	23.0638999939	26.8826446533	30.9640159607	34.2383956909	37.3409118652	38.6967277527	38.0803565979	36.71875	33.678150177	30.9314746857	28.3938407898	26.4224586487	24.384771347	21.6558513641	19.1582813263	17.447675705	16.2667217255	15.9909744263	16.0157356262	16.9658412933	17.3396282196	18.8900470734	19.1122608185	19.427652359	19.4148864746	0
Mar 10 2023 19:56:45	28403.6679688	0.125736892223	0.214432150126	0.168678015471	0.0381794944406	0.0828441008925	0.221477672458	0.162737444043	0.2624104321	0.130924403667	0.180833086371	0.099952287972	0.221646904945	0.128869712353	0.204370170832	0.14741756022	0.189304620028	0.194795787334	0.149285912514	0.158392742276	0.134322762489	0.11848179251	0.133604437113	0.136065855622	0.133142247796	0.112529158592	0.110359475017	0.0847922563553	0.0772080123425	0.0517047308385	0.0304530486465	0.0152520062402	0	0	0	0	0	0
Mar 10 2023 19:56:46	28391.0800781	0.900785028934	0.933416247368	0.709903419018	0.683985948563	0.452749073505	0.499270021915	0.247032791376	0.238097935915	0.142047196627	0.273267298937	0.190352365375	0.279814094305	0.196722373366	0.243912622333	0.22443549335	0.204326212406	0.18668718636	0.133002147079	0.162985026836	0.138287857175	0.133191630244	0.133950531483	0.11764793098	0.129098281264	0.101739607751	0.0830705836415	0.0589914135635	0.0559800416231	0.019258690998	0.02168058604	0.000168337428477	0	0	0	0	0	0
Mar 10 2023 19:56:47	28401.2519531	0	0	0	0	0	0	0	0.0550542026758	0.246583506465	0.329401195049	0.273390114307	0.279833137989	0.275234669447	0.280162930489	0.301627665758	0.301825731993	0.328391194344	0.264873832464	0.242570996284	0.232295244932	0.209973245859	0.225860118866	0.199530109763	0.168319448829	0.0927957221866	0.0741595327854	0.00311899580993	0	0	0	0	0	0	0	0	0	0
Mar 10 2023 19:56:48	28383.0761719	0	0	0	1.32504010201	0	0	0	0	0	0	0	0	0	0	0	0	0	0	0	0	0	0	0	0	0	0	0	0	0	0	0	0	0	0	0	0	979.660644531
Mar 10 2023 19:56:49	28396.2890625	1.11220932007	1.20873641968	1.03270578384	1.06738114357	0	0	0	0	0	0	0	0	0	0	0	0	0	0	0	0	0	0	0	0	0	0	0	0	0	0	0	0	0	0	0	0	979.650146484
Mar 10 2023 19:56:50	28390.9335938	0	0	0	1.33173024654	0	0	0	0	0	0	0	0	0	0	0	0	0	0	0	0	0	0	0	0	0	0	0	0	0	0	0	0	0	0	0	0	979.64276123
Mar 10 2023 19:56:51	28389.8847656	0.600285708904	0.621316075325	0.619077801704	0.799275994301	0.419545412064	0.2822060287	0.119137689471	0.0706870183349	0.116661027074	0.369325697422	0.335184782743	0.367870539427	0.257602393627	0.235449016094	0.22737711668	0.214369177818	0.19156961143	0.172620370984	0.144791394472	0.138929024339	0.11353982985	0.137130364776	0.15201215446	0.122416190803	0.10306250304	0.10219501704	0.0717274546623	0.058057397604	0.0375741124153	0.0381138809025	0.0221529342234	0.0147569179535	0	0.00553786754608	0	0.0104104876518	0
Mar 10 2023 19:56:52	28395.2910156	0.350997567177	0.363000333309	0.470446020365	0.721956908703	0.351265639067	0.177785769105	0.114932186902	0.166802987456	0.124223038554	0.27046713233	0.239105761051	0.375945806503	0.207141786814	0.198876336217	0.168397724628	0.197505831718	0.165120214224	0.128094092011	0.156972631812	0.138138502836	0.111398346722	0.110774151981	0.1046481058	0.0809845402837	0.0891622006893	0.090770483017	0.0542545579374	0.0727914273739	0.0397592261434	0.0384937226772	0.0226393267512	0.0385925769806	0.00581383705139	0.0248515605927	0.0143241286278	0.0315808653831	0
