Date-Time	Sc[0]	Sc[1]	Sc[2]	Sc[3]	Sc[4]	Sc[5]	Sc[6]	Sc[7]	Sc[8]	Sc[9]	Sc[10]	Sc[11]	Sc[12]	Sc[13]	Sc[14]	Sc[15]	Sc[16]	Sc[17]	Sc[18]	Sc[19]	Sc[20]	Sc[21]	Sc[22]	Sc[23]	Sc[24]	Sc[25]	Sc[26]	Sc[27]	Sc[28]	Sc[29]	Sc[30]	Sc[31]	Sc[32]	Sc[33]	Sc[34]	Sc[35]	Sc[36]	Sc[M]
Mar 10 2023 20:32:29	28019.4707031	0	0	0	0	0	0	0	0	0	0	2.16709828377	4.26821613312	6.46149396896	8.63660621643	10.3733778	12.1688261032	13.6685657501	14.8349590302	15.5963563919	15.8489570618	15.9666519165	15.672996521	14.9680118561	13.7236099243	11.840713501	9.41672801971	7.31157398224	5.39861726761	4.17260217667	3.0910551548	2.82611703873	2.12410163879	2.6932246685	2.00252151489	2.6031460762	2.39343929291	0
Mar 10 2023 20:32:30	27666.2949219	0	0	0	0	0	0	0	1.17172372341	4.62863540649	7.58267974854	10.4818964005	13.9386291504	17.6857662201	21.6598453522	25.4853744507	29.8703708649	34.0428161621	38.2078399658	41.8043556213	44.5038604736	46.3129043579	46.4859542847	44.5819816589	40.79114151	34.4738311768	26.9140834808	20.1217670441	14.6706037521	11.0477647781	8.25050735474	6.96679973602	5.60392665863	5.8354101181	5.16248512268	5.59176874161	5.3648724556	0
Mar 10 2023 20:32:31	27731.1953125	0	0	0	0	0	0	0	0	4.01596927643	6.76973772049	9.69477462769	13.070145607	16.3353691101	19.9594097137	23.2727603912	26.955701828	30.0833625793	32.8144569397	34.7628974915	35.4946708679	35.4034843445	34.0342216492	31.9787464142	29.2531242371	25.2441806793	20.3017597198	15.7905158997	12.0832128525	9.59699058533	7.74161195755	7.04593896866	6.02180194855	6.38831996918	5.74879455566	6.0307559967	5.5908908844	0
Mar 10 2023 20:32:32	27996.1132813	0	0	0	0	0	0	0	0	0	1.95407223701	3.88341975212	6.59484910965	8.93706989288	11.5766420364	13.2670106888	15.0841751099	16.0499324799	16.3245754242	15.9960632324	14.9481458664	13.9568710327	12.969127655	12.0319223404	10.9896945953	9.5856218338	7.86042404175	6.32142591476	4.8995218277	3.97300505638	3.15259861946	3.05079627037	2.42795133591	3.1055393219	2.39411735535	3.04881119728	2.77158546448	0
Mar 10 2023 20:32:33	26860.9921875	0	0	0	0	0	3.3167488575	13.4369859695	21.5854587555	31.8058738708	40.3230514526	49.1229667664	59.0681152344	68.8942947388	79.0136871338	86.8809814453	93.8867721558	97.1543960571	96.3090438843	91.7999572754	83.5945281982	75.4493713379	68.1687316895	62.7103996277	57.1294593811	49.3826217651	40.4794158936	32.7784957886	26.3213920593	21.9784259796	18.704782486	17.4793949127	16.0381526947	16.9344673157	16.1509685516	16.6915798187	16.0741786957	0
Mar 10 2023 20:32:34	27936.5097656	0	0	0	0	0	0	0	0	2.12049484253	4.68450069427	7.82012224197	11.1326417923	13.841126442	16.5614585876	18.6203575134	20.6295204163	21.6285305023	21.9574012756	21.064743042	19.3631477356	17.5731678009	15.8543100357	14.6020822525	13.1896934509	11.3617229462	9.25010585785	7.48984384537	5.84292411804	4.89097261429	3.96340584755	3.80382561684	3.1340739727	3.78650426865	3.08856296539	3.71339273453	3.43928265572	0
Mar 10 2023 20:32:35	22183.4414063	232.406845093	187.371566772	139.586730957	113.598068237	107.782478333	111.448265076	124.928771973	142.400802612	164.025909424	188.319900513	215.325134277	247.530029297	280.94430542	316.122131348	343.826202393	368.63293457	378.964202881	374.762939453	358.11026001	329.445159912	299.241729736	271.227050781	243.401428223	214.43157959	180.887374878	147.536712646	120.241500854	99.4037246704	85.1325454712	75.7279891968	72.0640258789	69.4549636841	72.2652206421	72.8941345215	73.3770751953	72.1809844971	0
Mar 10 2023 20:32:36	20260.8339844	450.214996338	352.602111816	262.972351074	211.468734741	181.749130249	177.056396484	186.657546997	203.499816895	227.279541016	258.95904541	294.347564697	337.383392334	378.135681152	420.364227295	449.030914307	468.882324219	461.955993652	433.774536133	388.887298584	333.660339355	284.982818604	247.342071533	218.889541626	193.986282349	165.997802734	139.304489136	118.200241089	102.683761597	93.3347396851	88.0853118896	88.2521591187	88.3369598389	93.7374572754	95.9826507568	97.1243896484	96.264251709	0
Mar 10 2023 20:32:37	21231.4394531	467.526275635	351.845153809	240.240570068	171.715209961	134.030532837	119.826065063	121.170707703	127.332466125	138.868865967	156.11819458	178.449371338	206.241287231	234.459655762	264.978179932	291.39364624	316.781677246	327.761047363	328.894622803	319.371673584	299.432434082	275.399627686	249.506271362	224.23425293	199.112365723	171.096038818	143.279327393	120.373031616	102.459442139	90.6053619385	82.6320724487	80.624168396	78.1290359497	81.7228240967	81.6266326904	82.0661392212	80.1270294189	0
Mar 10 2023 20:32:38	25169.2753906	214.927566528	153.783096313	106.131858826	76.1442184448	61.2141685486	55.1385612488	55.2549552917	56.375087738	61.8563804626	69.5251617432	78.4989547729	88.6097335815	100.635169983	113.128425598	123.623558044	133.085647583	137.049179077	137.242935181	131.616790771	121.827781677	111.161582947	100.961212158	91.7831039429	83.2973327637	72.9773330688	62.33934021	53.2609214783	46.0258522034	41.2901611328	38.1583480835	37.7121200562	36.7234077454	38.6704406738	38.2532844543	38.3437309265	37.1836051941	0
Mar 10 2023 20:32:39	28073.4199219	0	0	0	0	0	0	0	0	2.08812594414	3.67246770859	5.10945272446	6.74859571457	8.41847610474	9.91711139679	11.0123357773	11.5751791	11.5111408234	10.9100151062	9.60729598999	7.93142271042	6.50341510773	5.48825454712	4.85350036621	4.35128068924	3.75861620903	3.13383889198	2.6563706398	2.18673396111	2.05370688438	1.75118780136	2.01259493828	1.62300539017	2.34803295135	1.65951442719	2.22623825073	1.92169260979	0
Mar 10 2023 20:32:40	27939.1328125	0	0	0	0	0	0	0	0	4.50866222382	7.49324369431	9.97317504883	13.9439535141	17.6410522461	21.2631282806	23.8940067291	26.1554393768	26.756029129	26.0357322693	23.8553619385	20.600812912	17.1308059692	14.3754281998	12.5757646561	11.1964941025	9.5259475708	7.83068990707	6.44985103607	5.15997219086	4.43157529831	3.69037079811	3.69021892548	3.12112617493	3.87887334824	3.19818401337	3.79428243637	3.37497520447	0
Mar 10 2023 20:32:41	27666.0546875	0	0	0	0	0	0	0	2.32991075516	6.55018186569	9.68375110626	13.6996650696	18.9895973206	23.7863273621	28.5883541107	31.8451919556	34.9145317078	36.197353363	36.058921814	34.524394989	31.639043808	28.6234512329	26.0548210144	23.9223232269	21.7427272797	18.9726428986	15.6787109375	12.8913059235	10.4616785049	8.97278594971	7.74922895432	7.61953306198	6.86819839478	7.86005973816	7.02026748657	7.66026210785	7.16707515717	0
Mar 10 2023 20:32:42	28043.0585938	0	0	0	0	0	0	0	0	0	0	0	2.49652552605	3.8503203392	5.49637794495	6.70623207092	8.04511928558	9.21188926697	10.3150224686	11.252448082	11.8323564529	12.2250270844	12.2843952179	11.9119138718	11.0605926514	9.71119403839	7.95714712143	6.30351829529	4.75770044327	3.76912260056	2.80883908272	2.63165187836	1.92059731483	2.56557965279	1.74104070663	2.39135479927	2.04222083092	0
Mar 10 2023 20:32:43	28036.2714844	0	0	0	0	0	0	0	0	0	0	1.01422679424	2.35741114616	3.65395307541	5.1045088768	6.28766870499	7.58453989029	8.82707500458	10.24522686	11.3358850479	12.3023443222	13.093375206	13.55007267	13.4878005981	12.8693494797	11.5929422379	9.74460697174	7.78024578094	5.84017562866	4.44927120209	3.24699091911	2.90131688118	2.11540579796	2.57633900642	1.76320290565	2.24348783493	1.88016700745	0
Mar 10 2023 20:32:44	27058.2832031	2.17866516113	2.95182871819	3.71007514	2.42854547501	2.36613297462	4.52640390396	12.4672145844	17.2488079071	20.9528064728	24.9480857849	29.9343032837	36.64478302	43.4544143677	49.5892295837	55.5763168335	60.7456855774	63.0146636963	63.1157646179	60.5223312378	55.4852333069	49.9747467041	44.6424064636	40.3473968506	36.3633728027	31.7912998199	26.7999458313	22.6484336853	19.2463569641	17.2208957672	15.7073602676	15.6372432709	14.9939880371	16.2951107025	15.6958694458	16.1337490082	15.4547977448	0
Mar 10 2023 20:32:45	27106.8222656	0	2.77751755714	6.30895376205	6.06414794922	10.6737823486	15.3179836273	21.2294521332	26.9340610504	32.7008056641	38.8519134521	45.1920890808	52.8425140381	59.6587715149	67.2302474976	72.4169845581	76.5035247803	76.2834701538	72.496307373	65.6783294678	56.708114624	48.471660614	42.0335006714	37.2770957947	33.3609771729	28.7912425995	24.2331027985	20.4098415375	17.4538516998	15.6959276199	14.4531078339	14.6148872375	14.1152944565	15.4562149048	14.7835559845	15.1441202164	14.1832780838	0
Mar 10 2023 20:32:46	27928.9238281	0	0	0	0	0	0	0	0	0	0	0	2.89594316483	4.95623970032	7.1034283638	8.81313228607	10.7308912277	12.5135011673	14.2774839401	15.9893140793	17.217672348	18.1294555664	18.4395465851	18.0582180023	16.9116516113	14.8795156479	12.2339477539	9.7414188385	7.41276311874	5.93952178955	4.62113571167	4.45341777802	3.5931532383	4.34174585342	3.44556450844	4.1421380043	3.70545768738	0
Mar 10 2023 20:32:47	27437.296875	1.91235888004	2.03625559807	2.34134435654	2.08439850807	2.72576904297	2.19312334061	4.3519949913	5.65939664841	7.64569664001	9.34389209747	11.4079427719	14.2688217163	17.0329990387	20.0585536957	22.9302196503	25.4902954102	27.3661899567	28.9201583862	29.1940898895	28.7511062622	27.5141372681	25.9802970886	24.2065563202	22.4519996643	19.941652298	17.3096733093	15.0904541016	13.1856250763	12.1848735809	11.3193054199	11.5805253983	11.0394716263	11.9833717346	11.2294845581	11.5019788742	10.765501976	0
Mar 10 2023 20:32:48	26706.2695313	65.1710968018	43.8566818237	35.3157310486	30.9366264343	31.980594635	33.822467804	40.985786438	47.8437843323	55.8167304993	64.1768722534	73.8741531372	85.4420394897	96.6127090454	107.971961975	116.368026733	122.184326172	121.573104858	115.443649292	104.452835083	90.0840606689	76.3352203369	64.356803894	55.0391387939	47.4952735901	39.798625946	32.9339942932	27.4248161316	23.4379920959	21.0638542175	19.6687698364	19.735458374	19.3373279572	20.5970802307	20.2120304108	20.3738975525	19.5231304169	0
Mar 10 2023 20:32:49	27993.2929688	0	0	0	0	0	0	0	0	0	1.30028676987	2.9535586834	4.75005149841	6.5845746994	8.33678340912	9.87086296082	11.3087940216	12.5471639633	13.6324625015	14.3317394257	14.5849161148	14.5267152786	14.2288827896	13.5579595566	12.5381536484	11.0076055527	9.09411811829	7.29890680313	5.61389446259	4.51301860809	3.4969201088	3.24948835373	2.57402968407	3.09638929367	2.39988565445	2.93220186234	2.64485526085	0
Mar 10 2023 20:32:50	28152.5703125	0	0	0	0	0	0	0	0	0	0	0	1.81401956081	2.89534378052	3.99592995644	4.74690294266	5.32662296295	5.61682319641	5.73245048523	5.42105531693	5.01711320877	4.5916891098	4.22644376755	3.80402946472	3.39759683609	2.89991831779	2.34462380409	1.77201652527	1.28069496155	0.998668074608	0.723642766476	0.941687107086	0.700645446777	1.40933418274	0.781410455704	1.3554224968	1.16906881332	0
Mar 10 2023 20:32:51	27323.125	0	0	0	0	0	2.21722197533	8.14474487305	11.7968988419	16.9471282959	21.3831424713	26.1416015625	31.5125522614	37.4321670532	42.8484039307	47.329750061	50.6491622925	51.2768821716	49.684387207	45.9747695923	40.5352363586	35.463809967	31.1942214966	28.2349395752	25.5531768799	22.3479328156	18.8686466217	16.1741333008	13.7207803726	12.4526691437	11.2979803085	11.5071048737	10.9139175415	12.1961708069	11.4758081436	12.1016788483	11.4876594543	0
Mar 10 2023 20:32:52	28057.5898438	0	0	0	0	0	0	0	0	0	0	1.74703538418	3.1207036972	4.59163761139	5.86595964432	6.85793638229	7.73124933243	8.25880432129	8.60562610626	8.48048114777	8.05300712585	7.61165237427	7.12777042389	6.69485378265	6.09874105453	5.37861347198	4.46606731415	3.7595603466	3.00593614578	2.63311314583	2.13523745537	2.30594658852	1.87586688995	2.6287124157	1.88882517815	2.52095794678	2.19773960114	0
Mar 10 2023 20:32:53	28221.8652344	0	0	0	0	0	0	0	0	0	0	0	0	0	0	0.0325167775154	0.215170219541	0.314858317375	0.481569886208	0.435028791428	0.321729689837	0.293428272009	0.282682955265	0.280479162931	0.313000947237	0.348800837994	0.258517503738	0.242137819529	0.0700081884861	0.128781557083	0.00520793581381	0.189574420452	0	0.580631971359	0	0.503657341003	0.134794056416	0
Mar 10 2023 20:32:54	28146.71875	0	0	0	0	0	0	0	0	0	0	0	0	1.50522017479	2.37744164467	2.90883493423	3.32244634628	3.4877436161	3.56456851959	3.27965044975	2.93385529518	2.59457230568	2.35805249214	2.16816163063	2.02780747414	1.7994325161	1.47885990143	1.2192312479	0.899716079235	0.894244611263	0.691326916218	1.09678840637	0.77775812149	1.50420641899	0.810795307159	1.38832569122	1.15394973755	0
Mar 10 2023 20:32:55	28211.5546875	0	0	0	0	0	0	0	0	0	0	0	0	0.00393973663449	0.0541193410754	0.265591979027	0.566189229488	0.702158033848	0.928205013275	0.941611528397	0.844071626663	0.763744175434	0.750662267208	0.766536533833	0.686663687229	0.653311610222	0.524404287338	0.448087722063	0.231479629874	0.297394275665	0.0274549741298	0.343011826277	0	0.709604024887	0.0431251525879	0.641079425812	0.335293114185	0
Mar 10 2023 20:32:56	28211.2207031	0	0	0	0	0	0	0	0	0	0	0	0	0	0	0	1.13948214054	1.33041286469	1.48169720173	1.38146483898	1.17314791679	1.01917803288	0	0	0	0	0	0	0	0	0	0	0	0	0	0	0	975.600341797
Mar 10 2023 20:32:57	28231.4394531	0	0	0	0	0	0	0	0	0	0	0	0	0	0	0	0	0.00244294432923	0.0277784094214	0.0976116880774	0.105665266514	0.150609612465	0.200735732913	0.237751245499	0.255480974913	0.269826740026	0.174072921276	0.139405623078	0.00473750010133	0.00256104627624	4.34075627709e-05	0	0	0.200075149536	0	0.0725187659264	0	0
Mar 10 2023 20:32:58	28209.0859375	0	0	0	0	0	0	0	0	0	0	0	0	0	0	0	1.12598979473	1.22229981422	1.27623343468	1.09268856049	0	0	0	0	0	0	0	0	0	0	0	0	0	0	0	0	0	975.618774414
Mar 10 2023 20:32:59	28215.2597656	0	0	0	0	0	0	0	0	0	0	0	0	0	0	0.0595206320286	0.382137835026	0.454738885164	0.54941213131	0.527763009071	0.394882798195	0.265805512667	0.219911575317	0.158541053534	0.211760535836	0.168236657977	0.122728183866	0.00905534438789	0.000138903356856	0	0.00456329807639	0.28439900279	0.135822057724	0.854067802429	0.204150915146	0.83621776104	0.710699915886	0
Mar 10 2023 20:33:00	27856.5410156	9.39150524139	4.92834091187	3.13075065613	1.63885068893	0.773111045361	0.815693259239	2.03499150276	3.0723297596	4.66093158722	5.72677898407	6.82005596161	7.99713802338	8.99080657959	10.2784204483	11.1671295166	11.8858604431	11.9599380493	11.8181085587	10.7917737961	9.55403232574	8.27768230438	7.50979948044	6.84571170807	6.51723861694	5.82597112656	5.21555900574	4.62488555908	4.33042526245	4.31935214996	4.47451782227	5.27864360809	5.28885602951	6.39533615112	5.69202136993	6.29740047455	5.74122333527	0
Mar 10 2023 20:33:01	27628.0117188	0	0	0	0	0	0	0	1.64935100079	4.43556070328	6.62184286118	9.00380516052	11.5461978912	14.0424823761	16.6468048096	18.8674602509	21.2547912598	22.7377433777	23.6281871796	23.4563865662	22.5377521515	21.4299240112	20.0749702454	18.7919692993	17.522354126	15.6926765442	13.5440969467	11.7750606537	10.2369060516	9.46792984009	8.88833713531	9.29528141022	8.96160507202	10.1233081818	9.3068857193	9.78106594086	8.71581840515	0
Mar 10 2023 20:33:02	27946.7949219	0	0	0	0	0	0	0	0	0	0	1.65622961521	2.16312861443	3.2124876976	4.25932741165	4.97340202332	5.65693569183	5.99093103409	6.39830827713	6.26907873154	6.04345417023	5.61812543869	5.43748188019	4.96824979782	4.82781791687	4.21556282043	3.78474783897	3.13072991371	2.98755288124	2.95141816139	3.26139140129	4.00531053543	4.02693080902	5.02972507477	4.37181282043	5.05117273331	4.64171028137	0
Mar 10 2023 20:33:03	28184.4296875	0	0	0	0	0	0	0	0	0	0	0	0	0	1.68639016151	2.15277552605	2.57532382011	2.72320485115	2.81168174744	2.65172863007	2.33172369003	2.12297105789	1.99064528942	1.89777648449	1.76924872398	1.55579090118	1.29509818554	1.13174104691	0.876812338829	0.829126775265	0.567987024784	0.789043307304	0.444666624069	1.26560044289	0.636664628983	1.33285653591	0	0
Mar 10 2023 20:33:04	27286.3085938	87.8912963867	54.2847137451	29.8550796509	14.1987028122	9.20687103271	8.87567901611	13.1069793701	15.3332996368	17.9201183319	20.1119365692	23.3262138367	27.623500824	31.9820213318	36.0635032654	39.2976646423	41.6447105408	41.7997970581	39.8736686707	35.9376525879	31.056432724	26.5526390076	23.2158069611	20.8541316986	18.9383621216	16.6591720581	14.5403900146	13.0151100159	11.9293823242	11.5083332062	11.4079446793	12.1448097229	12.181558609	13.6308708191	13.1813640594	13.613948822	12.7237329483	0
Mar 10 2023 20:33:05	28236.0292969	0	0	0	0	0	0	0	0	0	0	0	0	0	0	0	0	0	0	0	0	0	0	0	0	0	0	0	0	0	0	0	0	1.03008699417	0.672106742859	1.34958815575	0	975.704956055
Mar 10 2023 20:33:06	28234.8691406	0	0	0	0	0	0	0	0	0	0	0	0	0	0	0	0	0	0	0	0	0	0	0	0	0	0	0	0	0	0	0	0	0	0	1.10405063629	0	975.709960938
Mar 10 2023 20:33:07	26488.484375	36.7067108154	24.1507911682	21.5151195526	19.690952301	20.5410366058	21.1864490509	24.9336452484	29.047908783	33.9137916565	39.3038406372	45.6674499512	53.5551147461	61.3835029602	69.437286377	76.3512420654	81.835647583	83.4491195679	81.6928634644	76.8372039795	69.5196838379	62.2041358948	56.0271682739	51.0379180908	46.4298362732	40.689037323	34.7754554749	29.9539222717	26.2115879059	24.2193927765	22.7713394165	23.3725509644	23.0256538391	25.2033863068	24.5037574768	24.9293270111	23.6029567719	0
Mar 10 2023 20:33:08	28191.2753906	0	0	0	0	0	0	0	0	0	0	0	0	0	0	1.04472947121	1.47206413746	1.82741844654	2.23248696327	2.32592463493	2.38077831268	2.5282626152	2.55453181267	2.55790996552	2.43364691734	2.18611598015	1.8269302845	1.52511370182	1.11104261875	1.03348696232	0.723223090172	1.00258481503	0.565259933472	1.29885649681	0.576765060425	1.24897825718	0	0
Mar 10 2023 20:33:09	28112.3613281	0	0	0	0	0	0	0	0	0	0	0	1.053175807	2.03631043434	3.06822419167	3.72035002708	4.32789707184	4.59041833878	4.73932600021	4.59950447083	4.16146850586	3.78082680702	3.45717787743	3.25488042831	2.99997925758	2.67535233498	2.2664129734	2.00058293343	1.67103827	1.66314697266	1.41305565834	1.72979462147	1.38214802742	2.10888314247	1.4325273037	2.06223273277	1.70800280571	0
Mar 10 2023 20:33:10	27926.5175781	0	0	0	0	0	0	0	2.4621155262	5.11475372314	7.54840040207	9.7853345871	12.4421014786	14.783372879	17.53125	19.980096817	22.2009792328	23.6044788361	24.2875499725	23.9734458923	22.50050354	20.5321826935	18.3091964722	16.1159648895	13.8863353729	11.4232149124	9.03057384491	7.11628961563	5.56904315948	4.65566205978	3.8517229557	3.85632658005	3.37174534798	4.03287696838	3.43764209747	3.95011305809	3.60570001602	0
Mar 10 2023 20:33:11	28171.3320313	0	0	0	0	0	0	0	0	0	0	0	0	0	1.10875809193	1.66853022575	2.34092736244	2.74546384811	3.20029187202	3.44955945015	3.60475611687	3.66181874275	3.64490818977	3.44045639038	3.2417678833	2.80598688126	2.37812376022	1.8242483139	1.31695556641	1.01890909672	0.776630222797	1.07603943348	0.875777006149	1.72247672081	1.1297326088	1.7453622818	1.40158033371	0
Mar 10 2023 20:33:12	28220.0878906	0	0	0	0	0	0	0	0	0	0	0	0	0	0	0	0	0	0	0	0	0	0	0	0	0	0	0	0	0	0	0	0	1.31859755516	0.767354011536	1.45399332047	0	975.773925781
Mar 10 2023 20:33:13	26094.0019531	93.0198898315	71.5576095581	53.5103416443	42.7178764343	43.7643051147	49.6364364624	62.7394371033	75.8989562988	88.7580108643	102.844657898	119.973670959	138.127182007	155.545944214	172.857299805	182.890365601	189.579925537	181.28918457	161.258834839	134.111953735	102.213394165	75.7768249512	58.1036834717	49.0537223816	43.5461196899	37.4659538269	31.9229927063	28.1950359344	25.4181118011	24.4389629364	24.0102462769	25.2444591522	25.70911026	28.4301452637	28.4388446808	29.1180381775	28.190038681	0
Mar 10 2023 20:33:14	24986.0273438	280.354095459	204.19519043	137.346939087	102.33127594	87.3714981079	82.0859680176	85.5384750366	92.5990219116	103.65146637	115.836639404	130.446609497	149.881515503	168.703903198	186.330886841	197.297897339	205.297348022	199.449386597	184.870452881	161.478652954	135.135986328	112.340911865	95.5246124268	82.7381210327	72.2538757324	61.3616790771	51.8578109741	44.8196144104	39.9574699402	37.3864860535	36.279209137	37.3259887695	37.8579521179	40.7739486694	41.2508773804	41.7700881958	41.1068725586	0
Mar 10 2023 20:33:15	28226.4355469	0	0	0	0	0	0	0	0	0	0	0	0	0	0	0	0	0.0378716699779	0.292727857828	0.43056628108	0.512631177902	0.665336728096	0.759698867798	0.828719139099	0.793151438236	0.746623933315	0.561073482037	0.468041658401	0.258361786604	0.23915655911	0.0219839885831	0.217938676476	0	0.419449806213	0	0.37421053648	0.122377634048	0
Mar 10 2023 20:33:16	28225.640625	0	0	0	0	0	0	0	0	0	0	0	0	0	0	0	0	0.0356301143765	0.273339539766	0.390589773655	0.47533428669	0.638598918915	0.773333847523	0.83994281292	0.864429533482	0.8647133708	0.720266759396	0.606206774712	0.349611371756	0.284078210592	0.00777259748429	0.191981270909	0	0.385074138641	0	0.335783004761	0.139990031719	0
Mar 10 2023 20:33:17	28184.8808594	0	0	0	0	0	0	0	0	0	0	0	0	0	0	0	1.53276276588	2.03350806236	2.64412617683	3.03286385536	3.33673119545	3.66354203224	3.82540512085	3.78821253777	3.62177276611	3.19914269447	2.55227327347	1.95425474644	1.31830489635	0	0	0	0	0	0	0	0	0
Mar 10 2023 20:33:18	28228.5917969	0	0	0	0	0	0	0	0	0	0	0	0	0	0	0	0	0	0	0	0.00432818196714	0.0412055552006	0.0547163374722	0.127250745893	0.174348801374	0.1785120368	0.103240534663	0.0823592841625	0.00273781572469	0	0.000224183822866	0.0137351341546	0	0.225265026093	0	0.186338067055	0	0
Mar 10 2023 20:33:19	28157.9863281	0	0	0	0	0	0	0	0	0	0	1.96682202816	3.55419683456	4.92679929733	6.31015348434	7.37930631638	8.23822212219	8.73606300354	8.79325962067	8.21601295471	7.1157283783	5.98300552368	4.80732536316	4.02932024002	3.55733776093	3.01960611343	2.34775066376	1.83409428596	1.30163240433	1.10383093357	0.757497251034	0.900874018669	0.504314661026	1.09585118294	0.497737884521	1.07232761383	0	0
Mar 10 2023 20:33:20	28125.6328125	0	0	0	0	0	0	0	0	0	0	0	1.37197864056	2.4611287117	3.42944216728	4.18763446808	4.67153310776	5.01741313934	5.25483369827	4.97533321381	4.49292230606	4.1089630127	3.61139702797	3.23746848106	2.98101997375	2.63978004456	2.19668507576	1.91146945953	1.53878569603	1.47269201279	1.21787810326	1.45097064972	1.09319806099	1.74653625488	1.11754536629	1.7271001339	1.44611573219	0
Mar 10 2023 20:33:21	28221.1210938	0	0	0	0	0	0	0	0	0	0	0	0	0	0	0	0	1.07707870007	1.3010969162	1.29161036015	1.22190845013	1.22661983967	1.13491332531	1.10732865334	1.05767762661	0	0	0	0	0	0	0	0	0	0	0	0	0
Mar 10 2023 20:33:22	27347.9882813	0	0	0	0	0	1.82505512238	7.07519960403	10.5180568695	15.36876297	19.3614521027	24.1008548737	29.3081970215	34.9340209961	40.5359230042	46.2161903381	50.7110443115	54.3423461914	55.9513320923	55.9506111145	53.7638816833	50.7910766602	47.2886657715	44.0919876099	40.9441070557	35.8907814026	29.8127212524	24.0712242126	19.1548614502	15.7353725433	13.1868877411	12.2091655731	11.0444402695	11.6633892059	11.0223264694	11.3072719574	10.7459211349	0
Mar 10 2023 20:33:23	27954.2109375	0	0	0	0	0	0	0	0	3.36820006371	5.76448869705	8.27203273773	10.9621391296	13.6590185165	16.5488739014	18.9284000397	21.2006587982	22.9377880096	23.9541320801	23.8827857971	22.70728302	21.0135307312	18.8347148895	16.7530078888	14.9320335388	12.8400678635	10.2981681824	7.99825143814	6.1885061264	5.00341272354	3.96552848816	3.73088645935	3.34987044334	4.1627368927	3.91551303864	4.40674781799	3.83338260651	0
Mar 10 2023 20:33:24	27182.9257813	0	0	0	0	0	0	2.66809368134	5.99758863449	10.3901281357	14.0345554352	17.6641254425	21.4636993408	25.8308544159	30.4394168854	35.0946922302	39.3885002136	43.3561630249	46.606716156	47.939163208	47.3733100891	45.4474411011	42.3397903442	38.9977149963	35.7781600952	31.8654022217	27.5127468109	23.6274394989	20.6940956116	18.915348053	17.7464332581	17.8462085724	17.4573478699	17.9113426208	17.3057384491	16.4189949036	14.387096405	0
Mar 10 2023 20:33:25	27194.796875	0	0	0	0	0	0	1.26043856144	3.48684763908	7.63188266754	10.7796735764	14.3796510696	17.9925899506	22.3023967743	26.8736534119	31.2303142548	36.0575256348	40.6752624512	44.9103507996	47.8634757996	49.4403152466	49.5252914429	47.6426277161	44.5556564331	41.2521476746	36.5919342041	31.2782936096	26.525478363	22.6269512177	20.2595310211	18.5115947723	17.9705581665	16.6975765228	16.667552948	15.39270401	14.4547290802	12.8183393478	0
Mar 10 2023 20:33:26	28202.0527344	0	0	0	0	0	0	0	0	0	0	0	0	0	0	0	1.14551687241	1.50397372246	1.85533607006	1.93764317036	2.00483512878	2.12252140045	1.95788311958	1.75325119495	1.59338068962	1.43717992306	1.17127847672	0	0	0	0	0	0	0	0	0	0	0
Mar 10 2023 20:33:27	28073.7265625	0	0	0	0	0	0	0	0	0	0	1.42043554783	2.2496817112	3.27419424057	4.27155542374	5.19703674316	6.1192317009	6.82223415375	7.59901952744	7.94480800629	8.14531040192	8.37365722656	8.15444946289	7.66344594955	7.06436920166	6.23305749893	5.17789649963	4.25658893585	3.310536623	2.76775836945	2.14582967758	2.16060161591	1.63409376144	2.30205392838	1.55672121048	2.13448619843	1.71585083008	0
Mar 10 2023 20:33:28	27669.4570313	0	0	0	0	0	1.92871844769	8.08076190948	14.0333652496	21.9028987885	28.7441520691	35.1479949951	40.5988006592	46.9333190918	53.4365501404	58.5108985901	62.0436515808	62.3671684265	59.4146270752	53.1748580933	44.1424751282	35.2187347412	28.2374286652	24.1480560303	21.4656600952	18.3022918701	14.7726898193	11.8715744019	9.46658229828	7.95900058746	6.73654317856	6.52858686447	5.8538107872	6.63822364807	6.03135585785	6.62973976135	6.31247997284	0
Mar 10 2023 20:33:29	27572.1953125	0	0	0	0	0	0	0	2.8808567524	9.12602806091	13.7388916016	17.9945545197	22.7112178802	28.0152416229	33.2641716003	38.3515472412	43.1809806824	47.2974319458	50.4810943604	52.011631012	51.47133255	49.5561256409	46.1647186279	42.1883430481	37.9520301819	32.5288772583	26.4330406189	20.8021869659	15.8655118942	12.3394165039	9.67332839966	8.43477725983	6.99372148514	7.11688613892	6.33363342285	6.63337373734	6.32325839996	0
Mar 10 2023 20:33:30	27837.75	0	0	0	0	0	0	0	0	4.18719625473	7.39728021622	9.90312099457	12.6010351181	15.2321166992	18.0272674561	20.7536449432	23.5277938843	25.7107563019	27.3111877441	27.9919719696	27.6647758484	26.8433227539	25.5460186005	24.0790367126	22.0622367859	19.0996875763	15.7310733795	12.5266065598	9.59274959564	7.52269029617	5.83384370804	5.14562368393	4.09036254883	4.47621297836	3.69873785973	4.15004730225	3.81314754486	0
Mar 10 2023 20:33:31	28108.5722656	0	0	0	0	0	0	0	0	0	0	1.48334157467	2.67640686035	3.99075007439	5.17652845383	6.00817537308	6.81361961365	7.30646371841	7.60531282425	7.39618682861	6.90984296799	6.51930379868	5.950548172	5.45985031128	5.01790952682	4.36692523956	3.55212330818	2.83641052246	2.16613459587	1.78534352779	1.39995408058	1.55470228195	1.17102622986	1.76818370819	1.10169887543	1.65218186378	1.41113901138	0
Mar 10 2023 20:33:32	27962.765625	0	0	0	0	0	0	1.51982736588	3.65689516068	7.33645009995	10.0435791016	12.6752433777	15.5329809189	18.5987968445	21.4482936859	23.7686252594	25.739364624	26.4687824249	26.0770320892	23.8597640991	20.521894455	16.9610862732	13.7186889648	11.4300031662	9.85929679871	8.17005157471	6.41954708099	5.10258817673	4.01886224747	3.41595840454	2.90005326271	3.00949907303	2.64072775841	3.38857102394	2.7408053875	3.31102108955	3.01154565811	0
Mar 10 2023 20:33:33	28235.9511719	0	0	0	0	0	0	0	0	0	0	0	0	0	0	0.0384084805846	0.253589004278	0.375554561615	0.566215217113	0.420992672443	0.354120790958	0.378795474768	0.335334330797	0.308537632227	0.304766207933	0.270380109549	0.172882512212	0.139253258705	0.00670178094879	0.0611882731318	0.00187433208339	0.051428142935	0	0.182038068771	0	0.152729988098	0	0
Mar 10 2023 20:33:34	27331.3359375	17.8351173401	13.6394643784	13.6493654251	10.7365169525	12.871720314	15.6276903152	19.2774868011	23.5995559692	27.6978607178	32.1769676208	36.650177002	42.7766342163	48.3337097168	53.6842765808	57.4535675049	60.1943054199	59.5111427307	55.7629318237	49.8014221191	42.9405479431	36.9337043762	32.4049987793	29.0461521149	26.1542434692	22.573846817	18.7355804443	15.7560338974	13.3225669861	11.9653406143	10.8717794418	10.9984006882	10.457195282	11.5759563446	10.8366708755	11.3592214584	10.7675323486	0
Mar 10 2023 20:33:35	27040.3125	39.8322677612	27.9561538696	26.5507774353	23.1241874695	23.3042068481	25.4526615143	31.0623645782	36.7682113647	41.8207511902	48.3477325439	54.9989242554	62.9264411926	70.8314208984	79.4042663574	84.9539260864	89.315322876	88.4113388062	83.4862442017	75.7301330566	65.7152709961	56.7863998413	49.351890564	43.3617401123	37.7902565002	31.9789543152	26.6754798889	22.4825363159	19.2508811951	17.3873977661	16.0814628601	16.1008014679	15.4799356461	16.5405330658	15.7313804626	15.826177597	14.827630043	0
Mar 10 2023 20:33:36	26867.2070313	105.710525513	81.9813995361	65.8745269775	52.2624588013	45.3145027161	45.3777923584	46.944683075	51.4922866821	57.9095573425	65.9600982666	73.8803100586	82.7154922485	90.1772689819	97.29347229	102.116889954	103.777900696	98.8433990479	90.1137161255	79.0574645996	67.1145401001	56.744644165	48.1813278198	40.9815559387	34.9401817322	29.4048862457	24.6669216156	21.202299118	18.7661266327	17.5145835876	16.7428627014	17.1643028259	16.9098911285	18.2619113922	17.8079109192	18.0184364319	17.1988639832	0
Mar 10 2023 20:33:37	23584.4511719	278.575958252	211.829376221	156.86479187	124.426498413	107.65801239	103.126243591	109.122612	116.741065979	129.963424683	145.660263062	165.377334595	188.583770752	212.388137817	235.196456909	252.279998779	265.566009521	265.393676758	252.453369141	229.571594238	200.496536255	173.113113403	150.360153198	132.782821655	118.129737854	102.172958374	86.8060836792	74.6130142212	65.9766998291	60.8471870422	57.8048362732	58.421710968	58.3324165344	61.9816894531	62.0865898132	62.0093269348	59.8872413635	0
Mar 10 2023 20:33:38	25720.4746094	162.500335693	123.901679993	89.9045944214	69.8856201172	63.4050521851	63.4678688049	68.8615493774	75.9173431396	85.2515792847	95.6438369751	107.348251343	121.332977295	135.627731323	149.345397949	158.846694946	164.148880005	160.463531494	150.443267822	135.914047241	118.300445557	103.201957703	90.0160522461	78.710357666	69.0758895874	58.9976959229	49.7931556702	42.594203949	37.2625274658	34.0560836792	32.2806129456	32.4672279358	32.0967063904	34.215171814	33.6460723877	33.6473922729	32.1646194458	0
Mar 10 2023 20:33:39	27585.2597656	0	0	0	0	0	2.44018125534	8.45381832123	12.5315666199	16.7975578308	20.9592933655	25.5021572113	30.0173301697	35.1683883667	40.4470367432	44.6134910583	48.5553131104	50.3652610779	50.0340652466	47.3347816467	43.0463752747	38.4822616577	33.9496116638	30.23087883	26.587064743	22.4480266571	18.1529560089	14.6566047668	11.8790512085	10.2163333893	8.86944293976	8.68858718872	7.94225931168	8.82846927643	8.02350997925	8.50159549713	7.94467306137	0
Mar 10 2023 20:33:40	26984.1210938	0	0	0	1.9217826128	5.8043961525	8.31733798981	16.3272171021	22.4265518188	27.9673595428	33.3008880615	39.938747406	47.2123641968	54.8357276917	63.5102882385	71.7541809082	79.8503341675	85.8167495728	89.5520858765	90.5654907227	88.9814224243	85.4559555054	79.8346176147	72.6940689087	63.8693771362	52.9528694153	41.7481079102	32.6004714966	25.4856376648	20.8849048615	17.5395355225	16.2275028229	14.6984462738	15.3405504227	14.3243217468	14.645781517	13.8762159348	0
Mar 10 2023 20:33:41	28236.09375	0	0	0	0	0	0	0	0	0	0	0	0	0	0	0	0	0.00986268464476	0.070338062942	0.0632348954678	0.0541849434376	0.153894141316	0.171073049307	0.1971706599	0.168786540627	0.147743836045	0.0442884489894	0.0483942590654	0.00164416525513	0	0	0	0	0.136920928955	0	0.0300837159157	0	0
Mar 10 2023 20:33:42	28016.5664063	0	0	0	0	0	0	0	2.15737295151	5.3038816452	7.81558799744	10.5345449448	13.6362285614	16.4820194244	19.3643341064	21.5492668152	23.4188709259	24.2166385651	23.9737930298	21.8180522919	18.0610218048	13.5718927383	9.41123580933	6.81022930145	5.54124593735	4.89623641968	4.07360553741	3.49395465851	2.9735326767	2.89788603783	2.69578242302	3.03319549561	2.71444582939	3.51403594017	2.86346459389	3.45818161964	3.07182002068	0
Mar 10 2023 20:33:43	27568.2851563	0	0	0	0	0	0	0	0	3.34563994408	5.90521669388	8.13444709778	11.5698156357	14.2918834686	17.5746097565	20.5081653595	23.7425861359	26.5347652435	28.8353176117	30.4654407501	30.9615650177	30.3152637482	28.6739826202	26.7062225342	24.9869785309	22.8880748749	19.8277320862	16.8528518677	14.3218355179	12.7740116119	11.6224660873	11.5236597061	10.8073616028	11.3384656906	10.4027967453	10.1513414383	8.97400379181	0
Mar 10 2023 20:33:44	28017.8652344	0	0	0	0	0	0	0	0	1.82104218006	3.33787989616	5.56922674179	8.00058746338	10.3313102722	12.7025308609	14.5454397202	16.2966003418	17.5436153412	18.2181720734	18.1902828217	17.3933200836	16.4395503998	15.2425289154	14.0541801453	12.7381477356	11.0302705765	8.85899066925	6.94634056091	5.20830631256	4.1151099205	3.17170548439	2.97585320473	2.32187795639	2.86223912239	2.2528116703	2.81726264954	2.55976581573	0
Mar 10 2023 20:33:45	28075.2050781	0	0	0	0	0	0	0	0	0	0	1.01592087746	1.86853289604	3.32404923439	4.60025596619	5.70388412476	6.66453123093	7.52580738068	8.29662513733	8.66863059998	8.77703285217	8.70065116882	8.31312561035	7.87982320786	7.20059394836	6.40025997162	5.30386018753	4.38148069382	3.44683051109	2.92196202278	2.33276605606	2.37236070633	1.85523796082	2.3590528965	1.71133780479	2.20730495453	1.87940061092	0
Mar 10 2023 20:33:46	28058.0527344	0	0	0	0	0	0	0	0	0	0	1.17106544971	3.17491555214	5.16192626953	7.11968708038	8.54745292664	10.106593132	11.2122840881	11.9885988235	12.4185009003	12.262386322	11.8900766373	11.3677177429	10.8632259369	10.1033182144	8.90801620483	7.26392841339	5.77108430862	4.32933187485	3.44121074677	2.5899143219	2.42555999756	1.77842950821	2.35138940811	1.67409896851	2.28457951546	2.01615428925	0
Mar 10 2023 20:33:47	27912.9394531	0	0	0	0	0	0	0	0	2.11629366875	4.02368545532	6.33429718018	8.82843399048	11.349905014	13.9612035751	16.4478816986	18.8287448883	20.9820079803	22.7472000122	23.8826122284	24.0976581573	23.7801361084	22.6506061554	21.2238445282	19.1815128326	16.4317378998	13.1372232437	10.2393846512	7.7515463829	6.08482980728	4.70868635178	4.20322799683	3.36586117744	3.79447674751	3.13962054253	3.66289758682	3.41489362717	0
Mar 10 2023 20:33:48	27850.1835938	0	0	0	0	0	0	0	0	1.3928630352	3.22770023346	5.29075288773	7.46679401398	10.0269870758	12.5146570206	15.0368976593	17.6863746643	20.4039020538	23.2690792084	25.8092937469	27.8393974304	29.3309955597	29.6767425537	28.8115749359	26.7313213348	23.1378002167	18.6597747803	14.3178100586	10.5567293167	7.95054626465	5.90448999405	5.02973413467	3.92976689339	4.19359064102	3.50612688065	3.96870303154	3.70480251312	0
Mar 10 2023 20:33:49	28158.5742188	0	0	0	0	0	0	0	0	0	0	0	0	1.39412069321	2.47510957718	3.26684236526	4.147315979	5.02129745483	5.88169765472	6.57547187805	7.04482793808	7.34796142578	7.26736879349	6.84227514267	6.07520437241	5.07043647766	3.91412425041	2.9696495533	2.06417942047	1.53924584389	1.00881886482	0.988964557648	0.495327711105	1.00692915916	0	0	0	0
Mar 10 2023 20:33:50	28211.4824219	0	0	0	0	0	0	0	0	0	0	0	0	0	0	0	1.21482288837	1.46128594875	1.65261304379	1.71605229378	1.61276483536	1.51476323605	1.43633580208	1.41217553616	1.27275180817	1.13684403896	0	0	0	0	0	0	0	0	0	0	0	0
Mar 10 2023 20:33:51	28203.3847656	0	0	0	0	0	0	0	0	0	0	0	1.13491642475	1.95946836472	2.807908535	3.32090353966	3.7153904438	3.84800076485	3.7428753376	3.26175308228	2.56464529037	2.01082229614	1.58172023296	1.44210243225	1.27144479752	1.08730566502	0	0	0	0	0	0	0	0	0	0	0	0
Mar 10 2023 20:33:52	28204.3164063	0	0	0	0	0	0	0	0	0	0	0	1.74871265888	2.5220644474	3.64235901833	4.03523015976	4.47702455521	4.41229248047	4.17003202438	3.51104950905	2.6110765934	1.82225477695	1.39005017281	1.28918802738	1.12061071396	0	0	0	0	0	0	0	0	0	0	0	0	0
Mar 10 2023 20:33:53	28225.1191406	0	0	0	0	0	0	0	0	0	0	0	0	0.0152532448992	0.129056960344	0.393441021442	0.628546357155	0.793109059334	0.993455410004	0.994507789612	0.845959484577	0.715208947659	0.637810885906	0.603587865829	0.533303141594	0.465713441372	0.295360922813	0.248754322529	0.0790842399001	0.102424822748	0.00325111323036	0.0947580337524	0	0.299949884415	0	0.28472673893	0.0611358880997	0
Mar 10 2023 20:33:54	28236.3105469	0	0	0	0	0	0	0	0	0	0	0	0	0	0	0	0	0	0	0	0	0	0	0	0	0	0	0	0	0	0	0	0	0.206871986389	0	0.197229206562	0	976.234558105
Mar 10 2023 20:33:55	28231.875	0	0	0	0	0	0	0	0	0	0	0	0	0	0	0	0	0.0187641568482	0.152372777462	0.277625769377	0.363216012716	0.439770102501	0.533415138721	0.596036791801	0.500566124916	0.448539167643	0.319404095411	0.253692269325	0.0484283715487	0.0869482979178	0.00306826480664	0.0993588343263	0	0.396811962128	0	0.358654916286	0.18691778183	0
Mar 10 2023 20:33:56	28241.8261719	0	0	0	0	0	0	0	0	0	0	0	0	0	0	0	0	0	0	0	0	0	0	0	0	0	0	0	0	0	0.000107368352474	0.00815999414772	0	0.247125864029	0	0.252053141594	0.0232003927231	0
Mar 10 2023 20:33:57	28239.0625	0	0	0	0	0	0	0	0	0	0	0	0	0	0	0.0141861615703	0.098664149642	0.183703094721	0.351009935141	0.349050879478	0.205542355776	0.129580393434	0.0491136349738	0.0525325872004	0.018291419372	0.0529576465487	0.0150616737083	0.0399884693325	0.00185276253615	0.0143505195156	0.00154370919336	0.0804601758718	0	0.331887722015	0	0.334667444229	0.152820706367	0
Mar 10 2023 20:33:58	28213.296875	0	0	0	0	0	0	0	0	0	0	0	0	0	0	1.02619290352	1.26987540722	1.52790009975	1.7901391983	1.75036811829	1.61782574654	1.58726763725	1.47563314438	1.41552901268	1.29235184193	1.14052939415	0	0	0	0	0	0	0	0	0	0	0	0
Mar 10 2023 20:33:59	28134.6816406	0	0	0	0	0	0	0	0	0	0	0	0	1.33613920212	2.33498692513	3.21135210991	3.96532130241	4.6422996521	5.4168009758	5.91073703766	6.18989801407	6.41584682465	6.45313072205	6.28541517258	5.93894481659	5.32402324677	4.42009830475	3.51749229431	2.57544732094	2.00768136978	1.41334331036	1.45016849041	0.939149618149	1.49588680267	0.835377454758	1.41976523399	1.17692005634	0
Mar 10 2023 20:34:00	28236.9785156	0	0	0	0	0	0	0	0	0	0	0	0	0	0	0	0	0	0	0	0	0	0	0	0	0	0	0	0	0	0.000120470598631	0.00915576610714	0	0.38458108902	0	0.423233509064	0.103061854839	0
Mar 10 2023 20:34:01	28223.2558594	0	0	0	0	0	0	0	0	0	0	0	0	0	0	0.0139177646488	0.103283025324	0.221567049623	0.379932850599	0.38492846489	0.286205470562	0.232505232096	0.255425810814	0.300934910774	0.244935408235	0.282601445913	0.226704254746	0.237172484398	0.124881021678	0.203006356955	0.0183270014822	0.271904796362	0	0.554600954056	0	0.575267851353	0.309406101704	0
Mar 10 2023 20:34:02	27873.0527344	0	0	0	0	0	0	0	2.33488726616	5.286444664	7.64157533646	10.0546178818	12.9312524796	15.4152612686	18.0881347656	20.21235466	21.6337566376	21.9847393036	21.1912841797	19.3241729736	16.3512687683	13.564119339	11.3843917847	10.0820198059	9.14069461823	8.09648704529	6.90840101242	6.06027507782	5.27563762665	5.0526471138	4.74360656738	5.13245391846	4.80940341949	5.68976974487	5.0060005188	5.55124282837	5.05113983154	0
Mar 10 2023 20:34:03	28010.8828125	0	0	0	0	0	0	0	0	0	0	0	2.02941250801	3.29483890533	4.72536039352	5.68065214157	6.80196762085	7.5981054306	8.19756221771	8.53442287445	8.47086143494	8.30260658264	7.95677614212	7.50253105164	6.85513591766	6.15221595764	5.26034355164	4.59330415726	3.85287046432	3.64903378487	3.2485678196	3.69195389748	3.29381752014	4.27272796631	3.50391387939	4.22840547562	3.78326010704	0
Mar 10 2023 20:34:04	27978.859375	0	0	0	0	0	0	0	0	0	0	2.07503724098	4.07739591599	5.95004892349	7.98443555832	9.85271453857	11.7205085754	13.457157135	15.2141895294	16.7191619873	17.7684440613	18.3808441162	18.3213634491	17.680770874	16.2925605774	14.2987384796	11.7336835861	9.31596755981	7.09366083145	5.5599322319	4.11220836639	3.88731050491	3.04601335526	3.81566166878	3.14848685265	3.69551277161	3.29398059845	0
Mar 10 2023 20:34:05	27629.6269531	0	0	0	0	0	0	0	0	2.89048290253	4.6560997963	7.27852392197	10.2698316574	13.6059617996	16.7783851624	19.6414299011	22.4202766418	24.7672271729	26.3218669891	27.1972694397	26.9675731659	26.3706016541	25.1600456238	23.8091411591	22.1784591675	19.8936157227	17.0276260376	14.4989776611	12.2676677704	10.951965332	9.83971691132	9.92430877686	9.22781944275	10.0580301285	9.19431209564	9.43412685394	8.52012062073	0
Mar 10 2023 20:34:06	27620.7753906	0	0	0	0	0	0	4.00191545486	6.88612890244	11.3468532562	14.8527870178	18.8654251099	23.2328948975	27.7476596832	32.0755119324	36.1751174927	39.5036811829	41.1975326538	40.8949394226	38.5361022949	33.8973655701	28.7754001617	24.355009079	21.7030773163	20.1964473724	18.2483158112	15.7837438583	13.5440263748	11.6844205856	10.6977710724	9.91031742096	9.9826002121	9.42164230347	9.96154403687	9.13038635254	9.05518245697	8.15399646759	0
Mar 10 2023 20:34:07	28200.2695313	0	0	0	0	0	0	0	0	0	0	0	1.42070639133	2.74983763695	3.90124750137	4.78181695938	5.55737495422	6.17517805099	6.50626754761	6.23203706741	5.49390983582	4.5291762352	3.35800027847	2.39666938782	1.71415185928	1.31736433506	0	0	0	0	0	0	0	0	0	0	0	0
Mar 10 2023 20:34:08	28238.4101563	0	0	0	0	0	0	0	0	0	0	0	0	0	0	0	0	0	0.013331413269	0.106497421861	0.135457158089	0.22628852725	0.256901919842	0.307930916548	0.282051950693	0.264631301165	0.15862056613	0.107264980674	0.00354405376129	0	0	0	0	0.141919136047	0	0.107351660728	0	0
Mar 10 2023 20:34:09	28235.6640625	0	0	0	0	0	0	0	0	0	0	0	0	0	0	0	0	0	0	0	0	0	0	0	0	0	0	0	0	0	0	0	0	0.0830647945404	0	0.0447843074799	0	976.390380859
Mar 10 2023 20:34:10	28243.3867188	0	0	0	0	0	0	0	0	0	0	0	0	0	0	0	0	0	0	0	0	0	0	0	0	0	0	0	0	0	0	0	0	0.042946100235	0	0	0	976.390563965
Mar 10 2023 20:34:11	28230.625	0	0	0	0	0	0	0	0	0	0	0	0	0	0	0	0	0	0	0	0	0	0	0	0	0	0	0	0	0	0	0	0	0	0	0	0	976.406433105
Mar 10 2023 20:34:12	28240.4824219	0	0	0	0	0	0	0	0	0	0	0	0	0	0	0	0	0	0	0	0.00337231555022	0.0387301519513	0.11329203099	0.181778639555	0.155107572675	0.131047308445	0.050716355443	0.00197291374207	0	0	0	0	0	0	0	0	0	0
Mar 10 2023 20:34:13	28254.1640625	0	0	0	0	0	0	0	0	0	0	0	0	0	0	0	0	0	0	0	0	0	0	0	0	0	0	0	0	0	0	0	0	0	0	0	0	976.424682617
Mar 10 2023 20:34:14	28073.8613281	0	0	0	0	0	0	2.27271461487	5.52274131775	9.60991764069	13.4883232117	16.9736824036	21.0574207306	24.5677604675	28.2042865753	30.6346302032	32.5377998352	32.3455543518	29.7590236664	25.0157279968	18.6278953552	12.9138050079	9.38288021088	8.27157020569	7.47638607025	5.85403203964	4.41424751282	3.39631056786	2.4441511631	1.92259395123	1.37084412575	1.35981869698	0.897181749344	1.40679693222	0.789790630341	1.29345309734	1.13541460037	0
Mar 10 2023 20:34:15	28067.2128906	0	0	0	0	0	1.00056397915	4.63115596771	9.21283531189	14.3991088867	18.620929718	22.8307342529	27.4474582672	31.9805164337	36.4022064209	39.613067627	41.7426948547	41.0618362427	37.3587341309	30.7333774567	21.7457313538	13.4575500488	7.96454334259	6.18889760971	5.60448074341	4.35166501999	3.10746502876	2.41650128365	1.73646843433	1.39864242077	1.01661670208	1.09993231297	0.689777135849	1.25578975677	0.643615961075	1.1965187788	1.06622195244	0
Mar 10 2023 20:34:16	28212.1191406	0	0	0	0	0	0	0	0	0	0	0	1.51302134991	2.17355370522	3.23692345619	3.76468873024	4.41024684906	4.67775678635	4.68835496902	4.2743139267	3.37488365173	2.28946709633	1.3758482933	0	0	0	0	0	0	0	0	0	0	0	0	0	0	0
Mar 10 2023 20:34:17	28246.984375	0	0	0	0	0	0	0	0	0	0	0	0	0	0	0	0	0	0	0	0	0	0	0	0	0	0	0	0	0	0	0	0	0.0847980976105	0	0.0495399236679	0	976.446899414
Mar 10 2023 20:34:18	28231.6367188	0	0	0	0	0	0	0	0	0	0	0	0	0	0	0	0.0168452113867	0.149139419198	0.38125154376	0.395034343004	0.334066331387	0.356716424227	0.303053438663	0.304853826761	0.259041696787	0.221368312836	0.123737648129	0.0660954192281	0.00214744382538	0	0	0	0	0.127567768097	0	0.085678935051	0	0
Mar 10 2023 20:34:19	28238.328125	0	0	0	0	0	0	0	0	0	0	0	0	0	0	0	0	0.000980131095275	0.00627283891663	0.00637495145202	0.0553535632789	0.126035153866	0.141434147954	0.192495629191	0.182634726167	0.164025053382	0.102984383702	0.0553410165012	0.00179733766709	0	0	0	0	0.11030960083	0	0.0737237930298	0	0
Mar 10 2023 20:34:20	28242.0898438	0	0	0	0	0	0	0	0	0	0	0	0	0	0	0	0	0	0	0	0	0	0.00294370041229	0.0327386930585	0.0236270353198	0.0403328165412	0.00213483069092	0	0	0	0	0	0	0.0968663692474	0	0.0496016740799	0	0
Mar 10 2023 20:34:21	28243.8847656	0	0	0	0	0	0	0	0	0	0	0	0	0	0	0	0	0	0	0	0	0	0	0	0	0	0	0	0	0	0	0	0	0.0870859622955	0	0.0554283857346	0	976.505615234
Mar 10 2023 20:34:22	28222.2011719	0	0	0	0	0	0	0	0	0	0	0	0	0	0	1.21223056316	1.66901552677	1.85340332985	2.08204650879	2.02371001244	1.70707523823	1.33991217613	1.10498166084	0	0	0	0	0	0	0	0	0	0	0	0	0	0	0
Mar 10 2023 20:34:23	28238.9785156	0	0	0	0	0	0	0	0	0	0	0	0	0	0	0	0	0	0	0	0	0	0	0	0	0	0	0	0	0	0	0	0	0	0	0	0	976.525939941
Mar 10 2023 20:34:24	28245.8652344	0	0	0	0	0	0	0	0	0	0	0	0	0	0	0	0	0	0	0	0	0	0	0	0	0	0	0	0	0	0	0	0	0	0	0	0	976.538085938
Mar 10 2023 20:34:25	28239.4355469	0	0	0	0	0	0	0	0	0	0	0	0	0	0	0	0	0	0	0	0	0	0	0	0	0	0	0	0	0	0	0	0	0	0	0	0	976.542114258
Mar 10 2023 20:34:26	28254.03125	0	0	0	0	0	0	0	0	0	0	0	0	0	0	0	0	0	0	0	0	0	0	0	0	0	0	0	0	0	0	0	0	0	0	0	0	976.541381836
Mar 10 2023 20:34:27	28251.4511719	0	0	0	0	0	0	0	0	0	0	0	0	0	0	0	0	0	0	0	0	0	0	0	0	0	0	0	0	0	0	0	0	0	0	0	0	976.546630859
Mar 10 2023 20:34:28	28240.8632813	0	0	0	0	0	0	0	0	0	0	0	0	0	0	0	0	0	0	0	0	0	0	0	0	0	0	0	0	0	0	0	0	0	0	0	0	976.567810059
Mar 10 2023 20:34:29	28243.7714844	0	0	0	0	0	0	0	0	0	0	0	0	0	0	0	0	0	0	0	0	0	0	0	0	0	0	0	0	0	0	0	0	0	0	0	0	976.567504883
Mar 10 2023 20:34:30	28241.5878906	0	0	0	0	0	0	0	0	0	0	0	0	0	0	0	0	0	0	0	0	0	0	0	0	0	0	0	0	0	0	0	0	0	0	0	0	976.586547852
Mar 10 2023 20:34:31	28236.4589844	0	0	0	0	0	0	0	0	0	0	0	0	0	0	0	0	0	0	0	0	0	0	0	0	0	0	0	0	0	0	0	0	0	0	0	0	976.607299805
Mar 10 2023 20:34:32	28244.3476563	0	0	0	0	0	0	0	0	0	0	0	0	0	0	0	0	0	0	0	0	0	0	0	0	0	0	0	0	0	0	0	0	0	0	0	0	976.609069824
Mar 10 2023 20:34:33	28236.0703125	0	0	0	0	0	0	0	0	0	0	0	0	0	0	0	0	0	0	0	0	0	0	0	0	0	0	0	0	0	0	0	0	0	0	0	0	976.603759766
Mar 10 2023 20:34:34	28244.5488281	0	0	0	0	0	0	0	0	0	0	0	0	0	0	0	0	0	0	0	0	0	0	0	0	0	0	0	0	0	0	0	0	0	0	0	0	976.610961914
Mar 10 2023 20:34:35	28248.75	0	0	0	0	0	0	0	0	0	0	0	0	0	0	0	0	0	0	0	0	0	0	0	0	0	0	0	0	0	0	0	0	0	0	0	0	976.629089355
