Date-Time	Sc[0]	Sc[1]	Sc[2]	Sc[3]	Sc[4]	Sc[5]	Sc[6]	Sc[7]	Sc[8]	Sc[9]	Sc[10]	Sc[11]	Sc[12]	Sc[13]	Sc[14]	Sc[15]	Sc[16]	Sc[17]	Sc[18]	Sc[19]	Sc[20]	Sc[21]	Sc[22]	Sc[23]	Sc[24]	Sc[25]	Sc[26]	Sc[27]	Sc[28]	Sc[29]	Sc[30]	Sc[31]	Sc[32]	Sc[33]	Sc[34]	Sc[35]	Sc[36]	Sc[M]
Mar 10 2023 19:58:31	22390.1503906	214.539001465	166.809371948	112.917160034	84.7514266968	69.14478302	66.6829452515	70.4761199951	76.0895309448	86.0854568481	98.1140594482	113.280143738	135.265838623	158.764678955	184.371551514	207.905517578	232.090438843	250.673477173	263.146392822	271.181365967	270.935424805	267.270233154	256.831695557	240.04069519	214.250656128	181.480285645	147.292190552	119.717536926	98.1129150391	84.6337966919	75.4814758301	72.7820510864	69.818901062	72.9522247314	73.2996520996	73.4463424683	71.4794616699	0
Mar 10 2023 19:58:32	19930.9726563	361.920776367	281.706237793	200.126663208	155.367782593	125.029579163	108.370521545	99.6748580933	103.647064209	112.705177307	126.418968201	142.082397461	161.613876343	183.990570068	208.562896729	234.634078979	261.861938477	288.599212646	308.825256348	325.522003174	332.926879883	335.889373779	327.730285645	309.99017334	282.343597412	245.198013306	203.979858398	168.616363525	139.584579468	119.744750977	106.359893799	101.095199585	97.2587203979	100.182022095	102.288948059	102.18837738	101.29107666	0
Mar 10 2023 19:58:33	19157.921875	194.224700928	150.581268311	104.935394287	79.2929153442	69.2765808105	73.8679351807	86.4766998291	100.44871521	115.780723572	135.299041748	158.699920654	189.000061035	222.425308228	258.015258789	293.473571777	331.02734375	365.486877441	391.759277344	414.433074951	424.468200684	427.093566895	414.547454834	390.485931396	351.148071289	298.955413818	242.409469604	196.21395874	157.761306763	131.848388672	112.681037903	104.69543457	97.9275131226	101.482116699	102.540657043	104.855812073	105.132392883	0
Mar 10 2023 19:58:34	27188.2460938	49.1346435547	30.2247028351	11.5132026672	2.03851342201	0.337690442801	0.931571364403	3.79087376595	6.43257808685	10.1377983093	12.3030443192	15.7120304108	20.3226947784	25.0335063934	30.0165672302	34.5074768066	39.3046836853	43.4177932739	46.341342926	48.8522453308	49.9606285095	50.205783844	49.2559204102	46.8197212219	42.9368286133	37.6771659851	31.6749286652	26.6619205475	22.2309837341	19.1799240112	16.8506736755	16.1154403687	15.2248935699	16.1055221558	15.8456087112	16.1897621155	15.57218647	0
Mar 10 2023 19:58:35	20820.8417969	169.949615479	131.117950439	90.4732284546	67.0804824829	58.9779663086	62.0703010559	72.5064315796	83.7589797974	98.3938903809	114.996482849	135.612945557	162.113082886	191.395095825	223.322692871	255.078598022	290.085388184	322.144958496	348.569152832	371.222595215	382.462768555	384.064880371	370.351715088	343.895751953	306.546081543	259.371826172	209.465621948	168.754196167	135.420150757	112.027038574	94.7376327515	86.607208252	80.0065460205	82.0397491455	82.2931518555	83.7407913208	83.4008483887	0
Mar 10 2023 19:58:36	23416.1660156	269.310180664	207.295516968	140.043014526	99.9237365723	74.9747238159	64.0829467773	61.2909431458	63.3874130249	67.5947647095	74.9251556396	84.6764907837	99.2173919678	115.1902771	132.957641602	151.129470825	170.727005005	187.797714233	202.463104248	214.487411499	221.580871582	224.166397095	218.636199951	205.708404541	185.744979858	157.945480347	128.658203125	104.701309204	86.288444519	74.1956634521	66.1627044678	63.3501701355	61.0861930847	63.3188705444	63.6530799866	63.5170059204	61.9643974304	0
Mar 10 2023 19:58:37	17679.1464844	228.787872314	194.293945313	160.457000732	143.102096558	133.039428711	131.273040771	135.980514526	150.272277832	170.958145142	197.717056274	228.25958252	263.350738525	301.37512207	345.318756104	388.889099121	434.854309082	474.968902588	504.646820068	527.489868164	534.101318359	533.489746094	516.121398926	483.350830078	433.911834717	367.493560791	295.934997559	235.468658447	186.270568848	152.41746521	128.481460571	117.391876221	108.82384491	111.16078186	113.093727112	115.455841064	115.891021729	0
Mar 10 2023 19:58:38	16406.2773438	189.854217529	154.894058228	127.687210083	116.826400757	112.851470947	117.333312988	128.846954346	146.513320923	168.122406006	195.77645874	227.43107605	265.18069458	306.457672119	354.504974365	403.299957275	456.34072876	503.908843994	544.394592285	577.733215332	592.725219727	592.104064941	566.796630859	519.97869873	459.638061523	386.199584961	311.890472412	249.402694702	198.692871094	163.083023071	138.374694824	126.379066467	117.823379517	120.538612366	123.322761536	126.602836609	127.489143372	0
Mar 10 2023 19:58:39	21801.6210938	71.9295883179	52.3668174744	29.8426799774	14.962146759	15.6755237579	24.4932937622	42.3129920959	54.8841171265	69.1987457275	81.8703079224	98.7318878174	121.518562317	146.924667358	173.733215332	199.699920654	228.094894409	254.634658813	275.960632324	294.847351074	304.076538086	305.77947998	294.386016846	274.121673584	245.959945679	212.369003296	175.912307739	144.909347534	117.893486023	98.7484436035	84.4688415527	77.9336090088	72.5425949097	75.0401687622	74.9527740479	76.404045105	75.9574737549	0
Mar 10 2023 19:58:40	20552.75	115.443740845	94.7945175171	74.7080230713	65.1809692383	62.4333724976	68.7324905396	80.6434631348	92.0239868164	106.971221924	124.502700806	146.584960938	175.021011353	205.762252808	239.472946167	272.999755859	310.214904785	344.42868042	373.322875977	396.612884521	408.097900391	408.162261963	391.835327148	363.069763184	324.347015381	276.047973633	225.263076782	181.601867676	144.965560913	119.063598633	100.228797913	91.1281204224	83.9386978149	85.677482605	85.8001022339	87.1095123291	86.7973709106	0
Mar 10 2023 19:58:41	27733.828125	7.44586133957	3.66803336143	0.834397792816	0	0	0.737540483475	2.92418766022	4.59972667694	6.96446943283	8.82605838776	10.9029283524	13.5327196121	16.4977798462	19.7055740356	22.9355545044	26.3323421478	29.523229599	32.3591461182	34.7923583984	36.2198982239	36.6628761292	35.606086731	33.2616996765	29.8482761383	25.303401947	20.5468959808	16.5878543854	13.2350635529	10.9790916443	9.30778217316	8.64022350311	7.91507768631	8.25524711609	7.99212169647	8.21723461151	7.85005569458	0
Mar 10 2023 19:58:42	27404.2597656	22.1982917786	16.9146442413	12.6650218964	11.3730983734	9.6621723175	9.17375564575	9.81201553345	11.0685911179	12.6969137192	14.7315168381	17.133348465	19.9509372711	23.2838306427	27.1440982819	31.2322006226	35.8757133484	40.586353302	45.1635475159	49.5259971619	52.794128418	55.1712684631	55.6474952698	54.5192718506	51.7060394287	46.6304283142	39.5409202576	32.047744751	24.9137897491	19.465631485	15.5290699005	13.5898914337	11.9890956879	11.9031267166	11.4922113419	11.4531564713	10.9336957932	0
Mar 10 2023 19:58:43	26974.7753906	26.0132541656	21.1476192474	17.1691513062	15.6511974335	14.6998968124	15.7015352249	16.4419136047	18.0416870117	21.0974884033	24.9005832672	29.0518436432	34.068157196	39.6245651245	45.847278595	53.0965080261	60.723651886	68.4306716919	75.9397277832	82.9238510132	87.8394012451	90.6744689941	89.8084259033	85.2922363281	77.5747375488	67.0937194824	55.410572052	44.5440292358	34.607963562	27.1585540771	21.5540904999	18.7071876526	16.3797245026	16.1309661865	15.6372051239	15.5240697861	15.0869884491	0
Mar 10 2023 19:58:44	27435.109375	5.12367010117	2.06690835953	0.272940427065	0	0	0.806742608547	3.37775397301	5.94665241241	9.27506065369	11.5737409592	14.9680337906	19.0498218536	23.7170162201	28.4532260895	33.1838188171	38.3772392273	43.5135955811	48.1431159973	52.5306282043	55.5433120728	57.6475639343	57.3899803162	54.9417114258	50.215587616	43.2260742188	35.2405433655	28.0653591156	21.8802089691	17.4642276764	14.2540340424	12.6384477615	11.3170003891	11.3485765457	11.0115480423	11.0426092148	10.6642007828	0
Mar 10 2023 19:58:45	27422.1542969	18.9663105011	14.8343763351	12.0514039993	10.754324913	10.5961494446	13.2002019882	17.4430027008	20.7611942291	24.6859836578	29.2742805481	34.1598358154	39.4981575012	46.0459594727	52.888217926	58.9503326416	64.373878479	67.1361846924	66.8254394531	64.5246582031	58.6961288452	52.7547798157	47.5772514343	44.2358856201	40.476474762	34.4123840332	27.7382221222	22.5776386261	18.2477912903	15.349111557	13.3743095398	12.6450977325	12.0101356506	12.6252975464	12.414396286	12.4474849701	11.9582576752	0
Mar 10 2023 19:58:46	27950.3007813	3.8168118	3.53077793121	2.92787146568	2.76903629303	1.99053990841	2.38541984558	3.58991479874	5.13720083237	6.93061304092	8.83544540405	10.2787570953	11.9501085281	13.7530059814	15.8023328781	17.9951705933	20.5377044678	23.0784664154	25.4323101044	27.7077674866	29.3057327271	30.3722877502	30.5230846405	29.5491943359	27.355796814	23.5865745544	18.905462265	14.4804172516	10.7953672409	8.19276809692	6.51100730896	5.61856365204	4.88493824005	4.78312110901	4.64770555496	4.61508893967	4.47971105576	0
Mar 10 2023 19:58:47	28164.7011719	10.9783000946	8.08676147461	4.18729829788	2.61590623856	1.67441391945	1.09654939175	1.23742187023	1.8731855154	2.86595368385	3.66959357262	4.10772037506	4.70798492432	5.44895219803	6.29368400574	7.09178161621	7.85084629059	8.59942340851	9.14294528961	9.52666473389	9.6318655014	9.68962287903	9.56299972534	9.2252035141	8.57964515686	7.42099285126	6.07744836807	4.89873838425	3.94636583328	3.34923362732	2.98807144165	2.93230199814	2.83075928688	3.09763717651	3.01824212074	3.1360874176	3.05922245979	0
Mar 10 2023 19:58:48	24938.5722656	292.493591309	227.336837769	152.99256897	110.715415955	87.0825653076	72.8940048218	62.1666030884	59.454875946	59.3384284973	62.3818206787	65.139465332	69.8873596191	76.0613937378	83.6532974243	91.3751983643	99.5482788086	105.996994019	109.625160217	110.646957397	108.309417725	106.214630127	102.564231873	98.1224212646	91.2199478149	80.8147964478	69.1291656494	59.4024124146	51.7084007263	47.3848304749	45.0690841675	45.5224609375	45.7014122009	48.185005188	49.0310249329	48.3386802673	46.8400802612	0
Mar 10 2023 19:58:49	22739.2539063	323.92074585	257.576660156	177.063262939	128.292007446	99.2975006104	88.4945831299	83.9041595459	83.7589035034	88.0611114502	96.4990768433	109.385040283	126.377944946	145.018447876	165.738357544	183.725250244	202.026153564	213.01612854	216.718612671	214.976913452	206.648605347	197.790649414	187.69984436	176.68800354	160.266815186	137.395980835	114.58807373	95.9055480957	82.43019104	74.1081008911	69.4888839722	69.434715271	69.107925415	72.7419891357	73.2448654175	72.3088302612	69.2874069214	0
Mar 10 2023 19:58:50	19113.171875	645.067871094	498.664733887	340.234802246	248.310897827	190.489608765	161.669265747	144.935317993	142.583099365	146.700027466	158.651046753	175.345230103	198.092987061	223.459838867	252.412841797	278.292785645	304.90612793	321.517578125	329.505950928	329.682861328	320.235687256	308.299713135	291.960784912	271.213256836	243.423706055	207.568740845	172.245376587	144.486465454	124.359992981	112.650932312	106.103256226	106.283454895	106.007034302	112.018913269	113.604942322	113.730003357	111.139930725	0
Mar 10 2023 19:58:51	18602.8027344	436.842407227	355.278381348	260.743164063	206.86505127	168.65411377	152.966705322	147.612442017	152.322875977	163.131546021	182.49005127	206.273071289	234.864227295	266.952148438	303.353790283	336.974456787	369.411560059	391.39465332	401.876342773	405.999481201	397.34954834	384.593322754	365.62789917	338.613922119	301.342926025	254.352584839	208.566162109	171.941375732	144.230422974	126.65271759	115.739006042	113.12286377	111.394073486	116.988235474	119.359664917	120.424842834	118.27746582	0
Mar 10 2023 19:58:52	18930.2109375	396.542236328	303.481719971	205.397262573	143.576889038	108.408943176	97.0784225464	100.923828125	107.845756531	118.41783905	131.738143921	149.399780273	175.25692749	203.546081543	233.007080078	259.651794434	287.353363037	309.972198486	324.072753906	333.455383301	332.368347168	329.229248047	317.149841309	296.653289795	267.080810547	229.941070557	191.882125854	161.697372437	137.46736145	122.827156067	113.245536804	112.276855469	110.680587769	117.924957275	119.634254456	121.689002991	120.15536499	0
Mar 10 2023 19:58:53	19289.7617188	352.159576416	275.660247803	186.528808594	134.187850952	107.212402344	98.1992645264	101.110084534	111.179466248	124.787597656	140.586166382	159.643478394	185.751296997	213.940536499	243.540435791	270.120422363	297.441009521	317.231719971	326.829742432	331.324371338	326.003692627	318.895233154	304.891601563	285.395263672	257.384246826	222.146286011	186.541488647	157.546127319	134.000762939	119.34135437	110.043617249	108.842178345	107.302497864	113.846313477	115.9845047	117.664962769	116.007675171	0
Mar 10 2023 19:58:54	19257.7128906	418.983215332	325.623016357	229.689712524	177.878982544	147.004898071	130.761260986	122.911148071	127.954460144	139.133071899	156.609695435	175.046218872	197.345703125	221.535491943	250.080123901	277.278900146	305.452972412	326.907592773	339.480834961	346.666503906	343.478240967	337.238952637	322.640869141	301.095672607	270.929412842	232.602600098	193.255599976	160.883895874	135.003829956	118.14995575	107.406898499	104.358772278	102.295959473	107.155593872	109.774879456	110.859474182	110.110198975	0
Mar 10 2023 19:58:55	13306.7529297	971.823181152	754.310241699	517.620666504	376.075805664	287.892974854	240.345001221	211.154464722	208.296066284	212.686706543	229.000366211	248.359283447	277.086883545	306.823944092	344.631317139	378.487365723	412.341705322	435.445068359	444.761444092	445.695739746	431.212249756	413.796813965	389.955108643	361.824920654	324.767211914	279.826629639	234.630752563	200.282714844	174.290023804	159.909667969	151.304260254	152.958984375	153.344177246	162.862121582	169.831130981	173.563751221	175.821685791	0
Mar 10 2023 19:58:56	16431.8359375	712.997924805	576.851257324	420.629730225	323.484985352	246.061340332	202.804382324	173.317825317	167.095550537	166.674346924	176.810028076	189.538833618	209.956771851	232.880844116	260.82824707	289.380126953	317.634490967	340.106292725	355.123382568	362.206634521	358.771209717	349.010620117	330.077270508	304.865631104	273.391876221	235.863861084	199.312713623	171.301864624	150.473220825	138.338241577	131.728591919	133.089233398	133.72555542	142.089477539	146.296112061	148.005126953	146.102127075	0
Mar 10 2023 19:58:57	20702.3242188	203.239715576	163.734344482	123.101448059	104.185295105	95.6050643921	92.9713668823	96.5884552002	107.393997192	122.59942627	141.75958252	162.75604248	186.679122925	213.711593628	243.964736938	275.806915283	307.789123535	339.32144165	363.046783447	381.993835449	388.400421143	385.702789307	368.003936768	339.185394287	299.687652588	253.796813965	206.141448975	168.251983643	137.099472046	115.611228943	99.8827285767	93.0080108643	87.4224319458	89.2173690796	89.9826889038	90.2088317871	89.197883606	0
Mar 10 2023 19:58:58	19201.1660156	254.042297363	195.587005615	145.2396698	124.001724243	114.935791016	116.494781494	123.790664673	137.551055908	155.195541382	179.335083008	206.596572876	239.77671814	274.987823486	317.146575928	360.070220947	405.999237061	446.698730469	479.367431641	503.713989258	509.807312012	501.898834229	472.452423096	428.557281494	375.069793701	311.369262695	248.359008789	198.092712402	158.722518921	130.787979126	111.377632141	102.235122681	95.1157913208	96.8603363037	98.1767807007	99.2343444824	98.6362991333	0
Mar 10 2023 19:58:59	19640.3105469	208.100036621	167.832183838	130.923233032	112.83455658	107.552345276	111.018928528	121.965385437	137.129516602	158.505218506	184.029190063	213.251831055	247.581176758	283.883209229	326.188964844	369.529876709	414.835601807	454.945037842	484.588775635	504.758911133	508.29498291	496.91394043	467.561065674	423.997039795	370.631256104	306.369415283	242.588912964	191.968200684	153.15133667	125.51701355	106.648101807	97.3474578857	90.6518936157	92.0380630493	93.7819061279	94.8347091675	94.7894744873	0
Mar 10 2023 19:59:00	20670.7304688	174.002548218	141.280700684	107.545524597	88.0529632568	79.3205032349	80.6721420288	88.6540985107	99.2494125366	114.019920349	132.51399231	154.582550049	181.334457397	211.77281189	246.192718506	281.697723389	319.646697998	355.851287842	388.089538574	413.609893799	426.87322998	430.01272583	414.697387695	384.733001709	342.181854248	287.681671143	229.920639038	182.041702271	143.718154907	117.144195557	97.9543914795	88.6203155518	81.32081604	82.4448699951	82.8536911011	83.9531173706	83.7005386353	0
Mar 10 2023 19:59:01	19250.5585938	240.537338257	200.449935913	166.413009644	151.176818848	138.410354614	135.963424683	136.437713623	147.891952515	163.943267822	188.06829834	213.810440063	244.870956421	278.753540039	317.569213867	358.663726807	403.062103271	440.239990234	471.377960205	493.740844727	499.802978516	491.511505127	466.04309082	424.668518066	374.010894775	312.073028564	249.806686401	198.592712402	158.920776367	130.58644104	111.236564636	101.848869324	94.9726333618	96.4449081421	97.789932251	98.6480789185	97.7266159058	0
Mar 10 2023 19:59:02	17732.5917969	217.886322021	178.48109436	141.120620728	124.71030426	118.015792847	119.085426331	125.661750793	141.102111816	160.935760498	186.651229858	214.803390503	248.33833313	284.713256836	324.787658691	368.902160645	414.104370117	455.232849121	489.011352539	514.965087891	525.935302734	523.166687012	500.733886719	462.859436035	413.00982666	351.416351318	286.522155762	230.527130127	184.758895874	151.412612915	128.238647461	116.569503784	108.623329163	110.73474884	113.36025238	115.847160339	116.820915222	0
Mar 10 2023 19:59:03	21416.3554688	140.977035522	115.329620361	85.5478439331	67.6733932495	65.0360946655	70.5092468262	82.369102478	94.4727325439	109.947181702	128.361938477	151.298370361	178.58883667	208.363098145	241.733062744	275.898681641	312.353637695	344.973907471	372.118011475	392.909332275	401.129211426	398.291625977	380.201385498	349.827575684	309.247528076	259.552124023	207.596603394	164.75227356	130.383636475	106.072052002	88.8190994263	80.3639373779	74.1283569336	75.0720367432	75.5029449463	76.2195205688	75.7886352539	0
Mar 10 2023 19:59:04	22873.15625	161.942184448	128.217178345	86.3571472168	58.6564598083	47.6069717407	49.8368377686	59.2875442505	68.735458374	80.6087875366	95.2726516724	113.474723816	136.215057373	161.074234009	188.539489746	215.713150024	245.572052002	271.619415283	294.503845215	313.663421631	322.068756104	321.876556396	309.554626465	286.26361084	255.623458862	216.24508667	173.916000366	137.669250488	108.338310242	87.0717544556	71.8407897949	64.0347824097	58.1054992676	58.6389198303	58.9048843384	59.5400047302	59.5944595337	0
Mar 10 2023 19:59:05	20098.7714844	410.228088379	329.636932373	243.183898926	192.374099731	155.507980347	140.869049072	133.19329834	137.551467896	146.901473999	165.271621704	186.831237793	213.848800659	242.687820435	275.697998047	309.226501465	345.571868896	377.57321167	402.127929688	418.464569092	424.992340088	421.168365479	404.596984863	375.824951172	334.984954834	280.906677246	224.772155762	178.08694458	141.683166504	116.136322021	98.3402404785	89.8999481201	84.1224975586	86.048324585	87.842300415	88.8585205078	89.5731430054	0
Mar 10 2023 19:59:06	22784.9277344	204.057617188	164.584457397	124.822357178	108.820472717	102.743293762	100.704376221	100.902099609	109.605987549	122.261749268	140.361679077	159.348266602	181.341659546	204.821884155	232.815582275	260.556854248	288.172729492	309.199645996	324.855102539	333.797546387	332.235076904	322.839019775	303.288696289	274.165740967	238.154144287	194.887420654	152.977035522	120.316513062	96.5462341309	79.6796417236	68.5634994507	63.2801628113	59.679233551	60.7631263733	61.9458961487	62.3033866882	62.1215629578	0
Mar 10 2023 19:59:07	20868.4589844	295.143493652	234.05329895	174.932189941	146.064331055	129.080032349	123.06879425	122.668876648	132.644699097	147.761230469	168.552627563	191.392471313	218.893157959	248.786224365	283.743469238	317.669921875	355.167572021	384.84286499	407.711914063	423.430633545	427.181732178	420.090454102	399.205841064	363.353881836	319.125946045	263.627349854	208.964874268	164.088638306	130.320602417	106.247924805	90.0787277222	81.6187591553	75.9221496582	76.3200759888	77.2479705811	77.5589675903	77.2469329834	0
Mar 10 2023 19:59:08	22406.9707031	241.250640869	194.705108643	145.378814697	118.535575867	105.282875061	99.4039154053	99.2417526245	107.895133972	120.67288208	138.135559082	156.346954346	178.718704224	202.033218384	228.863754272	256.992614746	285.695068359	310.3984375	329.079101563	342.912261963	346.379241943	341.855834961	324.830657959	295.81362915	257.410583496	211.358016968	166.569412231	131.655349731	105.917984009	87.5550994873	75.1192779541	69.2730712891	65.4778060913	66.6845092773	67.7475585938	67.8163604736	67.1929168701	0
Mar 10 2023 19:59:09	18945.2675781	263.072875977	203.323577881	150.273452759	127.339889526	117.992904663	115.911865234	119.907920837	132.931488037	149.947784424	173.914932251	200.86882019	232.367797852	267.004486084	309.004760742	353.888244629	402.855957031	446.663879395	487.09564209	519.754943848	536.024475098	535.87713623	513.159851074	469.120483398	411.789031982	340.736022949	269.429718018	211.198699951	166.215896606	134.044830322	111.692100525	99.9617538452	91.3965072632	91.8365020752	92.8455734253	94.0376358032	94.2940750122	0
Mar 10 2023 19:59:10	21294.7324219	262.287536621	213.27796936	163.947021484	141.007659912	126.327056885	116.498725891	109.136512756	114.372344971	123.005065918	139.251251221	155.488204956	174.04234314	194.658096313	218.646865845	243.595336914	268.286865234	288.719360352	303.210693359	312.028320313	314.138244629	312.627868652	304.198425293	287.367156982	262.266235352	226.677154541	188.158966064	152.945846558	123.771354675	102.539543152	88.2620849609	81.0208206177	76.8264465332	78.3508148193	80.6404800415	81.3861694336	82.0303726196	0
Mar 10 2023 19:59:11	18108.2539063	335.102874756	278.13092041	218.825256348	188.838760376	171.392471313	165.214416504	161.719726563	171.798248291	188.114013672	214.086547852	242.832214355	275.505584717	311.481842041	355.311950684	399.46975708	445.1612854	481.172973633	510.430023193	529.500854492	533.746520996	526.167724609	501.775726318	459.196777344	404.940368652	336.963256836	269.382354736	213.213500977	170.106399536	139.379760742	118.655166626	108.30191803	101.311958313	102.717102051	105.186592102	106.393684387	106.431556702	0
Mar 10 2023 19:59:12	21489.3066406	434.521728516	346.733795166	245.821777344	185.899612427	144.64276123	124.682899475	114.118797302	114.89642334	120.338142395	133.617721558	149.486846924	170.872665405	193.903625488	221.366867065	249.868682861	280.505859375	308.088989258	331.343566895	348.335296631	354.52835083	352.337982178	336.6065979	310.123474121	275.246429443	230.902374268	185.505767822	148.560379028	120.090141296	99.8139343262	86.0667114258	79.558013916	75.0859985352	76.7961425781	78.0053405762	78.6271743774	78.2744445801	0
Mar 10 2023 19:59:13	21924.421875	300.61618042	246.164596558	190.165267944	155.715011597	131.277313232	118.953826904	112.746528625	116.392089844	124.933563232	140.520324707	158.165542603	179.426269531	204.310791016	233.335006714	262.094085693	293.841491699	320.342193604	341.253051758	355.430175781	358.874755859	353.490478516	334.942901611	305.929168701	268.864318848	223.123687744	177.025802612	140.003234863	112.101394653	92.5923614502	79.1507415771	72.8425674438	68.1745758057	69.2978744507	69.9349060059	70.2015228271	69.6033172607	0
Mar 10 2023 19:59:14	21008.4882813	328.466552734	268.98248291	205.763839722	171.833709717	148.544113159	138.786300659	132.528991699	137.550643921	147.299636841	165.946685791	185.492523193	210.994537354	239.457290649	273.423095703	307.690887451	344.679748535	375.492126465	400.124176025	416.203979492	419.79309082	411.23550415	388.042053223	351.711853027	306.514129639	250.639831543	196.651947021	154.031448364	123.641487122	101.872779846	88.0865020752	80.9791412354	76.575843811	77.5374984741	79.2035217285	79.0470275879	78.3045425415	0
Mar 10 2023 19:59:15	23509.2128906	201.838104248	169.341995239	134.21685791	117.83706665	106.226089478	100.614051819	98.9602355957	106.648757935	118.833030701	135.948745728	153.864059448	174.196258545	196.88835144	222.85848999	247.120620728	271.250152588	289.987487793	301.88848877	305.986114502	302.391021729	292.581542969	274.725738525	248.798156738	215.917221069	176.030532837	137.540237427	107.483016968	86.1957168579	70.9407653809	60.9885673523	56.2634735107	53.10389328	53.808052063	54.5551147461	54.3372116089	53.5150146484	0
Mar 10 2023 19:59:16	22656.8222656	204.842208862	163.396911621	120.750587463	102.050582886	93.1239242554	87.9997940063	88.3684921265	96.8982696533	110.896339417	128.38243103	147.207595825	168.055038452	192.209609985	219.388366699	247.444793701	276.784545898	303.699005127	326.353393555	341.563873291	347.85458374	345.05178833	330.523376465	302.186004639	265.664276123	219.431365967	174.041213989	137.050094604	109.106231689	88.513381958	74.7934570313	67.5656280518	62.7127037048	62.976978302	63.1713981628	63.1175918579	62.3783798218	0
Mar 10 2023 19:59:17	24276.2207031	206.470016479	165.093582153	116.64630127	91.630607605	79.2064361572	72.2721176147	67.8638458252	71.2446136475	78.6661911011	89.5790786743	101.469787598	115.313560486	132.075210571	150.272293091	170.51385498	192.103240967	212.396224976	231.06703186	245.156509399	252.343231201	251.680984497	241.185455322	220.098403931	192.811691284	158.818893433	125.508857727	99.191078186	79.3308029175	64.8059844971	55.1213493347	50.2933883667	47.1689300537	47.9487533569	48.1532669067	48.1956672668	47.0086250305	0
Mar 10 2023 19:59:18	23880.8203125	203.915557861	165.310394287	121.261695862	98.3867950439	88.4290542603	83.8675765991	82.3435211182	89.2818374634	100.142410278	114.465965271	129.981613159	147.483688354	167.699234009	190.118881226	213.929992676	237.309707642	257.166778564	273.230712891	281.5234375	281.2059021	272.501220703	254.980102539	229.150360107	198.397659302	161.640914917	126.917472839	100.084114075	80.8000869751	66.8477706909	57.5054168701	53.1560020447	50.2886161804	51.4685287476	51.979763031	52.0628051758	51.1848602295	0
Mar 10 2023 19:59:19	24802.8027344	138.152404785	111.318908691	79.4764556885	62.9515075684	56.9808120728	53.5134887695	54.8109664917	61.3891944885	71.5394210815	83.1818313599	95.8335113525	109.509872437	125.017997742	141.550674438	160.292617798	178.423431396	195.709579468	209.560302734	218.758682251	220.989929199	216.805252075	205.290908813	186.811294556	163.88722229	136.246047974	108.682777405	86.1355743408	68.8363494873	56.3607063293	48.0258560181	43.8461875916	41.1497116089	41.7091560364	41.9946289063	42.0017738342	41.4789619446	0
Mar 10 2023 19:59:20	25292.8320313	169.016326904	138.440856934	95.7076873779	72.1168899536	61.195602417	52.6036758423	48.0956687927	52.0742950439	59.2418899536	68.052734375	76.033744812	85.1547088623	95.2515106201	106.982795715	120.304771423	132.826217651	145.921554565	156.921691895	164.392684937	166.853088379	164.111831665	155.209533691	140.858200073	123.056015015	101.998527527	81.7293930054	65.9014663696	53.8314819336	45.3453445435	39.8357315063	37.4512901306	36.0075645447	37.1468849182	37.9053192139	38.155544281	37.9775161743	0
Mar 10 2023 19:59:21	24281.6777344	162.361282349	131.934280396	97.3056182861	79.535774231	70.7119979858	66.9813613892	66.1928329468	73.08644104	83.2526397705	96.0585021973	109.246665955	124.294517517	140.194641113	159.150115967	179.410293579	200.159927368	219.837524414	236.602127075	248.613143921	252.668640137	249.101989746	236.273788452	213.354858398	184.377822876	150.043273926	117.473495483	92.722618103	74.7877197266	61.8102149963	53.2709579468	48.9835700989	46.2189598083	46.8047447205	47.4733543396	47.2520713806	46.6974258423	0
Mar 10 2023 19:59:22	24726.1992188	148.308517456	115.589424133	84.2642822266	71.048324585	64.1915588379	60.9137840271	60.1485671997	65.8614654541	74.9172821045	87.2456588745	99.4738922119	113.408798218	128.74571228	147.076873779	165.842910767	185.961410522	203.543701172	219.159179688	230.922851563	235.604415894	232.556915283	220.264633179	198.875396729	172.000579834	140.07220459	109.697685242	86.3765716553	69.1590423584	56.3090744019	47.6620025635	43.0295448303	40.0491485596	40.058391571	40.3573074341	40.0374755859	39.7661972046	0
Mar 10 2023 19:59:23	22014.4160156	205.47479248	159.540863037	116.204917908	97.938835144	93.0860748291	94.0211257935	100.46837616	112.661499023	128.797714233	149.788574219	174.423492432	201.928314209	232.93447876	267.108947754	302.057373047	339.179718018	371.824829102	397.747558594	415.844726563	417.406616211	407.178283691	381.56048584	343.277252197	297.664398193	244.188842773	191.724777222	150.709182739	119.446365356	96.9455871582	80.9387130737	72.5629196167	66.3414230347	66.4049301147	66.5457000732	66.8215255737	66.5100860596	0
Mar 10 2023 19:59:24	22542.2851563	196.926040649	155.048553467	111.523712158	91.025894165	82.2211456299	80.7490539551	85.6098098755	96.3274841309	111.943252563	129.727706909	151.544113159	176.339782715	204.00743103	235.158065796	267.270080566	302.630889893	335.212799072	363.124328613	384.065490723	392.419647217	386.753570557	364.527099609	327.861206055	283.541229248	231.686691284	182.387084961	143.430679321	113.826065063	91.7620849609	76.5228347778	68.3143615723	62.6776771545	62.8464508057	63.0440101624	63.3458404541	62.9540786743	0
Mar 10 2023 19:59:25	23921.2109375	150.655776978	117.260971069	82.2371368408	64.3657684326	57.0397987366	53.8529472351	55.558013916	63.6372032166	73.8203964233	86.4659881592	100.287117004	114.955169678	132.140640259	151.607894897	173.184860229	195.545639038	219.16192627	240.148040771	256.68258667	265.383972168	265.919128418	254.771469116	233.782745361	206.099105835	172.712997437	138.918136597	111.233024597	88.7092895508	71.7667007446	59.4322624207	52.6509895325	47.7841110229	47.7771110535	47.9754943848	48.3377571106	48.5123825073	0
Mar 10 2023 19:59:26	22034.0410156	285.347961426	239.117462158	179.088897705	143.470199585	117.037590027	105.83808136	98.5335998535	102.573448181	108.509162903	121.102371216	135.870162964	154.457061768	175.32270813	200.891998291	228.206756592	258.316680908	285.909576416	309.070343018	328.160125732	337.484893799	338.055206299	325.29083252	301.222015381	268.576904297	227.339431763	183.719467163	147.150497437	117.298805237	95.5884933472	79.9714126587	71.9887313843	65.9208602905	66.3384552002	66.6958236694	67.1214828491	67.1137924194	0
Mar 10 2023 19:59:27	22225.5371094	163.606399536	136.106292725	105.407516479	90.7079162598	86.5118560791	86.4722824097	90.333114624	101.84135437	117.937026978	137.208236694	158.952880859	183.850982666	211.795425415	243.450881958	275.909698486	312.226928711	344.829681396	373.330200195	394.589447021	403.781707764	400.171630859	379.601928711	343.209564209	297.287322998	242.013168335	188.623077393	146.128768921	114.731056213	91.8899383545	76.2159957886	67.7764129639	61.9241294861	61.6469345093	62.0286026001	62.1916732788	62.1735687256	0
Mar 10 2023 19:59:28	20184.3085938	387.02166748	310.804718018	226.659011841	178.417221069	149.662628174	136.265731812	130.837585449	137.262908936	148.41104126	168.12588501	189.698822021	215.111206055	245.537353516	280.576538086	316.682312012	355.317016602	389.165496826	418.236663818	438.142791748	444.536956787	437.880859375	415.08581543	379.45602417	334.250793457	278.733428955	223.208526611	177.877441406	142.754669189	116.867996216	98.6337051392	89.3341827393	83.1065597534	83.8234481812	85.3647689819	86.0513916016	86.3978347778	0
Mar 10 2023 19:59:29	24010.0664063	178.820083618	144.498947144	108.912109375	91.955078125	85.7770233154	83.1557769775	85.3862533569	93.8130645752	106.87903595	123.341384888	140.99961853	160.469284058	182.078979492	206.605880737	230.204742432	253.952316284	272.750823975	286.503692627	292.620178223	290.506958008	280.759857178	263.124969482	236.470794678	203.96232605	165.023330688	127.846481323	99.0082931519	78.3480987549	63.860824585	54.4119110107	49.907787323	46.8494644165	47.4954986572	48.0933761597	48.0529136658	47.5138549805	0
Mar 10 2023 19:59:30	23127.1464844	142.656051636	119.278785706	93.3351364136	81.3243942261	77.6261520386	76.3185424805	79.5502853394	90.4155731201	104.43927002	120.896080017	138.905914307	159.350372314	181.388519287	205.934829712	231.939590454	257.777130127	281.626281738	300.28326416	311.944732666	315.38104248	310.191802979	293.690979004	266.124359131	230.691543579	187.880966187	147.653121948	116.627578735	94.074508667	77.9528427124	67.321723938	62.4591598511	59.3204917908	60.5167732239	61.1689453125	61.1295318604	59.9500274658	0
Mar 10 2023 19:59:31	24438.640625	164.289718628	132.308456421	98.3778305054	80.467086792	74.3548278809	71.9926223755	72.3081741333	79.3571777344	89.3808135986	103.073204041	117.357978821	133.316650391	152.280014038	173.359924316	196.100814819	219.138259888	240.974578857	258.291748047	270.69744873	274.214050293	269.468933105	253.668228149	227.096160889	194.489059448	156.863067627	121.406173706	94.5382919312	74.8886108398	60.5579376221	50.7717323303	45.7036819458	42.2804450989	42.540561676	42.9317207336	42.9614334106	42.7235374451	0
Mar 10 2023 19:59:32	26723.5410156	64.1409759521	54.7799415588	39.8924636841	29.5461578369	26.9261341095	25.1400680542	24.898223877	26.9303607941	31.0520839691	35.4374237061	40.7914733887	45.626411438	52.0652122498	58.7793121338	67.0855636597	74.8017578125	83.5317077637	91.0838241577	96.8778381348	100.327377319	100.751586914	97.7969207764	90.5624465942	80.7144775391	67.8232269287	54.6187057495	43.436290741	34.8526535034	28.3293418884	23.8097324371	21.3251781464	19.7850246429	19.8166732788	19.9308052063	19.9387359619	19.88489151	0
Mar 10 2023 19:59:33	22599.5664063	315.846466064	258.662628174	192.207351685	154.34147644	128.182983398	117.361709595	109.672576904	112.324935913	119.414451599	132.496536255	147.790802002	166.800552368	188.12588501	213.576904297	240.466400146	267.641784668	292.406524658	314.684570313	329.272949219	336.233795166	333.42678833	318.540100098	290.873077393	254.793395996	210.241271973	166.353042603	130.979736328	104.716529846	85.5240020752	72.9779663086	66.8192977905	62.9557609558	64.4579620361	65.1558914185	65.7939071655	65.2715072632	0
Mar 10 2023 19:59:34	23485.8007813	276.044891357	213.868682861	150.485305786	113.213523865	88.6524276733	79.0381622314	77.068939209	79.8170623779	87.3620071411	99.1096572876	113.16860199	131.319152832	152.279586792	175.607070923	199.476577759	223.447967529	245.893264771	265.382751465	280.196228027	287.346557617	288.563659668	280.391448975	262.261322021	235.014801025	196.988601685	156.177642822	122.171951294	95.7165527344	77.0651931763	63.9070777893	57.3874549866	52.3681755066	53.2097930908	52.6568069458	53.4067306519	50.8152351379	0
Mar 10 2023 19:59:35	24452.2109375	198.289016724	159.695373535	118.400650024	96.7435684204	83.5396270752	77.5583267212	75.7788238525	81.377746582	90.67918396	103.835968018	117.010696411	132.783035278	150.303100586	170.370254517	190.662597656	211.233825684	228.563751221	242.124359131	249.305252075	248.352279663	240.217590332	224.411972046	201.305267334	173.746627808	141.065063477	110.47517395	87.1751785278	70.32762146	58.1298217773	50.2336349487	46.4173088074	43.9625701904	44.7245330811	45.2636947632	45.0809860229	44.2043380737	0
Mar 10 2023 19:59:36	23235.2792969	229.067123413	184.866378784	132.290100098	104.359397888	90.1311569214	82.9285430908	81.6366424561	89.1186752319	101.031852722	116.673324585	132.775238037	151.190444946	171.346740723	194.908004761	218.641281128	243.790557861	266.475738525	284.929931641	296.297912598	299.769805908	293.551025391	276.688873291	250.511886597	219.422714233	182.417449951	146.042526245	117.171676636	95.0154418945	78.630531311	67.4658508301	61.8257751465	58.035610199	58.7284469604	59.3581924438	59.2131271362	58.4052429199	0
Mar 10 2023 19:59:37	22004.4726563	237.706039429	190.004608154	138.571853638	112.835418701	99.7416915894	94.1517944336	93.1485671997	101.425720215	114.31262207	131.481140137	151.092605591	173.704940796	198.944381714	227.411712646	257.661010742	289.649627686	319.618804932	344.592681885	362.254882813	369.846008301	365.253723145	346.577819824	315.438354492	275.909301758	228.418457031	181.973495483	144.999206543	116.595748901	95.4975204468	81.0662536621	73.5240249634	68.6600265503	69.4101409912	70.2708969116	70.633140564	70.4414672852	0
Mar 10 2023 19:59:38	21187.3691406	267.907897949	206.107513428	144.482284546	114.761413574	100.485122681	95.2916412354	99.42212677	110.762168884	126.104896545	145.730209351	167.928131104	194.275039673	223.923782349	258.301177979	293.24105835	332.355316162	366.446777344	398.115875244	420.841339111	430.033996582	426.087219238	402.638549805	364.170776367	315.814727783	258.946166992	203.728668213	161.019470215	128.63571167	104.684432983	87.6672744751	78.8157348633	72.4369277954	72.6363601685	73.323097229	73.6430282593	73.9297332764	0
Mar 10 2023 19:59:39	20958.1289063	315.550109863	255.896957397	196.154754639	168.974990845	149.367614746	139.192199707	131.884262085	136.424377441	145.790649414	163.303237915	183.710235596	208.274017334	236.679122925	270.740844727	305.631591797	345.524871826	378.640472412	407.886077881	428.147827148	436.195983887	429.887542725	407.018798828	367.817749023	319.071685791	259.423797607	202.418395996	157.820755005	125.55140686	101.693344116	85.7169799805	77.3588790894	71.7976303101	72.3745727539	74.503616333	75.9975662231	77.4646682739	0
Mar 10 2023 19:59:40	21752.4003906	356.509368896	289.488769531	211.919067383	158.268875122	127.491706848	114.695968628	110.347663879	112.291099548	118.438407898	132.302444458	149.229949951	171.638885498	197.064117432	226.817672729	256.511474609	289.078399658	318.302368164	343.282928467	362.057769775	369.988769531	367.527282715	350.513885498	321.05166626	283.621551514	235.591934204	187.435424805	147.88772583	118.263465881	96.7503356934	82.2898483276	74.9892272949	70.181312561	70.8878326416	71.9361495972	72.1200332642	71.9518508911	0
Mar 10 2023 19:59:41	24568.8984375	130.438186646	107.821128845	85.4479217529	72.4044113159	62.5150260925	59.5465316772	59.1550865173	63.5812034607	70.8059616089	80.7948226929	92.1391372681	106.268478394	121.820152283	140.276733398	160.392425537	181.496368408	201.816802979	220.208679199	234.89390564	243.092910767	243.447463989	233.561767578	214.683395386	188.967666626	156.669372559	123.25579071	96.2811050415	75.6508407593	60.8089141846	50.3480300903	44.9034118652	40.9257354736	40.8623199463	40.8835296631	40.7404022217	40.3150253296	0
Mar 10 2023 19:59:42	24017.6210938	110.091140747	92.0059280396	74.207321167	67.9836120605	66.5612182617	68.7366409302	74.9482955933	85.0752258301	97.9947662354	113.92490387	131.134872437	151.609893799	173.060836792	196.116851807	217.093612671	237.914596558	251.370483398	257.474273682	257.167205811	249.577133179	240.649047852	229.76776123	216.795684814	196.722869873	166.69229126	133.473815918	104.815635681	82.4015731812	66.9024887085	55.8632736206	50.2467842102	46.1861381531	46.5058288574	46.6068382263	46.7510147095	46.3921203613	0
Mar 10 2023 19:59:43	20797.0917969	283.812957764	230.283355713	171.486709595	141.8931427	124.817672729	119.251609802	117.266960144	125.65284729	139.627975464	160.47593689	182.916503906	209.162399292	237.376281738	271.100830078	305.814544678	344.49331665	378.267272949	407.32824707	428.325256348	436.560424805	431.992706299	410.11026001	373.811920166	327.151916504	269.557250977	212.419113159	166.971847534	132.795440674	108.195999146	91.1365127563	82.4223175049	76.1831283569	76.8277053833	77.6189193726	78.025062561	78.1940155029	0
Mar 10 2023 19:59:44	24073.203125	162.945526123	130.552963257	96.0280914307	79.5991210938	72.9305953979	71.4994659424	73.7921524048	83.3707199097	95.1808166504	110.357948303	125.55506897	143.709960938	163.589401245	185.808532715	206.710861206	228.786743164	246.988708496	261.056274414	268.868164063	268.125305176	261.201324463	246.212188721	222.267959595	192.334365845	156.41192627	122.064247131	95.974937439	77.1117706299	63.804233551	54.9319839478	50.6577415466	47.7889328003	48.3242683411	49.0321273804	48.8755149841	48.2178115845	0
Mar 10 2023 19:59:45	19784.9140625	289.624725342	240.574691772	187.717025757	162.053070068	147.912567139	142.035476685	139.118270874	148.605941772	163.198059082	186.611099243	212.317657471	241.882705688	276.039306641	314.511535645	352.452697754	393.986236572	429.028442383	456.346740723	472.712799072	473.581298828	460.99899292	432.985870361	390.176361084	339.002075195	278.977661133	221.479568481	176.312088013	142.505767822	118.54914856	102.890838623	95.7193603516	90.9837417603	93.7154693604	95.7264099121	97.1627349854	96.8627548218	0
Mar 10 2023 19:59:46	21389.4628906	174.330810547	149.641494751	121.399230957	107.525947571	100.625732422	100.961112976	104.738449097	117.356262207	133.863571167	155.424591064	179.341766357	207.632156372	239.447845459	274.832427979	311.889160156	351.275421143	386.221832275	415.644439697	436.538879395	441.901733398	433.795318604	408.418792725	367.774871826	319.251068115	262.552124023	207.790802002	164.011032104	130.256393433	105.591758728	88.6879196167	79.8225021362	73.6776580811	74.2813339233	74.5846328735	75.1674499512	74.4793243408	0
Mar 10 2023 19:59:47	22817.6542969	103.168151855	83.1605682373	64.3389511108	55.8704566956	50.9788208008	52.7403678894	58.4795227051	65.319770813	73.9443740845	86.2172775269	101.270278931	119.966819763	140.475265503	163.865768433	187.947601318	214.478805542	239.310852051	263.229949951	283.292236328	298.166564941	305.898101807	302.4190979	287.585327148	262.502990723	224.908889771	183.617431641	145.72064209	114.886451721	91.76537323	75.3451843262	66.0903091431	59.5319976807	58.9343109131	58.6096725464	58.8415184021	58.5057601929	0
Mar 10 2023 19:59:48	20401.6679688	227.037063599	184.201812744	137.635452271	107.647621155	93.8482131958	93.3552474976	100.892791748	108.944992065	121.702339172	139.428924561	161.929840088	189.780700684	220.688980103	252.613952637	283.140289307	315.332885742	339.188323975	356.292938232	365.373199463	365.998352051	362.821136475	353.058654785	333.433685303	303.387237549	258.774719238	211.529388428	170.259750366	137.108276367	114.269500732	98.9096832275	92.0045089722	87.1906509399	89.8696670532	90.8203735352	91.8469161987	90.6536178589	0
Mar 10 2023 19:59:49	23276.1855469	77.3159484863	63.1380805969	48.9231796265	43.2182312012	41.5537719727	44.8626289368	51.5261535645	58.959526062	68.3368377686	79.0417556763	92.8668060303	110.436973572	129.274917603	150.071334839	171.448196411	194.168319702	214.206832886	230.538345337	244.051727295	251.16116333	252.432220459	245.75138855	230.624572754	208.338684082	177.747299194	145.260910034	117.235809326	94.6623916626	78.926940918	68.3045654297	63.4945106506	59.9065284729	61.4368438721	61.4245643616	61.425567627	59.9016342163	0
Mar 10 2023 19:59:50	28000.5898438	7.88813114166	5.82524204254	4.1022195816	3.39914393425	3.19604492188	3.75289082527	4.61400079727	5.44141101837	6.42033529282	7.41839933395	8.8459854126	10.5426120758	12.4508256912	14.5202293396	16.4715957642	18.5213127136	20.1768341064	21.4451599121	22.2405757904	22.4203929901	22.1171035767	21.4628162384	20.3160800934	18.5253276825	15.8455791473	12.7914609909	10.1781072617	8.0394859314	6.57789850235	5.57244491577	5.17119216919	4.77372074127	4.98185825348	4.79477214813	4.91017341614	4.65330171585	0
Mar 10 2023 19:59:51	27948.234375	37.1876792908	28.3238487244	20.1099452972	13.9020471573	11.0710525513	9.43788909912	8.48844909668	7.83357620239	8.10329818726	8.56798362732	9.54980564117	10.3396520615	11.7818403244	13.1630172729	14.6196861267	16.011259079	17.1610126495	17.6404743195	17.7116851807	17.1671791077	16.4310016632	15.5800514221	14.7041034698	13.5009660721	11.7676115036	9.78050899506	8.20852375031	6.93090677261	6.22745084763	5.81090354919	5.92909193039	5.8683514595	6.345703125	6.27925109863	6.38127708435	6.02050971985	0
Mar 10 2023 19:59:52	28294.4902344	9.74510002136	7.63883304596	5.28596639633	3.78571939468	2.6096060276	2.30144119263	1.85676145554	1.90976297855	1.87725055218	1.95250725746	1.98373258114	2.15843105316	2.29401683807	2.56986641884	2.72814035416	2.95687174797	3.08865356445	3.11786913872	3.01575660706	2.86188983917	2.7805519104	2.63076257706	2.54498243332	2.36336660385	2.1123509407	1.77642941475	1.49662292004	1.26937353611	1.14149832726	1.05006563663	1.04169678688	0.986527442932	1.1072075367	0.992525339127	1.09565329552	0	0
Mar 10 2023 19:59:53	27694.9667969	26.3449115753	20.7305812836	13.2815027237	8.58183383942	4.7832660675	3.62235498428	5.21181249619	6.47440767288	7.82183408737	8.95018005371	10.7876939774	13.5393362045	16.4955615997	19.6331596375	22.5417060852	25.4164791107	27.8191719055	29.6900482178	31.0922584534	31.3959960938	31.5396327972	30.961151123	29.7835884094	27.819480896	24.4443492889	20.3869228363	16.5019779205	13.34623909	11.2454280853	9.9744720459	9.49795246124	9.15063095093	9.43185901642	9.3045797348	9.12620067596	8.65692520142	0
Mar 10 2023 19:59:54	28278.1289063	16.2686271667	10.8231477737	6.43083381653	4.50886631012	3.71979784966	2.72352957726	2.38109922409	1.84414660931	2.01407194138	2.13366127014	2.38175916672	2.33400154114	2.72391724586	2.98627662659	3.26272010803	3.4937889576	3.70835733414	3.73792052269	3.67642521858	3.4484462738	3.24627828598	2.96389818192	2.79559588432	2.57909464836	2.30588531494	1.91714131832	1.58019340038	1.31789779663	1.14719080925	1.06630277634	1.06924009323	1.03837704659	1.13314628601	1.07060050964	1.09641456604	1.07570421696	0
Mar 10 2023 19:59:55	28175.2695313	1.43092060089	1.22135174274	1.10377156734	1.62592124939	1.6140421629	1.76817846298	1.79942429066	2.15492630005	2.82397842407	3.56477689743	4.18215560913	4.8188829422	5.67448472977	6.66864204407	7.71232891083	8.94917488098	10.3429632187	11.7739086151	13.2142276764	14.4121322632	15.3667201996	15.696187973	15.2872505188	14.1895637512	12.2015485764	9.74241638184	7.30712461472	5.31613445282	3.84502410889	2.89089894295	2.2742702961	1.8525083065	1.66915392876	1.53059780598	1.4263355732	1.3473470211	0
Mar 10 2023 19:59:56	28373.5644531	0.400342464447	0.414127141237	0.285218000412	0.231067806482	0.236941754818	0.392268925905	0.212613970041	0.270473837852	0.284689694643	0.456842958927	0.309479802847	0.294074773788	0.228598847985	0.232622355223	0.167553111911	0.159356206656	0.171323612332	0.155292853713	0.126389145851	0.123733997345	0.155307129025	0.130435034633	0.0971785336733	0.117611385882	0.138754621148	0.1179895401	0.0812380760908	0.071349747479	0.0705843567848	0.0404396615922	0.0431785583496	0.0197451114655	0.0307247638702	0.000832796096802	0.0268805623055	0.0266029834747	0
