Date-Time	Sc[0]	Sc[1]	Sc[2]	Sc[3]	Sc[4]	Sc[5]	Sc[6]	Sc[7]	Sc[8]	Sc[9]	Sc[10]	Sc[11]	Sc[12]	Sc[13]	Sc[14]	Sc[15]	Sc[16]	Sc[17]	Sc[18]	Sc[19]	Sc[20]	Sc[21]	Sc[22]	Sc[23]	Sc[24]	Sc[25]	Sc[26]	Sc[27]	Sc[28]	Sc[29]	Sc[30]	Sc[31]	Sc[32]	Sc[33]	Sc[34]	Sc[35]	Sc[36]	Sc[M]
Mar 10 2023 19:41:21	28169.9726563	1.45643174648	1.50833594799	1.68102061749	2.36599969864	1.58713102341	1.77558863163	0	0	0	0	0	0	0	0	0	0	0	0	0	0	0	0	0	0	0	0	0	0	0	0	0	0	0	0	0	0	970.58795166
Mar 10 2023 19:41:22	25924.6328125	233.576812744	190.758590698	135.093765259	99.5563659668	75.8057861328	62.7108688354	53.6788139343	52.6443481445	52.7558174133	57.0081558228	61.0555610657	66.8000106812	71.9836044312	79.5311508179	86.3919448853	92.9646682739	96.298500061	98.1432495117	97.1487579346	92.7091445923	86.1332550049	77.959602356	68.8568115234	59.267490387	49.4439125061	41.1591186523	35.5860099792	31.7836894989	29.7412605286	29.0030670166	29.6358356476	30.1806488037	31.9473323822	32.6389427185	32.268901825	31.3080501556	0
Mar 10 2023 19:41:23	23656.7714844	502.814971924	383.789581299	262.860351563	184.109329224	132.632614136	105.669876099	89.0601348877	80.6334762573	78.8097229004	82.4651260376	88.5747756958	98.8662185669	111.222824097	125.120391846	138.382202148	151.263717651	159.9559021	163.56817627	162.69934082	155.754074097	145.992126465	132.991455078	118.905975342	104.000541687	88.477432251	75.0254592896	65.8603820801	59.6631889343	56.5029792786	55.6422615051	57.6049346924	58.9510421753	63.0412521362	64.1824951172	63.8216514587	61.8090133667	0
Mar 10 2023 19:41:24	28029.2324219	17.5376014709	12.5915279388	8.2043390274	5.45250368118	4.13766479492	3.86981868744	3.35765266418	3.63523817062	3.9620988369	4.49284791946	4.75671815872	5.35108804703	5.82335519791	6.57388019562	7.24716281891	7.92530012131	8.54853725433	8.98751163483	9.09846019745	8.70556354523	7.99795722961	6.96186876297	5.86623716354	4.9470000267	4.22667551041	3.59423589706	3.17081785202	2.79722905159	2.56092071533	2.45176434517	2.41992521286	2.29278326035	2.30232453346	2.18652534485	2.07005262375	1.87916874886	0
Mar 10 2023 19:41:25	27153.3886719	133.687789917	109.479003906	79.840385437	58.7959518433	40.4732437134	30.0775928497	22.6946487427	19.6834106445	18.0833377838	18.4130573273	18.2087955475	18.9965343475	20.0577545166	21.7232456207	23.4165096283	25.2324295044	26.5015792847	27.3256721497	27.2805252075	26.462141037	25.3478775024	23.8555431366	22.0791568756	20.0325927734	17.6212615967	15.4983720779	14.0808296204	13.2332487106	12.9188213348	13.0737285614	13.7214326859	14.2762241364	15.2500953674	15.5734920502	15.3229627609	14.7593765259	0
Mar 10 2023 19:41:26	26811.8125	192.83505249	151.098892212	101.845367432	72.2498321533	54.5503120422	42.8792533875	34.219417572	30.9272060394	30.2021141052	31.7468090057	33.1163864136	35.3138580322	38.2023506165	41.4328956604	44.643825531	47.3947410583	48.9099998474	49.2107009888	47.5565948486	44.5334014893	40.9052581787	37.1360206604	33.3310775757	29.4325523376	25.1509799957	21.6458702087	19.3783950806	17.98853302	17.4394512177	17.5700054169	18.329536438	19.0397205353	20.2658538818	20.8106842041	20.4399204254	19.6940631866	0
Mar 10 2023 19:41:27	25613.1152344	482.269348145	379.941711426	263.121398926	188.855819702	128.240982056	92.7100143433	68.1048583984	57.3969039917	51.0583877563	49.7987251282	48.3133850098	48.9357833862	49.5872001648	52.0504646301	54.324016571	57.4022254944	58.3603057861	59.289894104	58.0343818665	55.3510398865	51.9392166138	48.1307411194	44.0509490967	39.7428817749	35.2017669678	31.5243835449	29.5379104614	28.5150737762	28.6522350311	29.6858386993	31.7048950195	33.3996658325	36.0783843994	37.250957489	36.9460525513	36.0106048584	0
Mar 10 2023 19:41:28	25025.5292969	383.982849121	300.52746582	210.609024048	156.096038818	114.994316101	90.6885604858	72.217086792	65.1185836792	61.9976577759	64.0124740601	65.6716003418	69.7409820557	74.5237045288	80.8812103271	86.4301757813	91.8151931763	93.8448638916	93.858039856	90.3084182739	83.9112472534	76.8448410034	69.74559021	63.1581802368	56.5166511536	49.3702659607	43.4661140442	39.6637916565	37.5285301208	36.9109802246	37.6422233582	39.8656921387	41.7629051208	44.9717178345	46.4878387451	46.2225151062	45.0512542725	0
Mar 10 2023 19:41:29	15428.2578125	1770.33728027	1337.91040039	892.309875488	627.410400391	448.761169434	335.453918457	247.716186523	202.09236145	171.547836304	159.557495117	148.005081177	144.454452515	145.609298706	153.263946533	161.340377808	171.566253662	176.633651733	181.38899231	179.392272949	173.891647339	166.870040894	159.141677856	150.214370728	139.917770386	128.205673218	119.756774902	116.215942383	116.958755493	121.885398865	129.031066895	139.796813965	147.19178772	158.143859863	162.768981934	161.86907959	157.702789307	0
Mar 10 2023 19:41:30	21772.6464844	481.927520752	387.651916504	274.895629883	204.813735962	149.77923584	118.409721375	94.3028411865	87.2161331177	85.3950653076	89.5050125122	93.7851715088	102.194038391	112.216590881	125.12449646	138.766448975	152.850738525	167.173706055	178.20993042	186.24647522	189.071640015	188.505966187	181.491958618	168.738418579	150.683929443	129.372009277	109.880615234	97.4146957397	89.5485992432	86.7245178223	86.203086853	89.221244812	90.9342346191	94.3168182373	95.7163696289	92.4372406006	88.2591247559	0
Mar 10 2023 19:41:31	25335.1328125	287.786407471	227.378677368	157.165481567	112.743385315	86.3120727539	71.1398162842	58.4899787903	54.3785438538	53.7311134338	57.3157424927	60.5338630676	65.7148284912	71.8264846802	78.9716796875	86.0401382446	93.1211166382	98.4236679077	101.763221741	102.982803345	101.536270142	98.8990249634	94.4838943481	87.8201293945	78.6613845825	67.2952575684	56.3023796082	48.2839813232	42.8521499634	39.6951332092	38.2263336182	38.5254440308	38.8261222839	40.155708313	40.8680648804	39.7398223877	38.4473800659	0
Mar 10 2023 19:41:32	26135.7421875	140.6302948	113.187667847	81.6773834229	61.7983207703	48.316078186	42.5561103821	39.3268432617	41.0398826599	45.0242080688	51.1873931885	57.0014533997	63.8713378906	71.4963607788	79.965133667	88.5674667358	96.9185638428	103.257423401	106.324958801	106.753067017	103.237998962	98.0148468018	90.3186264038	81.5264282227	71.6339950562	60.2240219116	49.5645332336	41.2863388062	35.4133415222	31.6035919189	29.4496612549	28.8215255737	28.264497757	28.7598628998	28.8372135162	27.9420185089	26.751001358	0
Mar 10 2023 19:41:33	23899.7089844	398.560150146	319.355621338	229.602294922	174.387512207	130.860916138	105.37071991	85.52293396	81.2523422241	80.5105438232	86.2776412964	91.6403503418	100.35811615	109.211090088	121.233398438	131.600189209	143.649185181	152.457092285	159.976364136	165.131393433	165.63092041	162.354309082	155.184112549	143.483337402	127.534080505	107.972305298	89.0567245483	74.7348709106	64.5330581665	58.3100357056	55.0222244263	54.8687934875	54.9692077637	57.3651924133	58.5602836609	57.7008934021	56.2876815796	0
Mar 10 2023 19:41:34	24851.8867188	281.335266113	227.120819092	163.884292603	125.124908447	96.1121520996	79.1893463135	67.7246246338	65.3051071167	66.6420669556	71.7321014404	77.7724685669	85.4030303955	94.1280899048	104.283592224	114.182937622	123.635643005	130.469619751	133.993148804	133.315460205	128.299987793	120.799430847	111.230209351	100.218002319	87.9804000854	74.4011001587	62.4537506104	54.0153388977	48.266494751	44.9121818542	43.5970916748	44.3362121582	45.0444335938	47.3440589905	48.0769958496	47.2869033813	45.5729370117	0
Mar 10 2023 19:41:35	25397.3984375	400.138793945	307.507080078	206.33430481	146.485397339	107.857551575	84.4904327393	65.7704849243	58.7653007507	56.0638694763	58.2495536804	59.8762321472	63.3346633911	67.3910217285	73.289390564	79.0713424683	85.1119918823	89.1143035889	91.6271209717	91.5820465088	88.6156616211	84.123840332	77.8778076172	70.2927398682	61.8143386841	52.5526885986	44.6734390259	39.2142372131	35.5650482178	33.7713928223	33.365322113	34.4593276978	35.5021362305	37.8386573792	38.9484405518	38.6555099487	37.7882995605	0
Mar 10 2023 19:41:36	23122.9492188	525.900024414	401.481872559	275.378540039	200.28237915	150.114334106	121.495613098	100.907905579	94.1301193237	92.9667205811	98.2069473267	104.4842453	114.798095703	127.279937744	141.406509399	155.877319336	170.520446777	181.901428223	189.644210815	192.891113281	190.095352173	183.513061523	171.607177734	155.929489136	137.378768921	116.582214355	97.6057434082	83.3557891846	73.0525665283	66.9919204712	64.1283187866	64.5772094727	65.1627349854	68.5664901733	70.1016387939	69.3190917969	67.5499191284	0
Mar 10 2023 19:41:37	25531.9570313	205.426055908	169.53352356	119.586975098	88.3719863892	67.1409606934	56.1967315674	48.299987793	46.9552574158	47.2188644409	51.1775894165	55.2625160217	62.4477844238	70.1709976196	78.9540939331	87.4993438721	96.1291809082	103.183403015	108.57660675	111.166244507	111.089820862	107.967170715	101.299217224	91.6489639282	80.0063018799	67.0997924805	56.0199127197	48.060546875	42.4655303955	38.9707221985	37.356716156	37.3162689209	37.5459747314	38.6507225037	38.9976196289	37.5844612122	35.7087974548	0
Mar 10 2023 19:41:38	26084.8417969	265.235626221	204.096893311	139.191513062	100.028541565	72.7163162231	57.7731666565	46.6754875183	43.0676612854	41.7783470154	43.1719398499	44.5175285339	47.6669387817	51.3088951111	56.4176864624	61.5798950195	66.8953857422	70.572593689	73.456993103	74.3803634644	73.3692626953	71.0071334839	67.283996582	61.9006767273	55.320930481	47.2227172852	39.7344779968	34.0228233337	30.1187095642	27.6965847015	26.7877578735	27.2071723938	27.6604938507	29.2256622314	29.8726387024	29.445930481	28.560792923	0
Mar 10 2023 19:41:39	25738.1425781	201.416442871	154.19430542	104.732810974	79.0631027222	61.122177124	50.4006538391	45.3060569763	46.5117034912	49.6528244019	55.6311721802	61.6427230835	68.8232727051	77.3449630737	87.3192672729	97.1671981812	106.873603821	115.281478882	121.049591064	123.629707336	121.488304138	115.920730591	106.595329285	95.5050201416	83.0918426514	69.6948547363	57.0345840454	47.5850601196	40.7861633301	36.4388618469	34.007900238	33.2950363159	32.8501586914	33.4124221802	33.9149398804	32.8466300964	31.6675682068	0
Mar 10 2023 19:41:40	25746.1542969	207.65411377	166.847671509	122.111801147	93.8794631958	72.3824462891	61.2747688293	53.348285675	53.0299072266	54.9902458191	60.4817123413	66.0651321411	73.241897583	80.4557723999	89.6999664307	98.1382217407	106.119438171	111.027870178	113.378822327	112.164321899	107.439407349	100.740875244	91.9085083008	81.6326980591	70.9237136841	59.4078521729	49.3254013062	41.7635765076	36.8195571899	33.6889305115	32.3388137817	32.3002548218	32.6359405518	33.4938964844	34.409236908	33.3595504761	32.3277359009	0
Mar 10 2023 19:41:41	26179.6074219	201.208633423	161.626724243	107.152114868	74.2636566162	56.8311424255	47.0920600891	37.8619651794	35.1914825439	35.5547904968	38.5890884399	41.5298576355	45.8255157471	50.6280517578	56.3874969482	62.5627632141	68.7090530396	73.6571655273	77.3396682739	79.2611312866	78.17237854	74.8516082764	69.0361022949	61.9365310669	54.2403373718	46.2230033875	38.8389587402	33.469833374	29.561750412	27.3501815796	26.3326053619	26.6382312775	26.7892532349	27.7983703613	28.2724742889	27.5177936554	26.6155910492	0
Mar 10 2023 19:41:42	24523.6953125	399.610839844	312.905822754	214.75743103	156.103500366	114.633590698	91.8944473267	74.3417053223	68.9020843506	66.1260986328	69.4032974243	72.5421829224	78.7981185913	85.4793395996	94.0251083374	102.371376038	110.605506897	115.414199829	117.679634094	116.229682922	110.726013184	104.010879517	95.3294067383	86.0121688843	76.6318893433	66.7340164185	58.0645484924	52.1198501587	48.074131012	46.365146637	46.1315879822	47.8670082092	48.9317970276	51.4264183044	52.2841720581	51.0091590881	49.2413330078	0
Mar 10 2023 19:41:43	24624.0039063	227.704483032	178.53678894	125.900764465	93.6564407349	72.8849716187	61.6964187622	56.4297981262	55.5600738525	56.6975746155	61.0283889771	67.5367507935	76.8672332764	87.7690658569	99.0361404419	109.556114197	121.250305176	129.554367065	134.711883545	136.586730957	133.204223633	127.455940247	118.057731628	106.012542725	92.8440628052	79.2027206421	67.222984314	58.7840881348	52.6702041626	49.4195365906	47.9436073303	48.806678772	49.1486740112	51.1313705444	51.7876548767	50.1849212646	47.8010597229	0
Mar 10 2023 19:41:44	23142.8613281	469.938964844	363.245697021	251.351623535	188.144989014	145.136932373	118.065734863	96.2882385254	88.2830276489	86.0929336548	90.0598678589	95.2505645752	104.473983765	115.626663208	129.60774231	144.363113403	160.687728882	174.37538147	186.222213745	194.064590454	195.349487305	190.699661255	178.823852539	161.468658447	141.542816162	119.939170837	100.972892761	86.6584014893	75.7887420654	68.9851074219	65.5996627808	65.6883621216	65.9707107544	69.1923751831	70.7160110474	69.8053207397	67.777381897	0
Mar 10 2023 19:41:45	24351.1679688	252.153823853	196.575744629	137.960189819	102.741989136	81.6628875732	70.008354187	62.0550422668	61.6673049927	64.0102310181	69.848236084	75.6834030151	83.5925140381	93.5679168701	105.657836914	118.375442505	132.3775177	146.062042236	157.558441162	166.877426147	171.460922241	171.010604858	163.259887695	148.45930481	129.273071289	106.76990509	86.4026412964	71.1584625244	60.4902420044	53.4130516052	49.466217041	48.2758979797	47.9902076721	49.625869751	50.8989906311	49.9608459473	48.8840866089	0
Mar 10 2023 19:41:46	22300.53125	559.939880371	416.330535889	284.546234131	205.413391113	153.445236206	125.755493164	106.969322205	101.825454712	102.789138794	110.502113342	118.905723572	132.233551025	146.954208374	165.435165405	185.353225708	207.44329834	227.479492188	245.137329102	259.369293213	265.827148438	263.88458252	251.230636597	228.164779663	198.855773926	164.417221069	132.436431885	107.542152405	89.5268478394	77.5699005127	70.6155395508	68.5295562744	67.4044189453	70.5985336304	72.3129501343	72.779258728	71.6790466309	0
Mar 10 2023 19:41:47	27907.4863281	15.9693946838	12.168554306	9.63716983795	8.4501914978	7.67787075043	7.09584474564	6.56149864197	6.46770000458	6.98300409317	7.90963220596	8.60684108734	9.60756778717	10.8282470703	12.3660736084	13.8301973343	15.2030754089	16.3266906738	17.0325164795	17.2592468262	16.9107112885	16.2446842194	15.15924263	13.6028585434	11.7444877625	9.575548172	7.64330720901	6.14592504501	5.01544475555	4.16344451904	3.69590520859	3.47661519051	3.35760617256	3.42970275879	3.51756620407	3.45736551285	3.32265806198	0
Mar 10 2023 19:41:48	25233.4921875	293.065460205	235.332199097	167.863098145	126.433822632	93.7942123413	75.2813415527	62.5722694397	60.4163360596	60.9171905518	65.4271697998	70.2054367065	77.9019393921	85.8180465698	95.6953659058	105.334251404	114.554695129	121.945640564	126.216148376	126.994995117	123.313964844	116.419158936	106.348640442	94.1150436401	80.8516464233	67.2639007568	55.8845443726	47.7177467346	42.1090507507	38.7550392151	37.4130744934	37.8423576355	38.5656967163	40.6945533752	41.8254089355	41.4263534546	40.5304870605	0
Mar 10 2023 19:41:49	23269.1035156	451.618255615	359.452148438	262.340209961	200.811752319	150.071395874	123.060760498	100.499710083	91.2092514038	88.3607711792	92.8246383667	97.9579925537	107.366859436	117.994338989	130.981231689	143.840118408	157.535629272	166.865264893	174.506362915	176.503158569	173.315536499	166.133468628	154.686553955	139.30557251	122.346755981	104.047210693	88.3507232666	77.0517120361	69.0139694214	64.3298797607	62.4008903503	63.4792366028	64.4657516479	68.1342010498	69.3140029907	68.5198669434	66.1836471558	0
Mar 10 2023 19:41:50	25166.8554688	257.346496582	203.059844971	144.821075439	111.647567749	87.1886138916	71.8465118408	60.4619636536	58.0496520996	58.3029289246	62.0188446045	65.8677139282	71.9962158203	78.833694458	87.6848526001	96.8523101807	106.277656555	113.846450806	119.923652649	123.701072693	123.635726929	120.261573792	112.353210449	100.679985046	87.2346038818	72.6221389771	59.8790435791	50.5816345215	44.1670188904	40.2314491272	38.4443511963	38.6071968079	39.2313346863	41.1335792542	42.4785118103	41.9603843689	41.1002998352	0
Mar 10 2023 19:41:51	23374.7753906	460.492523193	354.172302246	246.710372925	183.330352783	135.826293945	109.439834595	89.286819458	81.3190765381	77.5928497314	81.3999710083	86.1371765137	94.4051971436	104.236808777	116.524246216	128.685806274	141.230361938	151.221343994	158.300720215	160.889450073	158.35017395	152.455276489	142.232620239	129.18182373	114.689048767	99.0268630981	85.3808059692	75.489616394	68.1585998535	64.2277374268	62.5679779053	63.8748588562	64.5424804688	67.6534042358	68.1296539307	66.6669998169	64.0700378418	0
Mar 10 2023 19:41:52	25426.9980469	177.216964722	134.389068604	95.4233016968	73.1914825439	55.4918212891	47.1861572266	41.7382926941	38.2126579285	36.8739051819	38.2802848816	41.3793067932	46.4685745239	52.9622001648	60.4006881714	67.9082565308	76.1884841919	84.086555481	90.7941207886	95.75390625	98.1856079102	97.6097717285	93.8057403564	86.670791626	77.4647521973	66.498008728	56.4325675964	48.780330658	43.1055107117	39.5114059448	37.8894691467	38.2232971191	38.5951347351	40.595703125	41.1624641418	40.3416557312	38.6011734009	0
Mar 10 2023 19:41:53	24733.453125	535.284729004	429.100280762	309.387664795	231.863098145	165.394073486	127.54019165	100.504981995	87.9841766357	80.0499343872	80.2061309814	79.6102981567	81.092338562	83.7137451172	89.5420837402	95.8524169922	102.118301392	106.239547729	111.375999451	110.549690247	107.967323303	101.777984619	93.7422332764	83.8162384033	73.484954834	62.8467674255	54.3739356995	48.4601478577	44.6025428772	42.6585693359	42.6894340515	44.199256897	46.1486778259	49.3232421875	51.550693512	51.2064476013	50.0048942566	0
Mar 10 2023 19:41:54	23392.7617188	364.778747559	291.912902832	211.689956665	162.854064941	132.592498779	114.13861084	98.286781311	95.7029800415	98.7651596069	108.231231689	118.372329712	133.057296753	148.459915161	166.401870728	183.187637329	200.559432983	211.911254883	218.662200928	219.038619995	212.146255493	199.515075684	182.338119507	162.486557007	141.048965454	118.235137939	98.5906295776	84.161857605	73.5557098389	66.9178543091	63.2874946594	62.9461898804	62.7703781128	65.0997009277	66.1075134277	64.6817626953	62.3936576843	0
Mar 10 2023 19:41:55	25729.6484375	251.796936035	187.305496216	121.559211731	84.160736084	63.5878715515	52.5341835022	42.5596694946	38.7599411011	36.2285575867	37.112247467	39.5354003906	45.8614425659	52.0267105103	59.6540641785	66.8740005493	75.6234054565	82.745513916	89.6507263184	95.1065826416	97.2369308472	96.6858215332	92.5676422119	85.1304855347	75.0008010864	63.2503929138	52.1582946777	44.0698890686	38.1173820496	34.343963623	32.2360115051	32.2182998657	32.2453536987	34.070766449	34.4415740967	34.1479759216	32.861743927	0
Mar 10 2023 19:41:56	18513.3535156	1112.32128906	845.729675293	565.643127441	401.735107422	283.234741211	208.393203735	154.937179565	128.77204895	111.571662903	106.016105652	103.730148315	108.185401917	116.09387207	128.422775269	140.643508911	155.951065063	167.084259033	175.82484436	182.395858765	182.354614258	180.203613281	172.677963257	162.008514404	147.08303833	130.433837891	114.364433289	103.97026062	96.7527236938	95.3080291748	94.9162597656	100.553268433	102.057678223	110.689842224	111.601715088	112.392486572	110.24030304	0
Mar 10 2023 19:41:57	13745.4111328	1607.20507813	1257.33239746	872.720581055	626.810913086	437.48046875	326.566314697	242.045684814	199.833526611	170.85218811	163.301925659	161.5677948	169.360992432	180.757598877	197.647598267	216.948623657	237.207931519	254.087692261	264.574127197	270.774719238	267.485015869	261.143127441	247.675857544	230.766387939	209.344299316	185.736541748	164.148651123	151.027862549	142.444610596	141.957550049	143.718658447	153.126113892	157.943710327	170.43913269	175.455108643	176.618927002	174.095947266	0
Mar 10 2023 19:41:58	20008.5761719	647.356201172	521.587646484	368.637023926	272.688995361	199.477767944	158.054031372	131.36882019	123.362693787	120.441642761	126.538696289	134.088226318	146.040466309	160.757522583	178.928390503	197.760147095	216.758621216	233.489883423	245.764816284	251.95149231	250.427490234	244.551483154	231.773162842	213.586502075	190.860153198	164.78704834	140.283218384	122.880142212	110.767486572	104.891853333	102.517234802	105.211425781	105.906341553	110.846786499	111.537689209	109.665237427	106.967208862	0
Mar 10 2023 19:41:59	23956.7773438	202.143356323	160.812973022	119.53868103	94.618637085	75.8655395508	67.7493515015	66.2171783447	69.7299575806	76.8516311646	86.3884124756	97.3019104004	112.078941345	128.485916138	146.588134766	164.974807739	183.56640625	199.70753479	211.165222168	218.238250732	217.909667969	212.948013306	200.681289673	183.418045044	161.27230835	134.694580078	109.09513855	89.6581344604	75.4035339355	66.1938095093	60.5034332275	58.3723678589	56.4364776611	56.7299613953	56.4036026001	54.3374061584	52.3698654175	0
Mar 10 2023 19:42:00	24060.8007813	526.63092041	419.77444458	301.47479248	226.636169434	163.291290283	123.264144897	95.6493377686	84.8126296997	79.0611801147	80.7177047729	82.404586792	86.8524703979	93.1155548096	101.72328949	110.853637695	120.520347595	129.047973633	136.037887573	139.22454834	138.485275269	134.571746826	126.907928467	115.859542847	102.15499115	86.2148971558	72.0636749268	62.1190795898	55.7940750122	52.4449615479	51.5422554016	53.0596733093	54.4325790405	57.6285514832	59.0272331238	58.4343910217	56.3645401001	0
Mar 10 2023 19:42:01	26637.3496094	75.3348007202	58.0524253845	42.0476455688	34.8811187744	31.047372818	29.0497169495	29.2377719879	31.7311248779	35.9375419617	40.9614372253	46.8138771057	53.3968963623	61.2259140015	69.9350357056	78.9611968994	87.7414016724	95.6168441772	102.173942566	105.768753052	106.754089355	104.409622192	98.1902160645	88.4616546631	76.2393798828	61.7461280823	48.2161331177	38.0905685425	30.7187709808	25.6639385223	22.4203910828	20.9249668121	19.7527122498	20.0244846344	19.3719711304	18.9734115601	17.1560440063	0
Mar 10 2023 19:42:02	25758.8613281	162.051849365	128.272735596	91.2520217896	69.7996444702	55.0294532776	47.7192001343	43.8904876709	45.6847839355	49.7840766907	56.1867637634	63.4666404724	72.2626876831	81.6563644409	92.5287017822	103.480606079	114.261352539	123.68157959	130.002792358	132.83366394	130.60256958	124.903839111	115.478767395	102.653450012	88.2441635132	72.5840454102	58.8337898254	48.58776474	41.1371803284	36.266708374	33.5402259827	32.691242218	32.2035331726	33.0095787048	33.293712616	32.3850135803	31.069568634	0
Mar 10 2023 19:42:03	25213.6621094	210.595535278	165.363571167	120.32434082	93.133140564	70.6501541138	58.5378723145	51.9385910034	51.3235435486	53.3989067078	58.3126525879	64.2291107178	72.6417236328	80.5966262817	91.0166702271	101.029953003	111.862373352	120.510803223	127.364936829	130.649429321	129.573608398	124.807151794	115.730155945	103.37979126	89.3857879639	75.1045913696	63.0293655396	54.3942756653	48.3803024292	44.7745361328	43.0541381836	43.3992958069	43.312335968	44.7065315247	44.5391197205	42.7979698181	40.2427940369	0
Mar 10 2023 19:42:04	24447.9550781	366.370483398	296.056121826	209.237838745	155.862609863	119.196907043	97.6449966431	80.5410308838	75.5301818848	73.7127532959	77.948890686	83.4954910278	91.876701355	101.310813904	113.128295898	125.010032654	137.758392334	147.470565796	153.87512207	156.834121704	154.729476929	148.459091187	137.300125122	122.387702942	104.795593262	86.4644165039	71.197479248	60.4997253418	53.2219848633	48.7710380554	46.8701019287	47.1425552368	47.7315254211	49.725894928	51.1106758118	49.9092597961	48.2404975891	0
Mar 10 2023 19:42:05	24857.5976563	229.150802612	185.309127808	133.607421875	102.478775024	81.0439453125	69.3125610352	61.3352508545	61.5821533203	64.513885498	71.43699646	78.7970123291	88.6359863281	99.9313659668	113.587638855	129.006576538	144.742004395	160.450653076	174.954437256	186.548904419	193.279541016	194.488113403	187.260467529	171.871200562	150.173202515	123.108757019	96.6120834351	75.7145004272	60.1922264099	49.4949417114	42.6236495972	39.466091156	37.4489517212	38.0377159119	38.5069313049	38.1431884766	37.6019439697	0
Mar 10 2023 19:42:06	25567.8339844	209.676132202	165.293701172	118.576370239	89.908454895	69.3414306641	57.840385437	52.178276062	52.2846603394	54.6113624573	59.8372764587	65.9645614624	73.4661865234	82.5142822266	93.0694503784	104.050170898	114.623596191	123.27003479	130.133392334	133.372177124	132.76449585	128.659805298	120.617988586	109.318580627	96.0358505249	80.5416412354	65.5396728516	53.5233764648	44.4883842468	38.4545516968	34.895401001	33.7344856262	32.9395599365	33.6956100464	34.046875	33.277130127	32.3046607971	0
Mar 10 2023 19:42:07	22278.8867188	506.532440186	403.580169678	283.942810059	210.971969604	163.275787354	137.367279053	116.98034668	113.351089478	115.414649963	124.931373596	134.942184448	150.426773071	168.386642456	190.754318237	213.826873779	238.934875488	261.35168457	279.335357666	291.095672607	292.460449219	284.390686035	265.086547852	236.558181763	204.204666138	168.500167847	136.792617798	112.002357483	94.0255279541	81.7794876099	75.213760376	72.57837677	71.8209838867	74.04712677	76.144569397	75.2566452026	74.0213088989	0
Mar 10 2023 19:42:08	19102.59375	763.822875977	612.39050293	435.650878906	327.825897217	251.524124146	206.268112183	169.918060303	158.373504639	153.542572021	161.047988892	170.332687378	186.499053955	204.711074829	228.771499634	252.467712402	277.85647583	296.774353027	311.902282715	317.608276367	313.317810059	301.332244873	280.3074646	251.962524414	219.910125732	185.261978149	155.192672729	133.278564453	118.384155273	109.767967224	106.410049438	107.735214233	109.208099365	114.286682129	117.594566345	116.061393738	113.309822083	0
Mar 10 2023 19:42:09	25358.5	163.95463562	128.577301025	91.7435302734	71.9522628784	58.8406448364	53.5383720398	52.4886741638	56.1283836365	62.0599365234	70.3486862183	79.2678527832	91.0656204224	103.638397217	117.450569153	130.688461304	144.185516357	154.898895264	162.252548218	164.919113159	161.343215942	153.596237183	140.875488281	124.54234314	106.197952271	86.3968811035	68.9240722656	56.2742424011	47.2290382385	41.3128013611	37.8446464539	36.6926498413	35.7865333557	36.4739990234	36.7589073181	35.7509803772	34.5673751831	0
Mar 10 2023 19:42:10	23655.7421875	413.054229736	333.381225586	245.119995117	190.671691895	139.610900879	110.796211243	90.8300704956	84.8588104248	84.8097457886	89.3344116211	94.1858215332	102.868553162	112.611167908	124.081680298	135.489334106	146.838775635	154.105911255	157.503585815	156.109375	149.425842285	139.421218872	127.952690125	115.648117065	102.9168396	88.6467056274	76.361541748	67.2523040771	61.3691215515	58.2585372925	57.7200622559	59.2900810242	61.0302505493	64.0665435791	65.8995132446	64.4281997681	62.2909660339	0
Mar 10 2023 19:42:11	26940.2832031	193.822235107	141.192398071	92.2786636353	64.1231460571	43.614944458	33.2713813782	26.6860256195	23.6069126129	21.6114654541	21.5064296722	21.5158729553	22.5614624023	23.7801074982	25.513250351	26.971124649	28.1836967468	28.1602954865	27.3018627167	25.1913547516	22.1546230316	19.1526813507	16.7618503571	15.3117771149	14.2698860168	13.2040433884	12.3374052048	11.9994564056	12.0003652573	12.4913749695	13.2573671341	14.4925098419	15.4325437546	16.9598503113	17.523311615	17.6409072876	17.3649425507	0
Mar 10 2023 19:42:12	26665.4648438	84.6859970093	57.4452362061	37.3145370483	27.4135341644	20.7683525085	19.2245845795	19.9897594452	21.2678489685	23.3942928314	26.3283729553	30.2748165131	35.4093513489	40.8550033569	46.950340271	53.0587272644	60.0293693542	66.0953445435	70.8362731934	74.330657959	75.3261184692	74.4545593262	70.9776687622	65.1073074341	57.8862304688	48.9381828308	40.2597808838	33.1027107239	27.6459579468	23.914850235	21.7196903229	20.9225482941	20.4790935516	21.1523933411	21.3655910492	20.9342956543	20.1369113922	0
Mar 10 2023 19:42:13	26438.3867188	199.185058594	153.427062988	107.595252991	80.8835601807	62.4205589294	50.8361434937	43.2754592896	40.9372634888	42.1444168091	45.1020584106	47.9513893127	51.8244819641	56.2669677734	61.3322868347	66.3328781128	70.8670654297	73.1066818237	73.1501083374	71.1743469238	67.2241287231	62.416934967	57.0804901123	51.0622329712	44.7964744568	38.2749710083	32.7795066833	28.6349086761	25.7344894409	24.0271873474	23.4552841187	23.9301548004	24.3908214569	25.6043510437	26.073469162	25.5719566345	24.5543346405	0
Mar 10 2023 19:42:14	23761.4941406	555.677307129	438.907806396	301.283630371	216.519042969	161.735122681	128.900680542	102.390625	92.9922180176	88.0223388672	90.5631256104	93.5835494995	99.6991348267	107.961341858	118.66771698	129.069335938	139.067596436	146.393478394	151.336746216	150.731384277	145.90296936	137.908187866	126.756362915	113.142494202	98.6206359863	83.3153457642	70.8368225098	62.1810836792	56.7276573181	53.885433197	53.456035614	55.2930221558	57.2338447571	60.8461532593	62.8788070679	62.2539482117	60.4781417847	0
Mar 10 2023 19:42:15	23135.8613281	441.054595947	350.869720459	252.742660522	191.629989624	147.336425781	120.160316467	97.6788253784	87.1981811523	80.4612426758	81.577796936	84.202255249	90.2527084351	98.2870788574	108.255722046	119.322341919	130.858383179	139.72984314	147.64024353	151.378448486	150.862426758	146.837356567	138.460220337	126.818161011	113.621894836	98.9072799683	86.02759552	76.2598266602	69.4166412354	65.8003921509	64.7518997192	66.5032043457	68.1251678467	72.3354034424	74.0995559692	73.4248046875	71.2703857422	0
Mar 10 2023 19:42:16	24855.5429688	368.475616455	293.659637451	206.440444946	152.44581604	117.319709778	96.4335861206	79.1803665161	72.7001342773	69.3877792358	71.9098129272	75.5001678467	81.1908874512	88.1113052368	97.2860183716	107.091407776	117.348564148	125.191093445	131.415603638	133.300949097	131.111480713	124.783538818	114.582626343	101.762794495	88.4041061401	74.4550247192	62.862247467	54.4289932251	48.557888031	44.8459701538	43.6267433167	44.3134765625	45.3008308411	47.7253303528	49.1522636414	48.3688735962	46.831741333	0
Mar 10 2023 19:42:17	20571.015625	788.385925293	601.019348145	414.859832764	308.253814697	236.751663208	194.083648682	162.614028931	153.987991333	153.948059082	163.604812622	173.435531616	188.003982544	204.358016968	223.434234619	241.566680908	257.745025635	265.621765137	266.488769531	259.619812012	242.631393433	222.170806885	200.507232666	178.592849731	156.582778931	134.384109497	116.378257751	104.051399231	96.2144165039	92.9316101074	92.9651412964	97.0263900757	100.087402344	106.740592957	109.293510437	108.320861816	104.623382568	0
Mar 10 2023 19:42:18	26901.7382813	137.27230835	104.725402832	71.930267334	54.5660667419	43.2490730286	36.3424720764	29.1547660828	27.1965427399	26.5976028442	28.3528022766	29.9200744629	32.6615562439	34.9952430725	38.4215393066	41.5029182434	44.2147483826	46.2067604065	46.3093605042	45.1103401184	42.0339241028	38.8062515259	35.3622283936	32.1661758423	28.8942642212	25.5467567444	22.6216583252	20.6506881714	19.2755088806	18.6864948273	18.6655445099	19.3377552032	19.6178703308	20.6109466553	20.5161972046	19.9592819214	18.8847255707	0
Mar 10 2023 19:42:19	22232.1367188	326.316314697	261.388641357	191.49987793	147.669937134	111.91506958	95.7956085205	85.0330581665	82.279510498	83.0045471191	89.2855224609	96.4803771973	106.987701416	118.971916199	133.41519165	146.283920288	159.51600647	167.459701538	171.888900757	171.96232605	165.623001099	156.444564819	144.113769531	129.945770264	115.368743896	101.079315186	89.451423645	81.3341140747	76.1755447388	74.2392883301	74.4334640503	77.467124939	79.563949585	84.1463851929	85.6723632813	84.2758407593	81.6260757446	0
Mar 10 2023 19:42:20	23166.0136719	663.110961914	516.176025391	352.319061279	254.166107178	184.229675293	142.236663818	110.163131714	96.7301254272	87.9368286133	89.6440887451	90.9222183228	95.4704742432	99.6302032471	107.548713684	114.417358398	121.724090576	124.148040771	124.848983765	120.591941833	113.067604065	103.848999023	95.1281814575	86.1821899414	77.712638855	68.6348266602	61.7091331482	57.2033500671	55.0806045532	55.0664787292	56.8328781128	60.4665756226	63.8847885132	68.8774108887	71.6162033081	71.3890686035	69.9880828857	0
Mar 10 2023 19:42:21	23499.8476563	465.909088135	387.469604492	281.022247314	212.842269897	166.46446228	138.485046387	111.753555298	101.259628296	95.1327362061	99.2116851807	103.374916077	110.678314209	119.001213074	130.352416992	141.773956299	152.283889771	159.166229248	164.124969482	162.689575195	156.965270996	147.337615967	134.516876221	119.152893066	103.323524475	87.3034973145	74.9326095581	66.7390289307	61.3916397095	58.6456718445	58.5706825256	60.6020126343	63.1098403931	67.2925186157	69.7840499878	69.2461929321	67.4741363525	0
Mar 10 2023 19:42:22	23834.9589844	333.326049805	263.746795654	185.735214233	139.785232544	107.729759216	90.4442367554	78.2118148804	74.8885040283	74.3288421631	80.4885940552	88.0959320068	98.2316131592	109.817817688	123.653343201	138.007858276	151.809051514	163.568130493	171.947479248	175.799713135	173.830276489	167.429626465	155.90020752	140.068099976	122.581176758	103.481132507	86.985824585	74.8994903564	66.4035873413	61.1130256653	58.7479057312	59.2079048157	59.7065582275	62.663608551	63.1631393433	62.0784339905	59.1984786987	0
Mar 10 2023 19:42:23	27636.6875	89.4809494019	73.8518371582	52.0334396362	38.3103027344	26.910369873	20.5077171326	14.503944397	12.1130495071	10.4335002899	10.5092058182	9.97790908813	10.1051521301	9.82289123535	10.343079567	10.647734642	11.0120763779	11.0559892654	10.9252786636	10.4032115936	9.60335731506	8.76404666901	8.02847957611	7.41005849838	6.80585861206	6.234187603	5.75718212128	5.53439235687	5.48641014099	5.67120170593	5.99673366547	6.54670715332	6.94558048248	7.62105369568	7.86799001694	7.92477369308	7.78185892105	0
Mar 10 2023 19:42:24	22199.3613281	663.985656738	496.636169434	331.575256348	238.040710449	180.762832642	146.444580078	119.0105896	110.417076111	108.824752808	115.137313843	120.746086121	130.511779785	141.516662598	155.962310791	169.108581543	182.568527222	191.015579224	194.505386353	193.925796509	186.399261475	175.905227661	162.368301392	146.164382935	128.567871094	110.572502136	95.5039901733	85.1299591064	78.3668060303	75.1617202759	74.9024734497	77.8998031616	80.1895370483	85.3349380493	87.2609939575	86.3894119263	83.4880828857	0
Mar 10 2023 19:42:25	22943.1484375	495.664733887	389.290039063	264.687927246	193.345169067	147.849822998	120.456718445	102.186904907	98.6611175537	99.2972564697	106.97844696	114.191719055	124.747138977	136.821533203	150.927780151	165.67590332	179.03678894	189.688690186	196.24395752	196.747390747	190.794799805	180.984695435	166.827423096	149.866134644	131.201126099	111.389213562	93.8931274414	81.5600128174	72.9769210815	68.2109603882	66.5091247559	67.8605117798	69.1853256226	73.0363388062	74.7843780518	74.2262268066	72.2658920288	0
Mar 10 2023 19:42:26	25343.3671875	237.445739746	187.649627686	131.76991272	102.149002075	80.6497573853	68.66847229	59.534198761	58.8398933411	59.7509307861	65.1136322021	70.7460021973	79.3619918823	87.7995986938	98.5208206177	109.587287903	121.470352173	131.821136475	140.814727783	145.552108765	145.010345459	140.25189209	129.729675293	115.163146973	99.0104980469	82.0037231445	66.9328689575	55.7192840576	47.5833053589	42.2311515808	39.2159423828	38.3072738647	37.7297554016	38.7350006104	39.2430381775	38.3233337402	37.0536956787	0
Mar 10 2023 19:42:27	22119.3222656	714.827209473	552.002685547	377.028411865	274.848693848	207.999191284	167.632064819	136.59274292	125.932472229	121.617324829	126.420318604	131.28137207	140.153396606	151.917282104	166.090560913	180.010162354	194.050949097	202.548660278	206.990707397	205.080734253	197.390029907	186.68182373	173.040390015	156.582611084	138.672988892	119.184928894	102.266159058	89.6719818115	80.9286880493	76.0835876465	74.3912277222	76.0321350098	77.4535369873	81.2546768188	83.219078064	81.8292617798	79.3590316772	0
Mar 10 2023 19:42:28	27479.2890625	138.34072876	111.118637085	74.0600967407	50.9089126587	35.4597396851	25.8053226471	18.5505275726	15.9238672256	14.8346414566	14.7221288681	14.4097356796	14.4989852905	14.6331377029	15.2427568436	16.0667972565	16.6114845276	16.9555492401	17.0254611969	16.3493156433	15.3452367783	14.1808815002	13.0648088455	11.9858417511	10.8740329742	9.79679870605	8.77091407776	8.13632011414	7.77557039261	7.73208665848	7.98877668381	8.55097103119	9.05120658875	9.74101066589	10.2161998749	10.2306146622	10.1441221237	0
Mar 10 2023 19:42:29	22435.9863281	509.364105225	410.386322021	293.787628174	214.626876831	160.573883057	133.375961304	111.022911072	103.249252319	99.3809509277	105.292449951	112.858520508	125.060699463	137.753738403	153.593688965	167.992156982	183.8228302	192.79296875	197.015029907	196.156967163	187.373458862	176.615264893	161.380523682	144.878662109	126.600097656	109.077194214	93.4121551514	82.5356445313	74.2225112915	70.2510375977	68.1358795166	69.9487457275	69.8615646362	73.3656692505	73.919631958	71.6954727173	68.8569030762	0
Mar 10 2023 19:42:30	22944.5253906	479.887329102	380.300872803	257.511962891	182.143066406	132.621734619	103.842430115	81.7466659546	74.8762512207	73.5410308838	77.5908355713	81.9922027588	89.4728393555	97.4494476318	107.953910828	118.326293945	127.796234131	135.851013184	139.842758179	140.103851318	136.161804199	130.121200562	121.867980957	112.612327576	101.702026367	89.820274353	79.2489318848	72.2018814087	67.7470169067	66.4318847656	67.0318527222	70.4279327393	72.5914306641	76.8908538818	78.6529541016	77.2370758057	74.3941574097	0
Mar 10 2023 19:42:31	22580.2695313	546.25579834	427.269012451	305.705200195	233.397262573	178.391540527	142.003799438	115.84198761	107.979003906	106.715446472	113.281143188	120.377281189	131.473999023	143.049850464	157.486419678	171.21333313	185.611373901	194.063339233	198.975021362	199.026397705	193.035186768	184.294418335	172.284744263	156.61038208	138.318695068	117.682411194	99.8661727905	86.8825378418	78.4669494629	73.5662002563	72.0692367554	73.4400482178	74.2731933594	76.9390716553	78.0452575684	75.5245056152	72.0922012329	0
Mar 10 2023 19:42:32	26122.0585938	184.947525024	147.410705566	106.0626297	80.7844543457	61.8820228577	52.0528068542	43.2877807617	41.3086624146	41.9466934204	45.5242881775	48.9346580505	54.3972167969	60.0612640381	66.8615112305	73.3720169067	80.2528152466	85.1092681885	88.3806991577	89.2634429932	87.0696182251	82.9994812012	77.0185165405	69.2671127319	60.4049415588	50.8672943115	42.2200813293	35.845413208	31.4033946991	28.7051906586	27.4003868103	27.4174003601	27.5353183746	28.5715045929	28.9868335724	28.3315315247	27.3740081787	0
Mar 10 2023 19:42:33	21359.7851563	754.697875977	574.802001953	382.602600098	264.175048828	189.8490448	147.707962036	120.264007568	109.984603882	107.691833496	113.074783325	119.529098511	131.945846558	144.736679077	160.996902466	174.932556152	189.10534668	198.033981323	203.127334595	203.871536255	197.680725098	188.443481445	174.70690918	157.794082642	139.341705322	119.908226013	104.042648315	93.5749053955	87.0826873779	84.2790908813	84.5688705444	87.6997528076	90.4103088379	95.0953521729	97.8583908081	96.1688232422	93.6362304688	0
Mar 10 2023 19:42:34	26539.8476563	161.043136597	123.716827393	81.397354126	57.1183166504	41.5330924988	33.2245635986	28.4855117798	27.8030853271	28.8636341095	31.608007431	34.2960853577	38.3350753784	42.9678955078	48.0473175049	53.2286148071	58.1624107361	62.1789932251	64.6285171509	65.3380432129	64.3081741333	61.8218803406	58.2327156067	52.8497543335	46.3849487305	39.089176178	32.677230835	27.8794803619	24.5830669403	22.487121582	21.6781425476	21.7984447479	22.0872783661	22.9732036591	23.6102390289	23.1258563995	22.4378089905	0
Mar 10 2023 19:42:35	25134.3789063	409.114868164	323.187286377	228.094619751	165.922348022	115.711280823	86.9107666016	65.8435058594	57.1525726318	51.7348747253	51.4832420349	51.8311004639	54.7531700134	58.1664543152	63.2970695496	68.4116134644	73.9617233276	77.4717407227	79.7253875732	80.0423965454	77.7223815918	74.3081741333	69.6195144653	63.9635238647	57.7109031677	50.7602920532	44.3001403809	39.5230827332	36.4443016052	35.2257118225	35.2301216125	36.8097648621	38.0154876709	40.6146583557	41.7728042603	41.4783401489	40.6580123901	0
Mar 10 2023 19:42:36	22983.71875	610.804443359	496.031738281	349.435424805	258.550140381	192.549758911	153.653518677	122.632606506	112.871269226	108.977920532	114.127441406	119.986946106	129.489746094	139.605911255	153.077209473	166.348480225	178.447753906	186.796798706	189.639511108	186.412841797	177.092529297	165.005508423	149.952270508	133.878509521	117.564102173	101.49269104	88.1399993896	78.4805603027	71.9129943848	68.5988769531	67.7129745483	69.4465713501	70.9030227661	74.0378952026	75.6075134277	73.6599121094	70.9592285156	0
Mar 10 2023 19:42:37	23370.2441406	504.191070557	392.190429688	264.162658691	188.764892578	143.886627197	115.881317139	93.2325286865	86.509803772	85.3919906616	90.6086425781	96.2367324829	104.730659485	114.449668884	126.188453674	138.31628418	150.082366943	157.96887207	163.293655396	162.222290039	156.705886841	146.904937744	135.124282837	120.950942993	107.258163452	92.4164505005	80.3226089478	70.8295288086	64.7141723633	60.6949539185	59.714225769	60.3630371094	61.9204673767	64.1139450073	66.8265533447	66.119682312	66.1339645386	0
Mar 10 2023 19:42:38	22973.8691406	489.080596924	377.532806396	255.172988892	179.057144165	132.8309021	106.120735168	87.8808135986	80.8571548462	78.4808120728	82.6133270264	88.564414978	98.4171218872	110.172332764	124.138305664	138.013595581	153.006546021	164.000549316	171.214355469	175.585876465	172.650756836	166.02571106	153.749847412	137.642730713	120.443763733	103.046730042	87.6355133057	76.7091598511	68.3276290894	63.8403053284	61.7166519165	62.8592338562	63.5297050476	67.1690063477	69.1330337524	68.8376083374	67.7639083862	0
Mar 10 2023 19:42:39	23408.46875	524.983154297	401.825286865	275.526367188	208.366485596	156.359130859	124.257545471	97.174621582	86.7738647461	80.2824401855	82.032409668	84.8841018677	90.4525909424	97.1388320923	105.580551147	113.424835205	121.325263977	124.485153198	125.954803467	123.317893982	117.372138977	110.026939392	101.928970337	92.6290893555	82.583984375	72.5000839233	64.4429931641	59.4540863037	56.8597450256	56.3930892944	58.0508155823	61.4852981567	64.3006973267	68.5417251587	70.6109085083	69.4052429199	67.2470932007	0
Mar 10 2023 19:42:40	21401.8398438	519.022521973	397.27746582	274.564575195	204.414764404	152.204269409	124.79473114	105.977203369	100.093055725	99.0242843628	105.477981567	112.000328064	122.975151062	134.573379517	149.656906128	164.709823608	181.013946533	193.140228271	201.95274353	207.210861206	205.206466675	198.673446655	186.141403198	169.04977417	149.967529297	129.752456665	112.399185181	99.8628997803	91.0665054321	86.327583313	85.0055999756	87.4549331665	89.3429336548	94.5347213745	96.7556533813	95.6716461182	92.718788147	0
Mar 10 2023 19:42:41	21635.1894531	590.96472168	466.586273193	319.743560791	228.296737671	164.336029053	129.656097412	106.829620361	99.9072113037	96.76978302	101.091125488	106.039344788	116.831298828	128.384597778	142.705413818	156.755218506	171.569503784	182.370559692	189.709289551	193.720153809	190.974914551	185.05645752	174.07043457	159.653961182	142.251434326	123.338439941	106.194595337	94.1254196167	85.1063308716	80.649269104	79.1625213623	81.880531311	83.9975204468	90.0854721069	92.6870117188	92.6319732666	90.516960144	0
Mar 10 2023 19:42:42	19313.1210938	498.611083984	394.926605225	290.305511475	229.711791992	182.416305542	157.469314575	137.949768066	133.765350342	136.208328247	150.291030884	165.138809204	184.495162964	206.606002808	233.803405762	260.93460083	290.434906006	315.743377686	336.703308105	349.56036377	350.797454834	341.331420898	318.769500732	285.320770264	248.213439941	208.397338867	173.912185669	148.507766724	129.884994507	118.429458618	112.518600464	112.496841431	112.633277893	117.49835968	120.18938446	118.807502747	115.60736084	0
Mar 10 2023 19:42:43	20407.7792969	484.11050415	389.182312012	277.743835449	212.069030762	166.707504272	140.827560425	121.334243774	118.025924683	119.556411743	128.791824341	138.307220459	153.281814575	170.806396484	191.245483398	212.845428467	235.873962402	254.611099243	270.57699585	280.072692871	279.858062744	272.203155518	254.766220093	229.807510376	201.779159546	171.333297729	144.795944214	124.94355011	110.870132446	102.50050354	98.9478225708	99.8577728271	100.763702393	105.1432724	107.607940674	105.940460205	102.878997803	0
Mar 10 2023 19:42:44	23103.53125	396.5546875	317.704833984	224.359909058	167.959030151	129.584106445	107.491790771	91.44896698	88.1295318604	87.7486038208	93.7630462646	100.036453247	110.228477478	120.960479736	134.522781372	148.115036011	162.178649902	172.574676514	181.012741089	184.358947754	182.003814697	175.234619141	162.901382446	147.058700562	129.477645874	110.624176025	93.9928970337	81.9372787476	73.078338623	67.9838790894	65.6260757446	66.5856323242	67.2299118042	70.5792388916	71.7093582153	70.5745239258	68.2052307129	0
Mar 10 2023 19:42:45	21627.7089844	691.317199707	503.39239502	338.054321289	243.657943726	173.235061646	132.338165283	108.19708252	97.6699905396	93.5578613281	94.5283203125	98.0870437622	107.552986145	119.016281128	132.432785034	144.467178345	158.045974731	166.760101318	173.365447998	175.921234131	172.734008789	166.026412964	155.573989868	142.10949707	127.45198822	111.602073669	98.1778030396	88.5012435913	82.0897750854	79.4862594604	79.5946350098	83.0459289551	85.8501968384	92.0124282837	94.0556869507	93.581741333	90.7134017944	0
Mar 10 2023 19:42:46	23416.3144531	498.881347656	401.254058838	283.982391357	213.151977539	159.283126831	126.573738098	101.484352112	92.1999130249	86.7085266113	88.8761749268	90.7987670898	95.5709152222	101.650985718	110.497161865	119.376976013	128.807907104	134.4400177	138.591598511	139.306915283	135.24597168	127.902648926	118.051055908	106.122329712	94.4017105103	82.5201568604	72.6945114136	66.073677063	62.0107307434	60.3902282715	61.0632362366	63.9790840149	66.8705368042	71.3558425903	73.6814804077	72.9290542603	70.8675689697	0
Mar 10 2023 19:42:47	20326.6933594	580.698425293	460.468353271	334.39151001	247.746917725	181.371948242	146.246856689	123.847053528	114.039619446	110.840141296	115.941413879	124.368675232	138.244796753	152.922805786	171.677215576	190.380004883	209.815795898	224.930053711	235.110290527	239.09703064	234.274154663	224.345748901	207.338134766	187.205337524	165.750640869	143.464508057	124.045608521	110.590072632	101.156082153	96.7029266357	95.4981079102	98.8120880127	100.89994812	107.154441833	109.250961304	108.222511292	104.966133118	0
Mar 10 2023 19:42:48	27217.0820313	150.768051147	119.247245789	79.808555603	56.5962333679	40.7935752869	31.1498184204	22.8299198151	20.1259746552	18.4071426392	18.5387268066	17.9413928986	18.100610733	18.2782058716	19.156080246	20.0556545258	20.8039054871	21.1784038544	21.3301048279	20.8181800842	19.8172264099	18.6339073181	17.3420524597	16.0298118591	14.6772937775	13.3180236816	12.0662612915	11.3116474152	10.8787889481	10.8751134872	11.2354412079	11.9994459152	12.6683940887	13.7828197479	14.2757987976	14.3558511734	14.1778049469	0
Mar 10 2023 19:42:49	23020.1582031	497.970275879	384.632415771	266.69039917	192.024139404	141.319534302	112.245544434	93.0930633545	85.4275512695	83.4529876709	86.9863586426	90.7346420288	98.6900405884	107.431587219	119.231018066	130.010604858	141.774719238	149.870864868	154.745071411	156.223983765	152.397872925	145.942611694	135.662582397	123.418136597	110.165916443	96.2219085693	83.9510269165	75.2520599365	69.1061248779	66.2182693481	65.611869812	67.8380279541	69.217338562	73.0340423584	74.1590499878	72.6377639771	69.6977233887	0
Mar 10 2023 19:42:50	18911.1210938	774.37902832	609.655395508	430.079101563	321.510864258	242.044387817	193.685836792	155.981414795	143.565139771	138.958129883	144.733856201	151.978118896	164.075576782	178.086853027	197.457717896	216.740142822	237.208984375	254.334060669	266.550750732	273.314697266	271.747894287	264.309020996	249.029968262	227.083007813	201.417251587	172.735961914	147.640335083	129.547729492	117.253318787	110.743598938	108.931213379	112.337493896	115.509986877	123.381690979	127.495079041	127.861175537	125.204849243	0
Mar 10 2023 19:42:51	24780.5019531	262.507843018	214.39440918	160.882675171	128.665313721	102.485389709	86.4851531982	73.5212402344	71.5004348755	71.7221832275	77.542640686	83.9056625366	92.3723068237	101.090583801	112.678596497	123.869224548	136.953216553	146.071044922	153.225708008	157.285568237	155.784851074	149.983779907	138.88494873	123.829208374	106.667526245	88.6871948242	72.8653182983	61.1622581482	52.715423584	47.3769874573	44.8151817322	44.5901145935	44.9421081543	47.0731506348	48.1980018616	47.6111984253	45.6701622009	0
Mar 10 2023 19:42:52	24897.5976563	364.202087402	274.926544189	183.946563721	134.14453125	100.977149963	80.6971817017	65.4747085571	59.6197090149	58.22057724	60.7887687683	63.2794570923	69.0482025146	75.4289855957	83.3929595947	91.16456604	99.9753799438	106.212425232	111.158569336	113.467292786	112.686462402	108.923789978	101.975410461	92.7642211914	82.3747940063	70.6715927124	60.0866279602	52.1085739136	46.3465156555	42.8647155762	41.5195083618	42.0921363831	42.8575973511	45.2597503662	46.3357124329	45.9064750671	44.7376213074	0
Mar 10 2023 19:42:53	19952.0058594	673.154663086	521.292602539	361.394744873	266.605834961	203.346939087	163.985549927	135.646347046	126.183204651	125.221794128	132.921585083	141.788375854	154.635253906	169.099365234	186.698455811	205.351409912	223.223449707	236.623703003	244.213760376	244.990692139	238.12852478	226.415817261	209.783828735	189.691986084	168.224258423	145.79927063	127.068756104	113.642074585	104.913955688	101.088417053	100.73248291	104.648101807	107.737304688	114.170127869	116.980201721	116.018890381	113.575630188	0
Mar 10 2023 19:42:54	21100.8417969	776.326721191	606.538818359	416.335205078	302.064483643	223.823928833	176.982910156	136.136062622	122.347465515	117.379043579	123.272941589	127.898139954	136.996749878	146.055526733	159.556335449	173.785873413	188.489807129	198.759536743	207.342498779	210.562026978	207.64541626	199.667419434	185.989044189	167.32119751	146.802261353	126.00466156	108.819007874	97.3344345093	89.929473877	86.8107452393	86.6466522217	90.0249176025	92.8924789429	98.3690109253	101.014060974	99.695930481	97.0838775635	0
Mar 10 2023 19:42:55	24022.6621094	191.701019287	147.841094971	105.285552979	79.3486404419	60.7049827576	52.3238296509	46.8453140259	47.0202178955	49.4015045166	54.4331092834	60.2553024292	67.4348144531	75.356918335	85.0537185669	94.9172515869	105.245941162	114.088264465	120.440612793	124.215301514	124.00138855	120.441246033	113.461463928	103.33972168	92.1812438965	80.2836608887	70.1940994263	62.7411880493	57.8544692993	55.3411140442	54.8017425537	56.4020614624	57.5405349731	60.2777175903	60.9891700745	59.7995567322	57.6362571716	0
Mar 10 2023 19:42:56	22955.5253906	451.032043457	357.658905029	246.617095947	178.869781494	137.962875366	114.942237854	96.8023605347	93.9535293579	96.0829162598	104.788299561	112.976104736	123.415481567	134.878585815	149.260604858	163.978668213	177.316802979	187.519561768	193.044799805	192.390731812	184.844421387	173.616729736	158.820953369	142.691894531	125.920936584	108.176010132	92.7088317871	81.4743499756	73.2551803589	68.6120300293	66.9617004395	68.4129867554	69.7798309326	73.7606506348	75.5386276245	74.7820510864	72.6032104492	0
Mar 10 2023 19:42:57	24682.5800781	155.059844971	125.273239136	91.1433792114	72.5116958618	61.4066123962	55.0982131958	52.1253509521	55.5719261169	62.7832336426	71.9016265869	80.3692092896	90.3819580078	101.924026489	114.409461975	127.233154297	140.501358032	152.121887207	159.145355225	163.049667358	161.346710205	155.012268066	144.024856567	129.098007202	112.522987366	94.4119491577	78.3800582886	66.4399414063	57.5204696655	51.7394332886	48.6624450684	48.0395736694	47.7558479309	49.1003189087	49.7134742737	48.5284080505	46.9363288879	0
Mar 10 2023 19:42:58	22947.3105469	354.055053711	275.912567139	192.285491943	140.430282593	106.530448914	88.946182251	78.2975845337	78.6005935669	82.377784729	90.9987335205	99.9925765991	112.50693512	126.166305542	142.597229004	158.563064575	174.841888428	188.613128662	198.778579712	204.330978394	202.569351196	195.895904541	182.207733154	163.754074097	142.963775635	120.989593506	101.414527893	87.3937988281	76.8779220581	70.4900131226	67.2907409668	67.6126022339	67.8042907715	71.0084228516	72.0427322388	70.9191513062	68.5458602905	0
Mar 10 2023 19:42:59	24598.4492188	302.121246338	231.796569824	159.0597229	116.377937317	86.148109436	68.8322753906	58.1361503601	54.7510223389	54.0858688354	57.3564071655	61.1054115295	67.2117843628	74.1907348633	82.7239303589	90.9223556519	100.421691895	107.072715759	113.134567261	116.660636902	116.937141418	113.583061218	106.81085968	96.7926330566	85.6805343628	73.5555877686	63.1614646912	55.4655609131	50.093662262	47.0716896057	46.1791152954	47.1349945068	48.2544593811	50.7618522644	51.8654747009	50.5253486633	48.2825813293	0
Mar 10 2023 19:43:00	24540.8261719	485.21496582	359.076202393	238.969421387	176.382064819	133.628219604	107.0260849	82.994178772	74.3920211792	70.1433563232	72.2557601929	73.1141433716	75.7201156616	78.2838287354	83.9494781494	89.2841110229	94.9757461548	98.623550415	101.9741745	103.063102722	101.18270874	96.8640136719	90.2783889771	81.6024627686	72.1999969482	62.6481513977	54.7719650269	49.2637481689	45.594291687	43.7199516296	43.8085861206	45.3279457092	47.3192481995	50.352771759	52.8555412292	52.9203033447	52.6985931396	0
Mar 10 2023 19:43:01	22979.0117188	420.324951172	323.360412598	224.610488892	163.244445801	124.996643066	103.157440186	88.2894287109	83.601776123	84.074760437	91.0011291504	99.4521102905	110.349082947	123.088264465	138.154525757	153.368667603	169.291748047	181.506958008	189.443984985	193.294815063	190.002670288	181.899291992	168.965026855	152.66519165	135.047485352	115.799240112	98.8307800293	85.9539871216	76.7574920654	71.2100906372	68.7012557983	69.2222595215	69.2575149536	71.3988800049	71.606842041	69.3218612671	66.445640564	0
Mar 10 2023 19:43:02	25584.8339844	259.460540771	205.584106445	142.429351807	99.5340194702	71.68724823	56.9554405212	49.2209320068	47.6378707886	49.0637779236	53.2879638672	57.4970321655	63.6934242249	70.3687133789	78.3756561279	86.0966796875	93.5812606812	98.9587936401	101.51373291	101.069969177	97.0027694702	91.1100692749	83.3576812744	75.0721282959	66.2735137939	56.9378128052	48.6711883545	42.8158149719	38.505657196	36.1643562317	35.1657524109	35.9764862061	36.4037094116	38.4396362305	38.7064323425	38.088054657	36.3499717712	0
Mar 10 2023 19:43:03	26401.8398438	204.943115234	159.392379761	109.102546692	78.358505249	56.2686386108	44.0949363708	35.9010810852	33.7341079712	34.6337547302	37.4268684387	39.5223884583	42.9503059387	46.6838760376	51.5558013916	56.4115829468	61.6354904175	66.3144836426	69.5723648071	71.2205276489	70.2913284302	67.6616744995	62.9447555542	56.9326019287	49.758014679	42.0732383728	35.1820297241	30.2562828064	26.7269382477	24.726600647	23.8328647614	24.3532276154	24.5696544647	26.2450256348	26.2923679352	26.2663784027	25.2393016815	0
Mar 10 2023 19:43:04	24150.8847656	403.849456787	323.711425781	232.942489624	177.430587769	133.267822266	106.68838501	84.9061965942	78.880645752	76.6073379517	80.6118774414	83.0497741699	88.099357605	93.9234771729	102.364959717	111.192855835	119.826148987	125.779502869	129.659378052	130.184371948	126.449378967	119.896331787	110.059463501	97.8126296997	84.9501037598	72.372253418	62.5103759766	55.9229850769	51.6809806824	49.7027282715	49.8329200745	52.0430221558	54.2762336731	58.2055435181	60.3888168335	59.9933662415	58.7450790405	0
Mar 10 2023 19:43:05	22651.4257813	659.749816895	522.858703613	364.840087891	267.073760986	199.586715698	160.516815186	126.673980713	113.082832336	105.082252502	107.731231689	110.037628174	117.461479187	125.07485199	136.500167847	147.469314575	159.163024902	165.737640381	172.119369507	172.568557739	167.815490723	158.510925293	145.552307129	129.264221191	112.728652954	96.59765625	83.9378662109	75.3680343628	69.8950271606	67.3133773804	67.6604614258	70.6474685669	73.4870834351	78.5067062378	81.2081756592	80.4341430664	78.1805343628	0
Mar 10 2023 19:43:06	23905.4804688	441.627685547	358.245147705	257.44644165	194.922271729	149.151382446	122.067825317	97.1922683716	88.2864074707	83.1560897827	86.0317459106	88.7776641846	95.3807449341	102.306777954	112.664138794	122.775688171	133.657897949	141.687911987	148.751174927	151.338302612	149.086303711	142.474502563	131.281936646	116.952606201	101.429779053	85.7533874512	73.0998916626	64.3695449829	58.3099365234	54.8458557129	54.143196106	55.5561637878	57.4302902222	60.9770812988	63.2913818359	62.6772842407	61.3043937683	0
Mar 10 2023 19:43:07	24635.9941406	533.560302734	420.427337646	287.277191162	198.845413208	137.997421265	104.626792908	82.9314651489	72.2218017578	64.0340881348	62.4435272217	61.4249038696	65.0126113892	69.5945892334	76.1650695801	82.1911773682	89.0947418213	93.0297317505	95.5173416138	95.4573287964	92.0935668945	87.263420105	81.1847305298	74.2620391846	66.5291976929	57.9041404724	50.7073554993	45.8508682251	42.841053009	41.643699646	42.0979156494	44.221206665	46.0506477356	49.5697441101	51.186706543	51.0433998108	49.6709289551	0
Mar 10 2023 19:43:08	25746.6308594	303.700775146	240.577728271	165.75579834	120.715583801	89.3171539307	68.8706741333	53.6339836121	48.7647895813	46.5479164124	48.7286491394	50.9051055908	53.9105682373	57.6173286438	62.7469024658	67.9837646484	72.6885223389	75.9907913208	77.8436126709	77.5468215942	74.8062438965	70.3773803711	64.626663208	58.2842559814	51.6082496643	44.6212425232	38.6914672852	34.693447113	32.2090644836	31.063829422	31.1348495483	32.4932899475	33.6925773621	35.8122711182	36.8712387085	36.4065132141	35.4398231506	0
Mar 10 2023 19:43:09	24717.0117188	289.248962402	235.786758423	167.049850464	124.430305481	97.2484130859	79.6680526733	66.1569900513	63.8870506287	65.5773239136	70.8929214478	75.7558746338	83.1141052246	91.1626205444	101.1769104	110.878822327	120.119644165	127.30745697	132.011459351	133.282669067	130.206253052	124.010818481	114.564048767	102.747001648	90.0613861084	77.0402755737	65.7719955444	57.5676383972	51.7119789124	48.2372665405	46.9802207947	47.7459030151	48.7586975098	51.0910720825	52.3200035095	51.1666145325	49.4617385864	0
Mar 10 2023 19:43:10	25591.8496094	147.904205322	115.611869812	80.4528427124	60.0290565491	49.4763374329	47.4417076111	44.2430686951	44.2286529541	45.2094802856	49.3194961548	54.866481781	61.8203849792	70.4906768799	80.1859741211	89.7810516357	99.7340393066	108.287826538	114.048019409	117.653915405	116.235069275	112.292930603	104.309043884	94.7334442139	83.8997802734	71.8944396973	60.7463264465	51.8476638794	44.9048614502	40.341758728	37.7062644958	36.961063385	36.5143165588	37.3126029968	37.5077400208	36.2134742737	34.4967765808	0
Mar 10 2023 19:43:11	19319.7675781	684.918395996	538.311340332	373.514801025	275.722625732	215.202301025	180.362243652	154.093322754	147.737976074	146.761032104	156.845184326	169.130905151	188.148956299	208.779571533	233.624145508	257.598175049	283.710113525	301.51739502	313.836364746	318.498382568	312.736206055	300.429901123	279.38571167	252.089370728	221.592849731	188.880096436	159.990951538	138.572723389	122.576919556	112.862373352	108.24446106	108.989219666	109.52570343	114.297172546	117.321899414	115.219245911	111.985588074	0
Mar 10 2023 19:43:12	23907.7011719	374.184204102	285.867919922	189.889205933	133.680923462	98.7489089966	79.1868057251	68.922744751	65.971244812	66.1215515137	69.2234725952	74.5144577026	83.5559005737	93.3166885376	103.735176086	113.550926208	123.344329834	130.5756073	134.459091187	134.529998779	130.52041626	124.161117554	115.194702148	105.377059937	94.4918518066	83.2235870361	72.7213516235	65.2772598267	59.8256378174	57.1136474609	56.4002532959	58.1887550354	59.4249649048	62.9627685547	63.9516296387	62.9875335693	60.7260780334	0
Mar 10 2023 19:43:13	21778.2714844	477.53414917	370.86907959	261.790618896	193.713409424	147.290298462	122.069252014	103.99974823	96.2696762085	92.9427261353	96.2807312012	102.196434021	111.532119751	122.23966217	136.204833984	151.044326782	166.455078125	178.29675293	187.803131104	191.849502563	190.24772644	183.553421021	171.184524536	154.920272827	137.321868896	119.090591431	104.240036011	93.5557479858	86.2245635986	82.619354248	81.9632415771	84.8835983276	87.3069992065	92.8694839478	95.0035324097	93.6794967651	90.0604400635	0
Mar 10 2023 19:43:14	22022.8496094	552.225891113	444.879638672	317.200042725	239.70954895	185.078857422	151.890975952	125.446617126	117.83215332	115.049964905	121.601898193	127.981445313	138.542816162	149.86517334	164.605712891	179.481658936	194.247268677	204.571868896	210.565658569	211.756973267	205.309524536	195.181884766	180.294036865	162.080581665	142.335037231	121.946075439	104.574150085	91.9308700562	83.1807250977	78.4932632446	77.0841064453	78.8298416138	80.8058319092	85.1939239502	87.8506469727	86.7581329346	84.7259902954	0
Mar 10 2023 19:43:15	23260.7851563	243.517303467	204.624465942	151.368835449	117.367370605	93.2385025024	82.7560501099	74.935874939	77.5204391479	82.2465286255	91.4504089355	101.238319397	115.315361023	129.895675659	147.609771729	165.83757019	185.049301147	202.801528931	216.187652588	225.187179565	226.429321289	221.081863403	207.305053711	186.669525146	162.529876709	135.923049927	111.74080658	93.5140991211	79.9580612183	70.7045974731	65.4658203125	64.0166168213	63.1345252991	64.9201049805	65.7297668457	64.2650756836	62.1907920837	0
Mar 10 2023 19:43:16	22513.7714844	469.693145752	360.612121582	233.459960938	163.455154419	132.427093506	113.376701355	96.0843276978	90.8100280762	89.3769073486	95.284828186	101.554946899	112.011413574	123.597320557	138.605804443	154.148803711	171.884689331	187.668487549	201.498779297	211.885391235	215.918609619	214.430923462	204.784240723	187.416992188	165.022506714	139.048049927	115.119102478	97.2861785889	84.5746002197	76.4165496826	72.1898727417	71.9112548828	72.1526412964	75.3497085571	76.9078140259	75.8668441772	73.7382736206	0
Mar 10 2023 19:43:17	23550.3496094	373.533691406	299.836578369	209.893249512	153.605056763	118.492515564	98.5870361328	85.2083282471	82.1563110352	82.2942581177	88.7521438599	96.2996520996	106.645332336	118.743606567	133.125854492	147.747161865	162.848983765	175.525939941	185.610610962	191.356384277	190.016189575	184.376434326	172.54069519	156.736190796	137.843307495	117.137504578	98.1498031616	83.794128418	73.0959854126	66.0852127075	62.284866333	61.7131843567	61.1891479492	62.8758964539	63.6648368835	61.9967651367	59.7081794739	0
Mar 10 2023 19:43:18	27297.4433594	133.580047607	106.941459656	68.9323196411	44.8378944397	31.8558425903	25.7879505157	20.5892677307	18.8749961853	18.0031337738	18.4346084595	18.5057868958	19.2397136688	20.2694721222	21.633354187	23.3526134491	24.8655471802	26.3492107391	27.1427955627	27.2480182648	26.3973827362	25.1614456177	23.5708808899	21.7919883728	19.9071025848	17.8219947815	15.7456111908	14.0215139389	12.8258876801	12.0018768311	11.8538570404	12.1166353226	12.541932106	13.1314983368	13.7305898666	13.4537677765	13.2447385788	0
Mar 10 2023 19:43:19	24460.4628906	372.025970459	287.514099121	198.791122437	139.592529297	103.352165222	81.4846801758	69.601524353	66.0043869019	66.8674240112	70.4633102417	74.3181915283	82.6206130981	91.461769104	102.166564941	112.626182556	122.624687195	131.329299927	134.997573853	136.019683838	131.10824585	123.941429138	113.61605072	102.520584106	90.1650619507	77.5397491455	66.095993042	58.1958961487	52.347618103	49.3316650391	48.1772003174	49.6254386902	50.5837287903	53.7683525085	54.8458404541	54.1167945862	52.2396659851	0
Mar 10 2023 19:43:20	25842.7597656	219.123794556	172.958404541	118.949028015	84.5701141357	63.1280670166	51.6482391357	44.7222213745	43.1716156006	44.7263259888	48.3420219421	52.5886192322	58.5138778687	65.3999786377	72.9300460815	79.8866882324	86.4076309204	91.0570068359	92.7485351563	91.8318405151	87.7208862305	82.264251709	74.9980697632	66.5340805054	58.0205993652	49.429523468	42.3728561401	37.2695465088	33.8223686218	31.957950592	31.5133361816	32.3272666931	33.0461921692	34.6462059021	35.2808303833	34.2461280823	32.6580162048	0
Mar 10 2023 19:43:21	25058.1855469	314.087860107	241.25177002	157.353881836	105.315940857	74.573425293	57.7186851501	47.3417663574	42.7974433899	39.8134651184	40.7001304626	43.6792984009	49.7932701111	56.8203201294	65.2400054932	73.1733856201	81.7654342651	88.9783859253	93.5423355103	97.3585128784	97.5343933105	95.5527267456	90.4816055298	83.2172851563	74.6565933228	65.2584381104	56.6384468079	50.3913192749	45.9192695618	43.659122467	42.9002189636	44.2099456787	44.9294319153	47.2044487	47.5972290039	46.1610527039	43.7932739258	0
Mar 10 2023 19:43:22	27192.8535156	134.250427246	104.681732178	71.1242828369	50.3284301758	37.4137687683	29.8143730164	23.8805618286	21.7947940826	21.3298664093	22.2328624725	22.7458705902	24.2752304077	26.4899101257	29.2363147736	32.1101951599	35.0198707581	37.1267089844	38.4553718567	38.6139450073	37.1798820496	34.5472869873	30.9730701447	27.1974163055	23.3535480499	19.6150150299	16.4095249176	14.1426305771	12.5775060654	11.768986702	11.5302619934	11.8223495483	12.1235237122	12.835729599	13.1552753448	12.9616193771	12.6494350433	0
Mar 10 2023 19:43:23	27088.6328125	115.276504517	91.3611831665	60.5722618103	43.2865753174	35.4239349365	30.5156497955	26.3032855988	25.0988903046	25.2850799561	26.9949550629	28.7245998383	30.9569149017	33.9383773804	37.1740608215	40.4078178406	43.2048416138	45.3744430542	46.4069786072	45.6417388916	43.6748428345	41.0575218201	37.7182350159	33.7367248535	29.3135242462	24.810546875	21.0568370819	18.2871303558	16.3875427246	15.2904081345	14.9702529907	15.2708206177	15.6354236603	16.4633369446	16.6418228149	16.1816692352	15.3441257477	0
Mar 10 2023 19:43:24	26543.6542969	133.649276733	111.29914856	81.3327713013	61.3171730042	46.9249839783	39.7961273193	34.1345710754	33.8371772766	35.1540107727	38.7698135376	42.3120231628	46.8391532898	51.8002738953	57.743396759	63.5545921326	69.3487319946	73.4485626221	76.3035583496	76.4242782593	74.4641723633	70.3450317383	64.0685577393	56.1977920532	47.852519989	39.5194740295	32.6868095398	27.8249530792	24.5511074066	22.4100952148	21.6090965271	21.7737445831	22.2551765442	23.2948894501	24.0594272614	23.6164073944	22.936876297	0
Mar 10 2023 19:43:25	23525.6601563	692.597351074	523.190429688	351.282806396	244.743133545	173.990982056	133.760223389	104.902359009	89.0070419312	80.8079452515	80.4757766724	81.6199645996	86.5278167725	92.7239303589	101.300682068	109.290130615	117.405647278	121.968292236	123.981994629	121.160919189	114.715591431	106.720550537	97.674911499	88.3738021851	79.246887207	70.0513458252	62.5874099731	57.6545677185	54.9396438599	54.4397659302	55.6756782532	59.2974014282	62.0633544922	67.2701339722	69.1679153442	69.0542984009	66.9088058472	0
Mar 10 2023 19:43:26	18898.8847656	922.697021484	718.336853027	488.561004639	349.406738281	251.448638916	191.765930176	150.904434204	136.237792969	129.564315796	133.329452515	137.521713257	146.673248291	158.185714722	172.195480347	187.278076172	200.854522705	210.487426758	214.228927612	212.871170044	204.958480835	194.801681519	181.913467407	166.69241333	150.115997314	133.289794922	119.689750671	111.422035217	106.756668091	106.789833069	109.470214844	116.054611206	120.414360046	128.23739624	131.372009277	130.003952026	126.609275818	0
Mar 10 2023 19:43:27	23971.8828125	314.095092773	239.292984009	160.82359314	109.599716187	78.6901168823	61.4276885986	48.5376434326	42.4295387268	39.6669921875	40.5721511841	42.1641349792	46.2578430176	51.0391349792	56.6083984375	62.3628082275	68.3573913574	72.9239120483	75.9158706665	77.9415588379	77.4920043945	76.5283737183	73.5789794922	69.3941040039	63.9018592834	58.1243286133	53.0133972168	49.9866638184	48.1188583374	48.3416557312	49.3355369568	52.4718971252	54.3062477112	57.852104187	59.0647392273	57.9111022949	55.7420883179	0
Mar 10 2023 19:43:28	28160.6230469	0.161627665162	0.468365728855	0.749911189079	0.877877771854	0.579212963581	0.391970604658	0.214587345719	0.368218451738	0.364146739244	0.422232598066	0.293651223183	0.385685771704	0.302608072758	0.368827909231	0.359210759401	0.309494823217	0.311028569937	0.292041629553	0.287245482206	0.262467503548	0.178034752607	0.154237776995	0.047251239419	0.00266887596808	0	0	0	0	0	0	0	0	0	0	0	0	0
Mar 10 2023 19:43:29	28166.9570313	1.07920777798	1.16646325588	0	0	0	0	0	0	0	0	0	0	0	0	0	0	0	0	0	0	0	0	0	0	0	0	0	0	0	0	0	0	0	0	0	0	975.51171875
Mar 10 2023 19:43:30	28161.8261719	0.867212116718	0.690708041191	0.626780390739	0.611386835575	0.390533924103	0.494847774506	0.25382065773	0.278194993734	0.272319614887	0.455348551273	0.298257261515	0.27476850152	0.198445305228	0.265719532967	0.225371062756	0.176893219352	0.167040660977	0.167371287942	0.130521327257	0.133066564798	0.146399646997	0.0970618873835	0.122739292681	0.106640011072	0.102530874312	0.0963179320097	0.0914946869016	0.0878093764186	0.0536903478205	0.0468665212393	0.0401323102415	0.0313410758972	0.026175737381	0.0465031862259	0.060736656189	0.076589345932	0
