Date-Time	0.00000000	0.00000000	0.00000000	0.00000000	0.00000000	0.00000000	0.00000000	0.00000000	0.00000000	0.00000000	0.00000000	0.00000000	0.00000000	0.00000000	0.00000000	0.00000000	0.00000000	0.00000000	0.00000000	0.00000000	0.00000000	0.00000000	0.00000000	0.00000000	0.00000000	0.00000000	0.00000000	0.00000000	0.00000000	0.00000000	0.00000000	0.00000000	0.00000000	0.00000000	0.00000000	0.00000000	0.00000000	0.00000000	0.00000000	0.00000000	0.00000000	0.00000000	0.00000000	0.00000000	0.00000000	0.00000000	0.00000000	0.00000000	0.00000000	0.00000000	0.00000000	0.00000000	0.00000000	0.00000000	0.00000000	0.00000000	0.00000000	0.00000000	0.00000000	0.00000000	0.00000000
Mar 10 2023 19:29:58	-	0	0	0	0	0	0	0	0	0	0	0	0	0	0	0	0	0	0	0	0	0	0	0	0	0	0	0	0	0	0	0	0	0	0	0	0	0	0	0	0	0	0	0	0	0	0	0	0	0	0	0	0	0	0	0	0	0	0	0	0
Date-Time	0.10000020	0.11659167	0.13593590	0.15848963	0.18478534	0.21544389	0.25118914	0.29286504	0.34145555	0.39810795	0.46415979	0.54117060	0.63095856	0.73564368	0.85769761	1.00000191	1.16591668	1.35935903	1.58489633	1.84785342	2.15443897	2.51189137	2.92865038	3.41455555	3.98107958	4.64159775	5.41170597	6.30958605	7.35643721	8.57697582	10.00002003	11.65916729	13.59359074	15.84896278	18.47853470	21.54438972	25.11891365	29.28650284	34.14555740	39.81079483	46.41598129	54.11705780	63.09585953	73.56436920	85.76976013	100.00019836	116.59166718	135.93591309	158.48962402	184.78533936	215.44389343	251.18913269	292.86502075	341.45556641	398.10794067	464.15979004	541.17059326	630.95855713	735.64367676	857.69757080	1000.00195313
Mar 10 2023 19:29:59	-	0.132603615522	0.26348143816	0.39090359211	0.513133406639	0.628423511982	0.735008835793	0.83109664917	0.914849460125	0.984361410141	1.03762245178	1.07246756554	1.08653104305	1.07727372646	1.04212784767	0.978959798813	0.887126386166	0.769462347031	0.635253190994	0.503494203091	0.404149949551	0.374662190676	0.451857835054	0.666484355927	1.04359912872	1.59338486195	2.29835987091	3.12293815613	4.00077342987	4.85267210007	5.59000253677	6.13612031937	6.43612289429	6.46916484833	6.24887132645	5.81325149536	5.21118736267	4.49137830734	3.69981312752	2.88628745079	2.11046409607	1.43887722492	0.93178910017	0.626171350479	0.521792471409	0.580870747566	0.737953484058	0.918494164944	1.05881810188	1.11920928955	1.08684170246	0.969844579697	0.785816431046	0.552482783794	0.285323441029	0	0	0	0	0	0
Mar 10 2023 19:30:00	-	0.12447540462	0.247174590826	0.36631539464	0.480105996132	0.586739242077	0.684382796288	0.771163880825	0.845146477222	0.904295325279	0.946425259113	0.969126701355	0.969696581364	0.945169687271	0.892508149147	0.809228718281	0.694848775864	0.553611218929	0.398556083441	0.255944550037	0.166847258806	0.182083696127	0.350857585669	0.713128507137	1.29977381229	2.11853885651	3.13545799255	4.28856277466	5.46874904633	6.54692935944	7.38165283203	7.85538053513	7.89364957809	7.48900556564	6.7050538063	5.65964746475	4.49669504166	3.35384869576	2.33631467819	1.50768244267	0.892899811268	0.488443493843	0.273773133755	0.217672809958	0.282001823187	0.422685772181	0.592750549316	0.748416304588	0.856346189976	0.897624731064	0.867600381374	0.772814571857	0.625716924667	0.439628958702	0.226873606443	0	0	0	0	0	0
Mar 10 2023 19:30:01	-	0.135124102235	0.268177360296	0.39708417654	0.51976120472	0.63411283493	0.738023340702	0.829345285892	0.905881166458	0.965357005596	1.00538444519	1.02340960503	1.01667821407	0.982309222221	0.917549312115	0.820473313332	0.691511809826	0.536231994629	0.36939907074	0.219273656607	0.128942281008	0.150941461325	0.33571985364	0.723997056484	1.34669184685	2.21006631851	3.27684688568	4.48052120209	5.70537471771	6.81475114822	7.65928268433	8.1150894165	8.10445594788	7.62171220779	6.73824548721	5.58505821228	4.32260990143	3.10526132584	2.05090785027	1.22816884518	0.657316982746	0.32119935751	0.180444732308	0.184987142682	0.283457756042	0.427288323641	0.574484169483	0.692971169949	0.76299893856	0.776882231236	0.736183524132	0.647992908955	0.521281659603	0.364918798208	0.187872081995	0	0	0	0	0	0
Mar 10 2023 19:30:02	-	0.129315316677	0.256848603487	0.380811154842	0.499403119087	0.610807240009	0.713177263737	0.804621100426	0.88317322731	0.946753740311	0.993107736111	1.0197147131	1.02369642258	1.00181996822	0.950644612312	0.867107510567	0.749931514263	0.602359890938	0.436333090067	0.277184635401	0.165673747659	0.15340949595	0.291603863239	0.623187601566	1.18323457241	1.98597764969	3.0047454834	4.18293190002	5.41440296173	6.56709289551	7.48910140991	8.04593849182	8.14105892181	7.74583148956	6.91147756577	5.75825834274	4.44952964783	3.15579843521	2.0185072422	1.12906801701	0.52357840538	0.190874248743	0.0881376415491	0.154190063477	0.323429763317	0.533700168133	0.732953548431	0.884024500847	0.966873466969	0.97701048851	0.920290291309	0.80705332756	0.647994816303	0.453147530556	0.233112201095	0	0	0	0	0	0
Mar 10 2023 19:30:03	-	0.139844819903	0.277684777975	0.411509722471	0.539300858974	0.659025728703	0.768629312515	0.866021215916	0.949054598808	1.01549601555	1.06298136711	1.08895468712	1.09061741829	1.06498479843	1.00911056995	0.920754849911	0.79986846447	0.651319146156	0.488875150681	0.339373618364	0.243860080838	0.252031236887	0.410804390907	0.75712954998	1.31812918186	2.09656476974	3.05487108231	4.1309671402	5.21993923187	6.20199918747	6.94984579086	7.36077880859	7.37347173691	6.98697710037	6.26150655746	5.30191993713	4.23304176331	3.17335391045	2.21541404724	1.42029333115	0.820147871971	0.4245005548	0.226386770606	0.204497128725	0.323722302914	0.536143183708	0.785679996014	1.01604986191	1.18060839176	1.25024986267	1.21622002125	1.08727180958	0.881897032261	0.620150268078	0.320180982351	0	0	0	0	0	0
Mar 10 2023 19:30:04	-	0	0	0	0	0	0	0	0	0	0	0	0	0	0	0	0	0	0	0	0	0	0	0	0	0	0	0	0	0	0	0	0	0	0	0	0	0	0	0	0	0	0	0	0	0	0	0	0	0	0	0	0	0	0	0	0	0	0	0	0
Mar 10 2023 19:30:05	-	0	0	0	0	0	0	0	0	0	0	0	0	0	0	0	0	0	0	0	0	0	0	0	0	0	0	0	0	0	0	0	0	0	0	0	0	0	0	0	0	0	0	0	0	0	0	0	0	0	0	0	0	0	0	0	0	0	0	0	0
Mar 10 2023 19:30:06	-	0	0	0	0	0	0	0	0	0	0	0	0	0	0	0	0	0	0	0	0	0	0	0	0	0	0	0	0	0	0	0	0	0	0	0	0	0	0	0	0	0	0	0	0	0	0	0	0	0	0	0	0	0	0	0	0	0	0	0	0
Mar 10 2023 19:30:07	-	0	0	0	0	0	0	0	0	0	0	0	0	0	0	0	0	0	0	0	0	0	0	0	0	0	0	0	0	0	0	0	0	0	0	0	0	0	0	0	0	0	0	0	0	0	0	0	0	0	0	0	0	0	0	0	0	0	0	0	0
Mar 10 2023 19:30:08	-	0.142125234008	0.282162576914	0.418021023273	0.547604560852	0.668809115887	0.779517948627	0.877593636513	0.960867226124	1.02712190151	1.07407093048	1.09933078289	1.10041296482	1.07480871677	1.02022957802	0.935208976269	0.82036781311	0.680663347244	0.528621137142	0.387693673372	0.293193995953	0.28789550066	0.412847697735	0.701429724693	1.17939484119	1.85333061218	2.69663929939	3.66144514084	4.66347360611	5.60396146774	6.3747177124	6.88454866409	7.07242250443	6.92349004745	6.47055673599	5.78167152405	4.94171714783	4.03396940231	3.12869334221	2.28296804428	1.54440975189	0.952734172344	0.536762773991	0.307917505503	0.254243612289	0.340113520622	0.511760473251	0.708054423332	0.872910320759	0.965286135674	0.965891897678	0.87771487236	0.718123197556	0.507523536682	0.262943595648	0	0	0	0	0	0
Mar 10 2023 19:30:09	-	0.116905964911	0.232558771968	0.345696032047	0.455040425062	0.559290707111	0.657106101513	0.747082471848	0.827713787556	0.897333562374	0.954025864601	0.995486319065	1.01885735989	1.02064096928	0.99670279026	0.942694187164	0.855268895626	0.734675586224	0.58894443512	0.438888788223	0.320836633444	0.283001840115	0.374830156565	0.639126241207	1.11306190491	1.81757152081	2.73731660843	3.82868313789	5.00175380707	6.1388502121	7.09780740738	7.74477624893	7.97201681137	7.72795152664	7.03403377533	5.98213815689	4.7177233696	3.41016387939	2.21638989449	1.25279068947	0.580044388771	0.202788278461	0.0819878727198	0.15044555068	0.333565950394	0.562397301197	0.781901061535	0.953726291656	1.0553882122	1.07813751698	1.0240881443	0.902669906616	0.726547956467	0.508691430092	0.26190456748	0	0	0	0	0	0
Mar 10 2023 19:30:10	-	0.15060429275	0.298953652382	0.442789822817	0.579849421978	0.707860410213	0.824537396431	0.927573263645	1.01462721825	1.08330786228	1.13114845753	1.15557706356	1.15390384197	1.12339878082	1.06152415276	0.966530382633	0.83872961998	0.682798743248	0.511172711849	0.347766429186	0.229512125254	0.202651888132	0.313689947128	0.602899491787	1.10451745987	1.83633136749	2.78171658516	3.89623117447	5.09030389786	6.24570083618	7.218998909	7.87390375137	8.09956645966	7.84178829193	7.12155342102	6.03331565857	4.72793483734	3.3815073967	2.15660810471	1.17243885994	0.489366412163	0.109240144491	0	0.0554549992085	0.230054304004	0.440320014954	0.631255030632	0.769343018532	0.841204702854	0.847851216793	0.797222554684	0.698831379414	0.561312019825	0.392688155174	0.202033057809	0	0	0	0	0	0
Mar 10 2023 19:30:11	-	0.0970695987344	0.19336207211	0.288089066744	0.380444139242	0.469591289759	0.554646492004	0.634647965431	0.708508729935	0.774944007397	0.832358956337	0.87867307663	0.911101222038	0.926003992558	0.918805301189	0.884334087372	0.81798517704	0.718355715275	0.591634631157	0.456997692585	0.349797636271	0.318160861731	0.412036210299	0.674930870533	1.14519560337	1.84574580193	2.76318669319	3.85548424721	5.0338807106	6.18133020401	7.15569353104	7.8231139183	8.07609081268	7.86385917664	7.20873260498	6.20185899734	4.98392105103	3.71386003494	2.53380632401	1.54594039917	0.804257690907	0.319536715746	0.0720895975828	0.0222788210958	0.121128469706	0.314218819141	0.545589745045	0.762755513191	0.923465192318	1.00155615807	0.988725543022	0.892180562019	0.728051364422	0.513988018036	0.265999764204	0	0	0	0	0	0
Mar 10 2023 19:30:12	-	0	0	0	0	0	0	0	0	0	0	0	0	0	0	0	0	0	0	0	0	0	0	0	0	0	0	0	0	0	0	0	0	0	0	0	0	0	0	0	0	0	0	0	0	0	0	0	0	0	0	0	0	0	0	0	0	0	0	0	0
Mar 10 2023 19:30:13	-	0	0	0	0	0	0	0	0	0	0	0	0	0	0	0	0	0	0	0	0	0	0	0	0	0	0	0	0	0	0	0	0	0	0	0	0	0	0	0	0	0	0	0	0	0	0	0	0	0	0	0	0	0	0	0	0	0	0	0	0
Mar 10 2023 19:30:14	-	0.141069531441	0.280365943909	0.41611135006	0.546520233154	0.669794917107	0.784117460251	0.887638032436	0.978455901146	1.05459141731	1.11394405365	1.15423226357	1.17293381691	1.16730093956	1.13449072838	1.0720256567	0.978876769543	0.857536971569	0.717169582844	0.577134847641	0.468517184258	0.430718719959	0.503069043159	0.718974173069	1.10639095306	1.67862844467	2.4199988842	3.29423856735	4.23068571091	5.14093875885	5.92146682739	6.4772195816	6.73344564438	6.65413808823	6.25001716614	5.57411289215	4.71025943756	3.75682067871	2.80994725227	1.95295357704	1.25057387352	0.74583530426	0.457718044519	0.377979844809	0.471856594086	0.682621717453	0.941373884678	1.18067669868	1.34752821922	1.41066122055	1.36184585094	1.21160769463	0.979983508587	0.688005685806	0.354890853167	0	0	0	0	0	0
Mar 10 2023 19:30:15	-	0	0	0	0	0	0	0	0	0	0	0	0	0	0	0	0	0	0	0	0	0	0	0	0	0	0	0	0	0	0	0	0	0	0	0	0	0	0	0	0	0	0	0	0	0	0	0	0	0	0	0	0	0	0	0	0	0	0	0	0
Mar 10 2023 19:30:16	-	0	0	0	0	0	0	0	0	0	0	0	0	0	0	0	0	0	0	0	0	0	0	0	0	0	0	0	0	0	0	0	0	0	0	0	0	0	0	0	0	0	0	0	0	0	0	0	0	0	0	0	0	0	0	0	0	0	0	0	0
Mar 10 2023 19:30:17	-	0.152110621333	0.302329063416	0.448757886887	0.589491188526	0.722609162331	0.846170067787	0.958196163177	1.05665338039	1.13942027092	1.20424211025	1.24866509438	1.26997578144	1.26522803307	1.23141050339	1.16600096226	1.06824028492	0.941528379917	0.796985089779	0.657278418541	0.55789077282	0.542505979538	0.652998328209	0.922949969769	1.37796533108	2.02358055115	2.83103966713	3.75132513046	4.70005941391	5.58196306229	6.29592227936	6.76019573212	6.92400789261	6.77998828888	6.36202526093	5.73131990433	4.95866584778	4.10894393921	3.23452734947	2.38003444672	1.58967614174	0.910010755062	0.385134994984	0.046190187335	0	0	0	5.97777686831e-17	4.4113756303e-05	1.55364513397	1.97112798691	0.000980330281891	3.18841203439e-10	1.00802580125e-20	2.98967027364e-39	0	0	0	0	0	0
Mar 10 2023 19:30:18	-	0	0	0	0	0	0	0	0	0	0	0	0	0	0	0	0	0	0	0	0	0	0	0	0	0	0	0	0	0	0	0	0	0	0	0	0	0	0	0	0	0	0	0	0	0	0	0	0	0	0	0	0	0	0	0	0	0	0	0	0
Mar 10 2023 19:30:19	-	0.113357461989	0.225438892841	0.334960699081	0.440627247095	0.541122972965	0.635100364685	0.721160113811	0.797820210457	0.863468110561	0.916289627552	0.954158782959	0.974510967731	0.974290370941	0.949994027615	0.898092806339	0.816166579723	0.705242335796	0.573489546776	0.440517127514	0.33948969841	0.313496053219	0.405899256468	0.653509497643	1.08740544319	1.72291624546	2.54328727722	3.50908327103	4.54290914536	5.54833841324	6.41337919235	7.03715085983	7.34311246872	7.29855823517	6.92100286484	6.26987218857	5.42986822128	4.49091339111	3.53215885162	2.6177573204	1.80007719994	1.12324607372	0.621773183346	0.313139468431	0.190312236547	0.219884350896	0.347554326057	0.510643601418	0.653199970722	0.73674249649	0.744775235653	0.680767476559	0.559385299683	0.396648615599	0.205922529101	0	0	0	0	0	0
Mar 10 2023 19:30:20	-	0	0	0	0	0	0	0	0	0	0	0	0	0	0	0	0	0	0	0	0	0	0	0	0	0	0	0	0	0	0	0	0	0	0	0	0	0	0	0	0	0	0	0	0	0	0	0	0	0	0	0	0	0	0	0	0	0	0	0	0
Mar 10 2023 19:30:21	-	0.155078202486	0.308061361313	0.456851571798	0.599346280098	0.733435750008	0.856998205185	0.967893183231	1.06395101547	1.14295756817	1.20263361931	1.24060857296	1.25440979004	1.24153149128	1.1996383667	1.12708449364	1.0240149498	0.894337058067	0.748574495316	0.60687494278	0.499949872494	0.46538105607	0.5396707654	0.753041148186	1.12966656685	1.67824864388	2.38002967834	3.19888305664	4.06882333755	4.91201257706	5.64180040359	6.18292188644	6.48066425323	6.51263618469	6.28970623016	5.84734678268	5.23353385925	4.49787855148	3.68754577637	2.8517575264	2.04719901085	1.33652019501	0.778326928616	0.412640810013	0.247339487076	0.255065500736	0.379729807377	0.551893591881	0.706880092621	0.799108743668	0.808722496033	0.739319205284	0.607339978218	0.43057602644	0.223547518253	0	0	0	0	0	0
Mar 10 2023 19:30:22	-	0	0	0	0	0	0	0	0	0	0	0	0	0	0	0	0	0	0	0	0	0	0	0	0	0	0	0	0	0	0	0	0	0	0	0	0	0	0	0	0	0	0	0	0	0	0	0	0	0	0	0	0	0	0	0	0	0	0	0	0
Mar 10 2023 19:30:23	-	0.147779807448	0.294024765491	0.437193185091	0.575732052326	0.708070278168	0.832607388496	0.94769513607	1.0516089201	1.14250445366	1.21835064888	1.27682828903	1.3152102232	1.33030569553	1.31848752499	1.27604901791	1.20019412041	1.09109640121	0.955170869827	0.808894813061	0.680718839169	0.607912778854	0.628108859062	0.773391842842	1.07124638557	1.53633153439	2.15723991394	2.90524601936	3.72195053101	4.5348610878	5.25855588913	5.81353187561	6.1348490715	6.18617200851	5.96563386917	5.50273323059	4.85026073456	4.07316112518	3.23835086823	2.41087508202	1.65429222584	1.02981710434	0.589997529984	0.366382598877	0.357389807701	0.523883879185	0.795204937458	1.08567845821	1.31670534611	1.43479502201	1.41997659206	1.28183233738	1.04550182819	0.737787663937	0.381806403399	0	0	0	0	0	0
Mar 10 2023 19:30:24	-	0	0	0	0	0	0	0	0	0	0	0	0	0	0	0	0	0	0	0	0	0	0	0	0	0	0	0	0	0	0	0	0	0	0	0	0	0	0	0	0	0	0	0	0	0	0	0	0	0	0	0	0	0	0	0	0	0	0	0	0
Mar 10 2023 19:30:25	-	0	0	0	0	0	0	0	0	0	0	0	0	0	0	0	0	0	0	0	0	0	0	0	0	0	0	0	0	0	0	0	0	0	0	0	0	0	0	0	0	0	0	0	0	0	0	0	0	0	0	0	0	0	0	0	0	0	0	0	0
Mar 10 2023 19:30:26	-	0	0	0	0	0	0	0	0	0	0	0	0	0	0	0	0	0	0	0	0	0	0	0	0	0	0	0	0	0	0	0	0	0	0	0	0	0	0	0	0	0	0	0	0	0	0	0	0	0	0	0	0	0	0	0	0	0	0	0	0
Mar 10 2023 19:30:27	-	0.147299468517	0.292755305767	0.434518933296	0.570734083652	0.69953161478	0.819021940231	0.927282512188	1.02233839035	1.10213398933	1.16449022293	1.20704364777	1.22718942165	1.22210371494	1.18889558315	1.12511026859	1.02989518642	0.906199395657	0.764060616493	0.62417525053	0.519178271294	0.489579647779	0.574682354927	0.806615233421	1.21073698997	1.79506742954	2.53693437576	3.39462685585	4.29342269897	5.14600038528	5.85601043701	6.34068250656	6.54143714905	6.43755960464	6.04826831818	5.42421388626	4.63483428955	3.75542926788	2.85866975784	2.01300859451	1.28204679489	0.720595002174	0.366888701916	0.23304708302	0.298804402351	0.513365268707	0.804556250572	1.09419715405	1.31492543221	1.42278921604	1.4024361372	1.26354861259	1.02956104279	0.726006388664	0.375495195389	0	0	0	0	0	0
Mar 10 2023 19:30:28	-	0.132559671998	0.26349490881	0.391175270081	0.513960719109	0.630195736885	0.738199412823	0.83625036478	0.922563135624	0.995252072811	1.05227911472	1.09137666225	1.10997188091	1.1052031517	1.07407808304	1.01403832436	0.924285769463	0.808297395706	0.677578747272	0.555690705776	0.479540556669	0.494410187006	0.643314063549	0.960192203522	1.47020304203	2.176612854	3.04607534409	4.02389621735	5.01781368256	5.92422389984	6.63407373428	7.06003761292	7.14959812164	6.89931297302	6.35362243652	5.59053087234	4.70193815231	3.77418589592	2.87591362	2.05804157257	1.35878384113	0.807447373867	0.423418670893	0.210888013244	0.153901070356	0.217103794217	0.351930826902	0.506430327892	0.635440051556	0.70777797699	0.710243940353	0.646560311317	0.530069768429	0.375343024731	0.194685667753	0	0	0	0	0	0
Mar 10 2023 19:30:29	-	0.170527353883	0.338434368372	0.501100182533	0.655903220177	0.80022084713	0.931429028511	1.04690170288	1.14401125908	1.22013044357	1.27263855934	1.29894077778	1.29652476311	1.26310944557	1.19696807861	1.0975703001	0.966800749302	0.810952603817	0.643413960934	0.48721665144	0.375255614519	0.345900475979	0.43495157361	0.670793116093	1.07414793968	1.64715516567	2.36262202263	3.17656850815	4.01547050476	4.79778814316	5.439057827	5.87336158752	6.06320285797	6.00832796097	5.74074602127	5.30948877335	4.7632317543	4.13829183578	3.45941257477	2.75276780128	2.0589621067	1.43570995331	0.946643948555	0.641605377197	0.535157799721	0.599943459034	0.773844778538	0.978962123394	1.14455521107	1.22324860096	1.19692718983	1.07271707058	0.870886743069	0.612826347351	0.316672116518	0	0	0	0	0	0
Mar 10 2023 19:30:30	-	0.151899531484	0.301208227873	0.44533470273	0.581686556339	0.707670331001	0.820690214634	0.918148458004	0.997444987297	1.0559797287	1.09116017818	1.10042417049	1.08130776882	1.0316246748	0.949855625629	0.835923671722	0.692666172981	0.528243899345	0.359387099743	0.214469149709	0.133744329214	0.163959622383	0.348479032516	0.72120821476	1.30595588684	2.10216498375	3.07017683983	4.14607143402	5.22442054749	6.18594503403	6.90597009659	7.28713560104	7.27647304535	6.88332557678	6.17759990692	5.26985168457	4.28325176239	3.32562708855	2.47165441513	1.76234352589	1.21338391304	0.825494229794	0.591289937496	0.496091425419	0.515742242336	0.615815579891	0.754203498363	0.887247622013	0.978348314762	1.00451028347	0.958451747894	0.84622746706	0.680926382542	0.476460576057	0.245335608721	0	0	0	0	0	0
Mar 10 2023 19:30:31	-	0	0	0	0	0	0	0	0	0	0	0	0	0	0	0	0	0	0	0	0	0	0	0	0	0	0	0	0	0	0	0	0	0	0	0	0	0	0	0	0	0	0	0	0	0	0	0	0	0	0	0	0	0	0	0	0	0	0	0	0
Mar 10 2023 19:30:32	-	0	0	0	0	0	0	0	0	0	0	0	0	0	0	0	0	0	0	0	0	0	0	0	0	0	0	0	0	0	0	0	0	0	0	0	0	0	0	0	0	0	0	0	0	0	0	0	0	0	0	0	0	0	0	0	0	0	0	0	0
Mar 10 2023 19:30:33	-	0	0	0	0	0	0	0	0	0	0	0	0	0	0	0	0	0	0	0	0	0	0	0	0	0	0	0	0	0	0	0	0	0	0	0	0	0	0	0	0	0	0	0	0	0	0	0	0	0	0	0	0	0	0	0	0	0	0	0	0
Mar 10 2023 19:30:34	-	0.116302199662	0.231177687645	0.343192666769	0.450901925564	0.55284178257	0.647518455982	0.733389914036	0.808836340904	0.872117400169	0.921304821968	0.954183757305	0.968140184879	0.9601303339	0.926760494709	0.864755928516	0.772167742252	0.650799453259	0.509999215603	0.371028661728	0.269160300493	0.249876454473	0.358911633492	0.635168612003	1.11140418053	1.80356144905	2.69314408302	3.73632264137	4.84723615646	5.91716146469	6.81827831268	7.43359041214	7.67271661758	7.49650907516	6.92819738388	6.0474114418	4.97318267822	3.83904314041	2.76661586761	1.84872376919	1.14220440388	0.668302953243	0.417478322983	0.353928267956	0.424475461245	0.567894279957	0.726013422012	0.85361301899	0.924063444138	0.928718149662	0.871567249298	0.762333393097	0.611103177071	0.426988124847	0.219574227929	0	0	0	0	0	0
Mar 10 2023 19:30:35	-	0	0	0	0	0	0	0	0	0	0	0	0	0	0	0	0	0	0	0	0	0	0	0	0	0	0	0	0	0	0	0	0	0	0	0	0	0	0	0	0	0	0	0	0	0	0	0	0	0	0	0	0	0	0	0	0	0	0	0	0
Mar 10 2023 19:30:36	-	0.119802646339	0.238382995129	0.354508817196	0.466931760311	0.57437735796	0.675528585911	0.768999636173	0.853294312954	0.92674267292	0.98740363121	1.03291451931	1.06031036377	1.06592357159	1.04537761211	0.994018256664	0.908177375793	0.787873864174	0.641155004501	0.489206850529	0.368944764137	0.328820884228	0.417491108179	0.675804197788	1.13781905174	1.81901097298	2.69730710983	3.72426247597	4.80711698532	5.83119058609	6.66469430923	7.19105386734	7.32612609863	7.04340553284	6.38355255127	5.44493579865	4.36160802841	3.27319431305	2.29540061951	1.50451672077	0.935630500317	0.59036052227	0.447674006224	0.47003942728	0.609365224838	0.81101256609	1.02021276951	1.18989288807	1.28752911091	1.29791820049	1.22150468826	1.06942427158	0.856754481792	0.598072528839	0.307422697544	0	0	0	0	0	0
Mar 10 2023 19:30:37	-	0.145546317101	0.288933902979	0.428000658751	0.560578942299	0.684492230415	0.797550022602	0.897539198399	0.982211649418	1.04926621914	1.09632349014	1.12089514732	1.12037038803	1.09209930897	1.0336368084	0.943365216255	0.821815431118	0.674031794071	0.512997865677	0.363247364759	0.261988580227	0.254638642073	0.385184258223	0.689757943153	1.19663643837	1.91411936283	2.81449770927	3.84538888931	4.91302108765	5.90475797653	6.69496965408	7.17611217499	7.27528429031	6.97623634338	6.32521295547	5.41883707047	4.38177394867	3.33953285217	2.39464211464	1.61599779129	1.03820323944	0.667106568813	0.487342208624	0.466996997595	0.562664270401	0.723544478416	0.897513985634	1.03925204277	1.11822509766	1.12192082405	1.05237269402	0.919671654701	0.736141145229	0.51362657547	0.263926923275	0	0	0	0	0	0
Mar 10 2023 19:30:38	-	0	0	0	0	0	0	0	0	0	0	0	0	0	0	0	0	0	0	0	0	0	0	0	0	0	0	0	0	0	0	0	0	0	0	0	0	0	0	0	0	0	0	0	0	0	0	0	0	0	0	0	0	0	0	0	0	0	0	0	0
Mar 10 2023 19:30:39	-	0.143784582615	0.285736203194	0.424015581608	0.556773245335	0.682143330574	0.798232972622	0.903106689453	0.994760274887	1.07108306885	1.12980043888	1.16838979721	1.18399214745	1.17341136932	1.13324308395	1.0604031086	0.953407227993	0.814861238003	0.655267894268	0.497298747301	0.377622693777	0.342704564333	0.438579022884	0.703796446323	1.16996622086	1.85028982162	2.72245955467	3.73935890198	4.81221961975	5.83175325394	6.67240905762	7.22218132019	7.39826631546	7.17011070251	6.56838655472	5.67715454102	4.61558294296	3.51277375221	2.48236823082	1.6074590683	0.935503661633	0.48166680336	0.236821591854	0.17332996428	0.251157462597	0.421403199434	0.631266593933	0.830124139786	0.976376891136	1.04291462898	1.02029716969	0.915317356586	0.744014441967	0.523916840553	0.270746022463	0	0	0	0	0	0
Mar 10 2023 19:30:40	-	0	0	0	0	0	0	0	0	0	0	0	0	0	0	0	0	0	0	0	0	0	0	0	0	0	0	0	0	0	0	0	0	0	0	0	0	0	0	0	0	0	0	0	0	0	0	0	0	0	0	0	0	0	0	0	0	0	0	0	0
Mar 10 2023 19:30:41	-	0.132479444146	0.262781828642	0.388726502657	0.508126974106	0.618787705898	0.718498051167	0.805023789406	0.876094222069	0.929382622242	0.962481081486	0.97286772728	0.957895040512	0.914880633354	0.841372489929	0.735821783543	0.599009752274	0.436610668898	0.26292860508	0.104908540845	0.00357563700527	0.00952013395727	0.172608748078	0.534843146801	1.13035273552	1.97269380093	3.03558540344	4.26239156723	5.54674053192	6.75431251526	7.72911977768	8.33114719391	8.45754623413	8.07416915894	7.22926235199	6.04352760315	4.68434333801	3.32921743393	2.12831115723	1.18182575703	0.532698810101	0.172511443496	0.0559296905994	0.114908508956	0.275960981846	0.471817195415	0.650259613991	0.778512716293	0.842930734158	0.844178259373	0.790274977684	0.690699756145	0.553714513779	0.38692009449	0.198920741677	0	0	0	0	0	0
Mar 10 2023 19:30:42	-	0	0	0	0	0	0	0	0	0	0	0	0	0	0	0	0	0	0	0	0	0	0	0	0	0	0	0	0	0	0	0	0	0	0	0	0	0	0	0	0	0	0	0	0	0	0	0	0	0	0	0	0	0	0	0	0	0	0	0	0
Mar 10 2023 19:30:43	-	0	0	0	0	0	0	0	0	0	0	0	0	0	0	0	0	0	0	0	0	0	0	0	0	0	0	0	0	0	0	0	0	0	0	0	0	0	0	0	0	0	0	0	0	0	0	0	0	0	0	0	0	0	0	0	0	0	0	0	0
Mar 10 2023 19:30:44	-	0	0	0	0	0	0	0	0	0	0	0	0	0	0	0	0	0	0	0	0	0	0	0	0	0	0	0	0	0	0	0	0	0	0	0	0	0	0	0	0	0	0	0	0	0	0	0	0	0	0	0	0	0	0	0	0	0	0	0	0
Mar 10 2023 19:30:45	-	0.110696360469	0.220089271665	0.326868802309	0.429714530706	0.527288973331	0.618227243423	0.70111978054	0.774485707283	0.836732983589	0.886096596718	0.920546531677	0.937682390213	0.934700489044	0.908455550671	0.855871319771	0.775009810925	0.667239189148	0.540636777878	0.413934141397	0.318458467722	0.294813930988	0.38402363658	0.621210455894	1.0363227129	1.64494752884	2.43277573586	3.36354899406	4.36447048187	5.34257888794	6.18738651276	6.79590845108	7.08524751663	7.01307725906	6.587433815	5.86340856552	4.93211984634	3.90390205383	2.88935256004	1.98479747772	1.26213753223	0.762974798679	0.497518420219	0.445780664682	0.563858509064	0.790848135948	1.0579366684	1.29951858521	1.46366167068	1.51940250397	1.45887506008	1.29339075089	1.04384100437	0.731859505177	0.377215832472	0	0	0	0	0	0
Mar 10 2023 19:30:46	-	0.0948075950146	0.188379615545	0.279473990202	0.366837978363	0.449201792479	0.525267899036	0.593693912029	0.653066158295	0.701859295368	0.738375842571	0.760655522346	0.76637673378	0.752837479115	0.717052936554	0.656233549118	0.568986654282	0.457705914974	0.332284927368	0.214387521148	0.139497697353	0.153215289116	0.301507264376	0.623696327209	1.15303492546	1.90610313416	2.86471629143	3.98407387733	5.17564630508	6.32553768158	7.29837179184	7.9685344696	8.23680782318	8.05712890625	7.44991874695	6.49732255936	5.3264374733	4.08324098587	2.90346932411	1.89205169678	1.11229848862	0.584695279598	0.2936013937	0.196173116565	0.236338049173	0.355501741171	0.501219630241	0.632373690605	0.721236526966	0.753501713276	0.726627707481	0.646685779095	0.523724496365	0.368170380592	0.19005459547	0	0	0	0	0	0
Mar 10 2023 19:30:47	-	0	0	0	0	0	0	0	0	0	0	0	0	0	0	0	0	0	0	0	0	0	0	0	0	0	0	0	0	0	0	0	0	0	0	0	0	0	0	0	0	0	0	0	0	0	0	0	0	0	0	0	0	0	0	0	0	0	0	0	0
Mar 10 2023 19:30:48	-	0	0	0	0	0	0	0	0	0	0	0	0	0	0	0	0	0	0	0	0	0	0	0	0	0	0	0	0	0	0	0	0	0	0	0	0	0	0	0	0	0	0	0	0	0	0	0	0	0	0	0	0	0	0	0	0	0	0	0	0
Mar 10 2023 19:30:49	-	0	0	0	0	0	0	0	0	0	0	0	0	0	0	0	0	0	0	0	0	0	0	0	0	0	0	0	0	0	0	0	0	0	0	0	0	0	0	0	0	0	0	0	0	0	0	0	0	0	0	0	0	0	0	0	0	0	0	0	0
Mar 10 2023 19:30:50	-	0.106445387006	0.211518585682	0.313839584589	0.412015765905	0.504633784294	0.590247035027	0.667355179787	0.734371483326	0.789574325085	0.831032991409	0.856495261192	0.863259375095	0.848130583763	0.807491123676	0.737787246704	0.63680934906	0.506304681301	0.356111198664	0.209019243717	0.103326819837	0.0891118049622	0.21760892868	0.533296346664	1.07460677624	1.86276292801	2.88050675392	4.07929992676	5.36007404327	6.59229660034	7.61870908737	8.29287528992	8.50029373169	8.19268417358	7.40592575073	6.25392103195	4.90486526489	3.54360604286	2.32960987091	1.3691290617	0.70551943779	0.326833188534	0.184376463294	0.20995645225	0.334369540215	0.496373742819	0.648425996304	0.759461641312	0.815039038658	0.813669085503	0.760797321796	0.664253473282	0.531887531281	0.371275544167	0.190797746181	0	0	0	0	0	0
Mar 10 2023 19:30:51	-	0.0858376547694	0.170951738954	0.254609793425	0.336064994335	0.414547145367	0.489247977734	0.55929762125	0.623727142811	0.681411027908	0.73097884655	0.770676791668	0.798196256161	0.81056112051	0.80407422781	0.77461117506	0.718587696552	0.635129332542	0.529676020145	0.418416589499	0.330948680639	0.307587116957	0.390477031469	0.61683100462	1.02007162571	1.62184381485	2.41484713554	3.36845993996	4.41411113739	5.4591383934	6.3884100914	7.09013175964	7.4690489769	7.47006845474	7.09167337418	6.38464546204	5.44096803665	4.37506866455	3.30230045319	2.32326555252	1.51436078548	0.922648310661	0.564027428627	0.422506034374	0.455624699593	0.602660059929	0.796013057232	0.974375486374	1.09348940849	1.13074958324	1.08265483379	0.958632946014	0.773574769497	0.542515397072	0.279667139053	0	0	0	0	0	0
Mar 10 2023 19:30:52	-	0.107446245849	0.213464841247	0.316621392965	0.415470600128	0.508549511433	0.594366669655	0.67138427496	0.737991273403	0.792461514473	0.832891941071	0.85710901022	0.862568616867	0.846338272095	0.805202424526	0.73616528511	0.637708067894	0.512286901474	0.370217174292	0.234152168036	0.141268417239	0.139463365078	0.277198433876	0.596114873886	1.13160252571	1.90175282955	2.88789057732	4.04248714447	5.27094507217	6.45051574707	7.43469142914	8.08758926392	8.30295658112	8.03475189209	7.31271886826	6.23676872253	4.9564704895	3.63903784752	2.43374276161	1.44775879383	0.735802054405	0.302949279547	0.116782411933	0.120247274637	0.24799439311	0.436610817909	0.632170557976	0.794352293015	0.897767007351	0.930775165558	0.892967641354	0.792174041271	0.64021140337	0.449367195368	0.231717154384	0	0	0	0	0	0
Mar 10 2023 19:30:53	-	0	0	0	0	0	0	0	0	0	0	0	0	0	0	0	0	0	0	0	0	0	0	0	0	0	0	0	0	0	0	0	0	0	0	0	0	0	0	0	0	0	0	0	0	0	0	0	0	0	0	0	0	0	0	0	0	0	0	0	0
Mar 10 2023 19:30:54	-	0	0	0	0	0	0	0	0	0	0	0	0	0	0	0	0	0	0	0	0	0	0	0	0	0	0	0	0	0	0	0	0	0	0	0	0	0	0	0	0	0	0	0	0	0	0	0	0	0	0	0	0	0	0	0	0	0	0	0	0
Mar 10 2023 19:30:55	-	0	0	0	0	0	0	0	0	0	0	0	0	0	0	0	0	0	0	0	0	0	0	0	0	0	0	0	0	0	0	0	0	0	0	0	0	0	0	0	0	0	0	0	0	0	0	0	0	0	0	0	0	0	0	0	0	0	0	0	0
Mar 10 2023 19:30:56	-	0.132903635502	0.264040112495	0.391636103392	0.513908267021	0.629057049751	0.735256493092	0.830638587475	0.913267672062	0.981103181839	1.03194260597	1.06333863735	1.07250916958	1.05633270741	1.01146483421	0.934840619564	0.82490581274	0.684036076069	0.522276103497	0.361628651619	0.238115429878	0.198088213801	0.288479655981	0.54977697134	1.01664972305	1.70757579803	2.60662865639	3.67112755775	4.81453847885	5.92406463623	6.86407327652	7.50743532181	7.75285053253	7.55331945419	6.93130064011	5.97443056107	4.81726026535	3.61183929443	2.49469947815	1.5648124218	0.875132441521	0.436342924833	0.22787514329	0.207413390279	0.32214781642	0.51510733366	0.731008291245	0.921515107155	1.05056107044	1.0977396965	1.05861783028	0.941643238068	0.761814773083	0.534962654114	0.275965034962	0	0	0	0	0	0
Mar 10 2023 19:30:57	-	0	0	0	0	0	0	0	0	0	0	0	0	0	0	0	0	0	0	0	0	0	0	0	0	0	0	0	0	0	0	0	0	0	0	0	0	0	0	0	0	0	0	0	0	0	0	0	0	0	0	0	0	0	0	0	0	0	0	0	0
Mar 10 2023 19:30:58	-	0.119716241956	0.238132447004	0.353939771652	0.465815097094	0.572412133217	0.672346949577	0.764174580574	0.846352458	0.917184054852	0.974732935429	1.01669001579	1.04021441936	1.04184758663	1.01751434803	0.962920129299	0.874704003334	0.752902507782	0.604931712151	0.450348585844	0.323457419872	0.269873440266	0.336416006088	0.563660562038	0.986947655678	1.62644159794	2.46827483177	3.47194385529	4.55324268341	5.60142755508	6.48235845566	7.06976270676	7.26265001297	7.01455307007	6.34994077682	5.36129713058	4.19174003601	3.0050368309	1.949629426	1.13196849823	0.603874623775	0.364616036415	0.3736538589	0.5641015172	0.86009812355	1.18764042854	1.48319959641	1.69948935509	1.80840694904	1.80055558681	1.68108570576	1.4645242691	1.16931557655	0.814163804054	0.417783528566	0	0	0	0	0	0
Mar 10 2023 19:30:59	-	0.0987722426653	0.196655139327	0.292748361826	0.386133700609	0.475863933563	0.560944616795	0.640304684639	0.712749898434	0.77689152956	0.831035256386	0.873008847237	0.89994508028	0.908133864403	0.892936825752	0.849117815495	0.771977722645	0.659942030907	0.518892705441	0.367538541555	0.240701898932	0.18619915843	0.254211485386	0.489108741283	0.930807948112	1.60522532463	2.50310635567	3.58604192734	4.76852560043	5.93439674377	6.93970775604	7.64649581909	7.94144964218	7.7682466507	7.14593982697	6.1656870842	4.97136688232	3.72744059563	2.58238768578	1.64365744591	0.967128932476	0.55970954895	0.390961617231	0.404991567135	0.536329388618	0.720802426338	0.903984069824	1.04570508003	1.12164592743	1.12273406982	1.05178463459	0.918604314327	0.735079467297	0.512785673141	0.26345705986	0	0	0	0	0	0
Mar 10 2023 19:31:00	-	0.130127742887	0.258433133364	0.383088111877	0.502255260944	0.614082098007	0.716691851616	0.808168768883	0.886535167694	0.949717760086	0.99549728632	1.0214369297	1.0248144865	1.00265300274	0.951903104782	0.870052278042	0.756530344486	0.615371704102	0.45921882987	0.313742727041	0.219413220882	0.226885542274	0.386099845171	0.738755226135	1.31861114502	2.13860154152	3.17169380188	4.3617143631	5.6040263176	6.76808595657	7.70287942886	8.27262687683	8.37679576874	7.98047018051	7.12846088409	5.93745946884	4.5725812912	3.21177053452	2.00686597824	1.05829286575	0.406374275684	0.0386190414429	0	0	0.0268279351294	0.171540632844	0.393689751625	0.619506537914	0.78225928545	0.843000531197	0.795128405094	0.658574581146	0.468080878258	0.264032930136	0.089964389801	0	0	0	0	0	0
Mar 10 2023 19:31:01	-	0.118763037026	0.236039400101	0.350334137678	0.460138976574	0.56392377615	0.660123288631	0.747115373611	0.823186814785	0.886481881142	0.934924304485	0.966097950935	0.97711288929	0.964559793472	0.924584448338	0.853403687477	0.748654305935	0.612138271332	0.45414096117	0.298452675343	0.184869214892	0.165016785264	0.291078925133	0.607631504536	1.15236735344	1.94395875931	2.96097135544	4.15109777451	5.41144609451	6.60993671417	7.59039354324	8.21005058289	8.36059379578	8.00111961365	7.17415571213	5.99793624878	4.64155817032	3.28723859787	2.08954262733	1.14965283871	0.50746101141	0.149850144982	0.0288083795458	0.0778666958213	0.229570671916	0.424328625202	0.615321218967	0.769132614136	0.865056931973	0.893851101398	0.855879843235	0.758460342884	0.612487733364	0.429653286934	0.221467643976	0	0	0	0	0	0
Mar 10 2023 19:31:02	-	0.095901504159	0.190875843167	0.283985674381	0.374277204275	0.460769742727	0.542439222336	0.618190705776	0.686815798283	0.746926903725	0.796855509281	0.834494352341	0.857100844383	0.861169397831	0.842371582985	0.795897364616	0.717568457127	0.606330692768	0.46838259697	0.322233617306	0.201687708497	0.152660116553	0.222935706377	0.454448252916	0.884547710419	1.53658473492	2.40029883385	3.43833184242	4.56913757324	5.68317747116	6.64559602737	7.32733392715	7.62200212479	7.47520017624	6.90125370026	5.9810833931	4.84627246857	3.65155005455	2.54198312759	1.62842011452	0.974758088589	0.596833825111	0.470551252365	0.541574478149	0.740689456463	0.995560467243	1.24116849899	1.4277741909	1.52482628822	1.52143549919	1.42205059528	1.23988139629	0.990821421146	0.69048178196	0.354522973299	0	0	0	0	0	0
Mar 10 2023 19:31:03	-	0	0	0	0	0	0	0	0	0	0	0	0	0	0	0	0	0	0	0	0	0	0	0	0	0	0	0	0	0	0	0	0	0	0	0	0	0	0	0	0	0	0	0	0	0	0	0	0	0	0	0	0	0	0	0	0	0	0	0	0
Mar 10 2023 19:31:04	-	0	0	0	0	0	0	0	0	0	0	0	0	0	0	0	0	0	0	0	0	0	0	0	0	0	0	0	0	0	0	0	0	0	0	0	0	0	0	0	0	0	0	0	0	0	0	0	0	0	0	0	0	0	0	0	0	0	0	0	0
Mar 10 2023 19:31:05	-	0	0	0	0	0	0	0	0	0	0	0	0	0	0	0	0	0	0	0	0	0	0	0	0	0	0	0	0	0	0	0	0	0	0	0	0	0	0	0	0	0	0	0	0	0	0	0	0	0	0	0	0	0	0	0	0	0	0	0	0
Mar 10 2023 19:31:06	-	0	0	0	0	0	0	0	0	0	0	0	0	0	0	0	0	0	0	0	0	0	0	0	0	0	0	0	0	0	0	0	0	0	0	0	0	0	0	0	0	0	0	0	0	0	0	0	0	0	0	0	0	0	0	0	0	0	0	0	0
Mar 10 2023 19:31:07	-	0	0	0	0	0	0	0	0	0	0	0	0	0	0	0	0	0	0	0	0	0	0	0	0	0	0	0	0	0	0	0	0	0	0	0	0	0	0	0	0	0	0	0	0	0	0	0	0	0	0	0	0	0	0	0	0	0	0	0	0
Mar 10 2023 19:31:08	-	0.103897958994	0.206635892391	0.307045906782	0.403947472572	0.49613955617	0.582387566566	0.661403059959	0.731810629368	0.792098522186	0.840542018414	0.875085949898	0.893203377724	0.891819894314	0.867316663265	0.815887391567	0.734577059746	0.62350922823	0.489515721798	0.350556254387	0.238337039948	0.195599392056	0.267201960087	0.493244171143	0.910100877285	1.54232561588	2.38425779343	3.40424919128	4.52886152267	5.65544843674	6.65366649628	7.39426517487	7.76497507095	7.70025157928	7.20067167282	6.33424425125	5.22362232208	4.02037525177	2.87193346024	1.89514136314	1.16114675999	0.69254475832	0.470829933882	0.446531444788	0.555160045624	0.728844404221	0.906892776489	1.04393076897	1.1142064333	1.11018431187	1.03638958931	0.903196334839	0.722006082535	0.503422260284	0.258562445641	0	0	0	0	0	0
Mar 10 2023 19:31:09	-	0.0941034629941	0.187169969082	0.278155446053	0.36600419879	0.449641853571	0.527963519096	0.599814891815	0.663963258266	0.719051837921	0.763531565666	0.795556485653	0.812862277031	0.812713325024	0.791941046715	0.747335672379	0.676714420319	0.581134319305	0.468415021896	0.357289344072	0.279577434063	0.276986658573	0.392087161541	0.661735773087	1.11789608002	1.77856719494	2.63119125366	3.63959670067	4.72867441177	5.79965543747	6.73221635818	7.41090488434	7.73898458481	7.66273450851	7.18562507629	6.367623806	5.31402587891	4.15500354767	3.02026152611	2.0189807415	1.22723042965	0.682671248913	0.385645240545	0.302885323763	0.378347545862	0.544552922249	0.735081017017	0.896191954613	0.99435031414	1.01677072048	0.965741574764	0.85134768486	0.685652971268	0.480378031731	0.247450754046	0	0	0	0	0	0
Mar 10 2023 19:31:10	-	0	0	0	0	0	0	0	0	0	0	0	0	0	0	0	0	0	0	0	0	0	0	0	0	0	0	0	0	0	0	0	0	0	0	0	0	0	0	0	0	0	0	0	0	0	0	0	0	0	0	0	0	0	0	0	0	0	0	0	0
Mar 10 2023 19:31:11	-	0	0	0	0	0	0	0	0	0	0	0	0	0	0	0	0	0	0	0	0	0	0	0	0	0	0	0	0	0	0	0	0	0	0	0	0	0	0	0	0	0	0	0	0	0	0	0	0	0	0	0	0	0	0	0	0	0	0	0	0
Mar 10 2023 19:31:12	-	0	0	0	0	0	0	0	0	0	0	0	0	0	0	0	0	0	0	0	0	0	0	0	0	0	0	0	0	0	0	0	0	0	0	0	0	0	0	0	0	0	0	0	0	0	0	0	0	0	0	0	0	0	0	0	0	0	0	0	0
Mar 10 2023 19:31:13	-	0	0	0	0	0	0	0	0	0	0	0	0	0	0	0	0	0	0	0	0	0	0	0	0	0	0	0	0	0	0	0	0	0	0	0	0	0	0	0	0	0	0	0	0	0	0	0	0	0	0	0	0	0	0	0	0	0	0	0	0
Mar 10 2023 19:31:14	-	0	0	0	0	0	0	0	0	0	0	0	0	0	0	0	0	0	0	0	0	0	0	0	0	0	0	0	0	0	0	0	0	0	0	0	0	0	0	0	0	0	0	0	0	0	0	0	0	0	0	0	0	0	0	0	0	0	0	0	0
Mar 10 2023 19:31:15	-	0	0	0	0	0	0	0	0	0	0	0	0	0	0	0	0	0	0	0	0	0	0	0	0	0	0	0	0	0	0	0	0	0	0	0	0	0	0	0	0	0	0	0	0	0	0	0	0	0	0	0	0	0	0	0	0	0	0	0	0
Mar 10 2023 19:31:16	-	0	0	0	0	0	0	0	0	0	0	0	0	0	0	0	0	0	0	0	0	0	0	0	0	0	0	0	0	0	0	0	0	0	0	0	0	0	0	0	0	0	0	0	0	0	0	0	0	0	0	0	0	0	0	0	0	0	0	0	0
Mar 10 2023 19:31:17	-	0	0	0	0	0	0	0	0	0	0	0	0	0	0	0	0	0	0	0	0	0	0	0	0	0	0	0	0	0	0	0	0	0	0	0	0	0	0	0	0	0	0	0	0	0	0	0	0	0	0	0	0	0	0	0	0	0	0	0	0
Mar 10 2023 19:31:18	-	0	0	0	0	0	0	0	0	0	0	0	0	0	0	0	0	0	0	0	0	0	0	0	0	0	0	0	0	0	0	0	0	0	0	0	0	0	0	0	0	0	0	0	0	0	0	0	0	0	0	0	0	0	0	0	0	0	0	0	0
Mar 10 2023 19:31:19	-	0	0	0	0	0	0	0	0	0	0	0	0	0	0	0	0	0	0	0	0	0	0	0	0	0	0	0	0	0	0	0	0	0	0	0	0	0	0	0	0	0	0	0	0	0	0	0	0	0	0	0	0	0	0	0	0	0	0	0	0
Mar 10 2023 19:31:20	-	0	0	0	0	0	0	0	0	0	0	0	0	0	0	0	0	0	0	0	0	0	0	0	0	0	0	0	0	0	0	0	0	0	0	0	0	0	0	0	0	0	0	0	0	0	0	0	0	0	0	0	0	0	0	0	0	0	0	0	0
Mar 10 2023 19:31:21	-	0	0	0	0	0	0	0	0	0	0	0	0	0	0	0	0	0	0	0	0	0	0	0	0	0	0	0	0	0	0	0	0	0	0	0	0	0	0	0	0	0	0	0	0	0	0	0	0	0	0	0	0	0	0	0	0	0	0	0	0
Mar 10 2023 19:31:22	-	0	0	0	0	0	0	0	0	0	0	0	0	0	0	0	0	0	0	0	0	0	0	0	0	0	0	0	0	0	0	0	0	0	0	0	0	0	0	0	0	0	0	0	0	0	0	0	0	0	0	0	0	0	0	0	0	0	0	0	0
Mar 10 2023 19:31:23	-	0	0	0	0	0	0	0	0	0	0	0	0	0	0	0	0	0	0	0	0	0	0	0	0	0	0	0	0	0	0	0	0	0	0	0	0	0	0	0	0	0	0	0	0	0	0	0	0	0	0	0	0	0	0	0	0	0	0	0	0
Mar 10 2023 19:31:24	-	0	0	0	0	0	0	0	0	0	0	0	0	0	0	0	0	0	0	0	0	0	0	0	0	0	0	0	0	0	0	0	0	0	0	0	0	0	0	0	0	0	0	0	0	0	0	0	0	0	0	0	0	0	0	0	0	0	0	0	0
Mar 10 2023 19:31:25	-	0.106518469751	0.212044104934	0.315574288368	0.416090816259	0.512549817562	0.603865861893	0.688886106014	0.766349315643	0.834822833538	0.892605662346	0.937576293945	0.967003703117	0.977418780327	0.964546382427	0.923608243465	0.85034686327	0.74334782362	0.607924938202	0.460944652557	0.33381575346	0.269794166088	0.314567863941	0.508989810944	0.890423834324	1.48472428322	2.28747200966	3.26859903336	4.35656452179	5.45127153397	6.42519378662	7.15145397186	7.51900529861	7.46148204803	6.97627496719	6.12653064728	5.0300579071	3.83590388298	2.69331288338	1.7254306078	1.01197254658	0.582228302956	0.418557405472	0.465144276619	0.646348118782	0.883022129536	1.10662662983	1.26874041557	1.34408867359	1.32858943939	1.23202598095	1.06897330284	0.852489769459	0.593664467335	0.304635226727	0	0	0	0	0	0
Mar 10 2023 19:31:26	-	0.0850619524717	0.169551327825	0.25288361311	0.334455102682	0.413630634546	0.489723920822	0.561965703964	0.629453241825	0.691071867943	0.745373904705	0.790387392044	0.823370754719	0.840626657009	0.837354719639	0.807902514935	0.746795356274	0.651218950748	0.525293946266	0.38552454114	0.264409899712	0.207897484303	0.265251219273	0.48098769784	0.896508157253	1.54200339317	2.41527438164	3.48545765877	4.67580080032	5.87633609772	6.94484424591	7.73825740814	8.13005924225	8.04413318634	7.47813081741	6.50688695908	5.26961088181	3.94123601913	2.69343113899	1.66141188145	0.92347741127	0.495881825686	0.342211842537	0.38899192214	0.550835430622	0.748779058456	0.922967612743	1.03778982162	1.07987463474	1.05224323273	0.966082036495	0.833150207996	0.66214966774	0.460171639919	0.235818579793	0	0	0	0	0	0
Mar 10 2023 19:31:27	-	0.099331125617	0.197558388114	0.293568968773	0.386235386133	0.474406629801	0.556893348694	0.632443904877	0.69970703125	0.757174789906	0.803094744682	0.83533513546	0.85122358799	0.847461938858	0.820133566856	0.765120506287	0.679307997227	0.563152551651	0.424847990274	0.285350203514	0.181246563792	0.161407276988	0.276562482119	0.571387052536	1.08551669121	1.84344756603	2.83339452744	4.01308917999	5.291056633	6.54276895523	7.61358356476	8.35382080078	8.63862514496	8.40324306488	7.66492795944	6.52236652374	5.13740730286	3.70058107376	2.38790678978	1.32761108875	0.583356082439	0.155474856496	0	0.030719878152	0.176898524165	0.364340394735	0.540634334087	0.673852562904	0.74961835146	0.765922546387	0.727480351925	0.641915559769	0.517590105534	0.362921595573	0.186987355351	0	0	0	0	0	0
Mar 10 2023 19:31:28	-	0.0950183048844	0.189197912812	0.281691253185	0.371636301279	0.45814755559	0.540301501751	0.617112576962	0.68749588728	0.750209271908	0.803764462471	0.846287488937	0.875345170498	0.88782787323	0.879887461662	0.847216904163	0.785990595818	0.694998264313	0.579208672047	0.45418971777	0.348830580711	0.30283176899	0.358039408922	0.55178719759	0.91814237833	1.4805161953	2.23473477364	3.15379834175	4.17359876633	5.20503377914	6.13468408585	6.84928512573	7.24841356277	7.26894664764	6.90097236633	6.18956232071	5.22624874115	4.13142681122	3.03178071976	2.04155707359	1.24906504154	0.70758420229	0.431522160769	0.396200746298	0.546144247055	0.806367695332	1.09655284882	1.34615027905	1.50576293468	1.55142045021	1.4815223217	1.30961883068	1.05562901497	0.739693880081	0.381058037281	0	0	0	0	0	0
Mar 10 2023 19:31:29	-	0	0	0	0	0	0	0	0	0	0	0	0	0	0	0	0	0	0	0	0	0	0	0	0	0	0	0	0	0	0	0	0	0	0	0	0	0	0	0	0	0	0	0	0	0	0	0	0	0	0	0	0	0	0	0	0	0	0	0	0
Mar 10 2023 19:31:30	-	0	0	0	0	0	0	0	0	0	0	0	0	0	0	0	0	0	0	0	0	0	0	0	0	0	0	0	0	0	0	0	0	0	0	0	0	0	0	0	0	0	0	0	0	0	0	0	0	0	0	0	0	0	0	0	0	0	0	0	0
Mar 10 2023 19:31:31	-	0	0	0	0	0	0	0	0	0	0	0	0	0	0	0	0	0	0	0	0	0	0	0	0	0	0	0	0	0	0	0	0	0	0	0	0	0	0	0	0	0	0	0	0	0	0	0	0	0	0	0	0	0	0	0	0	0	0	0	0
Mar 10 2023 19:31:32	-	0	0	0	0	0	0	0	0	0	0	0	0	0	0	0	0	0	0	0	0	0	0	0	0	0	0	0	0	0	0	0	0	0	0	0	0	0	0	0	0	0	0	0	0	0	0	0	0	0	0	0	0	0	0	0	0	0	0	0	0
Mar 10 2023 19:31:33	-	0.104643262923	0.208016768098	0.30884423852	0.405839145184	0.497697860003	0.583089351654	0.660638213158	0.728898227215	0.786311626434	0.83114773035	0.861409962177	0.874726831913	0.868310809135	0.839000940323	0.783638298512	0.700068771839	0.589216113091	0.458382576704	0.325170308352	0.21962594986	0.181445717812	0.25167798996	0.466536253691	0.858238458633	1.44705069065	2.22514772415	3.16167998314	4.18830537796	5.21183776855	6.11572742462	6.78547239304	7.12231254578	7.06844425201	6.62310123444	5.84371232986	4.83625411987	3.73550367355	2.67879056931	1.78295743465	1.12762534618	0.746438026428	0.627790272236	0.721332609653	0.953994691372	1.24517643452	1.52060103416	1.72323644161	1.8193808794	1.79940736294	1.67123222351	1.4510705471	1.15655124187	0.80461037159	0.412666857243	0	0	0	0	0	0
Mar 10 2023 19:31:34	-	0.0976844206452	0.19443051517	0.289288371801	0.3812892735	0.469433933496	0.552673339844	0.62987780571	0.69978839159	0.760941445827	0.811553180218	0.84933924675	0.871291220188	0.873531103134	0.851244747639	0.799073576927	0.7123914361	0.590161383152	0.439670205116	0.282339274883	0.157173320651	0.117141529918	0.217406362295	0.506342053413	1.02683019638	1.80510091782	2.82715010643	4.04557418823	5.35900115967	6.63092803955	7.69379901886	8.38864707947	8.58781433105	8.23361778259	7.36062765121	6.09173250198	4.61387395859	3.13678336143	1.84464156628	0.861784517765	0.238288760185	0	0	0.101923629642	0.361255019903	0.656282186508	0.918993234634	1.10625350475	1.19903707504	1.19701433182	1.11094796658	0.955997288227	0.747857689857	0.502903699875	0.241272330284	0	0	0	0	0	0
Mar 10 2023 19:31:35	-	0	0	0	0	0	0	0	0	0	0	0	0	0	0	0	0	0	0	0	0	0	0	0	0	0	0	0	0	0	0	0	0	0	0	0	0	0	0	0	0	0	0	0	0	0	0	0	0	0	0	0	0	0	0	0	0	0	0	0	0
Mar 10 2023 19:31:36	-	0	0	0	0	0	0	0	0	0	0	0	0	0	0	0	0	0	0	0	0	0	0	0	0	0	0	0	0	0	0	0	0	0	0	0	0	0	0	0	0	0	0	0	0	0	0	0	0	0	0	0	0	0	0	0	0	0	0	0	0
Mar 10 2023 19:31:37	-	0.0875159054995	0.17426687479	0.259478151798	0.342359125614	0.422093272209	0.49782204628	0.568618535995	0.633446037769	0.691094040871	0.740079045296	0.778489291668	0.803788304329	0.8126745224	0.800988733768	0.76397818327	0.697255134583	0.599033713341	0.473938196898	0.337841033936	0.221085846424	0.166302010417	0.21947452426	0.422739893198	0.815851032734	1.4292974472	2.26487803459	3.2978310585	4.46115112305	5.65519809723	6.74764442444	7.6014547348	8.09021282196	8.12985992432	7.7020778656	6.86018562317	5.72063446045	4.43976449966	3.17985343933	2.07850241661	1.22811949253	0.667490363121	0.384970068932	0.327588886023	0.420873761177	0.586080014706	0.755313396454	0.881868302822	0.943282961845	0.937111198902	0.871901392937	0.758761048317	0.606779456139	0.423486620188	0.217614561319	0	0	0	0	0	0
Mar 10 2023 19:31:38	-	0.1046987921	0.208080485463	0.308821260929	0.405586332083	0.497023195028	0.581750690937	0.658341050148	0.725292265415	0.780985713005	0.823621630669	0.851121664047	0.861015439034	0.850396871567	0.815971672535	0.754453480244	0.663628518581	0.544558763504	0.405117809772	0.264249950647	0.154447734356	0.119057461619	0.203561872244	0.44879847765	0.891816735268	1.55771625042	2.44083499908	3.50836968422	4.68429613113	5.86186599731	6.90543222427	7.68056869507	8.07052135468	8.00674057007	7.48854446411	6.58417844772	5.4181432724	4.14597511292	2.92165184021	1.87062323093	1.07270419598	0.556594312191	0.305537581444	0.267663031816	0.374135762453	0.553313851357	0.742450416088	0.895417869091	0.985493421555	1.00316119194	0.950772047043	0.837162792683	0.673543453217	0.471472233534	0.242719143629	0	0	0	0	0	0
Mar 10 2023 19:31:39	-	0	0	0	0	0	0	0	0	0	0	0	0	0	0	0	0	0	0	0	0	0	0	0	0	0	0	0	0	0	0	0	0	0	0	0	0	0	0	0	0	0	0	0	0	0	0	0	0	0	0	0	0	0	0	0	0	0	0	0	0
Mar 10 2023 19:31:40	-	0	0	0	0	0	0	0	0	0	0	0	0	0	0	0	0	0	0	0	0	0	0	0	0	0	0	0	0	0	0	0	0	0	0	0	0	0	0	0	0	0	0	0	0	0	0	0	0	0	0	0	0	0	0	0	0	0	0	0	0
Mar 10 2023 19:31:41	-	0.14254117012	0.283079534769	0.419608592987	0.55011588335	0.672579526901	0.784961998463	0.885201156139	0.971196234226	1.04078650475	1.09172189236	1.12162160873	1.12794232368	1.10802578926	1.05927407742	0.979655444622	0.868826746941	0.730220258236	0.57417589426	0.421456187963	0.304851680994	0.26602679491	0.347367763519	0.586058557034	1.01450181007	1.65159702301	2.48662877083	3.48454761505	4.57075595856	5.64427137375	6.57951450348	7.25334978104	7.5602388382	7.44003820419	6.89630126953	5.99786567688	4.86725711823	3.65617537498	2.51287102699	1.555123806	0.85415148735	0.430760711432	0.262155503035	0.292248547077	0.44952699542	0.661392807961	0.866386294365	1.02154290676	1.10379183292	1.10741961002	1.03835844994	0.907771766186	0.727286458015	0.507848918438	0.261034786701	0	0	0	0	0	0
Mar 10 2023 19:31:42	-	0.0743895620108	0.14848716557	0.221987858415	0.294565469027	0.365859389305	0.435452908278	0.502838134766	0.567360401154	0.628132164478	0.683899343014	0.732829868793	0.772241175175	0.798387050629	0.806278169155	0.789920806885	0.743376135826	0.663359284401	0.553735852242	0.431252509356	0.32928866148	0.295045167208	0.378756314516	0.625215291977	1.07544922829	1.75776851177	2.66603279114	3.76494050026	4.97211837769	6.17303657532	7.22250270844	7.97705554962	8.31277275085	8.1589756012	7.52078437805	6.48141336441	5.1876783371	3.81908273697	2.54694080353	1.50166594982	0.755311131477	0.320379137993	0.161143213511	0.207751750946	0.377785563469	0.591800868511	0.786076009274	0.920506298542	0.979826390743	0.967658698559	0.896253705025	0.777882516384	0.62121796608	0.433147937059	0.222381085157	0	0	0	0	0	0
Mar 10 2023 19:31:43	-	0.0890500918031	0.177331149578	0.264065176249	0.348459661007	0.42969840765	0.506926834583	0.579227864742	0.645584583282	0.70482134819	0.755514979362	0.795854330063	0.823466658592	0.835302472115	0.827579557896	0.796077311039	0.737110495567	0.649723470211	0.539348423481	0.422338664532	0.32875970006	0.299805134535	0.378860533237	0.604566812515	1.01196432114	1.62456262112	2.43615794182	3.41553688049	4.4911942482	5.56443023682	6.51077699661	7.2076125145	7.5490064621	7.473508358	6.98210096359	6.13949584961	5.0625743866	3.89673185349	2.78499770164	1.84262955189	1.1417812109	0.707360327244	0.522662818432	0.538247644901	0.687446653843	0.898167312145	1.10419726372	1.25561392307	1.32515716553	1.30742263794	1.21111369133	1.05001878738	0.836829066277	0.582439959049	0.298798233271	0	0	0	0	0	0
Mar 10 2023 19:31:44	-	0.147281050682	0.292598247528	0.433984220028	0.569465756416	0.697060644627	0.814771473408	0.920577228069	1.01241922379	1.08818054199	1.14565730095	1.18251681328	1.19626402855	1.18427824974	1.14396572113	1.07321250439	0.971406400204	0.841351807117	0.692169487476	0.542592167854	0.422564476728	0.370505809784	0.425899833441	0.623820662498	0.995437979698	1.56050086021	2.3124256134	3.22253036499	4.22638082504	5.23486185074	6.13496398926	6.81342411041	7.1696267128	7.14054346085	6.71805763245	5.95210599899	4.94280290604	3.8213353157	2.72310328484	1.76400649548	1.02408766747	0.540220797062	0.308005571365	0.288074463606	0.420315146446	0.636097848415	0.869468986988	1.06626343727	1.18995666504	1.22347068787	1.16662800312	1.03051042557	0.830506324768	0.581950008869	0.299793481827	0	0	0	0	0	0
Mar 10 2023 19:31:45	-	0.107056103647	0.213275596499	0.317812085152	0.419803380966	0.518361508846	0.612556695938	0.701390981674	0.783757388592	0.85837572813	0.923694550991	0.977736890316	1.0179053545	1.04084539413	1.04235756397	1.01766645908	0.962380409241	0.874706745148	0.759176373482	0.631272673607	0.520272552967	0.466585576534	0.512672185898	0.696154117584	1.05118870735	1.60079038143	2.33991384506	3.24118590355	4.24053144455	5.2501168251	6.15861654282	6.85472202301	7.23909139633	7.24797391891	6.86932897568	6.14609003067	5.16964912415	4.06309223175	2.95693588257	1.96681129932	1.17717981339	0.63300549984	0.339966118336	0.268962264061	0.36794167757	0.57192915678	0.812997400761	1.03023505211	1.17833077908	1.23276865482	1.18917798996	1.05791044235	0.856083989143	0.601365864277	0.310289770365	0	0	0	0	0	0
Mar 10 2023 19:31:46	-	0.134785309434	0.267634004354	0.396605014801	0.519750118256	0.635109603405	0.740704894066	0.834527730942	0.91452229023	0.978559553623	1.02440011501	1.04964017868	1.051664114	1.0276799202	0.974884808064	0.890985608101	0.775387585163	0.631442546844	0.469868570566	0.312646597624	0.19491520524	0.161706313491	0.25910833478	0.527676105499	1.00283646584	1.70537865162	2.62293124199	3.71507263184	4.89638614655	6.05130147934	7.03726482391	7.71729421616	7.97860765457	7.76496601105	7.096139431	6.06601667404	4.82418489456	3.54314184189	2.37896871567	1.44272089005	0.787459135056	0.411322772503	0.27250868082	0.305555909872	0.441052436829	0.61613714695	0.780999779701	0.901993989944	0.961852610111	0.956967651844	0.892416775227	0.777325868607	0.62129253149	0.433195233345	0.222480416298	0	0	0	0	0	0
Mar 10 2023 19:31:47	-	0	0	0	0	0	0	0	0	0	0	0	0	0	0	0	0	0	0	0	0	0	0	0	0	0	0	0	0	0	0	0	0	0	0	0	0	0	0	0	0	0	0	0	0	0	0	0	0	0	0	0	0	0	0	0	0	0	0	0	0
Mar 10 2023 19:31:48	-	0	0	0	0	0	0	0	0	0	0	0	0	0	0	0	0	0	0	0	0	0	0	0	0	0	0	0	0	0	0	0	0	0	0	0	0	0	0	0	0	0	0	0	0	0	0	0	0	0	0	0	0	0	0	0	0	0	0	0	0
Mar 10 2023 19:31:49	-	0.109603114426	0.217862918973	0.323429107666	0.424940407276	0.521017313004	0.610250711441	0.691184520721	0.762286305428	0.821905136108	0.868205547333	0.899068832397	0.911980390549	0.903991043568	0.871778011322	0.812072396278	0.722784936428	0.605301439762	0.468117892742	0.331115990877	0.227822318673	0.202173784375	0.299265176058	0.558518111706	1.01448321342	1.68758094311	2.56626677513	3.61317610741	4.74883365631	5.86666345596	6.83535194397	7.52809619904	7.83862924576	7.70954942703	7.14959812164	6.23311805725	5.08604288101	3.85963511467	2.69783473015	1.71235835552	0.969874024391	0.491542935371	0.261503726244	0.236236914992	0.358074367046	0.563604354858	0.791203796864	0.988264858723	1.11763751507	1.16034591198	1.11399233341	0.988260626793	0.798426091671	0.560257136822	0.288869827986	0	0	0	0	0	0
Mar 10 2023 19:31:50	-	0.10114569217	0.201582029462	0.300589948893	0.397434741259	0.491356164217	0.58155220747	0.667153537273	0.747182130814	0.820487618446	0.885649204254	0.940820455551	0.983531653881	1.01054215431	1.01772999763	1.00031197071	0.95371234417	0.87562417984	0.769532859325	0.649160385132	0.541321277618	0.483650296926	0.516178548336	0.674821913242	0.992824614048	1.49413967133	2.17739462852	3.02046871185	3.9672896862	4.93862724304	5.83152198792	6.54046154022	6.96816444397	7.04823064804	6.76161050797	6.14119052887	5.26679992676	4.25014019012	3.21231079102	2.2632226944	1.48690879345	0.933388352394	0.616540133953	0.514963686466	0.58077532053	0.749883174896	0.954123616219	1.1335092783	1.24588048458	1.27076148987	1.20624029636	1.06232655048	0.854163885117	0.597522616386	0.307532221079	0	0	0	0	0	0
Mar 10 2023 19:31:51	-	0.127169266343	0.253051400185	0.376350283623	0.495755165815	0.609931766987	0.717507302761	0.817046701908	0.907015264034	0.98572063446	1.05122518539	1.10120880604	1.13280415535	1.14250206947	1.12613832951	1.07927334309	0.998323500156	0.883011698723	0.740370869637	0.58960801363	0.464935928583	0.412453114986	0.480196297169	0.710577905178	1.14150059223	1.79709792137	2.66807937622	3.71778559685	4.86518907547	6.00026130676	6.98565912247	7.68715238571	7.99020242691	7.8304977417	7.21373796463	6.21707344055	4.97598934174	3.65663290024	2.41878604889	1.38544404507	0.625787258148	0.153921857476	0	0	0.00786868203431	0.120699696243	0.34644934535	0.614047288895	0.835320174694	0.942987084389	0.91177290678	0.760490894318	0.536193966866	0.295486062765	0.0957200676203	0	0	0	0	0	0
Mar 10 2023 19:31:52	-	0.108292244375	0.215611979365	0.320978105068	0.423395544291	0.521846592426	0.615276515484	0.702570676804	0.782518267632	0.853755950928	0.914681613445	0.963318049908	0.99714332819	1.01297092438	1.00687909126	0.974459290504	0.91169410944	0.816980659962	0.694562256336	0.558880329132	0.437473326921	0.369021356106	0.395325481892	0.554828882217	0.883966863155	1.41112935543	2.13926553726	3.04781317711	4.07878875732	5.14503955841	6.12934207916	6.90831851959	7.36544942856	7.41961526871	7.04770374298	6.29248905182	5.25752210617	4.08729887009	2.9355328083	1.93471944332	1.17451262474	0.692025542259	0.474676340818	0.46988633275	0.605595827103	0.806982696056	1.00933003426	1.1656011343	1.24848473072	1.24848890305	1.16896271706	1.02059745789	0.816460967064	0.569426774979	0.292520105839	0	0	0	0	0	0
Mar 10 2023 19:31:53	-	0.0921944826841	0.183746218681	0.274002373219	0.362293690443	0.44792419672	0.530154526234	0.608174800873	0.68106174469	0.747712135315	0.806740641594	0.856318116188	0.893966495991	0.916407227516	0.919452607632	0.898249149323	0.848210155964	0.767217695713	0.659378945827	0.539771139622	0.437514334917	0.393398284912	0.45090302825	0.649140238762	1.02425658703	1.6021194458	2.3800599575	3.33082485199	4.38749361038	5.45483398438	6.40948057175	7.12610340118	7.49173021317	7.43481683731	6.9466085434	6.08646297455	4.97323703766	3.76158046722	2.60721230507	1.63634252548	0.92690885067	0.503942906857	0.347232162952	0.4023001194	0.598004102707	0.85867524147	1.11513924599	1.31388533115	1.42288243771	1.43158817291	1.3451346159	1.1770772934	0.94316470623	0.658503711224	0.338465601206	0	0	0	0	0	0
Mar 10 2023 19:31:54	-	0	0	0	0	0	0	0	0	0	0	0	0	0	0	0	0	0	0	0	0	0	0	0	0	0	0	0	0	0	0	0	0	0	0	0	0	0	0	0	0	0	0	0	0	0	0	0	0	0	0	0	0	0	0	0	0	0	0	0	0
Mar 10 2023 19:31:55	-	0	0	0	0	0	0	0	0	0	0	0	0	0	0	0	0	0	0	0	0	0	0	0	0	0	0	0	0	0	0	0	0	0	0	0	0	0	0	0	0	0	0	0	0	0	0	0	0	0	0	0	0	0	0	0	0	0	0	0	0
Mar 10 2023 19:31:56	-	0.106152184308	0.211290717125	0.314393430948	0.414424628019	0.510326147079	0.601003527641	0.685303747654	0.761979043484	0.82963180542	0.886630058289	0.930973410606	0.960125505924	0.970896601677	0.959371864796	0.921154022217	0.852222561836	0.750921368599	0.621342360973	0.477641761303	0.346976667643	0.267715096474	0.281633853912	0.427526056767	0.742598414421	1.25689685345	1.97590327263	2.88161993027	3.91890716553	5.00266027451	6.01669692993	6.83735609055	7.34621191025	7.45854616165	7.14599847794	6.44470834732	5.45089817047	4.30250597	3.14958620071	2.12574219704	1.32735157013	0.80257666111	0.550900042057	0.528535425663	0.664957165718	0.879129469395	1.09588050842	1.25950527191	1.3396769762	1.32938098907	1.23662304878	1.07520794868	0.858463346958	0.598213851452	0.307113468647	0	0	0	0	0	0
Mar 10 2023 19:31:57	-	0.0829278752208	0.165619403124	0.247825309634	0.329275488853	0.409665852785	0.488636791706	0.565738558769	0.640376150608	0.711723446846	0.778590023518	0.839208424091	0.890956282616	0.930123567581	0.951689124107	0.949468016624	0.916991829872	0.849814891815	0.749617636204	0.629583895206	0.518187105656	0.457156509161	0.492006033659	0.664347112179	1.01378285885	1.57127869129	2.33951163292	3.29588723183	4.3772687912	5.49014425278	6.50969457626	7.30562639236	7.75583982468	7.77629184723	7.34435319901	6.50693798065	5.37513923645	4.10315418243	2.85427641869	1.76837348938	0.939505159855	0.407099545002	0.160411000252	0.148516863585	0.299568802118	0.53562772274	0.7856746912	0.994829654694	1.12835359573	1.17105424404	1.12345433235	0.996481239796	0.805357098579	0.565403938293	0.291583091021	0	0	0	0	0	0
Mar 10 2023 19:31:58	-	0.115622244775	0.229521006346	0.339967012405	0.445221543312	0.5435308218	0.633116602898	0.712161242962	0.778785049915	0.831012070179	0.866720438004	0.883570492268	0.878940045834	0.849960625172	0.793716013432	0.707882106304	0.592195808887	0.451223820448	0.29852181673	0.161223843694	0.0818796157837	0.11364825815	0.30890622735	0.711273610592	1.35572731495	2.25468397141	3.37697672844	4.65902805328	5.98401641846	7.2069196701	8.16194534302	8.70369720459	8.7304019928	8.2171831131	7.22905921936	5.90802764893	4.44272136688	3.02649712563	1.81514918804	0.902375757694	0.314081758261	0.0199103746563	0	0.0400377511978	0.200979590416	0.378592729568	0.532567560673	0.640684187412	0.695366024971	0.698263645172	0.65528011322	0.573635816574	0.460292756557	0.321800202131	0.165496274829	0	0	0	0	0	0
Mar 10 2023 19:31:59	-	0.0959569662809	0.190628185868	0.282720535994	0.370928943157	0.453929007053	0.530364871025	0.598830163479	0.657837748528	0.705774068832	0.74083083868	0.760901451111	0.763467788696	0.745575428009	0.70393371582	0.635439276695	0.538499295712	0.415671467781	0.277771025896	0.148582056165	0.0670818388462	0.0832436978817	0.247144237161	0.601146519184	1.18040907383	2.00062394142	3.03775477409	4.23777103424	5.49743413925	6.686419487	7.65306282043	8.26114273071	8.40990352631	8.06416416168	7.26717710495	6.13145399094	4.8152012825	3.48878288269	2.29965782166	1.34981322289	0.686616301537	0.306791365147	0.170012623072	0.213039219379	0.366390705109	0.564625322819	0.754257500172	0.898222267628	0.976752102375	0.984792768955	0.926939189434	0.812516629696	0.651998579502	0.455678850412	0.234335944057	0	0	0	0	0	0
Mar 10 2023 19:32:00	-	0.0943567827344	0.187695160508	0.278988003731	0.367193996906	0.451248884201	0.530050933361	0.602438032627	0.667150855064	0.722777307034	0.767666518688	0.799796462059	0.816613614559	0.814943492413	0.790981113911	0.740668296814	0.660810112953	0.551489114761	0.420010596514	0.285707473755	0.182769969106	0.157235741615	0.257210314274	0.52533107996	0.999779701233	1.70502591133	2.63150382042	3.74061155319	4.9471321106	6.13411664963	7.15549516678	7.8692650795	8.15613079071	7.95304870605	7.2743601799	6.21172761917	4.91737604141	3.57202219963	2.34437894821	1.35957753658	0.682662248611	0.318474799395	0.224808841944	0.32830286026	0.546132564545	0.799878895283	1.02604866028	1.18279278278	1.25190639496	1.23486447334	1.14357376099	0.991780221462	0.79087138176	0.550686359406	0.2825306952	0	0	0	0	0	0
Mar 10 2023 19:32:01	-	0.112028211355	0.222808361053	0.331084877253	0.435589939356	0.535036206245	0.628104031086	0.713421881199	0.789535164833	0.854858398438	0.907602190971	0.945661306381	0.966481506824	0.966991782188	0.943619191647	0.892654418945	0.811292409897	0.699842691422	0.565315663815	0.42577418685	0.312890917063	0.269242018461	0.339487791061	0.563582003117	0.977776169777	1.6065839529	2.44454050064	3.46024632454	4.58056545258	5.7026143074	6.69472742081	7.42466449738	7.77539777756	7.67595481873	7.12333917618	6.1867647171	4.99697065353	3.71994185448	2.51963949203	1.5257332325	0.814107894897	0.402653306723	0.260657250881	0.322567284107	0.509661316872	0.745418846607	0.967017352581	1.13140523434	1.21616852283	1.21622681618	1.13796269894	0.993298351765	0.794904470444	0.554632484913	0.284951686859	0	0	0	0	0	0
Mar 10 2023 19:32:02	-	0.113991633058	0.226475343108	0.335937470198	0.440855234861	0.539690971375	0.630883038044	0.712830960751	0.783872783184	0.842251181602	0.886061608791	0.913178443909	0.921178340912	0.907346785069	0.868810534477	0.803045630455	0.709092438221	0.589907824993	0.455956995487	0.329260766506	0.245180651546	0.248566672206	0.384165376425	0.689860641956	1.19710099697	1.92005228996	2.83826398849	3.90530896187	5.03176259995	6.10366344452	6.98637533188	7.55543804169	7.71385192871	7.42014741898	6.70357131958	5.66036272049	4.43573904037	3.19345784187	2.07971382141	1.19713819027	0.59384572506	0.268015086651	0.183027639985	0.281408667564	0.499616801739	0.774768054485	1.04966831207	1.27632796764	1.41969704628	1.46030378342	1.39454066753	1.23260354996	0.992843031883	0.695093750954	0.357902675867	0	0	0	0	0	0
Mar 10 2023 19:32:03	-	0.0871331393719	0.173484861851	0.258265286684	0.340670824051	0.419875621796	0.495017409325	0.565175414085	0.629334211349	0.686329841614	0.734765231609	0.772879838943	0.798389196396	0.808385133743	0.799299478531	0.767217338085	0.708857893944	0.623745322227	0.517790973186	0.407684087753	0.323508024216	0.306046903133	0.397937506437	0.636903643608	1.05681860447	1.67961788177	2.49775862694	3.47943234444	4.55349063873	5.62288236618	6.5661945343	7.26444816589	7.61521673203	7.55864238739	7.09364032745	6.27854251862	5.22035741806	4.05374479294	2.91433286667	1.9170601368	1.14208579063	0.628407776356	0.374926745892	0.344799220562	0.477324754	0.699799776077	0.940291464329	1.13974189758	1.26020085812	1.28629565239	1.22016870975	1.07428503036	0.864265203476	0.605031490326	0.311487108469	0	0	0	0	0	0
Mar 10 2023 19:32:04	-	0	0	0	0	0	0	0	0	0	0	0	0	0	0	0	0	0	0	0	0	0	0	0	0	0	0	0	0	0	0	0	0	0	0	0	0	0	0	0	0	0	0	0	0	0	0	0	0	0	0	0	0	0	0	0	0	0	0	0	0
Mar 10 2023 19:32:05	-	0	0	0	0	0	0	0	0	0	0	0	0	0	0	0	0	0	0	0	0	0	0	0	0	0	0	0	0	0	0	0	0	0	0	0	0	0	0	0	0	0	0	0	0	0	0	0	0	0	0	0	0	0	0	0	0	0	0	0	0
Mar 10 2023 19:32:06	-	0.128089278936	0.25429007411	0.376709163189	0.493445515633	0.602585613728	0.702195763588	0.790309906006	0.864911198616	0.923904299736	0.965076029301	0.986039459705	0.984189867973	0.956756532192	0.901013076305	0.814896345139	0.698388814926	0.556080818176	0.400981366634	0.258678257465	0.168935373425	0.181209802628	0.344222903252	0.698751270771	1.27780115604	2.0940618515	3.12123608589	4.30433797836	5.54088783264	6.7028427124	7.64207172394	8.22551441193	8.35473060608	7.99519729614	7.18923950195	6.04746723175	4.7256565094	3.39129114151	2.18845057487	1.21586239338	0.51932066679	0.0971553176641	0	0	0.00189241673797	0.0771880894899	0.289006173611	0.586592555046	0.855426847935	0.990948081017	0.950446367264	0.762185275555	0.498506903648	0.241630524397	0.0613926164806	0	0	0	0	0	0
Mar 10 2023 19:32:07	-	0.0740897059441	0.151361346245	0.230770885944	0.311157763004	0.391233325005	0.46956256032	0.544532597065	0.614303767681	0.676730513573	0.72923964262	0.768637120724	0.790861546993	0.790806293488	0.762241661549	0.698264658451	0.592840671539	0.444351881742	0.261709541082	0.072285361588	0	0	0.026509558782	0.261072278023	0.751599788666	1.55858457088	2.69691562653	4.12990665436	5.73756885529	7.3344578743	8.67907810211	9.53641891479	9.72355651855	9.17367935181	7.96818494797	6.3195734024	4.5166144371	2.8461587429	1.51766228676	0.6246291399	0.14722648263	0	0	0.188310310245	0.509614706039	0.773720502853	0.93104404211	0.978160202503	0.935033082962	0.829563558102	0.688204705715	0.531955182552	0.375894159079	0.230563670397	0.103570669889	0	0	0	0	0	0
Mar 10 2023 19:32:08	-	0.086747251451	0.172740116715	0.25721180439	0.339375525713	0.418411701918	0.493447750807	0.563524603844	0.627544641495	0.684190094471	0.731798410416	0.768164634705	0.790292143822	0.794211149216	0.774853646755	0.726368904114	0.643298089504	0.523330152035	0.371992200613	0.208574190736	0.0699769929051	0.00776291126385	0.0769009888172	0.326794326305	0.802829146385	1.5367500782	2.5224583149	3.72036099434	5.03761291504	6.34401369095	7.47511911392	8.27102184296	8.59819984436	8.38843727112	7.66227531433	6.52675104141	5.15322256088	3.73869395256	2.46020650864	1.44207835197	0.741585791111	0.353283911943	0.226916089654	0.286413729191	0.452466547489	0.654966175556	0.840876340866	0.976563215256	1.04568862915	1.04482221603	0.978266060352	0.854543983936	0.683939576149	0.477072358131	0.245062291622	0	0	0	0	0	0
Mar 10 2023 19:32:09	-	0.0801061689854	0.159640908241	0.238020136952	0.314639210701	0.38886025548	0.459990978241	0.527250885963	0.589717924595	0.646245419979	0.695334255695	0.734931766987	0.762176990509	0.773216128349	0.763075590134	0.725984573364	0.6565721035	0.552667558193	0.42004442215	0.278363466263	0.164908543229	0.131333440542	0.232085496187	0.515381097794	1.02469646931	1.78841352463	2.79612445831	4.00467777252	5.31831264496	6.60644865036	7.70715713501	8.46537303925	8.75415992737	8.5115404129	7.76163053513	6.61109781265	5.22704553604	3.79994249344	2.50086402893	1.45139551163	0.710146188736	0.275776952505	0.102481178939	0.117426589131	0.242822408676	0.409286201	0.564554989338	0.676931798458	0.733776688576	0.73583137989	0.689912080765	0.603847980499	0.484614491463	0.338862687349	0.174290165305	0	0	0	0	0	0
Mar 10 2023 19:32:10	-	0.141792923212	0.281635612249	0.417571693659	0.547635257244	0.66984462738	0.782192587852	0.882631182671	0.969047009945	1.03922569752	1.0907971859	1.12115633488	1.12738084793	1.10623645782	1.05430984497	0.968539714813	0.847493648529	0.693862497807	0.518320381641	0.343988060951	0.208692282438	0.161400616169	0.252313375473	0.525487720966	1.01944935322	1.75682175159	2.72411513329	3.8777153492	5.12544536591	6.34298086166	7.37707185745	8.08044242859	8.33177089691	8.07044029236	7.31764507294	6.17479372025	4.80431222916	3.39497256279	2.11960983276	1.10327839851	0.407270908356	0.0301830470562	0	0.00575226638466	0.194464460015	0.413757622242	0.608523726463	0.747064471245	0.81816893816	0.824404597282	0.77478826046	0.679155409336	0.545689046383	0.381877183914	0.196480423212	0	0	0	0	0	0
Mar 10 2023 19:32:11	-	0	0	0	0	0	0	0	0	0	0	0	0	0	0	0	0	0	0	0	0	0	0	0	0	0	0	0	0	0	0	0	0	0	0	0	0	0	0	0	0	0	0	0	0	0	0	0	0	0	0	0	0	0	0	0	0	0	0	0	0
Mar 10 2023 19:32:12	-	0	0	0	0	0	0	0	0	0	0	0	0	0	0	0	0	0	0	0	0	0	0	0	0	0	0	0	0	0	0	0	0	0	0	0	0	0	0	0	0	0	0	0	0	0	0	0	0	0	0	0	0	0	0	0	0	0	0	0	0
Mar 10 2023 19:32:13	-	0.106654383242	0.211893603206	0.314296990633	0.412435084581	0.504864096642	0.590116977692	0.666689515114	0.733017921448	0.787445902824	0.828174889088	0.853190839291	0.860187113285	0.846564114094	0.80954003334	0.746611475945	0.656673908234	0.542214989662	0.412706971169	0.288508564234	0.202777162194	0.198202669621	0.318214148283	0.60056501627	1.07789576054	1.76844072342	2.65905046463	3.71144556999	4.84630250931	5.95807266235	6.9172873497	7.59880638123	7.89724683762	7.75454187393	7.17726945877	6.23739767075	5.06050920486	3.80170154572	2.61335253716	1.61766934395	0.889318704605	0.450412839651	0.276655316353	0.308362185955	0.47025257349	0.68703442812	0.895424544811	1.05138516426	1.13228678703	1.13350963593	1.06161689758	0.92756485939	0.742773354053	0.51844727993	0.266410320997	0	0	0	0	0	0
Mar 10 2023 19:32:14	-	0.0960148796439	0.191094502807	0.284294456244	0.374655395746	0.461193919182	0.542887270451	0.618648886681	0.68729031086	0.747461438179	0.797559976578	0.835589885712	0.858987867832	0.864515423775	0.848222732544	0.805789530277	0.733597993851	0.63110101223	0.5047352314	0.372730314732	0.268010407686	0.235328257084	0.32165274024	0.568748772144	1.01433146	1.683344841	2.56836247444	3.63457608223	4.80303382874	5.96467018127	6.98202610016	7.71972370148	8.06112670898	7.93926429749	7.35678434372	6.38719129562	5.16159248352	3.84190273285	2.58606266975	1.51994764805	0.72147333622	0.217954516411	0	2.55708237091e-05	0.0509914197028	0.278335124254	0.692380189896	1.16742110252	1.52646100521	1.64172887802	1.49094700813	1.14916777611	0.734755575657	0.357555508614	0.0967511758208	0	0	0	0	0	0
Mar 10 2023 19:32:15	-	0	0	0	0	0	0	0	0	0	0	0	0	0	0	0	0	0	0	0	0	0	0	0	0	0	0	0	0	0	0	0	0	0	0	0	0	0	0	0	0	0	0	0	0	0	0	0	0	0	0	0	0	0	0	0	0	0	0	0	0
Mar 10 2023 19:32:16	-	0	0	0	0	0	0	0	0	0	0	0	0	0	0	0	0	0	0	0	0	0	0	0	0	0	0	0	0	0	0	0	0	0	0	0	0	0	0	0	0	0	0	0	0	0	0	0	0	0	0	0	0	0	0	0	0	0	0	0	0
Mar 10 2023 19:32:17	-	0	0	0	0	0	0	0	0	0	0	0	0	0	0	0	0	0	0	0	0	0	0	0	0	0	0	0	0	0	0	0	0	0	0	0	0	0	0	0	0	0	0	0	0	0	0	0	0	0	0	0	0	0	0	0	0	0	0	0	0
Mar 10 2023 19:32:18	-	0	0	0	0	0	0	0	0	0	0	0	0	0	0	0	0	0	0	0	0	0	0	0	0	0	0	0	0	0	0	0	0	0	0	0	0	0	0	0	0	0	0	0	0	0	0	0	0	0	0	0	0	0	0	0	0	0	0	0	0
Mar 10 2023 19:32:19	-	0	0	0	0	0	0	0	0	0	0	0	0	0	0	0	0	0	0	0	0	0	0	0	0	0	0	0	0	0	0	0	0	0	0	0	0	0	0	0	0	0	0	0	0	0	0	0	0	0	0	0	0	0	0	0	0	0	0	0	0
Mar 10 2023 19:32:20	-	0	0	0	0	0	0	0	0	0	0	0	0	0	0	0	0	0	0	0	0	0	0	0	0	0	0	0	0	0	0	0	0	0	0	0	0	0	0	0	0	0	0	0	0	0	0	0	0	0	0	0	0	0	0	0	0	0	0	0	0
Mar 10 2023 19:32:21	-	0	0	0	0	0	0	0	0	0	0	0	0	0	0	0	0	0	0	0	0	0	0	0	0	0	0	0	0	0	0	0	0	0	0	0	0	0	0	0	0	0	0	0	0	0	0	0	0	0	0	0	0	0	0	0	0	0	0	0	0
Mar 10 2023 19:32:22	-	0	0	0	0	0	0	0	0	0	0	0	0	0	0	0	0	0	0	0	0	0	0	0	0	0	0	0	0	0	0	0	0	0	0	0	0	0	0	0	0	0	0	0	0	0	0	0	0	0	0	0	0	0	0	0	0	0	0	0	0
Mar 10 2023 19:32:23	-	0	0	0	0	0	0	0	0	0	0	0	0	0	0	0	0	0	0	0	0	0	0	0	0	0	0	0	0	0	0	0	0	0	0	0	0	0	0	0	0	0	0	0	0	0	0	0	0	0	0	0	0	0	0	0	0	0	0	0	0
Mar 10 2023 19:32:24	-	0	0	0	0	0	0	0	0	0	0	0	0	0	0	0	0	0	0	0	0	0	0	0	0	0	0	0	0	0	0	0	0	0	0	0	0	0	0	0	0	0	0	0	0	0	0	0	0	0	0	0	0	0	0	0	0	0	0	0	0
Mar 10 2023 19:32:25	-	0	0	0	0	0	0	0	0	0	0	0	0	0	0	0	0	0	0	0	0	0	0	0	0	0	0	0	0	0	0	0	0	0	0	0	0	0	0	0	0	0	0	0	0	0	0	0	0	0	0	0	0	0	0	0	0	0	0	0	0
Mar 10 2023 19:32:26	-	0.133581534028	0.265127331018	0.392597854137	0.513947427273	0.627120316029	0.730044841766	0.820623993874	0.896720707417	0.95613694191	0.996584236622	1.0156441927	1.0107446909	0.979229450226	0.918584227562	0.827043712139	0.704905569553	0.556919634342	0.395793229342	0.24596683681	0.144970327616	0.139164417982	0.274077534676	0.587781965733	1.11098396778	1.85523164272	2.7956905365	3.88076901436	5.01454973221	6.0772857666	6.93074178696	7.45123529434	7.5481877327	7.19174528122	6.42493963242	5.35565853119	4.13501691818	2.92587780952	1.86921429634	1.06196653843	0.547652482986	0.319298475981	0.331380814314	0.513119697571	0.786173641682	1.07723140717	1.32775247097	1.49924182892	1.57363247871	1.54943215847	1.43537461758	1.24455189705	0.990943968296	0.688773214817	0.353046029806	0	0	0	0	0	0
Mar 10 2023 19:32:27	-	0	0	0	0	0	0	0	0	0	0	0	0	0	0	0	0	0	0	0	0	0	0	0	0	0	0	0	0	0	0	0	0	0	0	0	0	0	0	0	0	0	0	0	0	0	0	0	0	0	0	0	0	0	0	0	0	0	0	0	0
Mar 10 2023 19:32:28	-	0	0	0	0	0	0	0	0	0	0	0	0	0	0	0	0	0	0	0	0	0	0	0	0	0	0	0	0	0	0	0	0	0	0	0	0	0	0	0	0	0	0	0	0	0	0	0	0	0	0	0	0	0	0	0	0	0	0	0	0
Mar 10 2023 19:32:29	-	0	0	0	0	0	0	0	0	0	0	0	0	0	0	0	0	0	0	0	0	0	0	0	0	0	0	0	0	0	0	0	0	0	0	0	0	0	0	0	0	0	0	0	0	0	0	0	0	0	0	0	0	0	0	0	0	0	0	0	0
Mar 10 2023 19:32:30	-	0	0	0	0	0	0	0	0	0	0	0	0	0	0	0	0	0	0	0	0	0	0	0	0	0	0	0	0	0	0	0	0	0	0	0	0	0	0	0	0	0	0	0	0	0	0	0	0	0	0	0	0	0	0	0	0	0	0	0	0
Mar 10 2023 19:32:31	-	0.098816215992	0.196931183338	0.293632656336	0.3881906569	0.479846119881	0.567792892456	0.65114825964	0.728906333447	0.799866318703	0.862521052361	0.914882600307	0.954259812832	0.977097988129	0.978865385056	0.954329609871	0.898590683937	0.809504449368	0.691799283028	0.562252283096	0.452989935875	0.4087703228	0.477034002542	0.70011818409	1.11668252945	1.75323462486	2.60398507118	3.63593506813	4.77219057083	5.9059882164	6.9018945694	7.62575626373	7.96101999283	7.83977413177	7.26348590851	6.30522298813	5.0967373848	3.80083441734	2.57485961914	1.54144454002	0.772691488266	0.288746088743	0.0676776394248	0.0574000626802	0.192520275712	0.404786497355	0.631963849068	0.824804782867	0.951598107815	0.99811142683	0.964204013348	0.859191358089	0.696465551853	0.48980230093	0.252844005823	0	0	0	0	0	0
Mar 10 2023 19:32:32	-	0	0	0	0	0	0	0	0	0	0	0	0	0	0	0	0	0	0	0	0	0	0	0	0	0	0	0	0	0	0	0	0	0	0	0	0	0	0	0	0	0	0	0	0	0	0	0	0	0	0	0	0	0	0	0	0	0	0	0	0
Mar 10 2023 19:32:33	-	0.112023167312	0.223003938794	0.331890314817	0.437614798546	0.539084553719	0.635165572166	0.724657475948	0.806252777576	0.878475248814	0.939584732056	0.987429082394	1.01926243305	1.03163099289	1.02033293247	0.980768084526	0.909043371677	0.804410219193	0.67327439785	0.534073650837	0.420092970133	0.376263976097	0.44915163517	0.679471313953	1.103282094	1.74267816544	2.58706688881	3.60016417503	4.70355319977	5.79276943207	6.73920536041	7.41881275177	7.72721242905	7.60662412643	7.06210708618	6.16135406494	5.02257585526	3.7912774086	2.61058425903	1.5971660614	0.826395392418	0.328100323677	0.0913795232773	0.0724901482463	0.209269836545	0.432672947645	0.67728805542	0.889403343201	1.03236889839	1.0880099535	1.05434525013	0.941075921059	0.763394355774	0.537082910538	0.277332365513	0	0	0	0	0	0
Mar 10 2023 19:32:34	-	0	0	0	0	0	0	0	0	0	0	0	0	0	0	0	0	0	0	0	0	0	0	0	0	0	0	0	0	0	0	0	0	0	0	0	0	0	0	0	0	0	0	0	0	0	0	0	0	0	0	0	0	0	0	0	0	0	0	0	0
Mar 10 2023 19:32:35	-	0	0	0	0	0	0	0	0	0	0	0	0	0	0	0	0	0	0	0	0	0	0	0	0	0	0	0	0	0	0	0	0	0	0	0	0	0	0	0	0	0	0	0	0	0	0	0	0	0	0	0	0	0	0	0	0	0	0	0	0
Mar 10 2023 19:32:36	-	0	0	0	0	0	0	0	0	0	0	0	0	0	0	0	0	0	0	0	0	0	0	0	0	0	0	0	0	0	0	0	0	0	0	0	0	0	0	0	0	0	0	0	0	0	0	0	0	0	0	0	0	0	0	0	0	0	0	0	0
Mar 10 2023 19:32:37	-	0	0	0	0	0	0	0	0	0	0	0	0	0	0	0	0	0	0	0	0	0	0	0	0	0	0	0	0	0	0	0	0	0	0	0	0	0	0	0	0	0	0	0	0	0	0	0	0	0	0	0	0	0	0	0	0	0	0	0	0
Mar 10 2023 19:32:38	-	0	0	0	0	0	0	0	0	0	0	0	0	0	0	0	0	0	0	0	0	0	0	0	0	0	0	0	0	0	0	0	0	0	0	0	0	0	0	0	0	0	0	0	0	0	0	0	0	0	0	0	0	0	0	0	0	0	0	0	0
Mar 10 2023 19:32:39	-	0	0	0	0	0	0	0	0	0	0	0	0	0	0	0	0	0	0	0	0	0	0	0	0	0	0	0	0	0	0	0	0	0	0	0	0	0	0	0	0	0	0	0	0	0	0	0	0	0	0	0	0	0	0	0	0	0	0	0	0
Mar 10 2023 19:32:40	-	0	0	0	0	0	0	0	0	0	0	0	0	0	0	0	0	0	0	0	0	0	0	0	0	0	0	0	0	0	0	0	0	0	0	0	0	0	0	0	0	0	0	0	0	0	0	0	0	0	0	0	0	0	0	0	0	0	0	0	0
Mar 10 2023 19:32:41	-	0.108300380409	0.215409934521	0.320126831532	0.421231716871	0.517476201057	0.607565462589	0.690128684044	0.763673782349	0.826517045498	0.876675724983	0.91170167923	0.928478896618	0.923106372356	0.89087665081	0.826723873615	0.726574242115	0.590271294117	0.426345318556	0.257761150599	0.125140592456	0.0827535316348	0.186406642199	0.484365224838	1.018430233	1.81172943115	2.84506249428	4.0655837059	5.36594295502	6.60656690598	7.6215004921	8.25973701477	8.40815544128	8.02694416046	7.16548776627	5.95187425613	4.5644030571	3.19128417969	1.98970377445	1.06160461903	0.446771085262	0.130927190185	0.0629662945867	0.171024754643	0.380248516798	0.6229134202	0.845239281654	1.01050150394	1.09944367409	1.1078517437	1.04180300236	0.912469923496	0.731875777245	0.51139819622	0.26294413209	0	0	0	0	0	0
Mar 10 2023 19:32:42	-	0.079430654645	0.158309429884	0.236072421074	0.312136054039	0.385884970427	0.45665204525	0.523686051369	0.586100697517	0.642795860767	0.692336380482	0.732761561871	0.761346340179	0.77443510294	0.767341196537	0.734694004059	0.671652495861	0.576685905457	0.456227689981	0.330422461033	0.236570835114	0.225597456098	0.350460529327	0.657322943211	1.18686258793	1.96327996254	2.97151041031	4.16468238831	5.44430732727	6.67941141129	7.71035909653	8.38641548157	8.58690834045	8.25721073151	7.42931938171	6.21832180023	4.80013084412	3.3731110096	2.1124060154	1.1369946003	0.495718747377	0.172993153334	0.108415700495	0.216998115182	0.412831217051	0.622371733189	0.793285012245	0.897745251656	0.930319905281	0.900390386581	0.822025537491	0.706652760506	0.560935378075	0.389614373446	0.19954778254	0	0	0	0	0	0
Mar 10 2023 19:32:43	-	0	0	0	0	0	0	0	0	0	0	0	0	0	0	0	0	0	0	0	0	0	0	0	0	0	0	0	0	0	0	0	0	0	0	0	0	0	0	0	0	0	0	0	0	0	0	0	0	0	0	0	0	0	0	0	0	0	0	0	0
Mar 10 2023 19:32:44	-	0	0	0	0	0	0	0	0	0	0	0	0	0	0	0	0	0	0	0	0	0	0	0	0	0	0	0	0	0	0	0	0	0	0	0	0	0	0	0	0	0	0	0	0	0	0	0	0	0	0	0	0	0	0	0	0	0	0	0	0
Mar 10 2023 19:32:45	-	0	0	0	0	0	0	0	0	0	0	0	0	0	0	0	0	0	0	0	0	0	0	0	0	0	0	0	0	0	0	0	0	0	0	0	0	0	0	0	0	0	0	0	0	0	0	0	0	0	0	0	0	0	0	0	0	0	0	0	0
Mar 10 2023 19:32:46	-	0	0	0	0	0	0	0	0	0	0	0	0	0	0	0	0	0	0	0	0	0	0	0	0	0	0	0	0	0	0	0	0	0	0	0	0	0	0	0	0	0	0	0	0	0	0	0	0	0	0	0	0	0	0	0	0	0	0	0	0
Mar 10 2023 19:32:47	-	0	0	0	0	0	0	0	0	0	0	0	0	0	0	0	0	0	0	0	0	0	0	0	0	0	0	0	0	0	0	0	0	0	0	0	0	0	0	0	0	0	0	0	0	0	0	0	0	0	0	0	0	0	0	0	0	0	0	0	0
Mar 10 2023 19:32:48	-	0	0	0	0	0	0	0	0	0	0	0	0	0	0	0	0	0	0	0	0	0	0	0	0	0	0	0	0	0	0	0	0	0	0	0	0	0	0	0	0	0	0	0	0	0	0	0	0	0	0	0	0	0	0	0	0	0	0	0	0
Mar 10 2023 19:32:49	-	0	0	0	0	0	0	0	0	0	0	0	0	0	0	0	0	0	0	0	0	0	0	0	0	0	0	0	0	0	0	0	0	0	0	0	0	0	0	0	0	0	0	0	0	0	0	0	0	0	0	0	0	0	0	0	0	0	0	0	0
Mar 10 2023 19:32:50	-	0.130330726504	0.259310394526	0.385579615831	0.507765293121	0.624472439289	0.734270036221	0.835669159889	0.927087664604	1.00679671764	1.07283866405	1.12289917469	1.1541544199	1.16318404675	1.14596164227	1.09821522236	1.01649367809	0.90047365427	0.756724238396	0.603279173374	0.472295790911	0.407112210989	0.452871054411	0.64937287569	1.03209686279	1.62340569496	2.41398310661	3.36896300316	4.41215753555	5.44157981873	6.33164358139	6.96215486526	7.23377847672	7.09512901306	6.55837059021	5.69743347168	4.63346767426	3.50932073593	2.45902299881	1.58531391621	0.948177576065	0.563847303391	0.411694437265	0.442864924669	0.594413459301	0.800332963467	1.00180017948	1.15524446964	1.23577177525	1.23508763313	1.15642726421	1.00970351696	0.807547688484	0.562981367111	0.289126574993	0	0	0	0	0	0
Mar 10 2023 19:32:51	-	0.111768111587	0.22247056663	0.331031531096	0.43635866046	0.537332773209	0.632791221142	0.721500456333	0.802113652229	0.873104929924	0.932668268681	0.978560268879	1.0079075098	1.0170853138	1.0016746521	0.956834673882	0.878475785255	0.765851914883	0.625825643539	0.478062272072	0.358037501574	0.313627809286	0.394400149584	0.643519103527	1.09885931015	1.78264009953	2.68053340912	3.74906611443	4.89745140076	6.00615310669	6.93074464798	7.53650951385	7.71752738953	7.42820596695	6.699903965	5.63595199585	4.39070701599	3.13577699661	2.02173423767	1.15198898315	0.572556257248	0.27723672986	0.223143935204	0.345210671425	0.572539567947	0.837381541729	1.08219730854	1.26453447342	1.35992848873	1.3613871336	1.27486729622	1.11318337917	0.890706956387	0.62126326561	0.319106966257	0	0	0	0	0	0
Mar 10 2023 19:32:52	-	0.102986812592	0.204862043262	0.304503381252	0.400771021843	0.49249702692	0.57846736908	0.657393693924	0.727868139744	0.788294613361	0.836783289909	0.870986640453	0.887901425362	0.883753478527	0.853979110718	0.793667972088	0.698896169662	0.569611489773	0.414332151413	0.255803585052	0.134155467153	0.102917388082	0.21704864502	0.523969233036	1.06457793713	1.86106324196	2.89352798462	4.10883283615	5.39997005463	6.6284070015	7.62978553772	8.2546339035	8.39089298248	7.99893808365	7.12777900696	5.90558195114	4.51225805283	3.13922691345	1.94691228867	1.03831779957	0.450904726982	0.165246710181	0.123908229172	0.249310404062	0.463431835175	0.698771834373	0.905134260654	1.0511559248	1.1225528717	1.11801707745	1.04394233227	0.910199999809	0.727637887001	0.50721347332	0.260428339243	0	0	0	0	0	0
Mar 10 2023 19:32:53	-	0.0895224735141	0.178173750639	0.265071690083	0.349316418171	0.429979473352	0.506085455418	0.576583445072	0.640301048756	0.695874810219	0.741642653942	0.775478005409	0.794589221478	0.795405089855	0.773559093475	0.724346995354	0.644088506699	0.533058404922	0.400224894285	0.268879294395	0.179592505097	0.185816302896	0.341549903154	0.69237613678	1.2763825655	2.11102151871	3.17059540749	4.39723968506	5.68016147614	6.88023328781	7.83622789383	8.40477752686	8.48234653473	8.03786754608	7.12642526627	5.87842845917	4.47208309174	3.09414577484	1.89910900593	0.984421372414	0.383552640676	0.0758999660611	0.00666125910357	0.104978598654	0.301695674658	0.536597907543	0.761412382126	0.939912617207	1.04900503159	1.07838344574	1.02878832817	0.909228920937	0.732887983322	0.513503491879	0.264498323202	0	0	0	0	0	0
Mar 10 2023 19:32:54	-	0	0	0	0	0	0	0	0	0	0	0	0	0	0	0	0	0	0	0	0	0	0	0	0	0	0	0	0	0	0	0	0	0	0	0	0	0	0	0	0	0	0	0	0	0	0	0	0	0	0	0	0	0	0	0	0	0	0	0	0
Mar 10 2023 19:32:55	-	0	0	0	0	0	0	0	0	0	0	0	0	0	0	0	0	0	0	0	0	0	0	0	0	0	0	0	0	0	0	0	0	0	0	0	0	0	0	0	0	0	0	0	0	0	0	0	0	0	0	0	0	0	0	0	0	0	0	0	0
Mar 10 2023 19:32:56	-	0	0	0	0	0	0	0	0	0	0	0	0	0	0	0	0	0	0	0	0	0	0	0	0	0	0	0	0	0	0	0	0	0	0	0	0	0	0	0	0	0	0	0	0	0	0	0	0	0	0	0	0	0	0	0	0	0	0	0	0
Mar 10 2023 19:32:57	-	0	0	0	0	0	0	0	0	0	0	0	0	0	0	0	0	0	0	0	0	0	0	0	0	0	0	0	0	0	0	0	0	0	0	0	0	0	0	0	0	0	0	0	0	0	0	0	0	0	0	0	0	0	0	0	0	0	0	0	0
Mar 10 2023 19:32:58	-	0	0	0	0	0	0	0	0	0	0	0	0	0	0	0	0	0	0	0	0	0	0	0	0	0	0	0	0	0	0	0	0	0	0	0	0	0	0	0	0	0	0	0	0	0	0	0	0	0	0	0	0	0	0	0	0	0	0	0	0
Mar 10 2023 19:32:59	-	0	0	0	0	0	0	0	0	0	0	0	0	0	0	0	0	0	0	0	0	0	0	0	0	0	0	0	0	0	0	0	0	0	0	0	0	0	0	0	0	0	0	0	0	0	0	0	0	0	0	0	0	0	0	0	0	0	0	0	0
Mar 10 2023 19:33:00	-	0.0842121765018	0.167815431952	0.250190645456	0.330702126026	0.408687353134	0.48344001174	0.554182827473	0.620024442673	0.679893672466	0.732436656952	0.775857567787	0.807719767094	0.824811756611	0.823075950146	0.797927498817	0.745324671268	0.664186358452	0.560399770737	0.451712727547	0.370552539825	0.360769420862	0.467546790838	0.729913055897	1.18191206455	1.84299838543	2.69962453842	3.7131960392	4.80382156372	5.86781072617	6.780356884	7.42430830002	7.70511770248	7.57571029663	7.04913711548	6.19478988647	5.1237487793	3.96609640121	2.84606289864	1.86493849754	1.09173083305	0.560326695442	0.271901965141	0.198421418667	0.290850132704	0.487556904554	0.724100887775	0.942384243011	1.09770059586	1.16323792934	1.13159751892	1.01177978516	0.821131587029	0.577804982662	0.298448383808	0	0	0	0	0	0
Mar 10 2023 19:33:01	-	0	0	0	0	0	0	0	0	0	0	0	0	0	0	0	0	0	0	0	0	0	0	0	0	0	0	0	0	0	0	0	0	0	0	0	0	0	0	0	0	0	0	0	0	0	0	0	0	0	0	0	0	0	0	0	0	0	0	0	0
Mar 10 2023 19:33:02	-	0	0	0	0	0	0	0	0	0	0	0	0	0	0	0	0	0	0	0	0	0	0	0	0	0	0	0	0	0	0	0	0	0	0	0	0	0	0	0	0	0	0	0	0	0	0	0	0	0	0	0	0	0	0	0	0	0	0	0	0
Mar 10 2023 19:33:03	-	0	0	0	0	0	0	0	0	0	0	0	0	0	0	0	0	0	0	0	0	0	0	0	0	0	0	0	0	0	0	0	0	0	0	0	0	0	0	0	0	0	0	0	0	0	0	0	0	0	0	0	0	0	0	0	0	0	0	0	0
Mar 10 2023 19:33:04	-	0	0	0	0	0	0	0	0	0	0	0	0	0	0	0	0	0	0	0	0	0	0	0	0	0	0	0	0	0	0	0	0	0	0	0	0	0	0	0	0	0	0	0	0	0	0	0	0	0	0	0	0	0	0	0	0	0	0	0	0
Mar 10 2023 19:33:05	-	0	0	0	0	0	0	0	0	0	0	0	0	0	0	0	0	0	0	0	0	0	0	0	0	0	0	0	0	0	0	0	0	0	0	0	0	0	0	0	0	0	0	0	0	0	0	0	0	0	0	0	0	0	0	0	0	0	0	0	0
Mar 10 2023 19:33:06	-	0	0	0	0	0	0	0	0	0	0	0	0	0	0	0	0	0	0	0	0	0	0	0	0	0	0	0	0	0	0	0	0	0	0	0	0	0	0	0	0	0	0	0	0	0	0	0	0	0	0	0	0	0	0	0	0	0	0	0	0
Mar 10 2023 19:33:07	-	0	0	0	0	0	0	0	0	0	0	0	0	0	0	0	0	0	0	0	0	0	0	0	0	0	0	0	0	0	0	0	0	0	0	0	0	0	0	0	0	0	0	0	0	0	0	0	0	0	0	0	0	0	0	0	0	0	0	0	0
Mar 10 2023 19:33:08	-	0	0	0	0	0	0	0	0	0	0	0	0	0	0	0	0	0	0	0	0	0	0	0	0	0	0	0	0	0	0	0	0	0	0	0	0	0	0	0	0	0	0	0	0	0	0	0	0	0	0	0	0	0	0	0	0	0	0	0	0
Mar 10 2023 19:33:09	-	0.101156204939	0.20175781846	0.301236510277	0.399001926184	0.494427412748	0.586827635765	0.675421714783	0.759274482727	0.837206542492	0.907652914524	0.968439877033	1.01649522781	1.04761362076	1.05624687672	1.03571093082	0.979217350483	0.882470965385	0.748222351074	0.592134714127	0.4467471838	0.358855068684	0.378720879555	0.551458537579	0.918831288815	1.51067876816	2.32277464867	3.32193899155	4.42863082886	5.5324215889	6.49396705627	7.17779016495	7.46994590759	7.31012439728	6.71103906631	5.75726747513	4.58823871613	3.36765384674	2.24701976776	1.3393985033	0.707183837891	0.362719208002	0.278109997511	0.395911455154	0.644554972649	0.948768138885	1.23923099041	1.46158206463	1.58275604248	1.59213221073	1.49604785442	1.30936396122	1.04909324646	0.732254803181	0.376272529364	0	0	0	0	0	0
Mar 10 2023 19:33:10	-	0.0859245285392	0.171474292874	0.256260067225	0.339869111776	0.421850532293	0.501691222191	0.578776836395	0.652330100536	0.721314907074	0.784287393093	0.83915990591	0.882893919945	0.911253392696	0.91858369112	0.898035883904	0.842667758465	0.748218894005	0.617978334427	0.469089776278	0.336876600981	0.272186309099	0.32991990447	0.559697091579	1.00769257545	1.7074804306	2.655138731	3.81342983246	5.09234905243	6.36491775513	7.46960067749	8.24825286865	8.56708526611	8.35500240326	7.62754440308	6.4862780571	5.09888219833	3.66204071045	2.3556303978	1.30839896202	0.581902742386	0.173573106527	0.0339276343584	0.0852355659008	0.244835346937	0.439379304647	0.614903569221	0.740107834339	0.80354309082	0.806807458401	0.757167935371	0.663016617298	0.532136261463	0.3720523417	0.19134581089	0	0	0	0	0	0
Mar 10 2023 19:33:11	-	0.149625629187	0.297072798014	0.440158963203	0.576695382595	0.704482972622	0.821305990219	0.924922168255	1.01304757595	1.08333396912	1.13333630562	1.16046798229	1.16196513176	1.1349337101	1.07652914524	0.984483778477	0.858280599117	0.701340734959	0.524305999279	0.348715215921	0.208652600646	0.147364228964	0.208632469177	0.430533796549	0.845819354057	1.47246396542	2.2968609333	3.28032755852	4.34346055984	5.38210058212	6.27076101303	6.89214849472	7.15335226059	7.01200675964	6.48918819427	5.66388607025	4.65505170822	3.59539985657	2.60455298424	1.77273011208	1.15426361561	0.76784080267	0.600823938847	0.613993644714	0.751280426979	0.949482917786	1.14828622341	1.29949903488	1.37348854542	1.36022543907	1.26439106464	1.098269701	0.875675022602	0.609482705593	0.312711238861	0	0	0	0	0	0
Mar 10 2023 19:33:12	-	0.0674915835261	0.134728372097	0.201440900564	0.267335981131	0.332081794739	0.395283579826	0.456444084644	0.514901280403	0.569731295109	0.61959785223	0.662512779236	0.695526480675	0.714477360249	0.713768362999	0.686593294144	0.626050531864	0.527949512005	0.395736515522	0.246878385544	0.117258287966	0.0585337169468	0.126598104835	0.372197926044	0.842867434025	1.57393586636	2.56341648102	3.77533316612	5.11980485916	6.46744823456	7.65158224106	8.50684833527	8.89110088348	8.72615814209	8.02401351929	6.88691234589	5.48621225357	4.02304410934	2.6807141304	1.59036982059	0.81610840559	0.358430892229	0.170954242349	0.178678050637	0.301398456097	0.467787116766	0.624208271503	0.737550020218	0.793496251106	0.791656851768	0.739131093025	0.644853293896	0.516516268253	0.360839128494	0.185511186719	0	0	0	0	0	0
Mar 10 2023 19:33:13	-	0.107645660639	0.214164376259	0.318420320749	0.419263541698	0.515520811081	0.605981349945	0.689373314381	0.764327347279	0.829319953918	0.882587373257	0.921992599964	0.944864034653	0.947906374931	0.927193641663	0.878550946712	0.798679411411	0.687575876713	0.552459597588	0.41248857975	0.301381498575	0.264092475176	0.346863538027	0.589833199978	1.028039217	1.68167543411	2.5373711586	3.55583906174	4.65544939041	5.73027515411	6.65382814407	7.30969333649	7.60738182068	7.50711107254	7.02984237671	6.24915790558	5.27212381363	4.2148771286	3.18104434013	2.25171399117	1.48328340054	0.908106088638	0.535946965218	0.353907763958	0.329008102417	0.413055807352	0.550696790218	0.690039813519	0.79148876667	0.832242906094	0.805760383606	0.718212902546	0.58187764883	0.4091617167	0.211302101612	0	0	0	0	0	0
Mar 10 2023 19:33:14	-	0	0	0	0	0	0	0	0	0	0	0	0	0	0	0	0	0	0	0	0	0	0	0	0	0	0	0	0	0	0	0	0	0	0	0	0	0	0	0	0	0	0	0	0	0	0	0	0	0	0	0	0	0	0	0	0	0	0	0	0
Mar 10 2023 19:33:15	-	0	0	0	0	0	0	0	0	0	0	0	0	0	0	0	0	0	0	0	0	0	0	0	0	0	0	0	0	0	0	0	0	0	0	0	0	0	0	0	0	0	0	0	0	0	0	0	0	0	0	0	0	0	0	0	0	0	0	0	0
Mar 10 2023 19:33:16	-	0	0	0	0	0	0	0	0	0	0	0	0	0	0	0	0	0	0	0	0	0	0	0	0	0	0	0	0	0	0	0	0	0	0	0	0	0	0	0	0	0	0	0	0	0	0	0	0	0	0	0	0	0	0	0	0	0	0	0	0
Mar 10 2023 19:33:17	-	0	0	0	0	0	0	0	0	0	0	0	0	0	0	0	0	0	0	0	0	0	0	0	0	0	0	0	0	0	0	0	0	0	0	0	0	0	0	0	0	0	0	0	0	0	0	0	0	0	0	0	0	0	0	0	0	0	0	0	0
Mar 10 2023 19:33:18	-	0	0	0	0	0	0	0	0	0	0	0	0	0	0	0	0	0	0	0	0	0	0	0	0	0	0	0	0	0	0	0	0	0	0	0	0	0	0	0	0	0	0	0	0	0	0	0	0	0	0	0	0	0	0	0	0	0	0	0	0
Mar 10 2023 19:33:19	-	0	0	0	0	0	0	0	0	0	0	0	0	0	0	0	0	0	0	0	0	0	0	0	0	0	0	0	0	0	0	0	0	0	0	0	0	0	0	0	0	0	0	0	0	0	0	0	0	0	0	0	0	0	0	0	0	0	0	0	0
Mar 10 2023 19:33:20	-	0	0	0	0	0	0	0	0	0	0	0	0	0	0	0	0	0	0	0	0	0	0	0	0	0	0	0	0	0	0	0	0	0	0	0	0	0	0	0	0	0	0	0	0	0	0	0	0	0	0	0	0	0	0	0	0	0	0	0	0
Mar 10 2023 19:33:21	-	0	0	0	0	0	0	0	0	0	0	0	0	0	0	0	0	0	0	0	0	0	0	0	0	0	0	0	0	0	0	0	0	0	0	0	0	0	0	0	0	0	0	0	0	0	0	0	0	0	0	0	0	0	0	0	0	0	0	0	0
Mar 10 2023 19:33:22	-	0	0	0	0	0	0	0	0	0	0	0	0	0	0	0	0	0	0	0	0	0	0	0	0	0	0	0	0	0	0	0	0	0	0	0	0	0	0	0	0	0	0	0	0	0	0	0	0	0	0	0	0	0	0	0	0	0	0	0	0
Mar 10 2023 19:33:23	-	0	0	0	0	0	0	0	0	0	0	0	0	0	0	0	0	0	0	0	0	0	0	0	0	0	0	0	0	0	0	0	0	0	0	0	0	0	0	0	0	0	0	0	0	0	0	0	0	0	0	0	0	0	0	0	0	0	0	0	0
Mar 10 2023 19:33:24	-	0	0	0	0	0	0	0	0	0	0	0	0	0	0	0	0	0	0	0	0	0	0	0	0	0	0	0	0	0	0	0	0	0	0	0	0	0	0	0	0	0	0	0	0	0	0	0	0	0	0	0	0	0	0	0	0	0	0	0	0
Mar 10 2023 19:33:25	-	0	0	0	0	0	0	0	0	0	0	0	0	0	0	0	0	0	0	0	0	0	0	0	0	0	0	0	0	0	0	0	0	0	0	0	0	0	0	0	0	0	0	0	0	0	0	0	0	0	0	0	0	0	0	0	0	0	0	0	0
Mar 10 2023 19:33:26	-	0	0	0	0	0	0	0	0	0	0	0	0	0	0	0	0	0	0	0	0	0	0	0	0	0	0	0	0	0	0	0	0	0	0	0	0	0	0	0	0	0	0	0	0	0	0	0	0	0	0	0	0	0	0	0	0	0	0	0	0
Mar 10 2023 19:33:27	-	0	0	0	0	0	0	0	0	0	0	0	0	0	0	0	0	0	0	0	0	0	0	0	0	0	0	0	0	0	0	0	0	0	0	0	0	0	0	0	0	0	0	0	0	0	0	0	0	0	0	0	0	0	0	0	0	0	0	0	0
Mar 10 2023 19:33:28	-	0.143447935581	0.285106420517	0.423180997372	0.555869042873	0.681354641914	0.797800600529	0.903335511684	0.99603331089	1.07388365269	1.13474738598	1.17629206181	1.19592988491	1.19083595276	1.15809416771	1.09519934654	1.00123691559	0.879127323627	0.739024877548	0.602092623711	0.502064406872	0.481404602528	0.582082927227	0.839148461819	1.28101158142	1.91866612434	2.72958493233	3.66757392883	4.64709329605	5.56332397461	6.29651117325	6.74072599411	6.81911993027	6.50627231598	5.83729743958	4.90079784393	3.82169342041	2.73648381233	1.76668131351	1.00105929375	0.487424612045	0.233968600631	0.216867119074	0.387541770935	0.682582259178	1.03146922588	1.36595094204	1.62920081615	1.78300905228	1.81007754803	1.71207296848	1.5041052103	1.20731890202	0.843493103981	0.433717340231	0	0	0	0	0	0
Mar 10 2023 19:33:29	-	0.111014269292	0.220845550299	0.328303575516	0.432186186314	0.531272053719	0.62430870533	0.709993064404	0.786941051483	0.853641152382	0.908382892609	0.949147343636	0.973475337029	0.978396713734	0.96043419838	0.915937006474	0.842050731182	0.738790810108	0.612412452698	0.47948807478	0.369266808033	0.321045428514	0.375839263201	0.570090293884	0.93669295311	1.49749577045	2.24719166756	3.15827775002	4.16709804535	5.1860165596	6.10418224335	6.81131267548	7.20999526978	7.23910331726	6.88890647888	6.20269536972	5.2687497139	4.20343875885	3.12917685509	2.15604400635	1.36872291565	0.818023562431	0.517109870911	0.441241443157	0.536414265633	0.731357812881	0.952206850052	1.1372718811	1.24705135822	1.26582825184	1.1962262392	1.05070531368	0.844053149223	0.590361237526	0.303785562515	0	0	0	0	0	0
Mar 10 2023 19:33:30	-	0	0	0	0	0	0	0	0	0	0	0	0	0	0	0	0	0	0	0	0	0	0	0	0	0	0	0	0	0	0	0	0	0	0	0	0	0	0	0	0	0	0	0	0	0	0	0	0	0	0	0	0	0	0	0	0	0	0	0	0
Mar 10 2023 19:33:31	-	0	0	0	0	0	0	0	0	0	0	0	0	0	0	0	0	0	0	0	0	0	0	0	0	0	0	0	0	0	0	0	0	0	0	0	0	0	0	0	0	0	0	0	0	0	0	0	0	0	0	0	0	0	0	0	0	0	0	0	0
Mar 10 2023 19:33:32	-	0	0	0	0	0	0	0	0	0	0	0	0	0	0	0	0	0	0	0	0	0	0	0	0	0	0	0	0	0	0	0	0	0	0	0	0	0	0	0	0	0	0	0	0	0	0	0	0	0	0	0	0	0	0	0	0	0	0	0	0
Mar 10 2023 19:33:33	-	0	0	0	0	0	0	0	0	0	0	0	0	0	0	0	0	0	0	0	0	0	0	0	0	0	0	0	0	0	0	0	0	0	0	0	0	0	0	0	0	0	0	0	0	0	0	0	0	0	0	0	0	0	0	0	0	0	0	0	0
Mar 10 2023 19:33:34	-	0	0	0	0	0	0	0	0	0	0	0	0	0	0	0	0	0	0	0	0	0	0	0	0	0	0	0	0	0	0	0	0	0	0	0	0	0	0	0	0	0	0	0	0	0	0	0	0	0	0	0	0	0	0	0	0	0	0	0	0
Mar 10 2023 19:33:35	-	0	0	0	0	0	0	0	0	0	0	0	0	0	0	0	0	0	0	0	0	0	0	0	0	0	0	0	0	0	0	0	0	0	0	0	0	0	0	0	0	0	0	0	0	0	0	0	0	0	0	0	0	0	0	0	0	0	0	0	0
Mar 10 2023 19:33:36	-	0	0	0	0	0	0	0	0	0	0	0	0	0	0	0	0	0	0	0	0	0	0	0	0	0	0	0	0	0	0	0	0	0	0	0	0	0	0	0	0	0	0	0	0	0	0	0	0	0	0	0	0	0	0	0	0	0	0	0	0
Mar 10 2023 19:33:37	-	0	0	0	0	0	0	0	0	0	0	0	0	0	0	0	0	0	0	0	0	0	0	0	0	0	0	0	0	0	0	0	0	0	0	0	0	0	0	0	0	0	0	0	0	0	0	0	0	0	0	0	0	0	0	0	0	0	0	0	0
Mar 10 2023 19:33:38	-	0	0	0	0	0	0	0	0	0	0	0	0	0	0	0	0	0	0	0	0	0	0	0	0	0	0	0	0	0	0	0	0	0	0	0	0	0	0	0	0	0	0	0	0	0	0	0	0	0	0	0	0	0	0	0	0	0	0	0	0
Mar 10 2023 19:33:39	-	0	0	0	0	0	0	0	0	0	0	0	0	0	0	0	0	0	0	0	0	0	0	0	0	0	0	0	0	0	0	0	0	0	0	0	0	0	0	0	0	0	0	0	0	0	0	0	0	0	0	0	0	0	0	0	0	0	0	0	0
Mar 10 2023 19:33:40	-	0.10859593749	0.21606220305	0.321262121201	0.423047780991	0.520252883434	0.611681640148	0.696089863777	0.772156774998	0.838440775871	0.893312513828	0.934852957726	0.960734188557	0.968167722225	0.953939378262	0.914787113667	0.848432421684	0.755716145039	0.643988013268	0.531073212624	0.44727948308	0.432171821594	0.525794386864	0.762402951717	1.17126870155	1.76776254177	2.53823184967	3.44802284241	4.42737197876	5.38742208481	6.22231626511	6.83269739151	7.13727760315	7.09204959869	6.69985103607	6.00791549683	5.0982375145	4.07237958908	3.03449988365	2.07888436317	1.2813038826	0.693106532097	0.337959170341	0.209763973951	0.275172829628	0.477995544672	0.747244954109	1.01012134552	1.2066603899	1.29971861839	1.27758014202	1.14952778816	0.936158299446	0.659973204136	0.341281741858	0	0	0	0	0	0
Mar 10 2023 19:33:41	-	0.0925487577915	0.18424578011	0.274231314659	0.361632674932	0.445556044579	0.525073349476	0.599201083183	0.666866660118	0.726857185364	0.777740597725	0.817743659019	0.844603896141	0.855482816696	0.846950888634	0.815315246582	0.757610201836	0.673747122288	0.57002723217	0.463399469852	0.383908808231	0.371891498566	0.469204932451	0.712632596493	1.13488340378	1.75640022755	2.56859397888	3.53972578049	4.60021495819	5.65631771088	6.59122371674	7.29004144669	7.65256118774	7.6172208786	7.17660951614	6.37958717346	5.323969841	4.13937091827	2.9626083374	1.91484093666	1.08419930935	0.516574561596	0.215615540743	0.148006603122	0.256572514772	0.471526294947	0.721867144108	0.946273028851	1.10127747059	1.16395509243	1.13010537624	1.00966536999	0.81937110424	0.576581597328	0.297778815031	0	0	0	0	0	0
Mar 10 2023 19:33:42	-	0	0	0	0	0	0	0	0	0	0	0	0	0	0	0	0	0	0	0	0	0	0	0	0	0	0	0	0	0	0	0	0	0	0	0	0	0	0	0	0	0	0	0	0	0	0	0	0	0	0	0	0	0	0	0	0	0	0	0	0
Mar 10 2023 19:33:43	-	0	0	0	0	0	0	0	0	0	0	0	0	0	0	0	0	0	0	0	0	0	0	0	0	0	0	0	0	0	0	0	0	0	0	0	0	0	0	0	0	0	0	0	0	0	0	0	0	0	0	0	0	0	0	0	0	0	0	0	0
Mar 10 2023 19:33:44	-	0	0	0	0	0	0	0	0	0	0	0	0	0	0	0	0	0	0	0	0	0	0	0	0	0	0	0	0	0	0	0	0	0	0	0	0	0	0	0	0	0	0	0	0	0	0	0	0	0	0	0	0	0	0	0	0	0	0	0	0
Mar 10 2023 19:33:45	-	0	0	0	0	0	0	0	0	0	0	0	0	0	0	0	0	0	0	0	0	0	0	0	0	0	0	0	0	0	0	0	0	0	0	0	0	0	0	0	0	0	0	0	0	0	0	0	0	0	0	0	0	0	0	0	0	0	0	0	0
Mar 10 2023 19:33:46	-	0	0	0	0	0	0	0	0	0	0	0	0	0	0	0	0	0	0	0	0	0	0	0	0	0	0	0	0	0	0	0	0	0	0	0	0	0	0	0	0	0	0	0	0	0	0	0	0	0	0	0	0	0	0	0	0	0	0	0	0
Mar 10 2023 19:33:47	-	0.0905414968729	0.180442392826	0.269052684307	0.355707168579	0.439715713263	0.520348191261	0.596808850765	0.668197154999	0.73344707489	0.791232943535	0.839824020863	0.876904010773	0.899454116821	0.903702616692	0.885446488857	0.841089904308	0.769955337048	0.678084433079	0.582840144634	0.51548832655	0.517975986004	0.633279025555	0.898314893246	1.34501898289	1.99099671841	2.8223772049	3.8021068573	4.85456418991	5.88245248795	6.76862668991	7.40171813965	7.68897247314	7.57893323898	7.07467269897	6.23389720917	5.15985250473	3.98290801048	2.83568191528	1.83098638058	1.04602849483	0.515194773674	0.232111632824	0.15650318563	0.228836968541	0.383410602808	0.560301423073	0.713562071323	0.814192354679	0.849018990993	0.817329227924	0.726719915867	0.588310956955	0.413480043411	0.21339187026	0	0	0	0	0	0
Mar 10 2023 19:33:48	-	0.121998518705	0.242576286197	0.360307425261	0.473757922649	0.581480503082	0.682006299496	0.773831665516	0.855397641659	0.92505812645	0.981033205986	1.02133738995	1.04370057583	1.04554772377	1.02406215668	0.976534664631	0.901257991791	0.799332916737	0.677518486977	0.551599800587	0.448227614164	0.402539134026	0.451061308384	0.626409173012	0.958084404469	1.46597528458	2.14662098885	2.97727131844	3.9036564827	4.84956598282	5.71652889252	6.40336799622	6.8163022995	6.89015960693	6.60416316986	5.98703241348	5.11375045776	4.09294748306	3.04652070999	2.0894343853	1.31355834007	0.77654749155	0.496881633997	0.453052401543	0.592033684254	0.84068441391	1.12003922462	1.360445261	1.51284337044	1.55318284035	1.47970867157	1.30592656136	1.05156385899	0.736362695694	0.379208743572	0	0	0	0	0	0
Mar 10 2023 19:33:49	-	0	0	0	0	0	0	0	0	0	0	0	0	0	0	0	0	0	0	0	0	0	0	0	0	0	0	0	0	0	0	0	0	0	0	0	0	0	0	0	0	0	0	0	0	0	0	0	0	0	0	0	0	0	0	0	0	0	0	0	0
Mar 10 2023 19:33:50	-	0	0	0	0	0	0	0	0	0	0	0	0	0	0	0	0	0	0	0	0	0	0	0	0	0	0	0	0	0	0	0	0	0	0	0	0	0	0	0	0	0	0	0	0	0	0	0	0	0	0	0	0	0	0	0	0	0	0	0	0
Mar 10 2023 19:33:51	-	0	0	0	0	0	0	0	0	0	0	0	0	0	0	0	0	0	0	0	0	0	0	0	0	0	0	0	0	0	0	0	0	0	0	0	0	0	0	0	0	0	0	0	0	0	0	0	0	0	0	0	0	0	0	0	0	0	0	0	0
Mar 10 2023 19:33:52	-	0	0	0	0	0	0	0	0	0	0	0	0	0	0	0	0	0	0	0	0	0	0	0	0	0	0	0	0	0	0	0	0	0	0	0	0	0	0	0	0	0	0	0	0	0	0	0	0	0	0	0	0	0	0	0	0	0	0	0	0
Mar 10 2023 19:33:53	-	0.135557606816	0.269399642944	0.399805366993	0.525046110153	0.643379807472	0.753043055534	0.852238118649	0.93911254406	1.01172828674	1.06801712513	1.10571205616	1.12227892876	1.11491727829	1.08066940308	1.01685583591	0.922131419182	0.79854875803	0.654750823975	0.509655416012	0.394301205873	0.348867535591	0.414489209652	0.627254247665	1.01883685589	1.60820889473	2.38593935966	3.31993174553	4.34109306335	5.35673999786	6.25198841095	6.91454315186	7.24782419205	7.19496297836	6.75385665894	5.97790241241	4.96638536453	3.84531831741	2.74273729324	1.76840746403	1.00061762333	0.480625718832	0.213680490851	0.172172188759	0.30481210351	0.545584022999	0.824288666248	1.07710754871	1.25529110432	1.33014678955	1.29421567917	1.15750062466	0.939369559288	0.660852491856	0.341286838055	0	0	0	0	0	0
Mar 10 2023 19:33:54	-	0	0	0	0	0	0	0	0	0	0	0	0	0	0	0	0	0	0	0	0	0	0	0	0	0	0	0	0	0	0	0	0	0	0	0	0	0	0	0	0	0	0	0	0	0	0	0	0	0	0	0	0	0	0	0	0	0	0	0	0
Mar 10 2023 19:33:55	-	0	0	0	0	0	0	0	0	0	0	0	0	0	0	0	0	0	0	0	0	0	0	0	0	0	0	0	0	0	0	0	0	0	0	0	0	0	0	0	0	0	0	0	0	0	0	0	0	0	0	0	0	0	0	0	0	0	0	0	0
Mar 10 2023 19:33:56	-	0.0894633829594	0.178195565939	0.265455722809	0.350487470627	0.432509094477	0.510697603226	0.584163308144	0.651908993721	0.712767481804	0.76530534029	0.807672202587	0.837411463261	0.851331830025	0.845433413982	0.815195381641	0.756564319134	0.668199062347	0.555218040943	0.433812052011	0.333999544382	0.296810239553	0.365086644888	0.576619327068	0.965509176254	1.55424773693	2.33704161644	3.28579497337	4.33558559418	5.39801692963	6.36194562912	7.11711788177	7.56578540802	7.64466238022	7.33847999573	6.68121957779	5.74963331223	4.65000629425	3.5007185936	2.41638660431	1.49389481544	0.800414025784	0.36591476202	0.180617690086	0.201473727822	0.362735837698	0.589552402496	0.812554359436	0.979064941406	1.0585719347	1.04249334335	0.93935161829	0.766157746315	0.54085713625	0.279897868633	0	0	0	0	0	0
Mar 10 2023 19:33:57	-	0	0	0	0	0	0	0	0	0	0	0	0	0	0	0	0	0	0	0	0	0	0	0	0	0	0	0	0	0	0	0	0	0	0	0	0	0	0	0	0	0	0	0	0	0	0	0	0	0	0	0	0	0	0	0	0	0	0	0	0
Mar 10 2023 19:33:58	-	0	0	0	0	0	0	0	0	0	0	0	0	0	0	0	0	0	0	0	0	0	0	0	0	0	0	0	0	0	0	0	0	0	0	0	0	0	0	0	0	0	0	0	0	0	0	0	0	0	0	0	0	0	0	0	0	0	0	0	0
Mar 10 2023 19:33:59	-	0	0	0	0	0	0	0	0	0	0	0	0	0	0	0	0	0	0	0	0	0	0	0	0	0	0	0	0	0	0	0	0	0	0	0	0	0	0	0	0	0	0	0	0	0	0	0	0	0	0	0	0	0	0	0	0	0	0	0	0
Mar 10 2023 19:34:00	-	0	0	0	0	0	0	0	0	0	0	0	0	0	0	0	0	0	0	0	0	0	0	0	0	0	0	0	0	0	0	0	0	0	0	0	0	0	0	0	0	0	0	0	0	0	0	0	0	0	0	0	0	0	0	0	0	0	0	0	0
