Date-Time	Dx(10)	Dx(50)	Dx(90)	Cv(%)	D[4][3]	D[3][2]	Transmission	0.00000000	0.00000000	0.00000000	0.00000000	0.00000000	0.00000000	0.00000000	0.00000000	0.00000000	0.00000000	0.00000000	0.00000000	0.00000000	0.00000000	0.00000000	0.00000000	0.00000000	0.00000000	0.00000000	0.00000000	0.00000000	0.00000000	0.00000000	0.00000000	0.00000000	0.00000000	0.00000000	0.00000000	0.00000000	0.00000000	0.00000000	0.00000000	0.00000000	0.00000000	0.00000000	0.00000000	0.00000000	0.00000000	0.00000000	0.00000000	0.00000000	0.00000000	0.00000000	0.00000000	0.00000000	0.00000000	0.00000000	0.00000000	0.00000000	0.00000000	0.00000000	0.00000000	0.00000000	0.00000000	0.00000000	0.00000000	0.00000000	0.00000000	0.00000000	0.00000000	0.00000000
Mar 10 2023 20:01:36	-1.00000001505e+30	-1.00000001505e+30	-1.00000001505e+30	-1.00000002538e+26	-1.00000001505e+30	-1.00000001505e+30	99.8014831543	-	0	0	0	0	0	0	0	0	0	0	0	0	0	0	0	0	0	0	0	0	0	0	0	0	0	0	0	0	0	0	0	0	0	0	0	0	0	0	0	0	0	0	0	0	0	0	0	0	0	0	0	0	0	0	0	0	0	0	0	0
Mar 10 2023 20:01:37	-1.00000001505e+30	-1.00000001505e+30	-1.00000001505e+30	-1.00000002538e+26	-1.00000001505e+30	-1.00000001505e+30	99.8077545166	-	0	0	0	0	0	0	0	0	0	0	0	0	0	0	0	0	0	0	0	0	0	0	0	0	0	0	0	0	0	0	0	0	0	0	0	0	0	0	0	0	0	0	0	0	0	0	0	0	0	0	0	0	0	0	0	0	0	0	0	0
Mar 10 2023 20:01:38	-1.00000001505e+30	-1.00000001505e+30	-1.00000001505e+30	-1.00000002538e+26	-1.00000001505e+30	-1.00000001505e+30	99.3102874756	-	0	0	0	0	0	0	0	0	0	0	0	0	0	0	0	0	0	0	0	0	0	0	0	0	0	0	0	0	0	0	0	0	0	0	0	0	0	0	0	0	0	0	0	0	0	0	0	0	0	0	0	0	0	0	0	0	0	0	0	0
Date-Time	Dx(10)	Dx(50)	Dx(90)	Cv(%)	D[4][3]	D[3][2]	Transmission	0.10000020	0.11659167	0.13593590	0.15848963	0.18478534	0.21544389	0.25118914	0.29286504	0.34145555	0.39810795	0.46415979	0.54117060	0.63095856	0.73564368	0.85769761	1.00000191	1.16591668	1.35935903	1.58489633	1.84785342	2.15443897	2.51189137	2.92865038	3.41455555	3.98107958	4.64159775	5.41170597	6.30958605	7.35643721	8.57697582	10.00002003	11.65916729	13.59359074	15.84896278	18.47853470	21.54438972	25.11891365	29.28650284	34.14555740	39.81079483	46.41598129	54.11705780	63.09585953	73.56436920	85.76976013	100.00019836	116.59166718	135.93591309	158.48962402	184.78533936	215.44389343	251.18913269	292.86502075	341.45556641	398.10794067	464.15979004	541.17059326	630.95855713	735.64367676	857.69757080	1000.00195313
Mar 10 2023 20:01:39	3.63920688629	17.8136138916	36.9557952881	6.60103105474e-05	19.3253707886	3.50540661812	97.1105957031	-	0.0807551220059	0.169903770089	0.258263230324	0.341928869486	0.417903751135	0.483624994755	0.536848604679	0.575640678406	0.598425865173	0.604088246822	0.592143535614	0.562988102436	0.518180310726	0.460843384266	0.396033227444	0.33103787899	0.275325059891	0.239987134933	0.236791238189	0.277230739594	0.371454805136	0.527227342129	0.74962246418	1.03932285309	1.38844251633	1.786870718	2.23274087906	2.7342774868	3.31722760201	4.02100324631	4.87895298004	5.89699316025	7.0178565979	8.09630870819	8.90939712524	9.2105846405	8.81925964355	7.71174573898	6.05166482925	4.14033889771	2.31147265434	0.829291045666	0	0	0	0	0	0	0	0	0	0	0	0	0	0	0	0	0	0
Mar 10 2023 20:01:40	0.574161469936	16.1416187286	36.372428894	6.33687450318e-05	17.3651409149	1.90624248981	95.0984573364	-	0.151024103165	0.318811327219	0.487378060818	0.650593757629	0.803969681263	0.943733215332	1.06656432152	1.16951453686	1.25000572205	1.30588412285	1.33553779125	1.33808481693	1.31361734867	1.26358819008	1.19126963615	1.10231971741	1.00525689125	0.911557674408	0.834923267365	0.789332270622	0.786254942417	0.832934498787	0.933105945587	1.08690500259	1.28636991978	1.52135419846	1.79195678234	2.10983967781	2.50788378716	3.0362007618	3.74204134941	4.64885473251	5.71889638901	6.82441949844	7.75203323364	8.24889469147	8.10614013672	7.25179815292	5.79452419281	3.99372196198	2.1714682579	0.621434688568	0	0	0	0	0	0	0	0	0	0	0	0	0	0	0	0	0	0
Date-Time	Dx(10)	Dx(50)	Dx(90)	Cv(%)	D[4][3]	D[3][2]	Transmission	0.00000000	0.00000000	0.00000000	0.00000000	0.00000000	0.00000000	0.00000000	0.00000000	0.00000000	0.00000000	0.00000000	0.00000000	0.00000000	0.00000000	0.00000000	0.00000000	0.00000000	0.00000000	0.00000000	0.00000000	0.00000000	0.00000000	0.00000000	0.00000000	0.00000000	0.00000000	0.00000000	0.00000000	0.00000000	0.00000000	0.00000000	0.00000000	0.00000000	0.00000000	0.00000000	0.00000000	0.00000000	0.00000000	0.00000000	0.00000000	0.00000000	0.00000000	0.00000000	0.00000000	0.00000000	0.00000000	0.00000000	0.00000000	0.00000000	0.00000000	0.00000000	0.00000000	0.00000000	0.00000000	0.00000000	0.00000000	0.00000000	0.00000000	0.00000000	0.00000000	0.00000000
Mar 10 2023 20:01:41	-1.00000001505e+30	-1.00000001505e+30	-1.00000001505e+30	-1.00000002538e+26	-1.00000001505e+30	-1.00000001505e+30	99.001701355	-	0	0	0	0	0	0	0	0	0	0	0	0	0	0	0	0	0	0	0	0	0	0	0	0	0	0	0	0	0	0	0	0	0	0	0	0	0	0	0	0	0	0	0	0	0	0	0	0	0	0	0	0	0	0	0	0	0	0	0	0
Mar 10 2023 20:01:42	-1.00000001505e+30	-1.00000001505e+30	-1.00000001505e+30	-1.00000002538e+26	-1.00000001505e+30	-1.00000001505e+30	98.9552307129	-	0	0	0	0	0	0	0	0	0	0	0	0	0	0	0	0	0	0	0	0	0	0	0	0	0	0	0	0	0	0	0	0	0	0	0	0	0	0	0	0	0	0	0	0	0	0	0	0	0	0	0	0	0	0	0	0	0	0	0	0
Mar 10 2023 20:01:43	-1.00000001505e+30	-1.00000001505e+30	-1.00000001505e+30	-1.00000002538e+26	-1.00000001505e+30	-1.00000001505e+30	98.719078064	-	0	0	0	0	0	0	0	0	0	0	0	0	0	0	0	0	0	0	0	0	0	0	0	0	0	0	0	0	0	0	0	0	0	0	0	0	0	0	0	0	0	0	0	0	0	0	0	0	0	0	0	0	0	0	0	0	0	0	0	0
Mar 10 2023 20:01:44	-1.00000001505e+30	-1.00000001505e+30	-1.00000001505e+30	-1.00000002538e+26	-1.00000001505e+30	-1.00000001505e+30	99.552116394	-	0	0	0	0	0	0	0	0	0	0	0	0	0	0	0	0	0	0	0	0	0	0	0	0	0	0	0	0	0	0	0	0	0	0	0	0	0	0	0	0	0	0	0	0	0	0	0	0	0	0	0	0	0	0	0	0	0	0	0	0
Mar 10 2023 20:01:45	-1.00000001505e+30	-1.00000001505e+30	-1.00000001505e+30	-1.00000002538e+26	-1.00000001505e+30	-1.00000001505e+30	99.849822998	-	0	0	0	0	0	0	0	0	0	0	0	0	0	0	0	0	0	0	0	0	0	0	0	0	0	0	0	0	0	0	0	0	0	0	0	0	0	0	0	0	0	0	0	0	0	0	0	0	0	0	0	0	0	0	0	0	0	0	0	0
Date-Time	Dx(10)	Dx(50)	Dx(90)	Cv(%)	D[4][3]	D[3][2]	Transmission	0.10000020	0.11659167	0.13593590	0.15848963	0.18478534	0.21544389	0.25118914	0.29286504	0.34145555	0.39810795	0.46415979	0.54117060	0.63095856	0.73564368	0.85769761	1.00000191	1.16591668	1.35935903	1.58489633	1.84785342	2.15443897	2.51189137	2.92865038	3.41455555	3.98107958	4.64159775	5.41170597	6.30958605	7.35643721	8.57697582	10.00002003	11.65916729	13.59359074	15.84896278	18.47853470	21.54438972	25.11891365	29.28650284	34.14555740	39.81079483	46.41598129	54.11705780	63.09585953	73.56436920	85.76976013	100.00019836	116.59166718	135.93591309	158.48962402	184.78533936	215.44389343	251.18913269	292.86502075	341.45556641	398.10794067	464.15979004	541.17059326	630.95855713	735.64367676	857.69757080	1000.00195313
Mar 10 2023 20:01:46	3.27959704399	17.9343013763	39.618057251	6.74989205436e-05	19.9737625122	3.35869240761	96.9299240112	-	0.0943215936422	0.186685785651	0.275142818689	0.357755303383	0.432606101036	0.497811615467	0.551543176174	0.592062056065	0.617775797844	0.627329826355	0.619762420654	0.594743132591	0.552881896496	0.49622553587	0.42886313796	0.35769200325	0.293102383614	0.24922183156	0.243092998862	0.292195230722	0.410638481379	0.606526851654	0.882232666016	1.23340249062	1.64222311974	2.0833003521	2.53861427307	2.99681758881	3.46867966652	3.9876036644	4.59716033936	5.3351984024	6.19896888733	7.11165761948	7.91404628754	8.39231586456	8.34440803528	7.66822624207	6.41820144653	4.79747486115	3.08746266365	1.55245256424	0.371585249901	0	0	0	0	0	0	0	0	0	0	0	0	0	0	0	0	0
Date-Time	Dx(10)	Dx(50)	Dx(90)	Cv(%)	D[4][3]	D[3][2]	Transmission	0.00000000	0.00000000	0.00000000	0.00000000	0.00000000	0.00000000	0.00000000	0.00000000	0.00000000	0.00000000	0.00000000	0.00000000	0.00000000	0.00000000	0.00000000	0.00000000	0.00000000	0.00000000	0.00000000	0.00000000	0.00000000	0.00000000	0.00000000	0.00000000	0.00000000	0.00000000	0.00000000	0.00000000	0.00000000	0.00000000	0.00000000	0.00000000	0.00000000	0.00000000	0.00000000	0.00000000	0.00000000	0.00000000	0.00000000	0.00000000	0.00000000	0.00000000	0.00000000	0.00000000	0.00000000	0.00000000	0.00000000	0.00000000	0.00000000	0.00000000	0.00000000	0.00000000	0.00000000	0.00000000	0.00000000	0.00000000	0.00000000	0.00000000	0.00000000	0.00000000	0.00000000
Mar 10 2023 20:01:47	-1.00000001505e+30	-1.00000001505e+30	-1.00000001505e+30	-1.00000002538e+26	-1.00000001505e+30	-1.00000001505e+30	99.2430114746	-	0	0	0	0	0	0	0	0	0	0	0	0	0	0	0	0	0	0	0	0	0	0	0	0	0	0	0	0	0	0	0	0	0	0	0	0	0	0	0	0	0	0	0	0	0	0	0	0	0	0	0	0	0	0	0	0	0	0	0	0
Mar 10 2023 20:01:48	-1.00000001505e+30	-1.00000001505e+30	-1.00000001505e+30	-1.00000002538e+26	-1.00000001505e+30	-1.00000001505e+30	99.5119247437	-	0	0	0	0	0	0	0	0	0	0	0	0	0	0	0	0	0	0	0	0	0	0	0	0	0	0	0	0	0	0	0	0	0	0	0	0	0	0	0	0	0	0	0	0	0	0	0	0	0	0	0	0	0	0	0	0	0	0	0	0
Date-Time	Dx(10)	Dx(50)	Dx(90)	Cv(%)	D[4][3]	D[3][2]	Transmission	0.10000020	0.11659167	0.13593590	0.15848963	0.18478534	0.21544389	0.25118914	0.29286504	0.34145555	0.39810795	0.46415979	0.54117060	0.63095856	0.73564368	0.85769761	1.00000191	1.16591668	1.35935903	1.58489633	1.84785342	2.15443897	2.51189137	2.92865038	3.41455555	3.98107958	4.64159775	5.41170597	6.30958605	7.35643721	8.57697582	10.00002003	11.65916729	13.59359074	15.84896278	18.47853470	21.54438972	25.11891365	29.28650284	34.14555740	39.81079483	46.41598129	54.11705780	63.09585953	73.56436920	85.76976013	100.00019836	116.59166718	135.93591309	158.48962402	184.78533936	215.44389343	251.18913269	292.86502075	341.45556641	398.10794067	464.15979004	541.17059326	630.95855713	735.64367676	857.69757080	1000.00195313
Mar 10 2023 20:01:49	8.21937179565	22.3833866119	39.4272193909	8.62612068886e-05	23.3155002594	6.09820079803	97.72290802	-	0.0427092500031	0.0949040204287	0.146860808134	0.194424256682	0.2346598804	0.265343487263	0.284848511219	0.292156040668	0.286929547787	0.269642412663	0.241768434644	0.205984458327	0.166234403849	0.12769511342	0.0963437110186	0.0782702937722	0.079282976687	0.105449952185	0.162187829614	0.249734848738	0.359588384628	0.477423369884	0.588726878166	0.679498374462	0.740485906601	0.783801198006	0.844976425171	0.99219751358	1.32446396351	1.97412896156	3.07120585442	4.69304800034	6.7757153511	9.04738998413	11.0415916443	12.2133197784	12.142411232	10.7441797256	8.3391866684	5.53019094467	2.95198082924	1.04562866688	0.0134424930438	0	0	0	0	0	0	0	0	0	0	0	0	0	0	0	0	0
Mar 10 2023 20:01:50	4.36230134964	22.9300327301	43.5526695251	0.000316480844049	24.0814914703	4.24557685852	88.7355957031	-	0.0734148398042	0.145245343447	0.213917791843	0.277875840664	0.335591375828	0.385582685471	0.42644366622	0.456891298294	0.475840181112	0.482521295547	0.476677447557	0.458842247725	0.430646210909	0.395242810249	0.357648104429	0.324875771999	0.305426925421	0.307776272297	0.337745457888	0.395686745644	0.475521624088	0.567579388618	0.66225451231	0.749403119087	0.820014595985	0.879870533943	0.954919099808	1.09996187687	1.39624536037	1.94473195076	2.83257055283	4.10414743423	5.7133564949	7.49032258987	9.14734363556	10.3317098618	10.7251062393	10.1649980545	8.71799468994	6.66718578339	4.41435813904	2.34562683105	0.730873882771	0	0	0	0	0	0	0	0	0	0	0	0	0	0	0	0	0
Mar 10 2023 20:01:51	1.17736375332	11.5196781158	29.5891971588	0.000479330046801	14.2455539703	2.5228934288	75.9365844727	-	0.131121590734	0.259587675333	0.382746577263	0.49795293808	0.602572023869	0.693986356258	0.769607841969	0.826897680759	0.863398790359	0.876793563366	0.865006089211	0.826383829117	0.759996294975	0.666185617447	0.547449111938	0.409901052713	0.265353947878	0.13376057148	0.0449795015156	0.0376720093191	0.153502717614	0.428663939238	0.889450788498	1.550973773	2.40272164345	3.39891529083	4.47549915314	5.53537988663	6.47640514374	7.19949960709	7.63334941864	7.74524497986	7.54708337784	7.08497905731	6.42000961304	5.61131381989	4.70827388763	3.75538921356	2.80315995216	1.91134214401	1.1409072876	0.539177119732	0.127416029572	0	0	0	0	0	0	0	0	0	0	0	0	0	0	0	0	0
Mar 10 2023 20:01:52	5.07035112381	11.1261920929	28.2468452454	7.31219915906e-05	14.2761631012	9.50584697723	97.5011825562	-	0	0	0	0	0	0	0	0	0	0	0	0	0	0	0	0	0	0	0	0	0	0.412891805172	1.16938281059	2.22090864182	3.51677417755	4.94617033005	6.37256574631	7.61794662476	8.52323436737	8.97521305084	8.94121646881	8.48150730133	7.72884988785	6.83635473251	5.92420005798	5.04859256744	4.20518875122	3.36678361893	2.52720475197	1.71878767014	0.999794125557	0.426793336868	0.0396280735731	0	0	0	0	0	0	0	0	0	0	0	0	0	0	0	0	0
Mar 10 2023 20:01:53	-1.00000001505e+30	-1.00000001505e+30	-1.00000001505e+30	-1.00000002538e+26	-1.00000001505e+30	-1.00000001505e+30	99.4635925293	-	0	0	0	0	0	0	0	0	0	0	0	0	0	0	0	0	0	0	0	0	0	0	0	0	0	0	0	0	0	0	0	0	0	0	0	0	0	0	0	0	0	0	0	0	0	0	0	0	0	0	0	0	0	0	0	0	0	0	0	0
Mar 10 2023 20:01:54	-1.00000001505e+30	-1.00000001505e+30	-1.00000001505e+30	-1.00000002538e+26	-1.00000001505e+30	-1.00000001505e+30	98.6201553345	-	0	0	0	0	0	0	0	0	0	0	0	0	0	0	0	0	0	0	0	0	0	0	0	0	0	0	0	0	0	0	0	0	0	0	0	0	0	0	0	0	0	0	0	0	0	0	0	0	0	0	0	0	0	0	0	0	0	0	0	0
Mar 10 2023 20:01:55	-1.00000001505e+30	-1.00000001505e+30	-1.00000001505e+30	-1.00000002538e+26	-1.00000001505e+30	-1.00000001505e+30	99.6970825195	-	0	0	0	0	0	0	0	0	0	0	0	0	0	0	0	0	0	0	0	0	0	0	0	0	0	0	0	0	0	0	0	0	0	0	0	0	0	0	0	0	0	0	0	0	0	0	0	0	0	0	0	0	0	0	0	0	0	0	0	0
Mar 10 2023 20:01:56	-1.00000001505e+30	-1.00000001505e+30	-1.00000001505e+30	-1.00000002538e+26	-1.00000001505e+30	-1.00000001505e+30	99.9387588501	-	0	0	0	0	0	0	0	0	0	0	0	0	0	0	0	0	0	0	0	0	0	0	0	0	0	0	0	0	0	0	0	0	0	0	0	0	0	0	0	0	0	0	0	0	0	0	0	0	0	0	0	0	0	0	0	0	0	0	0	0
Mar 10 2023 20:01:57	-1.00000001505e+30	-1.00000001505e+30	-1.00000001505e+30	-1.00000002538e+26	-1.00000001505e+30	-1.00000001505e+30	99.9533233643	-	0	0	0	0	0	0	0	0	0	0	0	0	0	0	0	0	0	0	0	0	0	0	0	0	0	0	0	0	0	0	0	0	0	0	0	0	0	0	0	0	0	0	0	0	0	0	0	0	0	0	0	0	0	0	0	0	0	0	0	0
Mar 10 2023 20:01:58	-1.00000001505e+30	-1.00000001505e+30	-1.00000001505e+30	-1.00000002538e+26	-1.00000001505e+30	-1.00000001505e+30	100.000953674	-	0	0	0	0	0	0	0	0	0	0	0	0	0	0	0	0	0	0	0	0	0	0	0	0	0	0	0	0	0	0	0	0	0	0	0	0	0	0	0	0	0	0	0	0	0	0	0	0	0	0	0	0	0	0	0	0	0	0	0	0
Mar 10 2023 20:01:59	-1.00000001505e+30	-1.00000001505e+30	-1.00000001505e+30	-1.00000002538e+26	-1.00000001505e+30	-1.00000001505e+30	99.6101760864	-	0	0	0	0	0	0	0	0	0	0	0	0	0	0	0	0	0	0	0	0	0	0	0	0	0	0	0	0	0	0	0	0	0	0	0	0	0	0	0	0	0	0	0	0	0	0	0	0	0	0	0	0	0	0	0	0	0	0	0	0
Mar 10 2023 20:02:00	16.2771587372	24.2422161102	35.8779029846	9.20127495192e-05	25.3416080475	23.1043376923	98.7639465332	-	0	0	0	0	0	0	0	0	0	0	0	0	0	0	0	0	0	0	0	0	0	0	0	0	0	0	0	0	0	0.0282357148826	0.510631799698	2.2018020153	5.72434902191	10.8580503464	16.0807571411	19.0857410431	18.2602157593	13.9812841415	8.37085533142	3.71549010277	1.0661700964	0.116417139769	0	0	0	0	0	0	0	0	0	0	0	0	0	0	0	0	0	0
Mar 10 2023 20:02:01	-1.00000001505e+30	-1.00000001505e+30	-1.00000001505e+30	-1.00000002538e+26	-1.00000001505e+30	-1.00000001505e+30	99.825592041	-	0	0	0	0	0	0	0	0	0	0	0	0	0	0	0	0	0	0	0	0	0	0	0	0	0	0	0	0	0	0	0	0	0	0	0	0	0	0	0	0	0	0	0	0	0	0	0	0	0	0	0	0	0	0	0	0	0	0	0	0
Mar 10 2023 20:02:02	-1.00000001505e+30	-1.00000001505e+30	-1.00000001505e+30	-1.00000002538e+26	-1.00000001505e+30	-1.00000001505e+30	99.9471511841	-	0	0	0	0	0	0	0	0	0	0	0	0	0	0	0	0	0	0	0	0	0	0	0	0	0	0	0	0	0	0	0	0	0	0	0	0	0	0	0	0	0	0	0	0	0	0	0	0	0	0	0	0	0	0	0	0	0	0	0	0
Mar 10 2023 20:02:03	-1.00000001505e+30	-1.00000001505e+30	-1.00000001505e+30	-1.00000002538e+26	-1.00000001505e+30	-1.00000001505e+30	97.687461853	-	0	0	0	0	0	0	0	0	0	0	0	0	0	0	0	0	0	0	0	0	0	0	0	0	0	0	0	0	0	0	0	0	0	0	0	0	0	0	0	0	0	0	0	0	0	0	0	0	0	0	0	0	0	0	0	0	0	0	0	0
Mar 10 2023 20:02:04	-1.00000001505e+30	-1.00000001505e+30	-1.00000001505e+30	-1.00000002538e+26	-1.00000001505e+30	-1.00000001505e+30	95.4917449951	-	0	0	0	0	0	0	0	0	0	0	0	0	0	0	0	0	0	0	0	0	0	0	0	0	0	0	0	0	0	0	0	0	0	0	0	0	0	0	0	0	0	0	0	0	0	0	0	0	0	0	0	0	0	0	0	0	0	0	0	0
Mar 10 2023 20:02:05	0.76979893446	13.8855686188	65.6516342163	0.000616233621258	29.4116706848	2.30543756485	66.5044326782	-	0.136924371123	0.271839499474	0.402734279633	0.527594745159	0.644402265549	0.751130759716	0.845742702484	0.926182985306	0.990371286869	1.03619217873	1.06148767471	1.06407296658	1.04183423519	0.9929702878	0.916539311409	0.813558161259	0.688886761665	0.553851485252	0.428830772638	0.343660444021	0.333556115627	0.431393921375	0.663092195988	1.04767203331	1.58733761311	2.25816845894	3.02259373665	3.81806302071	4.57684898376	5.22987794876	5.72303342819	6.0229678154	6.12083530426	6.02551794052	5.7526011467	5.31656980515	4.7313246727	4.02106952667	3.23361706734	2.44397830963	1.74194335938	1.20856022835	0.892812848091	0.794551074505	0.865863144398	1.02499783039	1.18204534054	1.26635098457	1.24357140064	1.11493933201	0.903271317482	0.634436905384	0.32772988081	0	0	0	0	0	0	0
Mar 10 2023 20:02:06	0.602991104126	12.6724481583	79.7233810425	0.000926677370444	29.5437889099	2.1390273571	57.0369644165	-	0.100735425949	0.251566976309	0.423258125782	0.602156579494	0.777396380901	0.939225673676	1.07859170437	1.18710541725	1.25718832016	1.28235840797	1.2576726675	1.18037438393	1.05079007149	0.873641490936	0.659742057323	0.428097873926	0.207843393087	0.0399433337152	0	0	0	0	0.34834086895	0.919528305531	1.69608318806	2.63634729385	3.67651963234	4.71485424042	5.63968658447	6.3393497467	6.73312234879	6.78606557846	6.51981735229	6.00207614899	5.32129764557	4.56053066254	3.78130817413	3.02534389496	2.32881784439	1.73209798336	1.27716171741	0.994759678841	0.890798330307	0.937174797058	1.077491045	1.24123132229	1.36314892769	1.39953374863	1.33497726917	1.17726814747	0.945925533772	0.661265015602	0.3403891325	0	0	0	0	0	0	0
Mar 10 2023 20:02:07	3.90380764008	13.4144029617	37.0991668701	0.00119730818551	19.8690643311	3.05849671364	55.9400024414	-	0.0359475202858	0.115555666387	0.224330022931	0.351459562778	0.486275613308	0.617916345596	0.735520482063	0.828641653061	0.887812495232	0.905252218246	0.875742554665	0.79771065712	0.674541711807	0.516123235226	0.34028917551	0.17343428731	0.0484430454671	0	0	0	0	0.0779216960073	0.452231049538	1.02237820625	1.7897695303	2.72351980209	3.77207183838	4.84892892838	5.85539007187	6.68810224533	7.2662062645	7.54379653931	7.52048063278	7.23376274109	6.73845386505	6.0855717659	5.31131887436	4.4436507225	3.52033638954	2.60089635849	1.76189279556	1.07730734348	0.59593051672	0.322881698608	0.221232041717	0.227049529552	0.273503750563	0.311456888914	0.317553162575	0.289745092392	0.236797422171	0.167623952031	0.0872421786189	0	0	0	0	0	0	0
Mar 10 2023 20:02:08	4.13918638229	10.7998065948	24.5808506012	0.000198843394173	12.8673830032	3.69522047043	90.4309387207	-	1.4817391758e-08	1.05305571196e-05	0.000459515838884	0.00609185826033	0.040303286165	0.1649915874	0.465173006058	0.95333147049	1.45095610619	1.63292264938	1.31675112247	0.710225999355	0.224561244249	0.0320307537913	0.0011266276706	1.30274702315e-06	0	0	0	0	0	0.180379077792	0.719250321388	1.53773367405	2.63434553146	3.95445489883	5.40710449219	6.84169101715	8.08679103851	8.96647453308	9.34949874878	9.17688846588	8.48583030701	7.40106201172	6.09824466705	4.75704431534	3.51921439171	2.46686577797	1.6277141571	0.992566883564	0.535090148449	0.225787356496	0.037030916661	0	0	0	0	0	0	0	0	0	0	0	0	0	0	0	0	0
Mar 10 2023 20:02:09	3.75812315941	10.5244455338	21.8616905212	0.00074716436211	11.8109264374	3.25473809242	65.795715332	-	5.3425205806e-06	0.000403721554903	0.005032309331	0.0290059112012	0.106467410922	0.285884261131	0.601755201817	1.02821147442	1.44645404816	1.671682477	1.55752503872	1.12269377708	0.579044103622	0.183601304889	0.0255373977125	0.000553851772565	8.8300298063e-14	0	0	0	0	0.086542673409	0.553152918816	1.32035672665	2.40153193474	3.75869226456	5.3090467453	6.89886903763	8.33633899689	9.40832710266	9.93757820129	9.81906795502	9.05914402008	7.78034639359	6.18924760818	4.52449655533	2.99992012978	1.76066792011	0.86890411377	0.312490701675	0.0314078554511	0	0	0	0	0	0	0	0	0	0	0	0	0	0	0	0	0	0	0
Mar 10 2023 20:02:10	3.36706233025	10.268948555	20.5085735321	0.000413263740484	11.2730331421	3.12817072868	77.5318832397	-	0.0255880840123	0.0712354630232	0.13536542654	0.218027994037	0.318386852741	0.434062063694	0.560631096363	0.691199660301	0.816083431244	0.92270475626	0.995904326439	1.01896381378	0.975730657578	0.854601442814	0.654955029488	0.396764963865	0.133050590754	0	0	0	0.0334910191596	0.212813004851	0.606888234615	1.29290795326	2.32222676277	3.68656110764	5.31548404694	7.04340410233	8.64075469971	9.83981132507	10.4089441299	10.2111473083	9.259100914	7.7216668129	5.87641620636	4.03156232834	2.44254231453	1.2536034584	0.489188969135	0.0882193595171	0	0	0	0	0	0	0	0	0	0	0	0	0	0	0	0	0	0	0	0
Mar 10 2023 20:02:11	3.12488436699	10.5341978073	23.9615478516	0.000431718857726	12.340587616	2.72138500214	78.4139404297	-	0.0814375281334	0.184879481792	0.29780241847	0.414150476456	0.528481960297	0.635344088078	0.729146003723	0.804190814495	0.854807078838	0.87558400631	0.861762464046	0.809840559959	0.71844792366	0.589713096619	0.431124866009	0.258038133383	0.0964662432671	0	0	0	0.104404449463	0.40674996376	0.926110684872	1.69234001637	2.70414400101	3.91372179985	5.24146509171	6.55722093582	7.7121553421	8.552734375	8.95921802521	8.86893844604	8.29660606384	7.33106517792	6.11137914658	4.79462718964	3.52372479439	2.40410923958	1.49600219727	0.816574513912	0.350356012583	0.0651466920972	0	0	0	0	0	0	0	0	0	0	0	0	0	0	0	0	0	0
Mar 10 2023 20:02:12	2.48000335693	10.4147367477	24.1755828857	0.000372524431441	12.2935523987	2.65318870544	80.1667709351	-	0.0731895044446	0.173700422049	0.287619292736	0.408312112093	0.529813587666	0.646080374718	0.750834465027	0.837598741055	0.899852514267	0.931309640408	0.926372528076	0.880828201771	0.792839109898	0.66444849968	0.503553032875	0.326333194971	0.159166306257	0.0374901406467	0	0.0191439595073	0.173834860325	0.503979980946	1.04441702366	1.81658530235	2.8113386631	3.97685813904	5.23544740677	6.46609354019	7.5351805687	8.30766391754	8.67984485626	8.59779453278	8.07358646393	7.18213415146	6.04200553894	4.79057836533	3.5590338707	2.45267629623	1.54126298428	0.855491757393	0.390568971634	0.115138441324	0	0	0	0	0	0	0	0	0	0	0	0	0	0	0	0	0	0
Mar 10 2023 20:02:13	2.84213781357	9.90001487732	19.7998847961	0.000379432196496	10.8490524292	2.87351369858	78.8802566528	-	0.0173950754106	0.0631542280316	0.137825772166	0.241645887494	0.372475326061	0.524916768074	0.689724624157	0.853533744812	0.999060750008	1.10601091385	1.1530175209	1.12100660801	0.998334050179	0.787995398045	0.516029536724	0.238364353776	0.0389893352985	0	0	0	0.00666786590591	0.196156740189	0.636257946491	1.39806389809	2.52223038673	3.97941803932	5.67490816116	7.41607904434	8.95658683777	10.0281066895	10.419342041	10.0314035416	8.92146205902	7.29244184494	5.43336105347	3.63954687119	2.13854908943	1.04624998569	0.367993891239	0.0356924496591	0	0	0	0	0	0	0	0	0	0	0	0	0	0	0	0	0	0	0	0
Mar 10 2023 20:02:14	1.09482419491	9.26765441895	17.9030780792	5.93011245655e-05	10.0294361115	2.66154575348	96.3391036987	-	0.0276592653245	0.0920289158821	0.18859089911	0.313728809357	0.461583167315	0.623342692852	0.787041425705	0.937756419182	1.05828988552	1.13049328327	1.13746249676	1.0668182373	0.915112257004	0.69336348772	0.432425916195	0.185579195619	0.0230441130698	0	0	0	0.02481883578	0.198396921158	0.634118676186	1.45210945606	2.72888326645	4.43615722656	6.4354839325	8.43785858154	10.0818090439	11.0093307495	10.9950265884	10.0263442993	8.32392883301	6.26330947876	4.24090909958	2.55325746536	1.33551299572	0.573627769947	0.168008804321	0.00677566928789	0	0	0	0	0	0	0	0	0	0	0	0	0	0	0	0	0	0	0	0
Mar 10 2023 20:02:15	3.57239723206	10.3770780563	21.9484729767	0.000203876115847	11.7348489761	3.09505462646	89.0885925293	-	0.0699094235897	0.146598219872	0.228501811624	0.31367084384	0.399748891592	0.483953028917	0.563058793545	0.633394002914	0.690847337246	0.730905234814	0.748746693134	0.739448845387	0.698394417763	0.622097373009	0.509703278542	0.36571508646	0.204378113151	0.0557307265699	0	0.00758484145626	0.116527996957	0.389221072197	0.883271336555	1.64567434788	2.69176149368	3.98292136192	5.43846797943	6.91230297089	8.22741127014	9.19280529022	9.6528711319	9.51905059814	8.80009937286	7.60337400436	6.10809183121	4.524330616	3.04719686508	1.81824207306	0.907821834087	0.317611932755	0.00856965500861	0	0	0	0	0	0	0	0	0	0	0	0	0	0	0	0	0	0	0
Mar 10 2023 20:02:16	0.943766057491	10.4263811111	26.4916439056	7.65278891777e-05	12.8204050064	2.37271475792	95.3824996948	-	0.129013046622	0.264257460833	0.397198230028	0.523463189602	0.639293134212	0.741178631783	0.825772166252	0.88988161087	0.930509984493	0.944940567017	0.93089479208	0.886796057224	0.812172353268	0.708354055882	0.579501390457	0.434157073498	0.2871542871	0.161202937365	0.0864113122225	0.0972252860665	0.235357508063	0.546155810356	1.0648983717	1.81152331829	2.77196264267	3.88677072525	5.07235050201	6.20400190353	7.15294122696	7.79974603653	8.06652545929	7.93312263489	7.44376182556	6.690513134	5.78333330154	4.82060670853	3.87062692642	2.97147750854	2.1449534893	1.40832829475	0.77887403965	0.272802084684	0	0	0	0	0	0	0	0	0	0	0	0	0	0	0	0	0	0
Mar 10 2023 20:02:17	3.50449538231	11.9197292328	30.0769233704	0.000363710249076	14.6387987137	2.95539259911	83.0126113892	-	0.100807383657	0.206369563937	0.309895128012	0.40784484148	0.497159719467	0.574980378151	0.638581097126	0.685370743275	0.712930500507	0.719093024731	0.702084898949	0.660761475563	0.594960272312	0.50610512495	0.398081541061	0.278542518616	0.160481706262	0.063463203609	0.012511048466	0.0328180007637	0.16307105124	0.445444196463	0.910829484463	1.5776900053	2.43707942963	3.44306945801	4.52973270416	5.59715032578	6.54129695892	7.26448202133	7.70045614243	7.82531785965	7.65960597992	7.25208377838	6.65622854233	5.91284275055	5.04712104797	4.08315134048	3.06395888329	2.05868458748	1.15099561214	0.416854679585	0	0	0	0	0	0	0	0	0	0	0	0	0	0	0	0	0	0
Mar 10 2023 20:02:18	-1.00000001505e+30	-1.00000001505e+30	-1.00000001505e+30	-1.00000002538e+26	-1.00000001505e+30	-1.00000001505e+30	98.8680343628	-	0	0	0	0	0	0	0	0	0	0	0	0	0	0	0	0	0	0	0	0	0	0	0	0	0	0	0	0	0	0	0	0	0	0	0	0	0	0	0	0	0	0	0	0	0	0	0	0	0	0	0	0	0	0	0	0	0	0	0	0
Mar 10 2023 20:02:19	3.81638479233	10.1327323914	21.3843631744	9.2463909823e-05	11.4979219437	3.3715569973	95.1675262451	-	0.00683877291158	0.0357455909252	0.0945650711656	0.186727806926	0.310449868441	0.457831799984	0.614546656609	0.760505020618	0.871838927269	0.924477636814	0.899421989918	0.789397776127	0.605667769909	0.382526278496	0.174369722605	0.0387015007436	1.60780473379e-05	0	0	0	0.0961986258626	0.441670060158	1.03023958206	1.89425718784	3.03160476685	4.38590192795	5.86332702637	7.31043434143	8.55185222626	9.40724086761	9.73807239532	9.47626113892	8.64976787567	7.37954282761	5.85024118423	4.26879358292	2.82077431679	1.63626408577	0.776499927044	0.237426817417	0	0	0	0	0	0	0	0	0	0	0	0	0	0	0	0	0	0	0	0
Mar 10 2023 20:02:20	-1.00000001505e+30	-1.00000001505e+30	-1.00000001505e+30	-1.00000002538e+26	-1.00000001505e+30	-1.00000001505e+30	99.6307754517	-	0	0	0	0	0	0	0	0	0	0	0	0	0	0	0	0	0	0	0	0	0	0	0	0	0	0	0	0	0	0	0	0	0	0	0	0	0	0	0	0	0	0	0	0	0	0	0	0	0	0	0	0	0	0	0	0	0	0	0	0
Mar 10 2023 20:02:21	-1.00000001505e+30	-1.00000001505e+30	-1.00000001505e+30	-1.00000002538e+26	-1.00000001505e+30	-1.00000001505e+30	98.0369033813	-	0	0	0	0	0	0	0	0	0	0	0	0	0	0	0	0	0	0	0	0	0	0	0	0	0	0	0	0	0	0	0	0	0	0	0	0	0	0	0	0	0	0	0	0	0	0	0	0	0	0	0	0	0	0	0	0	0	0	0	0
Mar 10 2023 20:02:22	0.677740931511	10.101398468	25.900346756	0.000218962668441	12.3110809326	2.07587981224	86.050491333	-	0.145440682769	0.306280851364	0.46615204215	0.618161797523	0.757016658783	0.87815374136	0.977509856224	1.05147087574	1.09690737724	1.11127948761	1.09283280373	1.04091215134	0.956396400928	0.842406153679	0.705224275589	0.555522501469	0.409534573555	0.289471507072	0.222317203879	0.238339096308	0.373178482056	0.666348338127	1.1519010067	1.85008180141	2.74821209908	3.79048585892	4.8980345726	5.95506572723	6.84369945526	7.4567489624	7.72560024261	7.63288116455	7.21576881409	6.54986953735	5.72357749939	4.81529855728	3.88139152527	2.95920968056	2.07972574234	1.27636682987	0.586897492409	0.0583268776536	0	0	0	0	0	0	0	0	0	0	0	0	0	0	0	0	0	0
Mar 10 2023 20:02:23	1.02649569511	11.3533773422	28.9523620605	0.000670553476084	14.0344610214	2.43498134613	67.8484954834	-	0.139351204038	0.275743275881	0.406223714352	0.527850747108	0.637700498104	0.732878386974	0.81053841114	0.867915332317	0.902376055717	0.911506354809	0.893261909485	0.846215426922	0.769920706749	0.665544867516	0.53678715229	0.391285032034	0.242439866066	0.111350826919	0.0279132779688	0.0293166898191	0.154706075788	0.438039183617	0.904469966888	1.56873106956	2.42182636261	3.42191839218	4.50832414627	5.58726453781	6.55576372147	7.30898237228	7.76512527466	7.8778796196	7.64776563644	7.11844921112	6.36132860184	5.45751953125	4.48319387436	3.50357627869	2.57547211647	1.74923431873	1.06632518768	0.553102970123	0.214376628399	0.0305043272674	0	0	0	0	0	0	0	0	0	0	0	0	0	0	0	0
Mar 10 2023 20:02:24	0.635010719299	13.4791698456	39.0810661316	0.000938451674301	19.2359161377	2.07247257233	54.7425498962	-	0.17118704319	0.338916748762	0.49974167347	0.65023034811	0.78697770834	0.906622052193	1.00587248802	1.08155560493	1.1306874752	1.15059304237	1.13910913467	1.09489619732	1.01784968376	0.909764111042	0.775169730186	0.622439265251	0.464919567108	0.321720093489	0.217449218035	0.18004347384	0.236652910709	0.409685254097	0.715480566025	1.16271734238	1.74334108829	2.42957878113	3.18459415436	3.9545352459	4.68478298187	5.32409095764	5.83557701111	6.19997167587	6.4135761261	6.47738933563	6.38467693329	6.11544704437	5.64413404465	4.96206521988	4.10138607025	3.14324903488	2.20182776451	1.39041531086	0.788123369217	0.415930479765	0.2406450212	0.194964066148	0.206970214844	0.224111631513	0.221948608756	0.197908118367	0.159024849534	0.1115392223	0.057902880013	0	0	0	0	0	0	0
Mar 10 2023 20:02:25	0.90182197094	10.9458312988	28.8894748688	0.000475475768326	13.752869606	2.36876320839	73.6033782959	-	0.133595839143	0.264827162027	0.391330569983	0.510744392872	0.620709955692	0.718874156475	0.80289298296	0.870439589024	0.919217050076	0.946984648705	0.951609015465	0.931172847748	0.884191811085	0.810054600239	0.709814488888	0.58761715889	0.452921032906	0.323353111744	0.22720772028	0.203163892031	0.294857054949	0.541741609573	0.973739027977	1.61029291153	2.44614839554	3.43866539001	4.52347183228	5.59846258163	6.55170965195	7.26989364624	7.66785907745	7.70324850082	7.3893456459	6.78909778595	5.99430990219	5.10063648224	4.18659877777	3.30493712425	2.4885597229	1.76034343243	1.13993144035	0.643783211708	0.27996519208	0.041679751128	0	0	0	0	0	0	0	0	0	0	0	0	0	0	0	0
Mar 10 2023 20:02:26	1.0421860218	9.94309329987	25.946641922	0.000238509222982	12.404586792	2.38588428497	85.9696884155	-	0.12094643712	0.254628330469	0.387354880571	0.513316571712	0.628036975861	0.727653264999	0.808727920055	0.868210554123	0.903474926949	0.912416696548	0.893635749817	0.84672755003	0.772697329521	0.674636781216	0.558618724346	0.434897780418	0.319064468145	0.232498049736	0.201745629311	0.259146243334	0.445059031248	0.801353335381	1.36072540283	2.13959312439	3.11764454842	4.22722005844	5.37672472	6.43617343903	7.27804660797	7.79304885864	7.92112874985	7.66480207443	7.08919095993	6.29898405075	5.40530490875	4.49693870544	3.62535452843	2.80900669098	2.05145668983	1.35812187195	0.745169997215	0.240517035127	0	0	0	0	0	0	0	0	0	0	0	0	0	0	0	0	0	0
Mar 10 2023 20:02:27	-1.00000001505e+30	-1.00000001505e+30	-1.00000001505e+30	-1.00000002538e+26	-1.00000001505e+30	-1.00000001505e+30	99.2932434082	-	0	0	0	0	0	0	0	0	0	0	0	0	0	0	0	0	0	0	0	0	0	0	0	0	0	0	0	0	0	0	0	0	0	0	0	0	0	0	0	0	0	0	0	0	0	0	0	0	0	0	0	0	0	0	0	0	0	0	0	0
Mar 10 2023 20:02:28	3.66699242592	9.68565368652	17.3163051605	4.80534436065e-05	10.1768026352	3.16280245781	96.9945678711	-	0.00406331755221	0.0218952503055	0.0615415796638	0.130671098828	0.235196992755	0.377339869738	0.553452014923	0.751978695393	0.952118933201	1.12396538258	1.23112976551	1.2370300293	1.11587929726	0.868333220482	0.538169801235	0.218913838267	0.0268582757562	0	0	0	0	0.0378294661641	0.241731107235	0.776709616184	1.82329154015	3.48643016815	5.72855710983	8.26658725739	10.6139822006	12.1794986725	12.5034141541	11.4486532211	9.29678153992	6.63706827164	4.10904693604	2.15694594383	0.919406890869	0.284957885742	0.0405702292919	0	0	0	0	0	0	0	0	0	0	0	0	0	0	0	0	0	0	0	0	0
Mar 10 2023 20:02:29	0.577863931656	9.00422859192	19.4355659485	6.02895670454e-05	10.0669221878	1.9364169836	95.8254165649	-	0.112089082599	0.284556895494	0.477242052555	0.671269059181	0.852871477604	1.01106798649	1.13700461388	1.22378218174	1.26648461819	1.26232385635	1.2108938694	1.11453092098	0.978740572929	0.812763631344	0.630021691322	0.448208868504	0.288103461266	0.169972851872	0.107998587191	0.111496411264	0.208216995001	0.463271558285	0.960723042488	1.77613329887	2.93512058258	4.37673902512	5.97058200836	7.49588680267	8.70895576477	9.38730621338	9.40299224854	8.75810909271	7.58939695358	6.12162256241	4.5949587822	3.2010641098	2.04880404472	1.16699075699	0.535510361195	0.126192748547	0	0	0	0	0	0	0	0	0	0	0	0	0	0	0	0	0	0	0	0
Mar 10 2023 20:02:30	0.83355396986	13.6781702042	35.5399017334	0.000321150466334	16.5775814056	2.35661506653	80.6565475464	-	0.130870386958	0.259765148163	0.384709507227	0.503730416298	0.614857316017	0.716124355793	0.80557346344	0.881260633469	0.941266417503	0.983715772629	1.00681722164	1.00894153118	0.988775491714	0.945627331734	0.879967570305	0.794391155243	0.695092856884	0.593731701374	0.509002923965	0.46631911397	0.49413010478	0.618041694164	0.857734382153	1.22680401802	1.72461378574	2.33130478859	3.01935458183	3.74567651749	4.46771001816	5.14504146576	5.74659204483	6.25021362305	6.63720798492	6.88107919693	6.939453125	6.75680112839	6.2824754715	5.5020942688	4.46366500854	3.28069806099	2.10597467422	1.08692026138	0.325872004032	0	0	0	0	0	0	0	0	0	0	0	0	0	0	0	0	0
Mar 10 2023 20:02:31	0.847603499889	12.7544689178	32.2668762207	0.000209527323022	15.2672214508	2.36890697479	87.1282424927	-	0.117432713509	0.247742578387	0.378320872784	0.504214942455	0.621744036674	0.727777481079	0.819525003433	0.894464075565	0.950325071812	0.985111296177	0.997158706188	0.985252976418	0.948835909367	0.888383746147	0.806013286114	0.706461369991	0.598398804665	0.495763629675	0.418346375227	0.390657603741	0.43941834569	0.591127872467	0.870500385761	1.297960639	1.87747502327	2.58780574799	3.39400720596	4.23815584183	5.05903768539	5.79623365402	6.40241336823	6.84596157074	7.1083574295	7.17356348038	7.01848506927	6.61288118362	5.93304872513	4.98756408691	3.8383743763	2.60057616234	1.41745936871	0.427673012018	0	0	0	0	0	0	0	0	0	0	0	0	0	0	0	0	0	0
Mar 10 2023 20:02:32	-1.00000001505e+30	-1.00000001505e+30	-1.00000001505e+30	-1.00000002538e+26	-1.00000001505e+30	-1.00000001505e+30	99.8603439331	-	0	0	0	0	0	0	0	0	0	0	0	0	0	0	0	0	0	0	0	0	0	0	0	0	0	0	0	0	0	0	0	0	0	0	0	0	0	0	0	0	0	0	0	0	0	0	0	0	0	0	0	0	0	0	0	0	0	0	0	0
Mar 10 2023 20:02:33	-1.00000001505e+30	-1.00000001505e+30	-1.00000001505e+30	-1.00000002538e+26	-1.00000001505e+30	-1.00000001505e+30	99.962310791	-	0	0	0	0	0	0	0	0	0	0	0	0	0	0	0	0	0	0	0	0	0	0	0	0	0	0	0	0	0	0	0	0	0	0	0	0	0	0	0	0	0	0	0	0	0	0	0	0	0	0	0	0	0	0	0	0	0	0	0	0
Mar 10 2023 20:02:34	-1.00000001505e+30	-1.00000001505e+30	-1.00000001505e+30	-1.00000002538e+26	-1.00000001505e+30	-1.00000001505e+30	96.5910949707	-	0	0	0	0	0	0	0	0	0	0	0	0	0	0	0	0	0	0	0	0	0	0	0	0	0	0	0	0	0	0	0	0	0	0	0	0	0	0	0	0	0	0	0	0	0	0	0	0	0	0	0	0	0	0	0	0	0	0	0	0
Mar 10 2023 20:02:35	-1.00000001505e+30	-1.00000001505e+30	-1.00000001505e+30	-1.00000002538e+26	-1.00000001505e+30	-1.00000001505e+30	97.8291473389	-	0	0	0	0	0	0	0	0	0	0	0	0	0	0	0	0	0	0	0	0	0	0	0	0	0	0	0	0	0	0	0	0	0	0	0	0	0	0	0	0	0	0	0	0	0	0	0	0	0	0	0	0	0	0	0	0	0	0	0	0
Mar 10 2023 20:02:36	-1.00000001505e+30	-1.00000001505e+30	-1.00000001505e+30	-1.00000002538e+26	-1.00000001505e+30	-1.00000001505e+30	99.2021408081	-	0	0	0	0	0	0	0	0	0	0	0	0	0	0	0	0	0	0	0	0	0	0	0	0	0	0	0	0	0	0	0	0	0	0	0	0	0	0	0	0	0	0	0	0	0	0	0	0	0	0	0	0	0	0	0	0	0	0	0	0
Mar 10 2023 20:02:37	0.755945086479	9.68051815033	23.5516967773	0.000284177483991	11.5616941452	2.14808130264	83.0748672485	-	0.143797278404	0.302360028028	0.459061324596	0.606661260128	0.739531755447	0.852816581726	0.942224979401	1.00401496887	1.0350728035	1.03308475018	0.996833086014	0.926637351513	0.82490581274	0.696968197823	0.551990866661	0.403951853514	0.272052586079	0.179768487811	0.15273681283	0.220669850707	0.42224881053	0.796756625175	1.37326788902	2.1641254425	3.14665818214	4.2566614151	5.40914821625	6.48536968231	7.36608791351	7.94365930557	8.14711666107	7.95465612411	7.39900827408	6.55703783035	5.53026294708	4.42519617081	3.33714222908	2.34063625336	1.48733448982	0.80614554882	0.30634072423	0	0	0	0	0	0	0	0	0	0	0	0	0	0	0	0	0	0	0
Mar 10 2023 20:02:38	-1.00000001505e+30	-1.00000001505e+30	-1.00000001505e+30	-1.00000002538e+26	-1.00000001505e+30	-1.00000001505e+30	98.9600524902	-	0	0	0	0	0	0	0	0	0	0	0	0	0	0	0	0	0	0	0	0	0	0	0	0	0	0	0	0	0	0	0	0	0	0	0	0	0	0	0	0	0	0	0	0	0	0	0	0	0	0	0	0	0	0	0	0	0	0	0	0
Mar 10 2023 20:02:39	0.727141916752	8.36266899109	16.958158493	8.7649874331e-05	9.26097488403	2.46038079262	93.9153518677	-	0.0195278469473	0.0682259425521	0.149404838681	0.266762882471	0.421343415976	0.609718382359	0.822282195091	1.04184174538	1.24296605587	1.39284718037	1.45477902889	1.39546728134	1.19670951366	0.871555328369	0.480259597301	0.136403873563	0	0	0	0.0134332086891	0.127623692155	0.44694814086	1.08980298042	2.16024494171	3.68148732185	5.54125595093	7.51202487946	9.23969364166	10.3657083511	10.6306772232	9.9721622467	8.56052017212	6.73572778702	4.87330341339	3.25960469246	2.03024196625	1.18224346638	0.634160876274	0.290522247553	0.0825059115887	0	0	0	0	0	0	0	0	0	0	0	0	0	0	0	0	0	0	0	0
Mar 10 2023 20:02:40	0.74058252573	13.1332120895	34.5882568359	0.000121373326692	15.9480667114	2.2101559639	91.8757324219	-	0.142416760325	0.282618463039	0.418391406536	0.547524094582	0.667808949947	0.777044534683	0.873040616512	0.953625977039	1.01666235924	1.06007051468	1.08187937737	1.08032202721	1.05401945114	1.00233495235	0.925994634628	0.82817274332	0.716125786304	0.603209674358	0.510474026203	0.46603345871	0.500637412071	0.640992462635	0.906457126141	1.30867290497	1.8416352272	2.47701787949	3.17915964127	3.89651918411	4.58254861832	5.19884157181	5.72309207916	6.1484003067	6.47398328781	6.68794059753	6.75395822525	6.61094713211	6.19171237946	5.45923471451	4.43885087967	3.2253677845	1.95951330662	0.786747813225	0	0	0	0	0	0	0	0	0	0	0	0	0	0	0	0	0	0
Mar 10 2023 20:02:41	1.67753052711	16.2930965424	37.1247940063	8.77135680639e-05	18.4001407623	3.20491671562	95.1106033325	-	0.0810777693987	0.16140691936	0.240234330297	0.31679970026	0.390330940485	0.460037022829	0.525096178055	0.584637582302	0.637713551521	0.683257520199	0.72002017498	0.746497631073	0.760907709599	0.761232078075	0.745491862297	0.712462306023	0.663099229336	0.602719902992	0.54338657856	0.50473511219	0.511207461357	0.586121380329	0.748221278191	1.01259076595	1.38503444195	1.85785388947	2.42028164864	3.05317091942	3.74179434776	4.47453784943	5.24163007736	6.02727985382	6.79446983337	7.46906614304	7.93683815002	8.06144714355	7.72567176819	6.88644218445	5.61042118073	4.06779146194	2.48261904716	1.06437659264	0	0	0	0	0	0	0	0	0	0	0	0	0	0	0	0	0	0
Mar 10 2023 20:02:42	-1.00000001505e+30	-1.00000001505e+30	-1.00000001505e+30	-1.00000002538e+26	-1.00000001505e+30	-1.00000001505e+30	96.4491653442	-	0	0	0	0	0	0	0	0	0	0	0	0	0	0	0	0	0	0	0	0	0	0	0	0	0	0	0	0	0	0	0	0	0	0	0	0	0	0	0	0	0	0	0	0	0	0	0	0	0	0	0	0	0	0	0	0	0	0	0	0
Mar 10 2023 20:02:43	0.700725615025	14.9832382202	35.6332435608	9.27591972868e-05	16.9960289001	2.17892193794	93.8217010498	-	0.132802575827	0.280111819506	0.427608758211	0.569637656212	0.701990187168	0.821096420288	0.923794984818	1.00726544857	1.06902980804	1.10700488091	1.11961293221	1.10596466064	1.06612050533	1.00152039528	0.915556788445	0.814372479916	0.707713663578	0.609506130219	0.537543773651	0.511670708656	0.550754010677	0.670189023018	0.881463766098	1.19065153599	1.58892667294	2.05308866501	2.56112599373	3.0894472599	3.63134074211	4.19772672653	4.80964040756	5.48561239243	6.21337890625	6.92158412933	7.47266340256	7.68783760071	7.40663862228	6.56466245651	5.24050760269	3.64192652702	2.0371260643	0.673781871796	0	0	0	0	0	0	0	0	0	0	0	0	0	0	0	0	0	0
Mar 10 2023 20:02:44	0.765542030334	11.9156951904	29.1177978516	6.33557719993e-05	14.1300964355	2.28617119789	96.3321609497	-	0.0966166853905	0.245034575462	0.410421699286	0.576335608959	0.730782747269	0.864228487015	0.969046235085	1.03938698769	1.0712249279	1.06250917912	1.01341366768	0.92666631937	0.807879090309	0.665935575962	0.513122916222	0.364791274071	0.237819105387	0.147385179996	0.103361368179	0.113395288587	0.198892295361	0.403066068888	0.776964068413	1.36090278625	2.15599751472	3.10991549492	4.14142417908	5.13573026657	5.99323654175	6.64895105362	7.08565187454	7.32770776749	7.40932512283	7.33426141739	7.05691480637	6.49911260605	5.60286808014	4.39714336395	3.02459383011	1.70227956772	0.645420372486	0.0302835740149	0	0	0	0	0	0	0	0	0	0	0	0	0	0	0	0	0	0
Mar 10 2023 20:02:45	0.48081022501	17.7632236481	38.9688949585	9.78324533207e-05	18.501783371	1.6685243845	91.8550338745	-	0.178056329489	0.375943332911	0.574890136719	0.767739593983	0.949263095856	1.11506557465	1.26126778126	1.38440108299	1.48139226437	1.54960525036	1.58694410324	1.59202456474	1.56440627575	1.50496816635	1.41637647152	1.30369472504	1.17496109009	1.04144084454	0.917031705379	0.816278934479	0.751269221306	0.729463636875	0.754353940487	0.825931429863	0.936600267887	1.07652151585	1.24619412422	1.45801186562	1.74824666977	2.17553830147	2.80458426476	3.68755531311	4.82346248627	6.11725473404	7.365711689	8.2849187851	8.58791351318	8.09736919403	6.83064842224	5.01012229919	2.98985505104	1.14272129536	0	0	0	0	0	0	0	0	0	0	0	0	0	0	0	0	0	0
Mar 10 2023 20:02:46	0.980574965477	17.7380180359	43.7144813538	0.000218762419536	22.5225028992	2.62202095985	87.0174560547	-	0.111597552896	0.221818894148	0.32928737998	0.432625591755	0.530454933643	0.621395170689	0.704063713551	0.77707439661	0.839037537575	0.888561069965	0.924256980419	0.94476723671	0.94883787632	0.935486316681	0.904339194298	0.856276035309	0.794478535652	0.72580820322	0.662019371986	0.619598269463	0.617105484009	0.67093527317	0.793334960938	0.992747843266	1.26888024807	1.61203050613	2.01366662979	2.46368074417	2.96248650551	3.52012205124	4.15113210678	4.86506175995	5.64628839493	6.43293714523	7.10965824127	7.52213573456	7.51837921143	7.01076078415	6.02516222	4.70971345901	3.29284071922	2.00894594193	1.03124189377	0.424414306879	0.150135889649	0.102049134672	0.158537626266	0.225983321667	0.257210075855	0.245204895735	0.203466296196	0.145421952009	0.0765309631824	0	0	0	0	0	0	0
Mar 10 2023 20:02:47	1.5675303936	12.8290605545	34.6589622498	0.000518636545166	20.4523220062	2.8369011879	74.3824996948	-	0.105068229139	0.208493724465	0.308632254601	0.403837114573	0.492457717657	0.572837471962	0.643310248852	0.702195644379	0.747793018818	0.778374552727	0.792181313038	0.78744328022	0.76247549057	0.71591347456	0.64723443985	0.557806193829	0.452695131302	0.343231916428	0.24967803061	0.202034533024	0.236752927303	0.389637291431	0.691085457802	1.16615700722	1.82600855827	2.65566062927	3.62097477913	4.65577936172	5.67565107346	6.57998752594	7.27297878265	7.67383956909	7.73375797272	7.44436359406	6.83620214462	5.97271537781	4.94112300873	3.84170889854	2.7774283886	1.84172463417	1.10469400883	0.601688146591	0.327621877193	0.241843938828	0.280732601881	0.374424934387	0.464603215456	0.515781223774	0.515845894814	0.468424230814	0.383796483278	0.272041678429	0.141271412373	0	0	0	0	0	0	0
Mar 10 2023 20:02:48	3.49584388733	13.4141263962	33.5116882324	0.00063872494502	18.6299476624	3.14177155495	71.9467086792	-	0.09453433007	0.187499210238	0.277323931456	0.362435787916	0.441259086132	0.512213051319	0.573709666729	0.624149501324	0.6619181633	0.685381352901	0.692886054516	0.68278491497	0.653534591198	0.603930771351	0.533615529537	0.444088041782	0.340438038111	0.2338000983	0.14391413331	0.0999403297901	0.13740055263	0.291456699371	0.592335522175	1.06540870667	1.72322559357	2.55347371101	3.52507305145	4.57589912415	5.62563896179	6.57773780823	7.33952951431	7.83137845993	8.00170135498	7.8335313797	7.3421330452	6.57021188736	5.5831580162	4.46561813354	3.31763315201	2.24497365952	1.34199345112	0.67233812809	0.25518399477	0.0636087805033	0.0369763560593	0.100715741515	0.188353449106	0.255843818188	0.283955067396	0.27207878232	0.229391336441	0.16559702158	0.0870779678226	0	0	0	0	0	0	0
Mar 10 2023 20:02:49	0.879594504833	11.0005626678	25.8545589447	0.000466072349809	12.8915719986	2.33516383171	75.2043228149	-	0.143557369709	0.284203916788	0.419034212828	0.545151412487	0.659673333168	0.75974136591	0.842536509037	0.905305802822	0.945404648781	0.960369229317	0.948043823242	0.906793951988	0.835831642151	0.735793411732	0.609613001347	0.46390619874	0.310862243176	0.170399263501	0.0717021524906	0.0523142181337	0.153281375766	0.411877274513	0.857469141483	1.51019310951	2.3685259819	3.39784026146	4.54160404205	5.70615386963	6.78144836426	7.6469540596	8.19872951508	8.36376094818	8.11839580536	7.49329710007	6.56435585022	5.4372215271	4.22866439819	3.04890584946	1.9898468256	1.11659002304	0.462952584028	0.0316945686936	0	0	0	0	0	0	0	0	0	0	0	0	0	0	0	0	0	0
Mar 10 2023 20:02:50	2.40536546707	12.6748180389	32.0559310913	0.000375541683752	15.5048341751	3.02180051804	80.8399505615	-	0.0927813500166	0.184260115027	0.273129910231	0.358078211546	0.43778270483	0.510905206203	0.57608217001	0.631910026073	0.676924288273	0.70956838131	0.728152036667	0.730819821358	0.715601563454	0.68059617281	0.624492406845	0.547713220119	0.454505622387	0.355991095304	0.273376107216	0.238894745708	0.291694045067	0.469192385674	0.801562726498	1.31192445755	2.00571537018	2.85841226578	3.82727265358	4.83779144287	5.8042178154	6.63380479813	7.24855804443	7.59450292587	7.65146398544	7.43032312393	6.96154594421	6.28364086151	5.43717241287	4.4681096077	3.43636655807	2.41809892654	1.49591457844	0.740137636662	0.191000550985	0	0	0	0	0	0	0	0	0	0	0	0	0	0	0	0	0
Mar 10 2023 20:02:51	3.77079367638	9.49594497681	19.0948848724	5.76525562792e-05	10.5474004745	3.53411364555	96.911239624	-	0.061227876693	0.129122689366	0.197084739804	0.262499332428	0.323401004076	0.378087431192	0.424994945526	0.46263808012	0.489568144083	0.504336476326	0.505458414555	0.491418689489	0.460826605558	0.412807524204	0.347892671824	0.269709467888	0.187551602721	0.118998751044	0.0907668918371	0.140483573079	0.32483920455	0.709828078747	1.35154938698	2.28939771652	3.52201128006	4.98188591003	6.55712652206	8.06636428833	9.30620384216	10.0718240738	10.215215683	9.67781639099	8.52030181885	6.91572189331	5.10836458206	3.35614085197	1.87167358398	0.780228674412	0.114630661905	0	0	0	0	0	0	0	0	0	0	0	0	0	0	0	0	0	0	0	0	0
Mar 10 2023 20:02:52	-1.00000001505e+30	-1.00000001505e+30	-1.00000001505e+30	-1.00000002538e+26	-1.00000001505e+30	-1.00000001505e+30	99.7231216431	-	0	0	0	0	0	0	0	0	0	0	0	0	0	0	0	0	0	0	0	0	0	0	0	0	0	0	0	0	0	0	0	0	0	0	0	0	0	0	0	0	0	0	0	0	0	0	0	0	0	0	0	0	0	0	0	0	0	0	0	0
Mar 10 2023 20:02:53	-1.00000001505e+30	-1.00000001505e+30	-1.00000001505e+30	-1.00000002538e+26	-1.00000001505e+30	-1.00000001505e+30	99.8838577271	-	0	0	0	0	0	0	0	0	0	0	0	0	0	0	0	0	0	0	0	0	0	0	0	0	0	0	0	0	0	0	0	0	0	0	0	0	0	0	0	0	0	0	0	0	0	0	0	0	0	0	0	0	0	0	0	0	0	0	0	0
Mar 10 2023 20:02:54	-1.00000001505e+30	-1.00000001505e+30	-1.00000001505e+30	-1.00000002538e+26	-1.00000001505e+30	-1.00000001505e+30	99.9920196533	-	0	0	0	0	0	0	0	0	0	0	0	0	0	0	0	0	0	0	0	0	0	0	0	0	0	0	0	0	0	0	0	0	0	0	0	0	0	0	0	0	0	0	0	0	0	0	0	0	0	0	0	0	0	0	0	0	0	0	0	0
Mar 10 2023 20:02:55	-1.00000001505e+30	-1.00000001505e+30	-1.00000001505e+30	-1.00000002538e+26	-1.00000001505e+30	-1.00000001505e+30	99.9447784424	-	0	0	0	0	0	0	0	0	0	0	0	0	0	0	0	0	0	0	0	0	0	0	0	0	0	0	0	0	0	0	0	0	0	0	0	0	0	0	0	0	0	0	0	0	0	0	0	0	0	0	0	0	0	0	0	0	0	0	0	0
Mar 10 2023 20:02:56	-1.00000001505e+30	-1.00000001505e+30	-1.00000001505e+30	-1.00000002538e+26	-1.00000001505e+30	-1.00000001505e+30	100.005805969	-	0	0	0	0	0	0	0	0	0	0	0	0	0	0	0	0	0	0	0	0	0	0	0	0	0	0	0	0	0	0	0	0	0	0	0	0	0	0	0	0	0	0	0	0	0	0	0	0	0	0	0	0	0	0	0	0	0	0	0	0
Mar 10 2023 20:02:57	-1.00000001505e+30	-1.00000001505e+30	-1.00000001505e+30	-1.00000002538e+26	-1.00000001505e+30	-1.00000001505e+30	99.9402084351	-	0	0	0	0	0	0	0	0	0	0	0	0	0	0	0	0	0	0	0	0	0	0	0	0	0	0	0	0	0	0	0	0	0	0	0	0	0	0	0	0	0	0	0	0	0	0	0	0	0	0	0	0	0	0	0	0	0	0	0	0
Mar 10 2023 20:02:58	-1.00000001505e+30	-1.00000001505e+30	-1.00000001505e+30	-1.00000002538e+26	-1.00000001505e+30	-1.00000001505e+30	99.8823547363	-	0	0	0	0	0	0	0	0	0	0	0	0	0	0	0	0	0	0	0	0	0	0	0	0	0	0	0	0	0	0	0	0	0	0	0	0	0	0	0	0	0	0	0	0	0	0	0	0	0	0	0	0	0	0	0	0	0	0	0	0
Mar 10 2023 20:02:59	-1.00000001505e+30	-1.00000001505e+30	-1.00000001505e+30	-1.00000002538e+26	-1.00000001505e+30	-1.00000001505e+30	99.9571533203	-	0	0	0	0	0	0	0	0	0	0	0	0	0	0	0	0	0	0	0	0	0	0	0	0	0	0	0	0	0	0	0	0	0	0	0	0	0	0	0	0	0	0	0	0	0	0	0	0	0	0	0	0	0	0	0	0	0	0	0	0
Mar 10 2023 20:03:00	-1.00000001505e+30	-1.00000001505e+30	-1.00000001505e+30	-1.00000002538e+26	-1.00000001505e+30	-1.00000001505e+30	99.9694290161	-	0	0	0	0	0	0	0	0	0	0	0	0	0	0	0	0	0	0	0	0	0	0	0	0	0	0	0	0	0	0	0	0	0	0	0	0	0	0	0	0	0	0	0	0	0	0	0	0	0	0	0	0	0	0	0	0	0	0	0	0
Mar 10 2023 20:03:01	-1.00000001505e+30	-1.00000001505e+30	-1.00000001505e+30	-1.00000002538e+26	-1.00000001505e+30	-1.00000001505e+30	99.4683532715	-	0	0	0	0	0	0	0	0	0	0	0	0	0	0	0	0	0	0	0	0	0	0	0	0	0	0	0	0	0	0	0	0	0	0	0	0	0	0	0	0	0	0	0	0	0	0	0	0	0	0	0	0	0	0	0	0	0	0	0	0
Mar 10 2023 20:03:02	-1.00000001505e+30	-1.00000001505e+30	-1.00000001505e+30	-1.00000002538e+26	-1.00000001505e+30	-1.00000001505e+30	99.9301300049	-	0	0	0	0	0	0	0	0	0	0	0	0	0	0	0	0	0	0	0	0	0	0	0	0	0	0	0	0	0	0	0	0	0	0	0	0	0	0	0	0	0	0	0	0	0	0	0	0	0	0	0	0	0	0	0	0	0	0	0	0
Mar 10 2023 20:03:03	-1.00000001505e+30	-1.00000001505e+30	-1.00000001505e+30	-1.00000002538e+26	-1.00000001505e+30	-1.00000001505e+30	99.99193573	-	0	0	0	0	0	0	0	0	0	0	0	0	0	0	0	0	0	0	0	0	0	0	0	0	0	0	0	0	0	0	0	0	0	0	0	0	0	0	0	0	0	0	0	0	0	0	0	0	0	0	0	0	0	0	0	0	0	0	0	0
Mar 10 2023 20:03:04	-1.00000001505e+30	-1.00000001505e+30	-1.00000001505e+30	-1.00000002538e+26	-1.00000001505e+30	-1.00000001505e+30	100.009986877	-	0	0	0	0	0	0	0	0	0	0	0	0	0	0	0	0	0	0	0	0	0	0	0	0	0	0	0	0	0	0	0	0	0	0	0	0	0	0	0	0	0	0	0	0	0	0	0	0	0	0	0	0	0	0	0	0	0	0	0	0
Mar 10 2023 20:03:05	-1.00000001505e+30	-1.00000001505e+30	-1.00000001505e+30	-1.00000002538e+26	-1.00000001505e+30	-1.00000001505e+30	99.9930648804	-	0	0	0	0	0	0	0	0	0	0	0	0	0	0	0	0	0	0	0	0	0	0	0	0	0	0	0	0	0	0	0	0	0	0	0	0	0	0	0	0	0	0	0	0	0	0	0	0	0	0	0	0	0	0	0	0	0	0	0	0
Mar 10 2023 20:03:06	-1.00000001505e+30	-1.00000001505e+30	-1.00000001505e+30	-1.00000002538e+26	-1.00000001505e+30	-1.00000001505e+30	99.9709777832	-	0	0	0	0	0	0	0	0	0	0	0	0	0	0	0	0	0	0	0	0	0	0	0	0	0	0	0	0	0	0	0	0	0	0	0	0	0	0	0	0	0	0	0	0	0	0	0	0	0	0	0	0	0	0	0	0	0	0	0	0
