Date-Time	Sc[0]	Sc[1]	Sc[2]	Sc[3]	Sc[4]	Sc[5]	Sc[6]	Sc[7]	Sc[8]	Sc[9]	Sc[10]	Sc[11]	Sc[12]	Sc[13]	Sc[14]	Sc[15]	Sc[16]	Sc[17]	Sc[18]	Sc[19]	Sc[20]	Sc[21]	Sc[22]	Sc[23]	Sc[24]	Sc[25]	Sc[26]	Sc[27]	Sc[28]	Sc[29]	Sc[30]	Sc[31]	Sc[32]	Sc[33]	Sc[34]	Sc[35]	Sc[36]	Sc[M]
Mar 10 2023 20:01:36	28284.6757813	1.74163925648	1.90121126175	2.14061546326	2.57137846947	1.56339490414	1.80346333981	1.79554069042	2.38024735451	2.6231174469	3.12034440041	3.56773138046	4.26680660248	4.63085365295	5.08916664124	5.54367685318	6.12046098709	6.58699655533	6.81693506241	6.68093347549	6.07769823074	5.02013969421	3.88614988327	2.82514333725	2.11318230629	1.71134459972	1.36554515362	0	0	0	0	0	0	0	0	0	0	0
Mar 10 2023 20:01:37	28286.4511719	2.06136322021	1.94403600693	1.912992239	2.19807958603	1.44197976589	1.85607242584	1.77940559387	2.38705515862	2.76963710785	3.46448898315	3.93279647827	4.55372571945	4.88468122482	5.42130184174	5.78644132614	6.19490671158	6.35771465302	6.22334671021	5.69752502441	4.77238798141	3.6884803772	2.78873586655	2.2386841774	1.91150593758	1.57024765015	1.22165322304	0	0	0	0	0	0	0	0	0	0	0
Mar 10 2023 20:01:38	28145.4628906	4.32246732712	3.63759684563	3.54433465004	4.50846862793	4.98736429214	5.87021255493	7.31465864182	8.65677642822	10.7761869431	13.0000085831	15.4586830139	17.624704361	20.3190326691	23.0882225037	25.6223087311	28.0289020538	29.548406601	29.7179317474	28.2571678162	24.5751609802	19.5697498322	14.2016439438	10.2558288574	8.2741689682	7.02473783493	5.43323326111	3.99593687057	3.05343437195	2.42598843575	2.08283424377	1.92491197586	1.78849029541	1.91379880905	1.920104146	2.03626227379	2.03816223145	0
Mar 10 2023 20:01:39	27522.0507813	32.0485115051	22.7893562317	13.9064064026	9.23696041107	7.84007120132	8.19605445862	12.2366361618	15.100733757	19.3114414215	22.6249065399	26.7242336273	32.0735702515	37.9332923889	43.7197875977	47.7347564697	51.7848320007	53.8430252075	53.4918327332	50.3363685608	44.5210571289	38.3443908691	32.8636131287	29.5309257507	27.0005474091	23.5456104279	19.3646602631	15.7084712982	12.9517307281	11.2740621567	10.41710186	10.3579673767	10.2935333252	10.9727668762	11.0774898529	11.0437326431	10.7610931396	0
Mar 10 2023 20:01:40	26951.7929688	98.5146179199	66.5787582397	33.7328453064	16.4537239075	11.6668996811	10.0897827148	12.6559801102	14.2303009033	16.3797302246	17.6090126038	20.7833919525	27.0757160187	32.5857009888	38.3377990723	42.547203064	46.380657196	48.0317420959	47.2725105286	44.2138328552	39.0817260742	33.8195991516	29.6253108978	27.4346828461	26.1061973572	23.9447441101	21.4328575134	19.4282665253	18.0239315033	17.6313076019	17.954957962	19.0678253174	19.9527835846	21.7058849335	22.25207901	22.1431598663	21.3222103119	0
Mar 10 2023 20:01:41	28058.0078125	14.751086235	11.3162107468	7.47317028046	5.53040885925	4.61657571793	4.22023105621	4.29298877716	4.64695262909	5.30340337753	6.07074594498	7.01147174835	7.9406876564	9.07291603088	10.2768449783	11.6769380569	13.01471138	14.3859863281	15.4495697021	16.3128509521	16.7478275299	16.9696502686	16.8079166412	16.1727981567	14.8991279602	12.8621263504	10.3206768036	7.94859790802	6.0774769783	4.88527441025	4.17796564102	3.80312108994	3.52647948265	3.61526656151	3.55898356438	3.52842855453	3.46823239326	0
Mar 10 2023 20:01:42	28044.8378906	6.97836923599	8.13268280029	8.94865322113	10.1533679962	9.21870517731	10.3523082733	11.4779825211	14.0207881927	16.3851108551	19.4079399109	22.4037494659	26.3566303253	29.780620575	33.9440078735	37.321472168	40.6192626953	42.2301445007	41.7892875671	39.069770813	33.425163269	26.4797172546	20.2212295532	16.3060016632	14.3143405914	11.967622757	9.01112651825	6.66487121582	4.93360376358	3.84491109848	3.2173037529	2.83362197876	2.5990626812	2.64661765099	2.66157269478	2.69282531738	2.7175078392	0
Mar 10 2023 20:01:43	27977.9101563	3.62021517754	2.49993371964	1.35420072079	1.08393323421	1.33201360703	2.9392888546	5.31341266632	6.99494361877	8.96942138672	10.9294099808	13.3138084412	15.9181251526	18.6651687622	21.5823783875	24.2658443451	26.9614238739	28.9267978668	30.0048961639	29.9356231689	28.2061519623	25.5409259796	22.4569721222	19.7301597595	17.5699195862	15.0875768661	12.0311660767	9.16536045074	6.99418020248	5.58067798615	4.7453212738	4.34497499466	4.05851745605	4.2144370079	4.15334224701	4.19783592224	4.10429430008	0
Mar 10 2023 20:01:44	28214.0019531	6.8190741539	5.27007865906	3.61784744263	3.25985383987	1.95514535904	1.9298106432	2.02295231819	2.6836707592	3.15661072731	3.75994348526	4.28475618362	5.20134353638	5.69786453247	6.43303394318	6.90126514435	7.31733417511	7.38123607635	7.07765102386	6.41074848175	5.37029457092	4.42940568924	3.83671712875	3.58157658577	3.26876211166	2.86858820915	2.41282010078	2.03986310959	1.76440358162	1.62958574295	1.58923637867	1.65051579475	1.63899731636	1.88768815994	1.81630790234	1.93302249908	1.87048578262	0
Mar 10 2023 20:01:45	28298.375	1.55544638634	1.54734122753	1.0827190876	0.728463053703	0.455139815807	0.587471067905	0.667350888252	1.41816663742	1.95842385292	2.44347786903	2.6001534462	2.97793602943	3.09611964226	3.40052938461	3.52494239807	3.72877717018	3.76737189293	3.61555314064	3.33843612671	2.85493540764	2.39308524132	2.10798716545	1.96947526932	1.78024017811	1.49964523315	1.21115028858	0	0	0	0	0	0	0	0	0	0	0
Mar 10 2023 20:01:46	27470.8476563	23.7682361603	21.3872146606	16.1216926575	12.8166646957	12.1547555923	14.1106710434	17.1166095734	20.6206932068	23.5798206329	27.7439193726	31.7490673065	37.1834068298	42.3494720459	47.4795761108	52.1799659729	56.4806518555	57.9075050354	56.7804679871	53.2633399963	47.048789978	40.5033683777	35.7963600159	33.3111801147	31.0639610291	26.8512954712	21.9551029205	17.8694496155	14.7622709274	13.0019340515	11.998213768	11.8749761581	11.8510541916	12.5298690796	12.6199922562	12.4183692932	11.881975174	0
Mar 10 2023 20:01:47	28126.3964844	5.62080049515	4.59633588791	3.69534182549	3.4162979126	2.57179117203	2.91703748703	3.71972465515	4.8762421608	5.68365716934	6.5629992485	7.57743120193	8.90805721283	10.0392360687	11.3529777527	12.2854766846	12.9461717606	12.9284982681	12.0803728104	10.5993385315	8.37757778168	6.37054204941	5.10774230957	4.7014670372	4.43926095963	3.91042518616	3.37541222572	2.9466354847	2.65735316277	2.5565867424	2.60464549065	2.77147603035	2.88276052475	3.22160816193	3.2090857029	3.25719594955	3.13640427589	0
Mar 10 2023 20:01:48	28202.6113281	1.71037614346	1.52114117146	1.13827645779	0.454716473818	0.585599303246	1.64017009735	2.95083498955	3.8301718235	4.73204040527	5.7429265976	7.0605635643	8.47446155548	9.7745923996	11.0788078308	12.1350469589	12.8864831924	12.889040947	11.9883337021	10.5169115067	8.39458560944	6.23056221008	4.95102024078	4.50846290588	4.22626495361	3.57766151428	2.92329454422	2.41524553299	1.99483931065	1.76868498325	1.6840429306	1.67126619816	1.68397974968	1.84677696228	1.83410191536	1.85977816582	1.82100605965	0
Mar 10 2023 20:01:49	27695.5859375	7.3246216774	7.71370267868	8.77211284637	9.75503921509	12.9106216431	15.8252305984	20.7058086395	25.6339473724	31.3501548767	37.0483779907	43.4686584473	50.6601295471	58.2917098999	65.7004470825	72.0564651489	77.0615539551	77.953956604	73.8159713745	65.4870452881	52.5720748901	39.9498291016	31.1281509399	27.4306640625	25.0193157196	20.5981731415	15.8838481903	12.4830121994	10.0058288574	8.36915969849	7.49312400818	7.35315942764	7.20907783508	7.67690992355	7.7762594223	7.87994384766	7.70767307281	0
Mar 10 2023 20:01:50	25148.4960938	136.9271698	121.50982666	101.91065979	91.8059616089	85.7403106689	87.9394760132	93.7591094971	103.822135925	117.3855896	134.696395874	154.903945923	177.094009399	199.66192627	222.762359619	239.831192017	254.939865112	254.683044434	239.796234131	211.405288696	170.304855347	132.119125366	104.939033508	92.9805145264	85.9624404907	73.0207595825	59.172996521	49.1321372986	42.0563735962	38.6172790527	37.0271835327	37.9956016541	39.0595016479	42.2389068604	43.5774917603	43.8074684143	42.8537635803	0
Mar 10 2023 20:01:51	21521.1386719	169.343582153	137.782867432	108.480827332	90.0175247192	81.5117874146	83.1341018677	88.7577285767	96.5531311035	108.06161499	124.126747131	143.027420044	165.47618103	191.239685059	219.1534729	246.267227173	273.503601074	295.1824646	309.621124268	317.693634033	315.177032471	308.049499512	293.702667236	274.316955566	247.233474731	210.730758667	171.949920654	139.456512451	113.710960388	96.8790054321	85.9074020386	81.752166748	78.7627410889	81.8662872314	82.7049102783	82.8325576782	81.1192398071	0
Mar 10 2023 20:01:52	27632.7480469	12.0966911316	9.46817874908	6.93658494949	6.8854060173	8.67625617981	9.59504127502	11.2617406845	12.2835073471	15.1757440567	18.0963153839	21.689743042	25.144443512	29.8039360046	34.1405982971	38.6208190918	43.09349823	47.0197677612	49.8116226196	51.608997345	51.7443656921	51.3390731812	50.2830162048	48.5517616272	45.1958389282	38.8309631348	31.1306915283	23.8666095734	17.743719101	13.3923120499	10.4640569687	8.79743289948	7.66556215286	7.4252204895	7.25345182419	7.14646911621	7.02516174316	0
Mar 10 2023 20:01:53	28188.9121094	4.33113241196	4.32562732697	4.48623609543	5.07170820236	6.27914905548	6.7131280899	8.0885925293	9.4643497467	11.4496440887	13.1760368347	15.3946943283	17.7293281555	20.1014003754	22.4239749908	24.4057636261	25.9989299774	25.9233207703	24.2217788696	21.2400226593	16.7128829956	12.3218240738	9.36644077301	8.17899131775	7.42890453339	6.04296970367	4.56865930557	3.49943685532	2.60552763939	2.06371307373	1.79183185101	1.61846721172	1.51946854591	1.58606815338	1.61463081837	1.65815067291	1.68546128273	0
Mar 10 2023 20:01:54	27949.8730469	13.6935348511	13.0881290436	12.7433776855	14.3362178802	16.100976944	18.4809055328	20.4674034119	23.7193393707	27.1522197723	31.3869991302	36.0905914307	41.4566841125	46.3350028992	51.5998687744	55.2847366333	58.2561683655	57.2924346924	52.3802070618	44.3870887756	33.6157646179	23.6455192566	17.4221000671	15.423286438	14.2116260529	11.6693277359	9.11926269531	7.25481510162	5.8006529808	4.92608118057	4.46445941925	4.30056142807	4.266020298	4.50575256348	4.61965847015	4.6567735672	4.58820152283	0
Mar 10 2023 20:01:55	28255.0859375	3.4856197834	3.47976565361	3.69929146767	4.71786403656	5.60493707657	5.41094255447	6.03504228592	7.16682291031	8.40860748291	9.63646411896	11.4150104523	13.0329761505	14.9246072769	16.7898311615	18.3041057587	19.5643482208	19.9076423645	18.9681930542	16.75715065	13.0550928116	8.9829044342	5.55291223526	3.78536748886	3.19468450546	2.63623642921	1.96361911297	1.45792102814	1.12785732746	0	0	0	0	0	0	0	0	0
Mar 10 2023 20:01:56	28323.578125	0	0	0	1.16182351112	1.62870955467	1.27666127682	1.3273961544	1.16094529629	1.63083028793	1.96103966236	2.31461834908	2.42452812195	2.93844008446	3.23850774765	3.61124944687	3.75838375092	3.77991652489	3.58378481865	3.1824862957	2.4209253788	1.58596754074	0	0	0	0	0	0	0	0	0	0	0	0	0	0	0	0
Mar 10 2023 20:01:57	28327.7070313	1.12145864964	1.15165221691	1.17474007607	1.25100135803	0.909134328365	0.954895913601	0.91676223278	1.04943776131	1.20759725571	1.42339110374	1.60403048992	1.91385948658	1.99180400372	2.19189238548	2.34105801582	2.43166589737	2.42361927032	2.23578953743	2.00560569763	1.53214251995	1.02348256111	0	0	0	0	0	0	0	0	0	0	0	0	0	0	0	0
Mar 10 2023 20:01:58	28341.2050781	0.956483304501	0.316289752722	0.0127803180367	0.285386294127	0.699721693993	0.403878241777	0.409440457821	0.256576985121	0.451767206192	0.402766436338	0.47813603282	0.177347272635	0.342327475548	0.275833398104	0.334642678499	0.266351431608	0.269364237785	0.258882343769	0.205962121487	0.176294192672	0.201103150845	0.194279566407	0.175858408213	0.144094571471	0.168025225401	0.13425591588	0.101028181612	0.0724962875247	0.0523021295667	0.0645928904414	0.0498134531081	0.0340137481689	0.0458357334137	0.0403385162354	0.0510156154633	0.0772725343704	0
Mar 10 2023 20:01:59	28230.4570313	4.60040950775	3.85894608498	3.44721651077	4.22265386581	4.02955293655	3.51099228859	3.82546687126	4.65403699875	5.68922996521	6.64818525314	7.80552482605	8.85971641541	9.89088058472	11.0000934601	11.9071731567	12.8841695786	13.053185463	12.5938615799	11.4478874207	9.46587276459	7.30482625961	5.64833402634	4.83192968369	4.50823831558	4.0066037178	3.20485568047	2.55652546883	2.04795241356	1.68828094006	1.47150290012	1.38052225113	1.30806112289	1.3732213974	1.39260721207	1.4156806469	1.38597083092	0
Mar 10 2023 20:02:00	27990.6269531	9.15616130829	9.68664836884	10.7361564636	12.456489563	14.9636106491	17.914018631	21.1706733704	25.1872272491	29.8605766296	35.5893821716	41.579460144	48.4653129578	55.0540122986	62.1236190796	67.8768768311	72.7108230591	73.8154067993	70.3045349121	61.8849906921	48.1881408691	32.8047866821	20.0574703217	13.7658786774	12.0881624222	10.3429260254	7.56110572815	5.74543952942	4.45508289337	3.61988353729	3.15275979042	2.93699145317	2.81446957588	2.97376012802	3.05139422417	3.14658951759	3.17839860916	0
Mar 10 2023 20:02:01	28291.5058594	1.59667944908	1.24788784981	0.868563592434	0.906763672829	0.359389543533	0.0619278289378	0.283322870731	0.601805925369	1.05148661137	1.33137464523	1.72612214088	2.19560074806	2.63760495186	3.07939743996	3.34026551247	3.58522820473	3.66568899155	3.46361088753	3.12054085732	2.57698225975	2.05404853821	1.70878946781	1.58506989479	1.4319164753	1.28033828735	1.07939255238	0	0	0	0	0	0	0	0	0	0	0
Mar 10 2023 20:02:02	28325.9589844	2.85071706772	2.25836491585	1.67390286922	1.48201465607	1.14556074142	0	0	0	0	0	0	0	0	0	0	0	0	0	0	0	0	0	0	0	0	0	0	0	0	0	0	0	0	0	0	0	977.986938477
Mar 10 2023 20:02:03	27685.5410156	111.895744324	89.4751434326	64.211730957	48.8439216614	35.2245903015	27.8922195435	23.4024143219	22.1403846741	21.9839115143	22.8732795715	22.9905014038	24.6411743164	26.3774280548	28.2297267914	29.5602169037	31.1434459686	30.6935310364	28.5386161804	25.7313804626	21.3480796814	17.7157592773	15.2298793793	14.1166086197	13.2759504318	11.9297552109	10.3915195465	9.2788028717	8.52450370789	8.37036037445	8.49720001221	9.02988910675	9.45184612274	10.2947416306	10.4511518478	10.4138822556	9.93277072906	0
Mar 10 2023 20:02:04	27063.2539063	149.475372314	116.554603577	83.9810943604	63.0207939148	44.7711143494	34.1489753723	28.7445869446	25.7641735077	24.1175918579	23.5868167877	24.532705307	27.631526947	31.1685199738	34.8904685974	37.7158050537	40.494102478	40.835308075	39.3978652954	36.0846633911	31.0152263641	26.2945652008	22.9546604156	21.4381961823	20.3438606262	18.5013008118	16.6182098389	15.1724395752	14.5219898224	14.4081773758	15.123005867	15.8750944138	17.1176166534	17.7891960144	18.7962913513	17.7405643463	17.0833358765	0
Mar 10 2023 20:02:05	18847.9785156	695.837341309	518.591125488	352.069549561	243.07598877	165.110900879	122.378578186	95.5721969604	78.3914642334	68.6229553223	66.0563659668	66.5773620605	73.0904693604	80.6043777466	90.1789093018	98.1920928955	106.932067871	111.338302612	114.629730225	114.377326965	111.01802063	106.263671875	100.594116211	93.1938323975	84.4978485107	72.716217041	61.9401664734	52.8786621094	47.0375900269	43.3535079956	42.6849594116	43.1371002197	45.1851844788	46.9219093323	50.0021896362	48.5349159241	47.5562286377	0
Mar 10 2023 20:02:06	16164.8095703	548.92175293	450.855712891	329.580169678	245.442932129	186.529327393	152.712524414	126.97605896	115.919761658	111.312606812	115.107582092	120.922103882	131.250732422	143.557662964	159.178894043	175.449554443	192.129074097	205.228179932	215.124923706	219.539199829	218.480056763	213.883987427	205.61857605	192.116271973	171.878631592	143.042388916	113.798812866	90.8440093994	75.5101470947	66.2922592163	62.1222953796	61.5885429382	63.0424575806	66.9438934326	71.6449356079	72.9836425781	73.9463729858	0
Mar 10 2023 20:02:07	15853.9199219	452.096313477	350.653961182	252.761886597	193.015960693	154.894042969	136.915222168	124.339523315	122.577980042	126.161468506	138.080841064	153.6902771	173.40461731	196.110870361	221.053848267	244.511138916	268.331512451	283.715301514	291.294067383	291.980255127	284.448120117	272.929992676	257.418792725	235.954818726	207.12348938	169.566314697	133.195800781	104.224624634	83.8493881226	69.8026351929	61.6688537598	57.4644317627	56.3602867126	57.2907333374	60.8049354553	61.1979408264	61.779006958	0
Mar 10 2023 20:02:08	25628.9746094	103.099975586	81.5326538086	55.8113212585	41.9276313782	37.3229598999	38.2170143127	40.7170906067	44.6334609985	50.2602729797	58.3202896118	67.6614532471	79.4175949097	92.3915634155	106.985588074	121.25642395	136.516189575	150.001205444	160.869491577	169.344055176	173.797073364	174.892852783	170.128967285	158.447601318	141.174438477	117.337730408	92.7446365356	72.0480804443	56.1715965271	44.7011756897	36.8071517944	32.4397583008	29.3658065796	29.2775192261	28.7512950897	28.7457027435	27.5752563477	0
Mar 10 2023 20:02:09	18647.1210938	228.303482056	177.423019409	130.250091553	105.092597961	98.3303070068	102.766906738	112.897705078	128.538772583	147.732391357	172.025405884	200.719772339	234.527999878	272.942138672	317.070678711	362.062042236	411.688079834	458.817108154	500.074279785	534.546081543	554.634216309	559.067016602	540.786071777	499.692047119	441.721374512	366.236663818	289.761322021	226.499359131	177.196151733	142.163543701	117.454994202	104.298797607	95.0382003784	95.8853912354	97.1211471558	99.3615264893	100.219841003	0
Mar 10 2023 20:02:10	21973.2617188	76.9236831665	50.8959960938	26.8853130341	13.1782970428	13.3019275665	22.20246315	40.775100708	54.3673477173	69.5432357788	83.0384597778	101.612136841	125.997306824	152.375701904	180.901016235	208.781661987	240.199188232	269.606292725	295.28604126	318.0887146	330.815063477	335.93572998	325.207122803	302.708892822	270.649230957	231.241943359	189.297958374	153.17300415	122.404205322	100.135017395	83.5528717041	74.8448104858	68.015296936	69.0517349243	68.580406189	69.7188339233	69.4723968506	0
Mar 10 2023 20:02:11	22223.2441406	109.929496765	85.2797317505	61.7744865417	50.2631072998	48.4610481262	54.8353538513	65.0431594849	75.8768463135	88.1849746704	103.504928589	121.428817749	144.057449341	168.940185547	196.255996704	223.293258667	251.970581055	277.146911621	298.385070801	315.835174561	323.344543457	324.114837646	312.719207764	291.745849609	262.889068604	224.757583618	184.185546875	148.802429199	119.192001343	97.6857910156	82.1335830688	74.2936935425	68.5881195068	69.6834564209	69.5778427124	70.078086853	69.1430587769	0
Mar 10 2023 20:02:12	22720.0117188	88.4341964722	71.1773757935	54.2388725281	46.690486908	46.8799476624	51.4991798401	59.9609832764	70.4610061646	81.2685928345	94.3116989136	109.488601685	128.948547363	149.698562622	172.017959595	194.798034668	220.413452148	243.768081665	261.735809326	277.616607666	283.922973633	284.535522461	274.503112793	256.884185791	231.791030884	200.060302734	164.351898193	133.72492981	108.076805115	89.5520629883	76.5362472534	70.2217559814	65.5557479858	66.9876785278	67.0347824097	67.0899810791	66.0064849854	0
Mar 10 2023 20:02:13	22355.4023438	55.997215271	39.9498100281	25.1501274109	17.6089134216	19.1001148224	28.9085426331	44.0691184998	55.1834793091	67.1424255371	79.2483978271	95.7421798706	117.711837769	140.731964111	166.847106934	192.805343628	222.355575562	250.335296631	275.453460693	298.554168701	313.787322998	319.615905762	312.346252441	292.960113525	264.254425049	225.385223389	182.727355957	145.894348145	116.15574646	94.7990112305	79.8103866577	72.2197113037	66.5522613525	67.1652450562	67.2320861816	67.3043060303	66.4564666748	0
Mar 10 2023 20:02:14	27303.4023438	0	0	0	0	0	0	1.68652391434	3.94201207161	7.54606771469	9.72251319885	12.9970855713	17.939912796	23.3801727295	28.9016628265	33.8443832397	39.4729537964	44.7007904053	49.4447479248	53.8173179626	56.5963897705	58.2948570251	57.4127311707	54.5541229248	49.787853241	43.0463180542	35.3756370544	28.495677948	22.6962604523	18.4772644043	15.4399824142	13.8950872421	12.6529989243	12.9040184021	12.5466918945	12.6554832458	12.2004461288	0
Mar 10 2023 20:02:15	25248.5410156	41.8187637329	32.7160606384	24.7257785797	21.4381427765	20.3962020874	24.0053100586	30.3416061401	36.634437561	42.4280433655	49.2342224121	58.5184860229	70.8137359619	83.4838104248	97.5707015991	111.73462677	128.246185303	142.956985474	155.994567871	166.546203613	172.537490845	174.081787109	168.239212036	156.721572876	141.081542969	120.864959717	99.2315673828	80.0967712402	64.2368087769	52.5824699402	44.5138282776	40.1792869568	37.0191459656	36.9337387085	36.7868537903	36.0427627563	35.1286392212	0
Mar 10 2023 20:02:16	27032.2929688	39.3277397156	30.5606651306	20.7827529907	14.5135679245	11.8592882156	11.4193525314	13.2990140915	14.9046268463	17.3963108063	19.6936988831	22.926940918	27.7616233826	32.9184684753	38.2267684937	43.3994903564	48.526725769	53.2043418884	56.2399368286	58.9397544861	59.7225723267	59.5269584656	57.936870575	55.0583381653	50.3129119873	43.5301513672	36.0714302063	29.7846775055	24.5816307068	21.0616588593	18.7371292114	17.8838558197	17.195810318	18.0048561096	17.9221515656	17.9425830841	17.4186458588	0
Mar 10 2023 20:02:17	23526.5507813	190.472747803	146.47756958	105.979179382	80.1827087402	64.8592834473	62.4407081604	65.9845657349	70.5540237427	78.1623840332	89.5876312256	104.501472473	123.970687866	145.10760498	168.211761475	190.068862915	211.425582886	227.276809692	237.572692871	241.550811768	238.577682495	231.582778931	221.232437134	207.004211426	187.312973022	159.478164673	130.463150024	104.781921387	84.9878082275	71.3727340698	62.321346283	57.9341011047	55.1481933594	56.2395057678	56.6758918762	56.3124275208	55.1747550964	0
Mar 10 2023 20:02:18	28020.1269531	12.9414367676	8.84448719025	5.36396408081	4.07869338989	3.10117793083	2.15690207481	2.67163491249	3.2200114727	4.13489437103	4.72126340866	5.7994427681	6.94572877884	8.36849403381	9.75997257233	11.1446609497	12.6658124924	14.2112483978	15.4109830856	16.429473877	16.972234726	17.2511787415	16.9240856171	16.1466140747	14.7409420013	12.8634567261	10.656712532	8.78805828094	7.04975652695	5.83885192871	4.95741462708	4.58999919891	4.16322231293	4.38343906403	4.19300127029	4.32441282272	4.17366695404	0
Mar 10 2023 20:02:19	26971.3671875	15.1065778732	12.8755950928	11.5690441132	12.189453125	12.5838270187	14.112288475	16.349615097	19.0635719299	22.1659240723	26.1308917999	30.6258735657	36.0871391296	42.1764373779	49.1703910828	56.7014656067	64.5421524048	72.1362838745	79.1388549805	85.1758880615	88.8106994629	89.8458251953	87.5714416504	81.9781036377	74.1081542969	63.1546554565	51.583480835	41.1357688904	32.4753341675	25.8836994171	21.1730766296	18.4650039673	16.5258102417	16.2082328796	15.8594141006	15.5695667267	15.0971879959	0
Mar 10 2023 20:02:20	28236.2949219	3.71299123764	2.71831202507	1.88957703114	1.78828966618	1.41026091576	1.21370232105	1.35042536259	1.57236850262	2.07178425789	2.66579961777	2.99408721924	3.23673796654	3.61485314369	4.01273298264	4.41947937012	4.90718078613	5.38699531555	5.77312898636	6.01175403595	6.00534009933	5.94622278214	5.63126087189	5.16249656677	4.5244102478	3.8162920475	3.11383748055	2.58295178413	2.09640741348	1.76943850517	1.56249213219	1.44084465504	1.31114983559	1.41349601746	1.33565938473	1.42230510712	1.36295795441	0
Mar 10 2023 20:02:21	27784.5761719	4.56263256073	2.15132188797	0.447827488184	0	0	0.358258128166	1.57217764854	3.08988928795	5.23170375824	6.73616743088	8.90957832336	12.3914079666	15.7720384598	19.0512676239	21.7956295013	24.6994094849	27.2843074799	29.1731281281	30.4897651672	30.9600849152	30.9088687897	29.9010353088	27.9308395386	25.0189857483	21.3906154633	17.5826129913	14.2779502869	11.5294160843	9.56492328644	8.18742370605	7.51543474197	6.97418689728	7.21897697449	7.02121448517	7.08084058762	6.82888317108	0
Mar 10 2023 20:02:22	24387.5136719	115.573783875	89.5176315308	55.7665214539	32.1432914734	19.6995944977	20.7093887329	28.6659069061	34.3045349121	40.7256546021	46.155544281	55.230884552	69.2252349854	84.3336181641	99.9336395264	113.720954895	128.448547363	139.644683838	147.594604492	153.337020874	154.278900146	153.322494507	147.847473145	140.291915894	128.143707275	112.04309845	94.4450683594	79.6411132813	67.0752029419	58.7336807251	52.9171600342	51.1924819946	49.5929756165	52.0312423706	52.112663269	52.1688041687	50.9271240234	0
Mar 10 2023 20:02:23	19228.8984375	260.335327148	216.898529053	161.092559814	129.442749023	113.263275146	108.361427307	111.381736755	123.503334045	139.484939575	158.980010986	183.230651855	211.002593994	241.15007019	276.106994629	310.729705811	344.583587646	372.994842529	392.197235107	404.374664307	405.078033447	397.716308594	380.115631104	352.833496094	316.206878662	269.05947876	220.715911865	180.256851196	147.569549561	124.89906311	109.63609314	103.17804718	98.7740783691	101.792678833	104.438064575	105.322242737	105.287643433	0
Mar 10 2023 20:02:24	15514.5507813	640.539916992	510.717681885	372.043762207	285.359893799	226.2315979	197.831222534	182.661209106	186.821029663	198.816329956	220.458114624	245.60055542	276.638793945	308.939422607	344.761383057	379.123809814	410.745452881	428.781890869	433.616699219	425.605102539	405.452453613	383.47543335	359.751190186	332.948242188	299.687469482	256.812591553	214.673477173	181.285644531	156.385131836	141.160140991	132.937271118	133.103805542	134.216461182	143.712524414	149.938049316	154.04196167	154.733047485	0
Mar 10 2023 20:02:25	20859.8867188	342.130340576	264.651611328	176.13331604	125.89604187	96.9156341553	85.4666671753	84.0958633423	90.1468582153	99.802520752	113.134536743	129.816894531	151.151885986	173.842819214	198.778015137	223.091201782	247.721572876	267.377410889	281.391204834	291.06539917	293.24508667	291.016174316	281.031616211	263.061401367	237.091567993	203.682601929	168.988082886	140.804199219	118.585197449	104.266227722	94.7252197266	91.8840026855	89.2531585693	92.7799682617	93.3464813232	93.1441345215	91.2966995239	0
Mar 10 2023 20:02:26	24364.6132813	138.454147339	98.0684280396	59.5136642456	37.8332519531	26.737411499	26.4989204407	32.5867919922	37.8934440613	45.1323814392	53.5012702942	63.7141571045	79.086517334	93.9979095459	110.2915802	125.263526917	140.985275269	152.050857544	161.443969727	167.661026001	170.265823364	170.508514404	166.745361328	158.649917603	146.055725098	128.095687866	108.150375366	90.2267227173	75.3554382324	64.7060317993	57.3785820007	54.175075531	51.275604248	52.4190864563	51.4505577087	50.9117126465	49.1932106018	0
Mar 10 2023 20:02:27	28140.6347656	7.25222015381	5.13285779953	3.3099091053	2.31240534782	1.69601070881	1.60956656933	1.68623447418	2.2173306942	2.97891831398	3.636095047	4.02609157562	4.30334091187	4.86198186874	5.43247318268	6.12836790085	6.83760738373	7.65369415283	8.34698295593	8.95494174957	9.23145294189	9.4277639389	9.15069293976	8.70729255676	7.90449619293	6.97092676163	5.86739730835	4.98681402206	4.12906122208	3.56363868713	3.13757395744	3.04194736481	2.75467014313	3.13036251068	2.84787893295	3.13017511368	2.84483170509	0
Mar 10 2023 20:02:28	27489.1679688	0	0	0	0	0	0	0	1.41130685806	5.25149059296	7.22181463242	10.3091039658	14.7882347107	19.7688083649	24.6395320892	29.1027793884	34.2383766174	38.8381881714	43.0117034912	47.1453361511	49.8330345154	51.3161811829	50.470500946	47.2801399231	42.3093032837	35.9079704285	28.8665981293	23.0559196472	18.27825737	14.9635038376	12.5451498032	11.4542779922	10.3860549927	10.7756614685	10.3880558014	10.5693616867	10.1855945587	0
Mar 10 2023 20:02:29	27157.8203125	0	0	0	0	0	0	0	0	3.91438603401	5.44695663452	7.9569272995	14.0601654053	19.8531131744	25.9498958588	30.8018398285	36.1003456116	40.5178756714	43.9347000122	47.4188461304	49.0977516174	49.9191513062	48.8266792297	46.273525238	42.3894577026	37.1747207642	31.31848526	26.4221973419	22.1880111694	19.3362598419	17.3006858826	16.7415142059	16.0420780182	17.068523407	16.7759284973	17.019821167	16.4368057251	0
Mar 10 2023 20:02:30	22858.8203125	195.441925049	165.307785034	126.904632568	99.1308746338	80.5264663696	76.269203186	78.6472091675	81.0476074219	87.0625839233	97.7009124756	110.789077759	127.432929993	145.433120728	165.205734253	183.38508606	199.818191528	209.381835938	211.015380859	206.55430603	194.470901489	181.872695923	168.780929565	156.286697388	141.521240234	122.916137695	104.431747437	90.213470459	79.6522598267	73.6441192627	70.704788208	72.1211776733	72.9082336426	77.9414520264	79.4649429321	79.2911453247	76.7989044189	0
Mar 10 2023 20:02:31	24692.9589844	127.641662598	87.0250778198	47.0248260498	23.7628479004	16.6298522949	20.5168437958	31.3259963989	37.4196777344	44.0231971741	50.5888175964	60.9484596252	75.9304733276	91.8529891968	107.505638123	120.051330566	133.213546753	140.670501709	143.107269287	141.801300049	135.412979126	127.78087616	119.202209473	110.427604675	99.4140167236	86.2063674927	73.0532073975	62.6668739319	54.4496383667	49.6111183167	46.6544418335	46.8478355408	46.6235198975	49.7570152283	50.0064048767	50.180305481	48.5607414246	0
Mar 10 2023 20:02:32	28301.3554688	2.57615470886	2.17162370682	1.77324163914	2.09810757637	1.25517117977	1.14081180096	0.624694287777	0.80567663908	0.767143011093	1.08077704906	1.0992937088	1.2963244915	1.17453014851	1.30216217041	1.35613369942	1.50704753399	1.66639614105	1.82984864712	1.96782672405	1.9540220499	1.97310638428	1.95635807514	1.86674559116	1.67483282089	1.49550378323	1.26273012161	1.10686898232	0	0	0	0	0	0	0	0	0	0
Mar 10 2023 20:02:33	28330.2539063	1.76586401463	1.35776662827	1.33014440536	2.16688013077	1.57012319565	0	0	0	0	0	0	0	0	0	0	0	0	0	0	0	0	0	0	0	0	0	0	0	0	0	0	0	0	0	0	0	977.917236328
Mar 10 2023 20:02:34	27374.8203125	71.0569534302	51.3899536133	32.3498878479	19.6302852631	11.3478622437	8.17522335052	8.74046039581	8.58932876587	9.63016414642	10.3447303772	12.3875846863	15.8221445084	19.5379867554	23.4241294861	26.7182216644	30.2756404877	33.2698364258	35.2276077271	37.0665512085	37.5483436584	37.2685394287	35.740020752	33.6104431152	30.4471797943	26.6825942993	22.523355484	19.2012844086	16.2576942444	14.4813623428	13.1622543335	13.0641765594	12.656370163	13.7498397827	13.4550552368	13.8219709396	13.0901947021	0
Mar 10 2023 20:02:35	27725.6972656	25.4577312469	13.9252576828	3.87082886696	0.0762164741755	0	0.35029771924	1.40648472309	2.62767004967	4.97037410736	6.36668634415	8.48445034027	11.8058719635	15.0320053101	18.2271118164	20.8391742706	23.6146907806	26.0932159424	27.9279975891	29.2472190857	29.6068592072	29.4172039032	28.3074054718	26.5696601868	23.9877510071	20.6749725342	17.1656208038	14.2541799545	11.7094268799	9.9924030304	8.76009178162	8.34639930725	7.8435587883	8.40024662018	8.12208938599	8.39900302887	8.03364658356	0
Mar 10 2023 20:02:36	28114.8164063	6.85098743439	5.23860120773	3.30941700935	2.63042187691	1.66732299328	1.61250400543	1.75014102459	2.70326042175	3.24070572853	3.84943079948	4.44869804382	5.48234462738	6.24047517776	7.23037195206	8.2477273941	9.39122009277	10.4091959	11.2670688629	12.0818986893	12.3817596436	12.4102907181	12.0007610321	11.3279266357	10.2274074554	8.86138725281	7.37555885315	6.10935258865	4.94972276688	4.10449409485	3.49500226974	3.24861431122	2.94317770004	3.17960238457	3.03537607193	3.24750566483	3.13352108002	0
Mar 10 2023 20:02:37	23544.1953125	181.833053589	130.231903076	84.3409194946	56.859577179	42.7726173401	41.0961341858	44.5834617615	48.1537818909	54.1040534973	61.9705696106	73.0800476074	88.5889816284	104.278144836	122.676170349	140.881561279	159.245117188	175.053848267	188.196258545	198.394592285	202.650466919	203.208724976	196.795196533	186.060150146	170.50604248	150.291992188	127.48323822	107.074256897	88.4260787964	75.393913269	65.4180450439	61.5420150757	57.9549179077	59.9774589539	59.5352706909	59.8464736938	58.7395477295	0
Mar 10 2023 20:02:38	28046.2050781	8.67395877838	6.07138204575	3.94926452637	3.47740983963	2.79818177223	1.92667222023	2.32022452354	2.65104150772	3.49931192398	3.8958902359	4.80976295471	5.61057090759	6.79980134964	7.91168069839	9.05174350739	10.3457355499	11.564704895	12.6277141571	13.5851764679	14.1283016205	14.4004211426	14.1179838181	13.4630861282	12.2580318451	10.7296094894	8.98648166656	7.49669408798	6.14477729797	5.18215560913	4.47390508652	4.24100160599	3.89319181442	4.24652194977	4.00443887711	4.2208480835	3.99032664299	0
Mar 10 2023 20:02:39	26616.4902344	0	2.38631010056	0	0	0	0.111129008234	0.515862762928	2.44749736786	8.36797809601	11.2342624664	16.496219635	24.1566543579	32.7118530273	40.7521858215	47.9939613342	56.1940841675	63.4478149414	69.8080291748	75.9073944092	80.6659011841	84.139503479	84.8076400757	83.1486740112	78.7585067749	71.0611190796	60.6140098572	50.2629547119	40.2033042908	32.4265365601	26.5389060974	23.5317115784	21.1743984222	21.2204456329	20.5340003967	20.4491863251	19.5253658295	0
Mar 10 2023 20:02:40	26038.4414063	143.966156006	103.001823425	61.5264091492	36.6526260376	27.166765213	24.1026039124	26.0324020386	27.3838787079	30.1369552612	32.6674575806	38.3869018555	46.6658630371	55.8879241943	64.8135910034	72.342086792	79.6866226196	83.5433349609	84.5857696533	83.1545791626	78.7122650146	73.6027832031	68.7550430298	64.3894805908	59.1010627747	51.4560394287	43.792881012	37.814250946	33.3529701233	30.7908725739	29.7866668701	30.4773025513	31.0203304291	33.20885849	33.6461334229	33.5700836182	32.3874816895	0
Mar 10 2023 20:02:41	26955.234375	54.1724205017	40.8510284424	25.885892868	16.8046665192	14.9070291519	16.8186950684	20.3783416748	22.8704814911	26.0411911011	29.3358001709	34.5004806519	41.0956192017	47.7804412842	54.7284851074	60.8480415344	66.233291626	68.9131088257	68.4168930054	65.4959487915	59.5467910767	53.074672699	47.5623970032	43.4507904053	39.3450126648	33.7540435791	28.2792396545	24.078496933	21.1260604858	19.6326084137	19.0490512848	19.6530799866	19.901134491	21.3142490387	21.3807125092	21.0778217316	19.8763961792	0
Mar 10 2023 20:02:42	27334.5957031	78.1982192993	52.0106430054	28.4273338318	17.5964050293	10.1458892822	8.19327068329	9.57358264923	9.81788730621	11.2354602814	11.9371271133	14.9641532898	19.1682548523	23.7389202118	28.230966568	31.4940052032	34.372795105	35.4974822998	34.6698493958	32.6264038086	28.9318771362	25.4147148132	22.7527694702	21.3836135864	20.2033424377	18.3674755096	16.3148078918	14.9043855667	13.8774547577	13.6067228317	13.7181425095	14.5626525879	15.0651988983	16.4241733551	16.5123653412	16.4508895874	15.6048955917	0
Mar 10 2023 20:02:43	26589.9472656	98.4236297607	73.442741394	48.3391609192	32.7236099243	22.2318534851	19.4100875854	21.8161964417	22.000207901	23.5560264587	26.0111808777	31.1430740356	38.3605537415	46.1680679321	53.7980461121	59.7186470032	65.1949539185	67.7937393188	67.3857345581	64.307258606	58.0982894897	52.1534118652	47.0037956238	44.0052337646	40.9478645325	36.3120574951	31.0914516449	27.0610961914	23.8990154266	22.5724868774	21.9884929657	22.8987979889	23.3786773682	25.4195976257	25.6141757965	25.6449012756	24.5633277893	0
Mar 10 2023 20:02:44	27301.4355469	3.81586766243	2.05277323723	0.54163736105	0	0	1.04175329208	4.28762245178	7.34696102142	11.2988386154	13.6054449081	17.9363002777	24.3006591797	30.4982566833	36.8865203857	41.5620803833	46.5473480225	49.6604576111	50.9530487061	50.6109733582	48.0387840271	45.1169128418	42.0196228027	39.5374336243	36.5676956177	31.9221458435	26.5081443787	21.9974250793	18.2831783295	15.9804067612	14.5450782776	14.3898000717	14.1363134384	15.2617225647	15.0846729279	15.2349863052	14.5122318268	0
Mar 10 2023 20:02:45	26032.5761719	276.422241211	194.850540161	114.471290588	66.1150283813	39.1793556213	29.2805137634	29.0781211853	27.6447105408	27.8957920074	28.3693637848	32.2533874512	40.5699501038	49.1652145386	57.6798286438	63.2964706421	67.9291610718	68.5904464722	64.9641342163	58.6717033386	49.8843154907	42.196647644	37.2219581604	35.191822052	33.2826652527	30.3420600891	27.4476451874	25.8907546997	25.0717506409	25.7266845703	26.9412155151	29.5316772461	31.1810054779	34.7067375183	35.2203598022	35.6568145752	34.3484611511	0
Mar 10 2023 20:02:46	24661.5605469	354.07824707	286.345458984	204.843673706	151.365081787	115.120231628	94.7336196899	82.4771957397	78.593963623	78.0268249512	83.0369338989	90.6253509521	100.930938721	112.344177246	124.440818787	134.719039917	143.663192749	146.361984253	141.692993164	131.592575073	117.069198608	103.726516724	93.5470809937	86.6651382446	79.28074646	69.4513244629	60.0298690796	53.28074646	48.6779022217	46.928768158	46.8181419373	49.1525001526	50.6666526794	54.7868995667	55.2588310242	55.0933303833	52.7663917542	0
Mar 10 2023 20:02:47	21080.6972656	348.47869873	270.745391846	197.082763672	155.959121704	130.199111938	118.335853577	109.712852478	112.96030426	120.938087463	135.717346191	151.622177124	172.028900146	194.209182739	219.732772827	244.927078247	271.410461426	291.348846436	304.98223877	311.837219238	307.864379883	296.726989746	277.700958252	251.991271973	222.380828857	187.742523193	155.298599243	128.981445313	109.083786011	95.694770813	87.5562362671	84.8037338257	83.5233383179	87.0713806152	89.5084838867	89.50365448	88.2000808716	0
Mar 10 2023 20:02:48	20390.3710938	380.366912842	298.371246338	216.635192871	174.758712769	146.757385254	135.025222778	131.194839478	138.695785522	150.153762817	167.462112427	187.653625488	214.328536987	244.66217041	278.243408203	307.78326416	341.789978027	364.768798828	378.312042236	381.885162354	372.195800781	354.924163818	329.293640137	296.844360352	259.553283691	216.194290161	175.367523193	142.959579468	118.561691284	102.192016602	91.8412399292	88.135055542	85.6157608032	89.1797714233	91.3414382935	92.1392593384	91.3348236084	0
Mar 10 2023 20:02:49	21313.609375	301.675262451	218.341720581	140.427520752	99.5605621338	78.9976501465	73.4149017334	76.299621582	82.3861160278	91.9161911011	104.322349548	120.138206482	140.891738892	164.681274414	190.890762329	217.03956604	244.401641846	268.261108398	286.684020996	299.749298096	302.715057373	299.025268555	284.227966309	262.11529541	233.56918335	198.685913086	163.171096802	134.035385132	110.410583496	94.4621429443	83.4237213135	79.06224823	76.16431427	78.7021026611	81.3174438477	82.085723877	82.7503738403	0
Mar 10 2023 20:02:50	22910.7988281	305.243988037	232.360244751	158.402999878	115.735572815	91.5461807251	82.6704406738	80.3763122559	82.0586853027	87.8196105957	97.6167602539	112.257041931	130.879653931	150.23538208	171.516983032	191.937973022	212.457702637	226.072860718	233.875701904	236.470916748	230.786895752	222.279983521	209.423553467	192.40296936	171.062728882	144.854293823	119.316886902	98.8939819336	83.1115875244	73.1538543701	66.6045455933	64.9021377563	63.4166374207	66.1271438599	66.3936462402	65.7422332764	63.1371994019	0
Mar 10 2023 20:02:51	27465.5527344	6.87455272675	4.94781541824	3.70209217072	4.08589172363	5.40010738373	6.12623071671	7.39561653137	8.81732749939	11.0376214981	13.1606092453	15.8219566345	18.5837955475	22.3391704559	26.1938228607	30.4924049377	35.040725708	39.9832038879	44.6832122803	48.8893356323	51.9262886047	53.4883537292	52.7154197693	49.8065490723	45.1541290283	38.803478241	32.052230835	26.1765785217	21.3086471558	17.5301017761	14.8150844574	13.2972507477	12.0929317474	11.6879224777	11.3559799194	10.6440658569	9.97752666473	0
Mar 10 2023 20:02:52	28262.4648438	2.06494545937	1.75829994678	0.782079041004	0.0585026480258	0.53948366642	1.64958453178	1.88064980507	2.56175732613	2.94485998154	3.71202158928	4.15273523331	4.91876316071	5.59716367722	6.47090196609	7.19357204437	7.95078754425	8.62003612518	8.97954559326	8.99734973907	8.44783496857	7.4996342659	6.29130649567	5.26624298096	4.46240854263	3.71793651581	2.89817023277	2.17889642715	1.6086794138	1.25846207142	1.03701746464	0	0	0	0	0	0	0
Mar 10 2023 20:02:53	28308.0195313	1.68287992477	1.28247570992	0.855535984039	0.966732919216	1.2580229044	1.16225874424	0.938039541245	0.908911526203	1.1091530323	1.3738847971	1.58116436005	1.63932883739	1.95509052277	2.21328687668	2.50235033035	2.71255040169	2.94324398041	3.09241533279	3.12362337112	2.9448056221	2.70886969566	2.39258933067	2.07064318657	1.78173398972	1.48517620564	1.18310689926	0	0	0	0	0	0	0	0	0	0	0
Mar 10 2023 20:02:54	28338.6738281	0.830065429211	0.475905179977	0.205775484443	0.199954688549	0.379139780998	0.156728535891	0.0634134560823	0.175655901432	0.481906056404	0.61219471693	0.567988336086	0.454031169415	0.471647500992	0.466134876013	0.414147228003	0.387846261263	0.413098990917	0.36304807663	0.318003356457	0.305465787649	0.279732406139	0.236302226782	0.219991773367	0.207841709256	0.193260625005	0.166379094124	0.111019492149	0.0902647450566	0.0644727498293	0.0586557537317	0.0328204147518	0.00288915634155	0.0170166492462	0.000789999961853	0	0.0319115519524	0
Mar 10 2023 20:02:55	28325.2871094	0	0	0	0	0	0	0	0	1.11434412003	1.96133685112	1.9865629673	1.9475235939	1.79925608635	1.73950362206	1.65314209461	1.65675425529	1.7454739809	1.68928730488	1.59236681461	1.39004051685	1.12686133385	0	0	0	0	0	0	0	0	0	0	0	0	0	0	0	0
Mar 10 2023 20:02:56	28342.5800781	0.457860410213	0.254555314779	0.406896114349	0.790247499943	0.313311964273	0	0	0.0474831573665	0.365795493126	0.933855891228	0.901895046234	0.75465887785	0.543684482574	0.518245637417	0.396802484989	0.352112561464	0.324495047331	0.319384872913	0.3261269629	0.240186914802	0.211156085134	0.158456102014	0.112030394375	0.0857068225741	0.0870219618082	0.10229729116	0.0517150461674	0.0261457525194	0.00371925719082	5.20014400536e-05	0	0	0	0	0	0	0
Mar 10 2023 20:02:57	28323.9902344	2.20854043961	1.78386414051	1.45822882652	1.83277845383	1.0771600008	0.435286223888	0.180719181895	0.342884659767	0.748585641384	1.18249678612	1.28659772873	1.25072276592	1.24283218384	1.24071824551	1.24590981007	1.22799062729	1.2268332243	1.17205703259	1.01263308525	0	0	0	0	0	0	0	0	0	0	0	0	0	0	0	0	0	0
Mar 10 2023 20:02:58	28307.5957031	3.15488600731	2.29569292068	1.33421623707	1.0406563282	1.26384091377	0.983320891857	0.91202890873	1.13294255733	1.68116700649	2.14760136604	2.30645132065	2.31182003021	2.60558652878	2.83178400993	3.00930428505	3.10309672356	3.10200810432	2.95713543892	2.59601330757	2.01671671867	1.52159810066	1.11140584946	0	0	0	0	0	0	0	0	0	0	0	0	0	0	0
Mar 10 2023 20:02:59	28328.7910156	0	0	0	0	0	0	0	0	0	0	0	0	1.10691714287	1.19408035278	1.30935883522	1.38538706303	1.49138343334	1.60764145851	1.62158226967	1.5495121479	1.45335149765	1.20510554314	1.00891244411	0	0	0	0	0	0	0	0	0	0	0	0	0	0
Mar 10 2023 20:03:00	28332.2714844	2.2013156414	1.52528250217	0.89300942421	1.15874004364	1.23196566105	0	0	0	0	0	0	0	0	0	0	0	0	0	0	0	0	0	0	0	0	0	0	0	0	0	0	0	0	0	0	0	977.831176758
Mar 10 2023 20:03:01	28190.2617188	13.9075145721	9.11599254608	5.80484580994	4.05191135406	4.05309581757	3.22696566582	3.35110759735	2.57043910027	3.06263518333	3.26687240601	3.79174876213	3.72924375534	4.76487350464	5.29738426208	5.96322202682	6.20852279663	6.420337677	6.24694108963	5.80191421509	5.00392770767	4.23332738876	3.52948617935	3.03327298164	2.60617136955	2.24030542374	1.97978556156	1.82460665703	1.68539392948	1.67398488522	1.7381953001	1.92456436157	1.97094202042	2.28768420219	2.2237303257	2.38247919083	2.30099153519	0
Mar 10 2023 20:03:02	28321.1347656	3.77803516388	2.50576877594	1.3869767189	0.567875564098	0.509396612644	0.503733992577	0.73335057497	0.597961068153	0.889623105526	1.01784753799	1.06038796902	0.995249927044	1.23297190666	1.36702668667	1.48352313042	1.55799460411	1.65771138668	1.66623353958	1.58542478085	1.43990290165	1.24063587189	0	0	0	0	0	0	0	0	0	0	0	0	0	0	0	0
Mar 10 2023 20:03:03	28338.6503906	1.62235915661	0	0	0	0	0	0	0	0	0	0	0	0	0	0	0	0	0	0	0	0	0	0	0	0	0	0	0	0	0	0	0	0	0	0	0	977.810668945
Mar 10 2023 20:03:04	28343.7675781	0	0	1.07872498035	1.85644948483	1.23284506798	1.06521272659	0	0	0	0	0	0	0	0	0	0	0	0	0	0	0	0	0	0	0	0	0	0	0	0	0	0	0	0	0	0	977.817382813
Mar 10 2023 20:03:05	28338.96875	1.30971765518	0.865592062473	0.902621984482	1.51809561253	1.07759666443	0	0	0	0	0	0	0	0	0	0	0	0	0	0	0	0	0	0	0	0	0	0	0	0	0	0	0	0	0	0	0	977.830993652
Mar 10 2023 20:03:06	28332.7109375	3.0154876709	2.11159777641	1.34258627892	0	0	0	0	0	0	0	0	0	0	0	0	0	0	0	0	0	0	0	0	0	0	0	0	0	0	0	0	0	0	0	0	0	977.825195313
