Date-Time	Sc[0]	Sc[1]	Sc[2]	Sc[3]	Sc[4]	Sc[5]	Sc[6]	Sc[7]	Sc[8]	Sc[9]	Sc[10]	Sc[11]	Sc[12]	Sc[13]	Sc[14]	Sc[15]	Sc[16]	Sc[17]	Sc[18]	Sc[19]	Sc[20]	Sc[21]	Sc[22]	Sc[23]	Sc[24]	Sc[25]	Sc[26]	Sc[27]	Sc[28]	Sc[29]	Sc[30]	Sc[31]	Sc[32]	Sc[33]	Sc[34]	Sc[35]	Sc[36]	Sc[M]
Mar 10 2023 20:36:33	27679.2167969	14.0323457718	13.0695447922	12.4239664078	14.8980541229	15.9186534882	16.3516330719	19.3247375488	24.2108249664	29.3110866547	34.8331298828	41.4653434753	48.5788154602	55.2722549438	62.18409729	68.0617599487	72.4802856445	74.5681381226	72.1460266113	67.1656112671	58.7225112915	50.046585083	42.8180885315	37.7070579529	33.0609588623	27.3436069489	21.1800251007	16.2706508636	12.5025177002	9.84006118774	7.91917848587	7.00626850128	6.27981376648	6.37803936005	6.22384643555	6.36351251602	6.29520940781	0
Mar 10 2023 20:36:34	27414.28125	14.9197969437	13.3237342834	12.582567215	15.6137742996	17.1239089966	20.1578655243	25.7123374939	31.6784439087	37.9098052979	44.4879837036	52.457485199	62.0646896362	70.9448547363	80.2009811401	87.5616912842	94.2570571899	95.2760314941	92.1150741577	85.4781112671	74.9840087891	64.7958450317	56.1637535095	50.0234222412	44.4597511292	37.4603652954	29.87591362	23.2840461731	17.8858413696	14.1971569061	11.6588716507	10.3168115616	9.29005241394	9.35584449768	9.20101642609	9.28113365173	9.19452476501	0
Mar 10 2023 20:36:35	28198.0722656	3.97228527069	3.02784800529	2.84735012054	3.65963935852	2.99078965187	2.48081493378	2.33390021324	2.57896208763	2.92026233673	3.34617400169	3.94491267204	4.49159002304	5.1697063446	5.75857162476	6.30833530426	6.85506820679	7.23119163513	7.43298959732	7.25122261047	6.83696460724	6.34804153442	5.87391138077	5.50906038284	5.03384017944	4.32064342499	3.52103352547	2.77936577797	2.13687205315	1.67221355438	1.37501239777	1.22421228886	1.08525395393	1.1341881752	1.07610678673	1.16225779057	1.15633654594	0
Mar 10 2023 20:36:36	27564.5273438	29.8659973145	23.9218330383	18.8435688019	16.9083595276	18.8123722076	22.0566501617	27.0903816223	31.692232132	38.1413040161	44.8889274597	52.1969299316	59.7813835144	68.6156463623	76.535697937	82.9661712646	86.2127990723	84.7006988525	78.094291687	68.6950912476	55.5929908752	43.9806480408	35.6838111877	31.030456543	27.6878356934	23.5584468842	19.0109672546	15.3808879852	12.4232120514	10.3615112305	9.04371833801	8.49258613586	8.04713439941	8.43414974213	8.42342090607	8.56692028046	8.47331905365	0
Mar 10 2023 20:36:37	27340.0683594	9.09678173065	5.88141584396	3.15718364716	2.8935778141	4.33713245392	7.43195533752	11.5050439835	14.6891880035	18.3660621643	22.1022624969	26.6925373077	32.1736984253	37.9675483704	44.1510467529	50.2246322632	56.0141220093	61.0497817993	64.123878479	65.9992370605	65.7521057129	64.304977417	61.1440505981	57.0886154175	51.9567565918	44.6984634399	36.0323371887	28.1857013702	21.7449913025	17.2667236328	14.1429691315	12.4868783951	11.2508382797	11.1806659698	10.9987421036	10.9087896347	10.6755485535	0
Mar 10 2023 20:36:38	23314.7636719	88.2966308594	73.959777832	54.0363769531	41.1558036804	40.0607376099	50.9045524597	70.979019165	86.582649231	105.757240295	126.273452759	150.673553467	179.553222656	209.777145386	242.263336182	270.517364502	295.624542236	309.941864014	312.803497314	304.264007568	283.544830322	260.463317871	237.93196106	219.35609436	200.46786499	172.920700073	140.723007202	112.425315857	89.4397735596	73.4907836914	62.3473091125	57.205165863	53.6190414429	54.9011459351	55.8322067261	56.3318252563	56.2752304077	0
Mar 10 2023 20:36:39	26996.6972656	26.100769043	19.9837417603	15.2610902786	13.903049469	13.7093696594	15.1735115051	17.9305553436	21.1058444977	25.1207084656	29.3946628571	34.2512130737	40.4258003235	47.1879425049	54.2108955383	60.8442230225	67.5637130737	72.7161026001	76.0667572021	78.4022369385	78.2505874634	77.6172561646	74.9432830811	71.1607208252	65.0467300415	56.3086738586	45.8344955444	36.5515975952	28.6623916626	23.0550842285	18.9115276337	16.9552764893	15.3613147736	15.5050506592	15.2216701508	15.1162424088	14.7198009491	0
Mar 10 2023 20:36:40	26953.9472656	159.655044556	114.494949341	78.8271255493	60.4326972961	50.8473320007	45.3783683777	43.7488327026	45.0438461304	49.4100990295	55.7389984131	63.5581741333	71.6520690918	80.4512023926	87.6940917969	92.8990936279	96.7968826294	95.3500518799	88.2448348999	77.714263916	64.8242263794	53.2935638428	44.7505149841	39.2452011108	35.2292327881	30.4518928528	25.7548789978	22.0273551941	19.1594276428	17.3863353729	16.3618755341	16.3136692047	16.2368373871	17.0678310394	17.2720870972	17.1013011932	16.5448169708	0
Mar 10 2023 20:36:41	28094.5410156	14.1873655319	9.51106643677	7.16303110123	6.19919919968	5.57639837265	5.58184242249	5.94948148727	6.41307544708	7.48937129974	8.69447040558	9.8216676712	10.9912834167	12.1754732132	13.3050193787	14.3202409744	14.9595680237	15.0786857605	14.5072536469	13.3820667267	11.9384222031	10.5962028503	9.54569721222	8.65368270874	7.81578063965	6.7520275116	5.53862047195	4.45125246048	3.61953043938	3.07308077812	2.74507689476	2.7281832695	2.61115908623	2.80147981644	2.70457553864	2.80015921593	2.65089797974	0
Mar 10 2023 20:36:42	28115.4589844	2.9052863121	1.82175290585	1.46132099628	1.67913341522	1.49147045612	1.5808236599	1.95925593376	2.43273854256	3.13299298286	3.82021212578	4.35197496414	5.03600740433	5.73043203354	6.47129011154	7.30400514603	8.16486167908	9.03087711334	9.79044818878	10.4421129227	10.9543590546	11.2768421173	11.409866333	11.2241001129	10.6608076096	9.50770568848	7.91779232025	6.26185464859	4.77532196045	3.69462251663	2.89928650856	2.56603169441	2.18414330482	2.3027203083	2.0378639698	2.13857460022	1.89814972878	0
Mar 10 2023 20:36:43	28133.0117188	6.04976272583	3.90477538109	2.75005578995	2.45888853073	2.00740861893	1.7679541111	1.98287498951	2.46667742729	3.05865311623	3.54919624329	4.05833530426	4.67676877975	5.35467433929	6.04244756699	6.78900098801	7.58779716492	8.38836479187	9.11184215546	9.75598716736	10.2469434738	10.5513877869	10.6294612885	10.2985458374	9.63984012604	8.47033882141	6.88086414337	5.34437894821	3.98702168465	3.03806805611	2.40220952034	2.23061513901	1.99436759949	2.20336008072	2.07526302338	2.12739109993	1.90022063255	0
Mar 10 2023 20:36:44	28271.3300781	1.47658252716	0.747826755047	0.447722047567	0.509324073792	0.797263979912	0.488914519548	0.608803570271	0.571620464325	0.91140550375	1.06644546986	1.21119761467	1.16636705399	1.39926111698	1.51940536499	1.72919070721	1.81864786148	2.02795529366	2.2365128994	2.30639457703	2.37351155281	2.33544945717	2.17392230034	1.95807909966	1.76047503948	1.52514243126	1.25126457214	1.02729678154	0	0	0	0	0	0	0	0	0	0
Mar 10 2023 20:36:45	28033.3144531	3.84662413597	3.11535191536	3.09806776047	3.94479608536	3.22218775749	2.42046928406	2.24802660942	2.50428724289	3.01310396194	3.60842061043	4.34985971451	5.12579011917	5.84166240692	6.66181373596	7.69883680344	8.79769420624	10.0032739639	11.2834339142	12.4973449707	13.4824876785	14.0676460266	14.2843437195	13.9089317322	13.0992422104	11.6306028366	9.82466316223	8.06695652008	6.53434753418	5.42190170288	4.6861333847	4.3981089592	4.05191707611	4.11785984039	3.79467821121	3.72656345367	3.27054691315	0
Mar 10 2023 20:36:46	27479.7167969	19.6723766327	12.9756803513	7.9636054039	6.61619281769	5.02450942993	4.56069564819	6.47468423843	7.92479038239	10.1530752182	12.4253168106	15.2720746994	18.5470218658	22.3590049744	26.5118236542	30.4725818634	34.7388954163	38.5613288879	41.6415786743	44.3565292358	45.7124938965	46.1419830322	45.1651268005	42.9838180542	39.6587028503	34.6145172119	28.7339878082	23.2591552734	18.6290683746	15.3091430664	12.9795923233	11.8527841568	10.8695659637	10.9356060028	10.4864606857	10.320640564	9.82468795776	0
Mar 10 2023 20:36:47	27509.3261719	4.72711992264	2.13765788078	0.429172068834	0.617752432823	1.7880948782	3.09391117096	6.63502502441	9.38210010529	12.6793718338	15.136967659	18.568944931	23.0332641602	27.8324584961	32.4846153259	36.9926757813	41.3973884583	44.9829673767	47.4352340698	48.9223937988	48.5514755249	47.385181427	45.1531867981	42.3347434998	38.8878250122	34.0893669128	28.473077774	23.2356815338	18.4847431183	14.8940782547	12.1969747543	10.8045330048	9.66291332245	9.76464653015	9.3255853653	9.37353038788	8.75541782379	0
Mar 10 2023 20:36:48	27775.4023438	0	0	0	0	0	0	2.62144446373	4.74629497528	6.89454126358	8.51881694794	10.8183231354	13.9409532547	17.1708869934	20.5157413483	23.8689479828	27.2770519257	30.5385322571	33.6325454712	36.0864562988	37.9634361267	38.8794822693	38.7708435059	37.0147857666	34.1550216675	29.2411346436	23.4826889038	18.1201343536	13.559211731	10.3708782196	8.08979320526	6.86119699478	5.82296514511	5.72618532181	5.44505119324	5.47210884094	5.25750637054	0
Mar 10 2023 20:36:49	28062.7714844	1.12972295284	1.48440873623	1.78232228756	2.20911312103	2.14847064018	2.12421512604	2.31194972992	3.01003980637	3.75132918358	4.43432235718	5.41421222687	6.53145265579	7.6987080574	9.03505897522	10.4572944641	12.0315828323	13.7862281799	15.4054098129	16.9403629303	18.2120361328	19.0142097473	19.1107368469	18.39635849	16.8541660309	14.4316492081	11.5523548126	8.85116100311	6.58281517029	4.9392490387	3.74861550331	3.10237789154	2.61758065224	2.74654865265	2.70958781242	2.81648135185	2.33435463905	0
Mar 10 2023 20:36:50	28299.5351563	0.271144449711	0.155473336577	0.231597602367	0.554948806763	0.770841419697	0.544521093369	0.398910433054	0.336959034204	0.360234111547	0.359319359064	0.36917924881	0.398137271404	0.466671586037	0.475832730532	0.507072210312	0.528902769089	0.543974995613	0.551078140736	0.50939977169	0.491977721453	0.444024503231	0.436513096094	0.407040506601	0.401536673307	0.389728307724	0.315871953964	0.268646687269	0.256817728281	0.244742408395	0.221398025751	0.241161897779	0.191415071487	0.289210319519	0.262279629707	0.322591423988	0.203960239887	0
Mar 10 2023 20:36:51	28268.3105469	2.11518907547	1.33849740028	1.07756757736	1.72081315517	1.46037137508	0.713639616966	0.568339765072	0.501099348068	0.681976258755	0.7854591012	1.00013661385	1.00428116322	1.21312475204	1.31630170345	1.44600975513	1.58617794514	1.76540374756	1.92509460449	2.01060843468	2.02526593208	2.0220811367	2.00302767754	1.92071688175	1.81483733654	1.62880635262	1.35824716091	1.13266134262	0	0	0	0	0	0	0	0	0	0
Mar 10 2023 20:36:52	28274.8574219	4.00773048401	3.36656212807	2.89551615715	2.82951283455	1.74338066578	1.36631059647	0.749405145645	0.883367240429	0.716979503632	0.872534871101	0.823788106441	1.00871372223	0	0	0	0	0	0	0	0	0	0	0	0	0	0	0	0	0	0	0	0	0	0	0	0	0
Mar 10 2023 20:36:53	28222.6640625	4.47786045074	3.25551366806	2.56809639931	2.75125455856	2.58140349388	1.65193796158	1.79462432861	1.45845115185	2.01830434799	2.4551627636	2.9937286377	3.05489659309	3.74159860611	4.18400430679	4.64909172058	4.9623670578	5.21542930603	5.40201950073	5.31659793854	5.05083370209	4.75003910065	4.3987364769	4.11483478546	3.77174639702	3.26682829857	2.64756536484	2.10830020905	1.62400054932	1.35726046562	1.11462163925	1.10480332375	0.98627948761	1.14154934883	1.00420832634	1.07289409637	0	0
Mar 10 2023 20:36:54	28272.7675781	1.24321591854	0.706078052521	0.737948834896	1.34009683132	1.13593184948	0.583961844444	0.449051290751	0.459511578083	0.637469351292	0.79492855072	0.969258189201	1.04500126839	1.16998672485	1.23556399345	1.33790457249	1.40709483624	1.48623514175	1.60383832455	1.65492010117	1.67726945877	1.67440676689	1.68427360058	1.60634613037	1.53672719002	1.24795985222	0	0	0	0	0	0	0	0	0	0	0	0
Mar 10 2023 20:36:55	28256.4628906	4.59947776794	3.06633090973	2.34493756294	2.33009648323	2.03332710266	1.32343149185	1.26229023933	1.19259393215	1.46941828728	1.60605537891	1.83363640308	1.90016019344	2.17209839821	2.35162401199	2.54856443405	2.65774679184	2.6873292923	2.65402698517	2.48889684677	2.22590637207	1.97707641125	1.74156475067	1.61869168282	1.47883820534	1.29608976841	1.05664074421	0	0	0	0	0	0	0	0	0	0	0
Mar 10 2023 20:36:56	28290.9570313	1.29329144955	1.41795694828	1.21522140503	0.637704670429	0.294415861368	0.44186937809	0.390775918961	0.641332507133	0.649775743484	0.757495701313	0.722861945629	0.92160820961	0.951812446117	1.07262194157	1.13253355026	1.24237048626	1.25665318966	1.2565715313	1.17908644676	1.08906495571	0	0	0	0	0	0	0	0	0	0	0	0	0	0	0	0	0
Mar 10 2023 20:36:57	28311.3125	0.317429631948	0.733891785145	0.713291764259	0.27085006237	0.0346995145082	0	0.0437167063355	0.146991640329	0.134509399533	0.195119917393	0.113738819957	0.189142331481	0.120874792337	0.148038372397	0.0824305191636	0.146594956517	0.163852587342	0.153952091932	0.121463127434	0.134564116597	0.162256345153	0.154256701469	0.111448094249	0.122364036739	0.145411863923	0.100936867297	0.112606242299	0.116861842573	0.121023386717	0.0829250589013	0.124779812992	0.0679788589478	0.157555103302	0.0919014215469	0.0852200388908	0	0
Mar 10 2023 20:36:58	28302.8964844	0	0	0.315539389849	0.916171371937	0.780496001244	0.2865011096	0.062046777457	0.0786415338516	0.137816309929	0.25999173522	0.278323471546	0.297211199999	0.284776777029	0.249699994922	0.241356909275	0.220866650343	0.206334263086	0.231937095523	0.219591915607	0.193155437708	0.163459762931	0.171928495169	0.156212598085	0.145989879966	0.155086636543	0.147199362516	0.107758447528	0.0899715200067	0.0908475369215	0.0524327680469	0.0582881271839	0.0416886806488	0.120614528656	0.082235455513	0.100488960743	0.0238674879074	0
Mar 10 2023 20:36:59	28215.6328125	2.91026306152	1.35849356651	0.502053976059	0.834803760052	0.974875926971	0.602480232716	1.04577314854	1.10742330551	1.76116073132	2.07803010941	2.64610171318	3.26777529716	3.96894717216	4.53030014038	5.02373123169	5.42565917969	5.69459533691	5.74918842316	5.62323570251	5.24678850174	4.92795181274	4.62376260757	4.32862043381	4.017973423	3.52723407745	2.90247941017	2.3700799942	1.89287173748	1.56510770321	1.31570100784	1.17699241638	1.03076243401	1.13152527809	1.03022503853	1.09418487549	1.03221166134	0
Mar 10 2023 20:37:00	28225.3378906	3.78977966309	1.93779349327	1.17928874493	1.16593623161	1.73992526531	1.46855020523	1.96936225891	1.23860263824	1.78960692883	2.2878472805	2.79450011253	2.6391274929	3.48684549332	3.84238219261	4.38431835175	4.63921785355	4.91123390198	5.03712797165	4.88109397888	4.59556007385	4.33497524261	4.03178548813	3.68988037109	3.42361235619	2.97473263741	2.42129731178	1.89859044552	1.47130584717	1.1246984005	0.936541557312	0.849265813828	0.83406496048	0.975258827209	0.951110839844	1.0180863142	0	0
Mar 10 2023 20:37:01	27988.6542969	8.34127807617	5.31138086319	3.89174890518	3.09694933891	3.04772758484	2.78938174248	3.93596386909	4.16329956055	5.3372335434	6.0270986557	7.37596750259	8.54451370239	10.3842229843	12.1217441559	14.108086586	15.9539556503	17.7834377289	19.3539199829	20.6086235046	21.1253318787	21.2255973816	20.5081253052	19.1399726868	17.2899513245	14.7670698166	11.9916172028	9.43428993225	7.39116191864	5.97995948792	5.01536417007	4.54808950424	4.13208723068	4.15542459488	3.99736785889	3.92596578598	3.70818352699	0
Mar 10 2023 20:37:02	27992.6484375	0	0	1.20287871361	2.08985757828	3.15175127983	3.98696684837	5.52516651154	6.60636472702	8.28150463104	9.61549568176	11.7117433548	13.9392156601	16.5485954285	19.1226406097	21.3183956146	23.5651798248	24.7886333466	25.5447502136	25.529335022	24.6107578278	23.3037281036	22.1776599884	20.9262599945	19.0952625275	16.1108398438	12.8801040649	9.97145652771	7.60170173645	5.88718223572	4.62219762802	3.97193288803	3.44551205635	3.60718584061	3.48902106285	3.57415509224	3.28756785393	0
Mar 10 2023 20:37:03	28262.7773438	0	0	0	1.51799738407	1.80828690529	1.20473146439	1.08575439453	0.998418927193	1.29079174995	1.55374026299	1.88351488113	2.01677322388	2.38594484329	2.65639686584	2.98223185539	3.14202737808	3.33894968033	3.47968459129	3.46740412712	3.27852249146	3.06341075897	2.88193702698	2.64380168915	2.42226576805	2.0613193512	1.63619339466	1.28704333305	1.02885746956	0	0	0	0	0	0	0	0	0
Mar 10 2023 20:37:04	28286.71875	1.51634657383	0.716717898846	0.607261478901	1.33526968956	1.36881268024	0.560242056847	0.486710131168	0.276461362839	0.45870128274	0.486111164093	0.632037639618	0.490711301565	0.717154800892	0.756392896175	0.84921592474	0.865036487579	0.917851209641	1.04368162155	1.01396167278	0	0	0	0	0	0	0	0	0	0	0	0	0	0	0	0	0	0
Mar 10 2023 20:37:05	28072.6464844	9.77943515778	7.24331378937	5.93916749954	6.67398929596	5.86907148361	4.77522516251	4.696621418	4.96751832962	5.7613568306	6.51351356506	7.67195653915	8.802693367	10.060801506	11.2308282852	12.4175434113	13.4679737091	14.2443532944	14.5724897385	14.4714975357	13.8493471146	13.1454753876	12.414100647	11.6453914642	10.8076429367	9.56488895416	8.1146812439	6.659096241	5.36595535278	4.33537244797	3.58726263046	3.19382333755	2.86420702934	2.87196326256	2.78417563438	2.73466491699	2.64900565147	0
Mar 10 2023 20:37:06	28269.3398438	0	0	1.13990879059	2.42538332939	1.63161337376	0.298696964979	0.0101347481832	0.220122948289	0.955736517906	1.39907968044	1.72672939301	1.64433634281	1.75152623653	1.82419669628	1.89749872684	2.02348065376	2.25085735321	2.43732428551	2.48011279106	2.51311516762	2.53411817551	2.4898314476	2.365432024	2.18555665016	1.91866779327	1.57912933826	1.2781317234	1.00621187687	0	0	0	0	0	0	0	0	0
Mar 10 2023 20:37:07	28080.1523438	28.2388000488	20.5053462982	14.5812225342	11.5950460434	9.28915405273	7.41035461426	7.03461408615	6.98710393906	8.0613155365	9.19579029083	10.2503519058	11.0474748611	12.346036911	13.3524608612	14.1678504944	14.5809211731	14.337480545	13.2981319427	11.5090398788	9.31876850128	7.34391307831	6.07163667679	5.2668337822	4.78132104874	4.07479333878	3.3775434494	2.80725264549	2.5393986702	2.33538031578	2.37541651726	2.61727142334	2.69668793678	3.07352900505	3.06216192245	3.11920070648	2.96655273438	0
Mar 10 2023 20:37:08	28291.8046875	0	0	0	0	0	0	0	0	0	1.02398359776	0	0	0	0	0	0	0	0	0	0	0	0	0	0	0	0	0	0	0	0	0	0	0	0	0	0	977.346313477
Mar 10 2023 20:37:09	28149.0917969	7.38891744614	4.32775068283	2.63599872589	3.03794384003	2.81796574593	2.29428696632	2.41386961937	2.56450510025	3.48112630844	4.38878202438	5.17763757706	5.69966411591	6.63855600357	7.43282985687	8.28621673584	9.0330581665	9.6691493988	10.1454982758	10.215429306	9.88785934448	9.42153167725	8.76485538483	8.09330654144	7.36226415634	6.36703062057	5.19843244553	4.12668943405	3.21481585503	2.57631707191	2.12055873871	1.97527122498	1.80627179146	1.89514422417	1.82225084305	1.8841047287	1.81360435486	0
Mar 10 2023 20:37:10	28223.8496094	10.1529846191	7.94129896164	5.91080713272	4.19256639481	3.08441901207	3.24807095528	3.10982465744	3.41430687904	3.62451219559	4.04531955719	4.46314573288	5.08080863953	5.41314411163	5.93925476074	6.1967048645	6.43721199036	6.2977347374	5.88358211517	5.0658416748	4.12530946732	3.20167732239	2.51803565025	2.11581611633	1.91535925865	1.65094649792	1.39358985424	1.27014994621	1.1424100399	1.11692905426	1.10414743423	1.16505348682	1.1473531723	1.29468250275	1.28608608246	1.35821473598	1.2871325016	0
Mar 10 2023 20:37:11	28284.2929688	1.47509598732	0.769988358021	0.601712763309	1.24192726612	1.24842774868	0.553078353405	0.400100469589	0.369222283363	0.643301904202	0.736113548279	0.945877730846	0.938423216343	1.11442875862	1.1370704174	1.22354996204	1.22941100597	1.29766559601	1.40410244465	1.37052607536	1.26945388317	1.19787859917	1.12555301189	1.03997659683	0	0	0	0	0	0	0	0	0	0	0	0	0	0
Mar 10 2023 20:37:12	28282.3886719	2.37562680244	0.973275482655	0.516086518764	1.40761554241	1.75774025917	0.739402711391	0.587522983551	0.359477162361	0.610406160355	0.558255791664	0.840398311615	0.565831065178	0.860539376736	0.869444549084	0.962984740734	0.898520708084	0.958519637585	1.0243601799	0	0	0	0	0	0	0	0	0	0	0	0	0	0	0	0	0	0	0
Mar 10 2023 20:37:13	28276.2871094	0	0	1.61872899532	2.9206430912	1.7106282711	0.702590703964	0.362935096025	0.429613888264	0.644846737385	0.882803618908	1.11300599575	1.19603860378	1.27894926071	1.39126932621	1.41902053356	1.49917554855	1.57641911507	1.69682514668	1.68796741962	1.59712910652	1.523624897	1.49560916424	1.42762386799	1.33676958084	1.18638134003	0	0	0	0	0	0	0	0	0	0	0	0
Mar 10 2023 20:37:14	28292.7382813	0	0	0	0	0	0	0	0	0	0	0	0	0	0	0	1.05326259136	1.09792768955	1.11789369583	1.06663322449	0	0	0	0	0	0	0	0	0	0	0	0	0	0	0	0	0	977.364868164
Mar 10 2023 20:37:15	28299.9003906	0	0.00198046932928	0.354962825775	0.93667191267	0.725552618504	0.418305486441	0.194014683366	0.327569931746	0.410727292299	0.515791714191	0.476223111153	0.551167547703	0.537891566753	0.591737508774	0.595499515533	0.594706356525	0.582499563694	0.591467440128	0.564151108265	0.490992307663	0.395727813244	0.377565562725	0.347660273314	0.343841701746	0.303641885519	0.260275810957	0.230188816786	0.19814696908	0.205964446068	0.155528634787	0.202737957239	0.159043550491	0.211909532547	0.166367888451	0.198142886162	0.203888475895	0
Mar 10 2023 20:37:16	28300.6660156	0.90975856781	0.40776386857	0.188287720084	0.0907255709171	0.0267211049795	0.0434969551861	0.0950656607747	0.0818953663111	0.221685349941	0.292956650257	0.270872294903	0.244617179036	0.288113623857	0.226182445884	0.251074492931	0.225178256631	0.218099191785	0.208380818367	0.219446495175	0.189961627126	0.193234354258	0.187976703048	0.172989577055	0.189455851912	0.154375091195	0.13223606348	0.149345293641	0.157509148121	0.149092957377	0.143812716007	0.149654582143	0.0872845649719	0.109139919281	0.0712292194366	0.10648047924	0.019818842411	0
Mar 10 2023 20:37:17	28296.4628906	0	0	0	1.18213641644	0	0	0	0	0	0	0	0	0	0	0	0	0	0	0	0	0	0	0	0	0	0	0	0	0	0	0	0	0	0	0	0	977.366821289
Mar 10 2023 20:37:18	27860.6992188	3.51146888733	3.55448675156	3.51116418839	3.11200881004	2.54169511795	3.46862626076	5.10164690018	6.41008901596	7.76999950409	9.27286338806	11.2337236404	13.7554740906	16.5422954559	19.2372188568	21.6241893768	24.1580753326	26.3915214539	27.8982810974	28.6004619598	28.4770431519	27.740032196	26.2535896301	24.4324588776	22.3787517548	19.4931373596	16.1874103546	13.0409841537	10.4155569077	8.31789302826	6.81724071503	5.96055221558	5.34621238708	5.31342935562	5.17745018005	5.04895544052	4.8072142601	0
Mar 10 2023 20:37:19	27652.6757813	54.0254974365	37.5216636658	23.7899532318	16.786523819	14.6840238571	14.0593261719	16.1803398132	18.5639572144	21.3411426544	23.8628444672	27.7427597046	32.9100036621	38.0981292725	43.0479660034	46.8573608398	49.9494781494	50.6897125244	48.9017372131	44.9211425781	39.4051361084	33.8555793762	29.0973472595	25.6805229187	22.8291797638	19.4993095398	15.9979944229	13.1149082184	10.8906946182	9.43502998352	8.49896717072	8.21744346619	7.98079252243	8.5187664032	8.43136692047	8.48957252502	8.07057666779	0
Mar 10 2023 20:37:20	28257.0742188	1.43856525421	1.48616778851	2.16417956352	3.85770177841	2.66316771507	1.46220016479	0.8144993186	0.83858525753	0.952803730965	1.25493848324	1.56325519085	1.8354408741	1.97521173954	2.22608661652	2.34062314034	2.54455161095	2.66325831413	2.72274827957	2.64640402794	2.45245623589	2.24490308762	2.13952660561	1.99036955833	1.82840073109	1.5774102211	1.32510209084	1.0939707756	0	0	0	0	0	0	0	0	0	0
Mar 10 2023 20:37:21	28303.09375	0	0	0	1.07779824734	0	0	0	0	0	0	0	0	0	0	0	0	0	0	0	0	0	0	0	0	0	0	0	0	0	0	0	0	0	0	0	0	977.375732422
Mar 10 2023 20:37:22	28018.5683594	0	0	0	0	0	1.1485658884	3.39597249031	4.96015357971	7.03820753098	8.46006584167	10.2462596893	12.2723474503	14.6218338013	16.7758426666	18.8761615753	20.7818813324	22.1410732269	22.7635593414	22.4256439209	20.9708423615	19.4222507477	17.7058906555	16.0737247467	14.5111131668	12.3130779266	9.98359298706	7.87947177887	6.21800136566	4.98245191574	4.14394950867	3.71875429153	3.36993837357	3.45130896568	3.3505396843	3.32875585556	3.11686229706	0
Mar 10 2023 20:37:23	27223.1230469	18.1963348389	17.6108913422	17.3980579376	17.4337234497	18.9299907684	22.1979198456	26.4830722809	31.5167312622	37.0605621338	43.1391983032	51.3390655518	60.6609077454	69.037727356	79.2160568237	88.5087890625	96.7393417358	102.413795471	103.578178406	100.93183136	93.2026672363	82.9781570435	72.8208389282	64.9966659546	58.2279853821	49.1507759094	39.0866317749	30.4457187653	23.569694519	18.6188926697	15.1250123978	13.2349395752	11.8878011703	11.8111181259	11.5187864304	11.3932590485	11.1065797806	0
Mar 10 2023 20:37:24	27886.0429688	8.2246389389	7.40556287766	7.05263376236	6.80626487732	6.9213552475	7.58476448059	8.6610660553	9.94874858856	11.2504663467	12.871257782	14.886554718	17.4587650299	20.1109409332	23.0581951141	25.9378261566	28.8830699921	30.8871116638	32.1452713013	32.4008026123	31.3905735016	29.5665473938	27.2825584412	24.95545578	22.4700889587	19.0769615173	15.2013864517	11.7663736343	9.05265712738	7.1184091568	5.79409408569	5.13021612167	4.59883785248	4.5540971756	4.32703828812	4.21035861969	3.95144915581	0
Mar 10 2023 20:37:25	26414.6640625	60.1621780396	49.3605766296	37.5519104004	27.7598705292	22.826795578	23.7532253265	27.2396221161	30.4329223633	34.733215332	39.3235626221	44.9927253723	52.721698761	61.0504455566	69.5057525635	76.8379440308	84.1128616333	88.1887283325	89.4069366455	86.8296585083	80.3541564941	72.398475647	65.1223602295	59.8457984924	55.5017623901	49.3421821594	42.4824981689	36.3957748413	31.5878810883	28.6037807465	26.9944343567	27.0571479797	26.9182243347	28.3450489044	28.2838439941	27.8255653381	26.3359355927	0
Mar 10 2023 20:37:26	28042.2402344	3.43559598923	1.30884432793	0.330941170454	0.548666954041	1.06778383255	1.34355068207	3.07759809494	3.7954826355	5.0886015892	6.04709005356	7.52019166946	9.2112531662	11.1766586304	12.9575910568	14.6505088806	16.1296920776	17.3579292297	17.7637042999	17.6679935455	16.6748580933	15.3612279892	13.9085254669	12.5577487946	11.2816267014	9.59863758087	7.73468160629	6.24343299866	5.05848789215	4.30272579193	3.80132269859	3.6721470356	3.49401211739	3.65388631821	3.53484272957	3.50125217438	3.25961589813	0
Mar 10 2023 20:37:27	28281.4667969	5.28924846649	4.16717529297	3.55997443199	3.30861830711	2.1079287529	1.40392899513	0	0	0	0	0	0	0	0	0	0	0	0	0	0	0	0	0	0	0	0	0	0	0	0	0	0	0	0	0	0	977.388671875
Mar 10 2023 20:37:28	28269.0175781	5.81809616089	3.87529015541	2.53919887543	1.6467192173	1.37303066254	1.02655613422	0.893018782139	0.693280160427	0.859628021717	0.954306900501	0.981628060341	0.859185993671	1.02899491787	1.11382031441	1.24164581299	1.3194643259	1.39132523537	1.51946616173	1.52122378349	1.47393679619	1.32633841038	1.23162484169	1.03353965282	0.975854516029	0.858512938023	0.832747817039	0.710076451302	0.749782860279	0.691295623779	0.758121430874	0.824018657207	0.943506240845	1.45206427574	1.46547329426	1.56897306442	1.11740005016	0
Mar 10 2023 20:37:29	28207.7792969	0	0	0	0	0	0	1.50535535812	2.12640738487	2.7665746212	3.31725144386	3.90674996376	4.61869478226	5.45229148865	6.23392868042	6.87061691284	7.62789201736	8.40611553192	8.92426109314	9.04061412811	8.83466148376	8.40749359131	7.82330560684	7.14773988724	6.4603729248	5.51747512817	4.40731334686	3.35090255737	2.53260779381	1.93235647678	1.50826311111	1.26439964771	1.04946684837	1.09248113632	0.977007389069	1.01572990417	0	0
Mar 10 2023 20:37:30	28230.9375	5.85477161407	4.49262809753	3.80076575279	3.7567191124	2.87347865105	2.45608735085	2.20295810699	2.42919945717	2.66354990005	2.97448277473	3.34337329865	3.88073849678	4.27229356766	4.68848133087	5.1097574234	5.55013418198	5.8050775528	5.88129043579	5.61067295074	5.014960289	4.2372045517	3.51554083824	2.90900588036	2.56629061699	2.19505548477	1.79616999626	1.43493258953	1.18720841408	1.01941347122	0.948536634445	0.959375321865	0.955784082413	1.10928297043	1.07514083385	1.11538100243	1.06778478622	0
Mar 10 2023 20:37:31	28305.6875	0	1.15159463882	0	0	0	0	0	0	0	0	0	0	0	0	0	0	0	0	0	0	0	0	0	0	0	0	0	0	0	0	0	0	0	0	0	0	977.38269043
Mar 10 2023 20:37:32	28300.7597656	0	0	0	1.11734557152	0	0	0	0	0	0	0	0	0	0	0	0	0	0	0	0	0	0	0	0	0	0	0	0	0	0	0	0	0	0	0	0	977.382202148
Mar 10 2023 20:37:33	28139.8242188	14.756937027	9.39765071869	6.82907009125	6.28594303131	5.29987668991	4.13565778732	4.22355604172	4.32512331009	5.16491937637	5.63901138306	6.62581396103	7.5861749649	8.84456253052	9.92250442505	10.9700250626	11.7075805664	11.9732294083	11.701634407	10.8443393707	9.35401630402	7.83727788925	6.45994138718	5.52552843094	4.87813138962	4.27941226959	3.59070467949	3.04846453667	2.55058097839	2.32829284668	2.12712883949	2.17214679718	2.07181882858	2.3357129097	2.28565835953	2.42213606834	2.29526424408	0
Mar 10 2023 20:37:34	28277.0253906	0	0	0	0	0	0	0	0	1.36670541763	2.14228224754	2.33425354958	2.40552043915	2.48733472824	2.63296604156	2.7104241848	2.91059136391	3.08073616028	3.06610703468	2.92941570282	2.62040472031	2.14026665688	1.6516828537	1.22315979004	1.03268361092	0	0	0	0	0	0	0	0	0	0	0	0	0
Mar 10 2023 20:37:35	28246.6992188	0	0	0	0	0	0	0	1.64037680626	2.45792198181	3.06050014496	3.55798816681	4.02137041092	4.37578058243	4.85499095917	5.34351539612	5.78636789322	6.09109640121	6.221534729	6.08133029938	5.62990617752	4.96218490601	4.23352098465	3.63544392586	3.2219285965	2.78048872948	2.23876428604	1.77241718769	1.33853554726	1.05675840378	0	0	0	0	0	0	0	0
Mar 10 2023 20:37:36	28216.6289063	5.51784896851	3.57165002823	2.62698411942	2.50325703621	1.98114728928	1.63802218437	1.51472198963	1.77697217464	2.19923663139	2.68940186501	3.02972126007	3.4318447113	3.82296562195	4.23847532272	4.63944578171	5.0750041008	5.40668869019	5.54749011993	5.5125670433	5.2562994957	5.00042295456	4.71202373505	4.43690013885	4.11354351044	3.56868577003	2.94985151291	2.38720726967	1.88527572155	1.56961452961	1.32263016701	1.22518002987	1.06222963333	1.21137475967	1.10844695568	1.22426772118	1.14512062073	0
Mar 10 2023 20:37:37	28138.1191406	7.31208324432	5.02800416946	3.68756484985	3.73751282692	3.7516951561	3.5100235939	3.60849666595	3.88677167892	4.52643060684	5.25537109375	6.00196456909	6.89307498932	7.99730110168	8.98157691956	9.79142570496	10.7036418915	11.3253955841	11.5759124756	11.2917537689	10.7455396652	10.0565328598	9.48898696899	8.83481311798	8.06624698639	6.88348007202	5.59931898117	4.42738008499	3.47341442108	2.86911201477	2.41387724876	2.24355125427	2.04244422913	2.16163849831	2.03211688995	2.14720654488	2.07518696785	0
Mar 10 2023 20:37:38	28268.6875	2.98361778259	1.31430149078	0.580071032047	0.64492046833	0.995046973228	0.668341755867	0.877495527267	0.563651502132	0.792462527752	0.826993823051	0.955550193787	0.831078529358	1.11651074886	1.17641055584	1.3809595108	1.49469149113	1.65730178356	1.88969504833	1.9611389637	2.0811548233	2.19248914719	2.18273639679	2.1097266674	1.99107253551	1.76761209965	1.46693313122	1.19485318661	0	0	0	0	0	0	0	0	0	0
Mar 10 2023 20:37:39	28280.3613281	1.14550590515	0.623798668385	0.365671277046	0.44871583581	0.412235468626	0.42443305254	0.408676594496	0.698075830936	0.912525475025	1.1082136631	1.18685352802	1.30253207684	1.38715982437	1.48524737358	1.52930951118	1.62804245949	1.68378913403	1.70596003532	1.63177013397	1.48243558407	1.39004409313	1.30045998096	1.20726931095	1.14232063293	1.0137065649	0	0	0	0	0	0	0	0	0	0	0	0
Mar 10 2023 20:37:40	28294.2636719	2.0053627491	1.66086363792	1.57323622704	1.94979929924	1.12526452541	0	0	0	0	0	0	0	0	0	0	0	0	0	0	0	0	0	0	0	0	0	0	0	0	0	0	0	0	0	0	0	977.41607666
Mar 10 2023 20:37:41	28168.375	1.57010412216	1.56089949608	0.694680869579	0	0.193320304155	0.897446036339	1.79854464531	2.59792613983	3.28447008133	4.10097360611	4.94899749756	5.92533397675	6.83062791824	7.8709936142	8.75147914886	9.6514673233	10.232667923	10.4903001785	10.3749303818	9.8124370575	9.13248920441	8.54399967194	7.9816904068	7.30357122421	6.23743581772	5.08684062958	4.07041788101	3.20663356781	2.60513281822	2.13474011421	1.94515120983	1.82170414925	1.95913314819	1.86563694477	1.96283650398	1.8751667738	0
Mar 10 2023 20:37:42	28278.8535156	0	0	0	1.66682386398	1.57280600071	0.587540030479	0.412647753954	0.401789486408	0.843308508396	1.02525031567	1.19948375225	1.13881850243	1.35532534122	1.43096458912	1.51123666763	1.64179360867	1.78231155872	1.93279016018	1.90372228622	1.92015624046	1.88348865509	1.77987587452	1.59136676788	1.45736050606	1.2463093996	0	0	0	0	0	0	0	0	0	0	0	0
Mar 10 2023 20:37:43	28173.15625	0	0	0	0	0	0	0	0	1.19689035416	1.69629621506	2.41198062897	3.30648064613	4.3388633728	5.26266479492	6.0659403801	6.88683891296	7.57772302628	8.07990550995	8.37450695038	8.41995048523	8.30501651764	7.91733026505	7.48678779602	6.91246461868	6.09974145889	5.09783029556	4.12120103836	3.26113653183	2.60962820053	2.10703420639	1.85565173626	1.5956351757	1.66558456421	1.56529676914	1.64145421982	1.59234952927	0
Mar 10 2023 20:37:44	28106.8105469	2.19782543182	1.09083330631	0.629890739918	0.724095404148	1.14139342308	0.91723382473	1.58031129837	1.52534532547	2.33656930923	2.72320365906	3.50151562691	3.90067005157	4.96592330933	5.95475959778	6.97735834122	7.95885944366	9.2030544281	10.3746910095	11.5201997757	12.5113401413	13.3203172684	13.5919361115	13.2322263718	12.5604991913	11.2899074554	9.56231212616	7.76022672653	6.004550457	4.5885682106	3.57093071938	2.98778915405	2.53422141075	2.44122982025	2.33763360977	2.25234031677	2.2033894062	0
Mar 10 2023 20:37:45	28246.0351563	3.77427959442	3.24455928802	3.33812475204	3.9028942585	2.82335591316	1.97232484818	1.55242395401	1.50178396702	1.67143023014	1.99681508541	2.25988674164	2.51930570602	2.70137500763	2.98739480972	3.16688203812	3.38487148285	3.38143444061	3.27653098106	3.01199102402	2.63304710388	2.20664858818	1.93318581581	1.74506664276	1.59267675877	1.40018558502	1.19654417038	1.00893831253	0	0	0	0	0	0	0	0	0	0
Mar 10 2023 20:37:46	28266.3652344	0	0	0	1.57027411461	0.62354850769	0	0.0472961068153	0.26259380579	0.686646521091	1.22648596764	1.34004509449	1.5253276825	1.52468776703	1.6582224369	1.7694388628	1.97990632057	2.19739770889	2.45805335045	2.67840957642	2.80024409294	2.78523540497	2.75718021393	2.60190987587	2.35969758034	2.05534791946	1.70007276535	1.32970952988	1.01542639732	0	0	0	0	0	0	0	0	0
Mar 10 2023 20:37:47	28298.4316406	0	0	0	1.63691437244	0	0	0	0	0	0	0	0	0	0	0	0	0	0	0	0	0	0	0	0	0	0	0	0	0	0	0	0	0	0	0	0	977.409179688
Mar 10 2023 20:37:48	28226.8730469	3.98021030426	2.08993697166	1.3288141489	1.28011715412	1.78704845905	1.23907375336	1.83275651932	1.69322919846	2.47863793373	2.91274905205	3.42375946045	3.44358062744	4.09574508667	4.40075588226	4.80002593994	5.05023336411	5.16613578796	5.12779712677	4.84380722046	4.4519329071	4.14364624023	3.7583117485	3.44580698013	3.11183071136	2.67497634888	2.13721632957	1.70157134533	1.33775734901	1.11850237846	0.970474541187	0.975054442883	0.942783355713	1.02769422531	1.01158845425	1.04771447182	0	0
Mar 10 2023 20:37:49	28198.8125	7.55978012085	5.40387487411	3.86220860481	2.87745571136	2.26751470566	2.4999396801	2.57511377335	2.73957300186	2.92300868034	3.39686965942	3.62477993965	4.02800035477	4.36714410782	4.81845188141	5.14423179626	5.5064740181	5.60572004318	5.39089632034	4.95452260971	4.36581468582	3.79756212234	3.34724736214	3.0667719841	2.82875943184	2.48721241951	2.12684845924	1.7558580637	1.47756850719	1.38244593143	1.3084205389	1.44777309895	1.43763327599	1.6152920723	1.56828987598	1.61018180847	1.49391222	0
Mar 10 2023 20:37:50	28003.1484375	21.2241210938	13.393283844	8.94771766663	7.27646684647	6.28205776215	6.48761844635	6.75696325302	7.34499311447	8.2336807251	9.64831924438	10.7830228806	12.1926269531	13.6980285645	15.3316555023	16.9458789825	18.3296642303	19.0093002319	19.0383777618	18.0062789917	16.0684947968	13.9236459732	11.9811077118	10.6990814209	9.83059692383	8.60191440582	7.35205173492	6.25592517853	5.44021987915	4.93146848679	4.6397652626	4.60564613342	4.50597476959	4.68138837814	4.59340810776	4.45908641815	3.98437428474	0
Mar 10 2023 20:37:51	28278.0820313	2.18513131142	1.53320729733	1.46092677116	1.92307007313	1.58776962757	1.32286298275	1.01477921009	0.930134117603	1.01276409626	1.2902572155	1.36657202244	1.4058381319	1.50593519211	1.60240018368	1.6535243988	1.70731508732	1.69433879852	1.6404979229	1.43165946007	1.18085253239	1.01365745068	0	0	0	0	0	0	0	0	0	0	0	0	0	0	0	0
Mar 10 2023 20:37:52	28294.7246094	2.94516921043	1.76794421673	1.19769763947	0	0	0	0	0	0	0	0	0	0	0	0	0	0	0	0	0	0	0	0	0	0	0	0	0	0	0	0	0	0	0	0	0	977.42376709
Mar 10 2023 20:37:53	28298.1933594	4.9442191124	2.57102942467	1.60365092754	0	0	0	0	0	0	0	0	0	0	0	0	0	0	0	0	0	0	0	0	0	0	0	0	0	0	0	0	0	0	0	0	0	977.426757813
Mar 10 2023 20:37:54	28232.4140625	10.5159988403	6.52320575714	3.83732461929	2.44668102264	2.44453907013	2.69892811775	2.99357104301	2.8954744339	3.18029856682	3.45755577087	4.079454422	4.92951536179	5.32229614258	5.72172212601	6.16627168655	6.1547498703	5.98478555679	5.25257968903	4.81951665878	3.8601269722	2.86103534698	2.35565519333	1.87745654583	1.65508854389	1.39879322052	1.17232704163	0	0	0	0	0	0	0	0	0	0	0
Mar 10 2023 20:37:55	28296.5585938	4.96662521362	2.82459139824	2.00897049904	1.11788642406	0.65047031641	0.594048082829	0.987184524536	0.463378578424	0.448005080223	0.24120426178	0.564296841621	0.870281219482	0.989708721638	0.769192278385	1.04947900772	0	0	0	0	0	0	0	0	0	0	0	0	0	0	0	0	0	0	0	0	0	0
Mar 10 2023 20:37:56	27866.8125	29.3176250458	21.4048671722	15.7609825134	11.7872858047	11.4324150085	11.0243730545	11.4016122818	10.816783905	11.7866592407	13.0501718521	15.017367363	16.8250598907	18.7310066223	20.6107196808	22.4389038086	23.5606136322	23.9985904694	23.0575237274	21.7409763336	19.2981967926	16.7174701691	14.7731494904	13.2428274155	12.0778827667	10.5442342758	8.84579467773	7.47686004639	6.34127473831	5.76162099838	5.29111337662	5.436398983	5.3615398407	5.75774860382	5.77840614319	5.78093624115	5.58840990067	0
Mar 10 2023 20:37:57	28256.1308594	2.63330340385	1.49096894264	1.07860696316	1.22997403145	1.98899233341	1.55538272858	1.67445850372	1.27975094318	1.78617537022	2.05823087692	2.6674849987	3.03748369217	3.52886271477	3.67924141884	4.21850347519	4.21817827225	4.22329902649	3.89183545113	3.8098051548	3.32383942604	2.64280629158	2.36697840691	2.04718017578	1.87181401253	1.57355570793	1.31379032135	1.05095386505	0	0	0	0	0	0	0	0	0	0
Mar 10 2023 20:37:58	28255.5371094	11.7278242111	7.55355644226	4.58786153793	2.43574857712	2.47573494911	2.16674590111	2.22792935371	1.64556837082	1.72884202003	1.6067943573	1.968110919	2.42041039467	2.60156011581	2.5472433567	2.9185256958	2.82210540771	2.64240503311	2.19888782501	2.23133826256	1.98185682297	1.66381156445	1.44164073467	1.16764855385	1.06392037868	0	0	0	0	0	0	0	0	0	0	0	0	0
Mar 10 2023 20:37:59	28275.890625	5.50416469574	2.85961222649	1.78407812119	1.09072983265	0.825629234314	0.730559527874	1.19382596016	0.582066655159	0.645111441612	0.459602117538	0.957835376263	1.31130552292	1.51396799088	1.34736442566	1.73725914955	1.59469008446	1.48706364632	1.21838879585	1.55106365681	1.64914953709	1.73659265041	1.55693411827	1.21712446213	1.0532323122	0	0	0	0	0	0	0	0	0	0	0	0	0
Mar 10 2023 20:38:00	28155.5585938	12.3227300644	10.4095249176	8.99913597107	6.91621494293	8.88341522217	10.5314712524	13.1715183258	14.0741481781	16.8227596283	19.1566638947	22.1673755646	25.2230949402	28.0563621521	29.7203426361	30.7763938904	30.1515750885	27.3924789429	22.7470378876	18.2144107819	13.634850502	10.5858192444	8.01769351959	5.99119615555	4.67902421951	3.61582422256	2.87367987633	2.17992424965	1.74219977856	1.38178873062	1.25568890572	1.05636799335	1.09574747086	0.861690998077	1.03318846226	0	0	0
Mar 10 2023 20:38:01	28024.0625	39.500831604	30.3339653015	23.1781997681	16.8962516785	14.5670804977	13.7765083313	13.5465784073	12.5764465332	13.2095718384	13.9260311127	15.6741132736	18.0837745667	19.8718395233	21.5699901581	23.4141750336	24.0530261993	23.3066329956	20.8752269745	17.698923111	13.6713171005	10.147690773	7.46200275421	5.99024772644	5.27721500397	4.39642477036	3.77120375633	3.12702226639	2.8114733696	2.58283162117	2.64799666405	2.67115569115	2.91792750359	2.82475924492	3.08364486694	2.71001243591	2.5373570919	0
Mar 10 2023 20:38:02	28305.5585938	5.32031106949	3.04292297363	2.17756748199	0.928685367107	0	0.326818823814	0.917128026485	0.409339785576	0.343688964844	0.192048743367	0.536182641983	1.03915607929	1.08020663261	0	0	0	0	0	0	0	0	0	0	0	0	0	0	0	0	0	0	0	0	0	0	0	0
Mar 10 2023 20:38:03	28299.3339844	5.91574859619	3.05842757225	1.88668608665	0	0	0	0	0	0	0	0	0	0	0	0	0	0	0	0	0	0	0	0	0	0	0	0	0	0	0	0	0	0	0	0	0	977.428649902
Mar 10 2023 20:38:04	28290.1796875	6.33096933365	3.35091495514	2.15043854713	0.969125926495	0.131621226668	0.438657313585	1.09608876705	0.551953136921	0.616992413998	0.341189354658	0.824697732925	1.24539649487	1.31133925915	1.08342278004	1.22935318947	1.06136381626	0	0	0	0	0	0	0	0	0	0	0	0	0	0	0	0	0	0	0	0	0
Mar 10 2023 20:38:05	28182.4375	24.1400184631	15.9361419678	9.7263584137	5.91903495789	4.574406147	4.10820293427	4.25356388092	4.10662746429	4.45492315292	4.7117061615	5.34322357178	6.13488578796	6.60772705078	6.86079502106	7.50583028793	7.55416536331	7.24197864532	6.62052822113	6.03982067108	5.08899211884	4.10989618301	3.51095414162	2.92731165886	2.57851147652	2.17904400826	1.86032986641	1.58772850037	1.44636523724	1.31498098373	1.37225484848	1.36561763287	1.44971990585	1.62684130669	1.70132637024	1.67036652565	1.50869250298	0
Mar 10 2023 20:38:06	28278.3320313	1.50774610043	0.64934939146	0.268761664629	0.438223063946	0.809463918209	0.501288592815	0.569217860699	0.318666428328	0.440275967121	0.275152951479	0.562134385109	0.555602192879	0.858381092548	0.941631615162	1.08829700947	1.26263940334	1.41977441311	1.61219656467	1.7612580061	1.96760559082	2.29358005524	2.25595641136	2.09621143341	1.989615798	1.72673654556	1.39342713356	1.05406677723	0	0	0	0	0	0	0	0	0	0
Mar 10 2023 20:38:07	28302.6191406	1.27712929249	0.542413949966	0.21495218575	0.606631219387	1.28528296947	0	0	0	0	0	0	0	0	0	0	0	0	0	0	0	0	0	0	0	0	0	0	0	0	0	0	0	0	0	0	0	977.470214844
