Date-Time	Sc[0]	Sc[1]	Sc[2]	Sc[3]	Sc[4]	Sc[5]	Sc[6]	Sc[7]	Sc[8]	Sc[9]	Sc[10]	Sc[11]	Sc[12]	Sc[13]	Sc[14]	Sc[15]	Sc[16]	Sc[17]	Sc[18]	Sc[19]	Sc[20]	Sc[21]	Sc[22]	Sc[23]	Sc[24]	Sc[25]	Sc[26]	Sc[27]	Sc[28]	Sc[29]	Sc[30]	Sc[31]	Sc[32]	Sc[33]	Sc[34]	Sc[35]	Sc[36]	Sc[M]
Mar 10 2023 20:39:47	28312.765625	0.0703915655613	0.13845141232	0.209692269564	0.24401807785	0.122650690377	0.10036315769	0.0858226642013	0.206854596734	0.309838235378	0.434932768345	0.361853510141	0.342596620321	0.270678043365	0.276925653219	0.259928673506	0.240722879767	0.198537483811	0.198956355453	0.162266790867	0.163432493806	0.197334304452	0.175016745925	0.171999379992	0.148593768477	0.178387656808	0.174328446388	0.148122474551	0.134485051036	0.13090442121	0.130077317357	0.134270697832	0.100308179855	0.151015758514	0.147583723068	0.186462938786	0.0933497548103	0
Mar 10 2023 20:39:48	28318.3984375	0	0.018696108833	0.0411280505359	0.0669922381639	0.123837098479	0.0509950742126	0.0142028583214	0.0847143158317	0.3577234447	0.496558368206	0.468761146069	0.395746082067	0.345064252615	0.301843702793	0.317108869553	0.29717284441	0.275935590267	0.281225800514	0.257637530565	0.224195346236	0.279191970825	0.258798509836	0.214053928852	0.199945688248	0.182754084468	0.159698873758	0.124373599887	0.120933189988	0.0962138026953	0.0955018550158	0.0787220299244	0.0689270496368	0.0592660903931	0.0719572305679	0.0671346187592	0.0431013703346	0
Mar 10 2023 20:39:49	28314.1269531	0.103841908276	0.107244431973	0.13195450604	0.195791304111	0.0776327252388	0	0	0.0634174570441	0.387232124805	0.821092605591	0.789307594299	0.706459879875	0.502905189991	0.373153090477	0.260086148977	0.207331985235	0.152860492468	0.121234446764	0.126065418124	0.133458033204	0.0902981609106	0.133002370596	0.118627361953	0.120367705822	0.103111170232	0.0925337299705	0.0727643296123	0.0789880007505	0.0647946149111	0.0571196824312	0.0451535396278	0.0427041053772	0.0249791145325	0.024621963501	0.0386805534363	0.0204728841782	0
Mar 10 2023 20:39:50	28256.2011719	7.13892269135	5.66124296188	4.20566558838	3.30371665955	1.77573776245	1.64501214027	1.14007842541	1.50559103489	1.94330608845	2.61806678772	2.60243630409	2.71648907661	2.55633115768	2.66531944275	2.68766570091	2.72995257378	2.64932918549	2.49003553391	2.23543071747	1.91455328465	1.58253288269	1.36232554913	1.23676896095	1.15769970417	1.08838772774	1.03554153442	0.953788280487	0.917683124542	0.896174073219	0.95717716217	1.0619007349	1.38796615601	1.30299282074	1.55879306793	1.44934129715	1.1379430294	0
Mar 10 2023 20:39:51	27094.28125	74.9634399414	56.8219299316	43.5971908569	37.918296814	34.0404777527	31.0633010864	31.0525512695	32.4391593933	36.5648918152	41.8345909119	47.4763221741	52.9693527222	59.4236946106	65.7551269531	71.2075500488	75.4147186279	76.2805862427	73.8889846802	68.7128143311	61.3145980835	53.9636306763	47.5215148926	42.1879310608	37.5074539185	32.1963615417	26.9908733368	22.785451889	19.3916320801	17.302652359	15.8417282104	15.5022144318	14.9725551605	15.4203128815	15.2323484421	14.937417984	14.1962375641	0
Mar 10 2023 20:39:52	27767.4726563	64.5721282959	43.668800354	27.9398059845	20.5354919434	15.8508548737	13.1380681992	11.7586736679	10.9643621445	11.6477155685	12.693813324	14.1328735352	15.3911895752	17.2434062958	18.8707485199	20.6340694427	22.0090427399	22.2892570496	21.8515319824	20.4808826447	18.3667869568	16.3642578125	14.6790561676	13.3308706284	12.1537227631	10.958612442	9.64339065552	8.63615512848	7.73246002197	7.35044527054	7.10640478134	7.32456159592	7.35308170319	7.7392282486	7.67791557312	7.63455963135	7.17896175385	0
Mar 10 2023 20:39:53	28001.9667969	27.4880523682	16.9923458099	10.2450399399	7.70771694183	5.24835252762	3.44974732399	3.63369965553	3.09378790855	3.80247473717	4.42147874832	5.6431593895	6.70985221863	8.04811668396	9.24123573303	10.4062957764	11.5222473145	12.4885625839	13.1859874725	13.5358753204	13.4501047134	13.0780086517	12.3898868561	11.6059617996	10.6717453003	9.51144313812	8.11342334747	6.90772008896	5.86328697205	5.06102085114	4.58345460892	4.32648658752	4.1540222168	4.20611715317	4.12868785858	4.05100536346	3.77558660507	0
Mar 10 2023 20:39:54	28303.8359375	0	0	0	0	0	0	0	0	0	0	0	0	1.01265347004	1.03872179985	1.20325183868	1.18285679817	1.21063685417	1.26049685478	1.26372694969	1.20175504684	1.13490140438	1.05883979797	0	0	0	0	0	0	0	0	0	0	0	0	0	0	0
Mar 10 2023 20:39:55	28318.7519531	0.200513839722	0.207284376025	0.0937887281179	0	0	0	0	0.0609509386122	0.371484726667	0.733058214188	0.537171125412	0.518409073353	0.334702968597	0.287550568581	0.222187429667	0.159561648965	0.0970592945814	0.0770906358957	0.0713925212622	0.0685800015926	0.0913825705647	0.0973338633776	0.0585873760283	0.0527593456209	0.0330890417099	0.0502067804337	0.00213221553713	0	0	0	0	0	0	0	0	0	0
Mar 10 2023 20:39:56	28309.0449219	0	0	0	0	1.10219681263	0	0	0	0	0	0	0	0	0	0	0	0	0	0	0	0	0	0	0	0	0	0	0	0	0	0	0	0	0	0	0	977.602783203
Mar 10 2023 20:39:57	28300.4414063	0	0	0	0	1.35911691189	0.656336009502	0.539220392704	0.345513433218	0.616829752922	0.554359436035	0.796914696693	0.608899772167	0.864479839802	0.910579919815	1.122600317	1.13396179676	1.26474606991	1.39689397812	1.50239694118	1.55771934986	1.57551264763	1.55006325245	1.43483698368	1.26295185089	1.07569825649	0	0	0	0	0	0	0	0	0	0	0	0
Mar 10 2023 20:39:58	28305.2226563	1.28307557106	1.13991260529	1.0523506403	1.19118213654	1.02873241901	0	0	0	0	0	0	0	0	0	0	0	0	0	0	0	0	0	0	0	0	0	0	0	0	0	0	0	0	0	0	0	977.603271484
Mar 10 2023 20:39:59	28247.6816406	3.17604374886	1.46164524555	0.720793783665	0.679254353046	0.932096719742	0.753538966179	1.24818861485	0.996121406555	1.47150790691	1.69864618778	2.17265629768	2.34105920792	2.96186137199	3.40865850449	3.96311664581	4.2582321167	4.58485507965	4.77676010132	4.88805437088	4.77951574326	4.58879947662	4.31065607071	3.96063876152	3.51087474823	2.96618914604	2.36934971809	1.78906440735	1.3364033699	0	0	0	0	0	0	0	0	0
Mar 10 2023 20:40:00	27971.75	7.83390474319	9.52934169769	11.7396116257	14.3503456116	15.6255607605	17.6651496887	20.3246974945	23.5090465546	27.5547924042	32.2050361633	37.1939163208	42.5499801636	48.0356025696	53.3632125854	57.427898407	60.169593811	59.2721138	54.7603263855	47.3256874084	37.5117835999	28.5881919861	22.4453678131	19.0226268768	16.4388942719	13.304567337	10.3588819504	7.82079744339	5.94541978836	4.5745549202	3.76248645782	3.28098654747	3.0009226799	2.9545545578	3.00121068954	2.92881822586	2.91244149208	0
Mar 10 2023 20:40:01	28273.5371094	1.04019403458	1.02532792091	1.19668805599	1.33233880997	1.48850023746	1.84792327881	2.13706660271	2.45213603973	2.90022158623	3.37480688095	3.96500086784	4.65429925919	5.30555295944	6.00171279907	6.66649150848	7.20815610886	7.424700737	7.32567358017	6.82076072693	5.78870630264	4.5382809639	3.37201809883	2.54299974442	1.99204063416	1.61103618145	1.23599994183	0	0	0	0	0	0	0	0	0	0	0
Mar 10 2023 20:40:02	28207.9589844	2.20156860352	2.51906061172	2.17722463608	1.18207943439	1.47838521004	2.47378540039	3.05557107925	3.69264101982	4.21534156799	5.00134658813	5.81445217133	6.92207193375	7.93331336975	9.11042499542	10.2142362595	11.1751298904	11.8283424377	12.0141925812	11.6201152802	10.4955024719	8.96480846405	7.44279336929	6.32917118073	5.60522842407	4.7093667984	3.63103795052	2.71720719337	2.11450767517	1.70351374149	1.47388768196	1.2882733345	1.24073147774	1.19549822807	1.21594691277	1.11554217339	1.02910661697	0
Mar 10 2023 20:40:03	28263.1054688	1.3816716671	2.09464621544	2.39429855347	2.18401002884	2.49390101433	3.07556200027	3.61769723892	4.1103143692	4.70619773865	5.36257410049	6.26571702957	7.41202974319	8.45345211029	9.30385780334	10.099199295	10.6836261749	10.737408638	9.9809513092	8.75174331665	6.88944911957	5.05797338486	3.79669260979	3.1493601799	2.74465298653	2.15409660339	1.62969338894	1.19706237316	0	0	0	0	0	0	0	0	0	0
Mar 10 2023 20:40:04	28310.1796875	1.16483163834	1.02164900303	1.06244635582	0.618521332741	0.413566857576	0.357360005379	0.572587788105	0.322607040405	0.502621889114	0.478099584579	0.565845012665	0.449381619692	0.705305993557	0.764493703842	0.930359184742	0.979563891888	1.0274336338	1.018653512	1.01876282692	0	0	0	0	0	0	0	0	0	0	0	0	0	0	0	0	0	0
Mar 10 2023 20:40:05	28204.6835938	9.04650402069	6.29725170135	3.49363994598	1.76754200459	1.59440255165	1.56578147411	1.74133110046	1.68184745312	1.8900001049	2.04066777229	2.38106274605	2.76708245277	3.31898617744	3.81383419037	4.35741901398	4.91300106049	5.47623920441	5.8755607605	6.13312911987	6.22458744049	6.19328546524	5.9154009819	5.4940290451	4.93158960342	4.13019371033	3.27794718742	2.54099178314	2.04853343964	1.62328505516	1.51315271854	1.33508121967	1.41251397133	1.33250379562	1.42156767845	1.30191993713	1.14902687073	0
Mar 10 2023 20:40:06	28276.3964844	0	0	0	0	0	0	0	0	1.10776007175	1.08348357677	1.26813948154	1.49759459496	1.78169906139	2.01218485832	2.30229711533	2.57444643974	2.78294348717	2.97815990448	3.09593915939	3.09125947952	2.97719621658	2.81401014328	2.51952624321	2.18949580193	1.80770611763	1.40587520599	0	0	0	0	0	0	0	0	0	0	0
Mar 10 2023 20:40:07	28181.0351563	1.92953491211	2.08540153503	2.30768918991	2.7057595253	2.46760845184	2.42450356483	2.53018307686	3.06824111938	3.67145466805	4.29368638992	5.03729200363	5.92649030685	6.83036804199	7.90127944946	8.89071750641	9.94325828552	10.7735614777	11.3853654861	11.6437778473	11.2866687775	10.4184608459	9.32459163666	8.14611816406	7.06670427322	5.84076118469	4.54238271713	3.35813570023	2.511541605	1.75431501865	1.48255181313	1.01207649708	1.07724642754	0	0	0	0	0
Mar 10 2023 20:40:08	28307.1054688	0	0	0	1.08470666409	0	0	0	0	0	0	0	0	0	0	0	0	0	0	0	0	0	0	0	0	0	0	0	0	0	0	0	0	0	0	0	0	977.595825195
Mar 10 2023 20:40:09	26966.59375	77.8924102783	65.8650970459	51.4912071228	41.9573860168	34.5300941467	33.1333885193	36.0999145508	38.7417678833	43.1989097595	48.7991065979	55.5334358215	63.9112052917	71.9734802246	79.7375106812	86.0175323486	90.1589202881	88.7503890991	81.970375061	72.0091323853	58.2755661011	46.4019546509	38.2967185974	34.3383522034	31.3055686951	27.4411430359	23.529340744	20.7037620544	18.603685379	17.5832462311	17.4426746368	17.9468917847	18.6476249695	19.7423534393	20.3317871094	19.8941059113	19.1218948364	0
Mar 10 2023 20:40:10	26235.2851563	230.376296997	185.862686157	127.69241333	91.2384109497	72.8739013672	61.1264457703	53.8464164734	53.6932106018	57.4705314636	62.8776321411	68.4257125854	75.0392684937	81.8564453125	88.575050354	94.242401123	97.5323638916	96.173034668	90.0842056274	81.1706314087	69.7992172241	60.0006637573	52.4531593323	47.1471633911	42.4541320801	37.3061714172	32.5064582825	29.1708221436	27.1001548767	26.1639823914	26.4046325684	27.4768943787	28.7227134705	30.456533432	31.4826507568	30.9415950775	30.036687851	0
Mar 10 2023 20:40:11	24558.7753906	371.967163086	306.127044678	219.521911621	166.183319092	128.531799316	107.774589539	96.1556091309	96.0904922485	99.1285018921	107.769950867	117.396385193	128.443572998	139.108016968	150.843276978	158.250473022	162.608642578	158.432495117	146.587005615	129.090438843	108.363792419	90.8107070923	78.1689224243	69.6768341064	63.0433502197	56.3833198547	51.0611419678	47.9282913208	46.7894859314	47.3095474243	49.3311691284	52.430896759	55.1198577881	58.4224090576	59.609539032	58.0872955322	55.5283050537	0
Mar 10 2023 20:40:12	18355.6035156	676.980957031	541.715332031	391.268249512	305.638275146	252.274658203	228.121459961	219.087585449	227.851318359	245.757781982	273.538665771	304.780426025	342.93637085	380.690490723	420.185272217	446.901184082	469.999450684	464.657562256	439.872650146	400.315643311	348.485748291	300.103546143	256.561462402	220.574417114	190.418182373	162.892791748	140.288070679	125.061546326	115.194404602	110.922515869	109.928375244	113.063308716	114.877120972	120.522697449	122.754501343	121.701652527	118.606987	0
Mar 10 2023 20:40:13	22775.3261719	741.633361816	578.577575684	404.788513184	304.423400879	243.213729858	208.639373779	183.231140137	177.243438721	179.607772827	192.28578186	206.079208374	224.775466919	243.903045654	263.5284729	278.482055664	287.894073486	282.041381836	263.874481201	236.281921387	204.039932251	176.433700562	154.838546753	136.833099365	119.623947144	101.556495667	86.42137146	75.8924102783	69.5763244629	66.719039917	66.4336547852	68.7031021118	70.7409057617	75.0391845703	76.7724914551	75.8048553467	72.8255157471	0
Mar 10 2023 20:40:14	24806.2089844	845.262939453	612.860351563	402.195892334	279.782165527	196.590774536	150.956420898	126.249473572	115.771018982	111.949951172	114.736587524	121.782653809	133.524353027	146.031692505	158.915771484	168.688827515	174.492996216	170.622817993	161.837768555	144.598999023	125.025520325	106.848396301	93.043800354	81.7884140015	72.2401657104	61.5397186279	52.8042221069	46.3886566162	42.8506851196	41.0307388306	41.2477493286	42.7550964355	44.5699157715	47.3903884888	49.1334228516	48.6852226257	47.1787147522	0
Mar 10 2023 20:40:15	21795.6386719	773.245666504	605.520202637	425.078887939	317.4480896	250.416427612	214.817382813	189.610671997	184.799057007	190.870727539	207.049240112	225.159500122	249.260681152	274.347351074	300.149230957	320.063354492	334.458709717	333.459503174	317.447418213	288.533477783	251.291564941	216.427703857	188.424865723	165.992462158	146.318710327	125.449302673	106.820846558	93.3201446533	84.81199646	80.882194519	80.2357330322	83.0049972534	85.2171554565	90.8615036011	91.8236999512	90.9896621704	87.0352630615	0
Mar 10 2023 20:40:16	24829.9335938	588.132568359	446.920074463	300.358764648	211.328338623	155.830718994	127.404586792	114.963920593	111.2760849	112.484550476	118.067703247	127.207313538	141.816482544	155.842346191	169.799407959	178.444961548	183.24382019	175.954498291	161.176330566	138.680511475	113.346450806	91.7285385132	77.1363220215	67.5494384766	60.044921875	51.8841323853	45.5404701233	41.4014511108	39.7155532837	39.5440139771	41.0065040588	43.4728393555	45.8971824646	49.0343666077	50.8468055725	50.1658096313	48.8067436218	0
Mar 10 2023 20:40:17	23174.4765625	631.165161133	488.69732666	349.304931641	272.678405762	225.868377686	204.027923584	198.050018311	205.721176147	218.928878784	241.385009766	268.454925537	303.049957275	332.542694092	359.379943848	373.323913574	376.436096191	353.297149658	310.539642334	256.693817139	201.36416626	158.721679688	130.541748047	112.256370544	98.3854904175	83.6240234375	72.0106887817	64.1397705078	60.1186218262	58.7186203003	59.9177284241	62.6487312317	65.7609176636	69.7393417358	72.4585647583	71.2994689941	69.2850570679	0
Mar 10 2023 20:40:18	27474.2363281	20.3768615723	16.0620231628	11.2716436386	7.76879787445	7.50517320633	8.68354129791	12.1586894989	14.6897592545	17.623588562	20.2353916168	23.6290664673	28.0311508179	33.1079597473	38.3568496704	42.9172592163	47.22996521	50.3196907043	51.492061615	51.0699958801	48.299911499	44.5526046753	39.8254203796	35.3275222778	31.0451927185	26.3640956879	21.6774673462	17.9046783447	15.1327190399	13.2674369812	12.3308677673	11.7380065918	11.6050024033	11.3739118576	11.5114040375	10.6159791946	9.95769691467	0
Mar 10 2023 20:40:19	28320.2617188	1.91670632362	0	0	0	0	0	0	0	0	0	0	0	0	0	0	0	0	0	0	0	0	0	0	0	0	0	0	0	0	0	0	0	0	0	0	0	977.580688477
Mar 10 2023 20:40:20	28323.7441406	0.937903046608	0.433204710484	0.214950144291	0.0914587378502	0	0.0563298873603	0.159067600965	0.10944724828	0.211027383804	0.165559709072	0.108170107007	0.0374260246754	0.0848364830017	0.112528085709	0.198128923774	0.193922504783	0.174096703529	0.14133888483	0.138402611017	0.14390039444	0.132694840431	0.123034603894	0.0687832683325	0.0165120307356	0.00079531641677	0	0	0	0	0	0	0	0	0	0	0	0
Mar 10 2023 20:40:21	28320.6875	1.06624746323	0	0	0	0	0	0	0	0	0	0	0	0	0	0	0	0	0	0	0	0	0	0	0	0	0	0	0	0	0	0	0	0	0	0	0	977.586547852
Mar 10 2023 20:40:22	28317.7304688	2.02850031853	1.25441002846	0	0	0	0	0	0	0	0	0	0	0	0	0	0	0	0	0	0	0	0	0	0	0	0	0	0	0	0	0	0	0	0	0	0	977.578308105
Mar 10 2023 20:40:23	28314.4609375	1.11630833149	0	0	0	0	0	0	0	0	0	0	0	0	0	0	0	0	0	0	0	0	0	0	0	0	0	0	0	0	0	0	0	0	0	0	0	977.583251953
Mar 10 2023 20:40:24	28313.3554688	0	0	0	1.20716547966	0	0	0	0	0	0	0	0	0	0	0	0	0	0	0	0	0	0	0	0	0	0	0	0	0	0	0	0	0	0	0	0	977.578125
Mar 10 2023 20:40:25	28319.5664063	1.23447346687	0	0	0	0	0	0	0	0	0	0	0	0	0	0	0	0	0	0	0	0	0	0	0	0	0	0	0	0	0	0	0	0	0	0	0	977.579956055
Mar 10 2023 20:40:26	28313.0117188	3.85798454285	2.54633975029	1.48791861534	0	0	0	0	0	0	0	0	0	0	0	0	0	0	0	0	0	0	0	0	0	0	0	0	0	0	0	0	0	0	0	0	0	977.582824707
Mar 10 2023 20:40:27	28306.2109375	3.67041707039	1.8111332655	1.03185749054	0.858709931374	1.04374933243	0.847884297371	1.2941583395	0.600076377392	0.624564468861	0.542195558548	0.761375904083	0.34587225318	0.828657150269	0.80360943079	1.04495370388	0	0	0	0	0	0	0	0	0	0	0	0	0	0	0	0	0	0	0	0	0	0
Mar 10 2023 20:40:28	28322.5507813	0	0.0216673370451	0	0.201629862189	0.501595437527	0.263344973326	0.215129539371	0.13548065722	0.210089206696	0.102632172406	0.158031612635	0.0704405382276	0.149241939187	0.132891952991	0.199650242925	0.148715391755	0.132766589522	0.137105628848	0.104538537562	0.0789605006576	0.0470278896391	0.0209180172533	0.00150861148722	0	0	0	0	0	0	0	0	0	0	0	0	0	0
Mar 10 2023 20:40:29	28312.0332031	1.5048879385	1.81675994396	1.33062958717	0	0	0	0	0	0	0	0	0	0	0	0	0	0	0	0	0	0	0	0	0	0	0	0	0	0	0	0	0	0	0	0	0	977.581237793
Mar 10 2023 20:40:30	28316.9316406	1.89507222176	1.80648517609	1.28505671024	0	0	0	0	0	0	0	0	0	0	0	0	0	0	0	0	0	0	0	0	0	0	0	0	0	0	0	0	0	0	0	0	0	977.587036133
Mar 10 2023 20:40:31	28310.3027344	3.00838327408	2.05792474747	1.08936989307	0	0	0	0	0	0	0	0	0	0	0	0	0	0	0	0	0	0	0	0	0	0	0	0	0	0	0	0	0	0	0	0	0	977.559509277
Mar 10 2023 20:40:32	28323.9570313	0	0.168475046754	0.337553352118	0.312498897314	0.421309024096	0.243411242962	0.244899332523	0.13738077879	0.21501930058	0.191059798002	0.191750302911	0.146001175046	0.119526326656	0.113705150783	0.127400591969	0.0884677246213	0.0491829067469	0.0451898612082	0.0632762536407	0.0531671270728	0.00518559198827	0	0	0	0	0	0	0	0	0	0	0	0	0	0	0	0
Mar 10 2023 20:40:33	28318.4589844	0	0	0	0	1.18654549122	0	0	0	0	0	0	0	0	0	0	0	0	0	0	0	0	0	0	0	0	0	0	0	0	0	0	0	0	0	0	0	977.55682373
Mar 10 2023 20:40:34	28318.4863281	1.5899990797	0.769877135754	0.4226988554	0.593439340591	1.02787637711	0	0	0	0	0	0	0	0	0	0	0	0	0	0	0	0	0	0	0	0	0	0	0	0	0	0	0	0	0	0	0	977.580810547
Mar 10 2023 20:40:35	28319.8730469	0	0	0	0	1.24164247513	0	0	0	0	0	0	0	0	0	0	0	0	0	0	0	0	0	0	0	0	0	0	0	0	0	0	0	0	0	0	0	977.555908203
Mar 10 2023 20:40:36	28316.5488281	0	0.117892898619	0	0.231363803148	0.567330777645	0.352190554142	0.380302578211	0.215939149261	0.305201858282	0.2367054075	0.285874187946	0.154082119465	0.19971190393	0.145733848214	0.191669881344	0.15306314826	0.0865693092346	0.116512298584	0.0774468034506	0.043946787715	0.0149098243564	0.0207143481821	0.00183977233246	0	0	0	0	0	0	0	0	0	0	0	0	0	0
Mar 10 2023 20:40:37	28317.875	0.128334626555	0.0973420664668	0.199831753969	0.290974646807	0.185906857252	0.227240517735	0.0975367352366	0.0551577545702	0.0605317987502	0.175737410784	0.160288631916	0.146932169795	0.0904511660337	0.112007439137	0.0907750353217	0.109013676643	0.0690614432096	0.0616315491498	0.0604308731854	0.043359156698	0.00614531524479	0.0185599233955	0.00162855675444	0	0	0	0	0	0	0	0	0	0	0	0	0	0
Mar 10 2023 20:40:38	28321.109375	0.626699388027	0.887188792229	0.948838055134	0.366845965385	0.0314023569226	0.0826635211706	0.198845550418	0.126110702753	0.228570923209	0.219674706459	0.196043476462	0.0772729516029	0.181889340281	0.219597533345	0.291014432907	0.297597646713	0.240429386497	0.183007001877	0.133942738175	0.0821341946721	0.0509970746934	0.00444638123736	0	0	0	0	0	0	0	0	0	0	0	0	0	0	0
Mar 10 2023 20:40:39	28316.2988281	0.199193000793	0.205978572369	0.292210936546	0.469021707773	0.350138962269	0.442955732346	0.23605749011	0.256278455257	0.113001100719	0.132923439145	0.106144227087	0.235162079334	0.132592976093	0.116978570819	0.105186618865	0.0907761305571	0.0644392445683	0.0301360972226	0.075386300683	0.0207085777074	0.00129754259251	0	0	0	0	0	0	0	0	0	0	0	0	0	0	0	0
Mar 10 2023 20:40:40	28316.8554688	0	1.02416479588	0	0	0	0	0	0	0	0	0	0	0	0	0	0	0	0	0	0	0	0	0	0	0	0	0	0	0	0	0	0	0	0	0	0	977.545776367
Mar 10 2023 20:40:41	28305.5019531	2.96874570847	1.268897295	0	0	0	0	0	0	0	0	0	0	0	0	0	0	0	0	0	0	0	0	0	0	0	0	0	0	0	0	0	0	0	0	0	0	977.555847168
Mar 10 2023 20:40:42	28315.203125	1.87540495396	0.726820588112	0.200775533915	0.545775949955	1.14818668365	0	0	0	0	0	0	0	0	0	0	0	0	0	0	0	0	0	0	0	0	0	0	0	0	0	0	0	0	0	0	0	977.561889648
Mar 10 2023 20:40:43	28316.0292969	1.78010571003	1.34323060513	0	0	0	0	0	0	0	0	0	0	0	0	0	0	0	0	0	0	0	0	0	0	0	0	0	0	0	0	0	0	0	0	0	0	977.569702148
Mar 10 2023 20:40:44	28313.8925781	2.54545855522	1.62228834629	1.31173563004	0	0	0	0	0	0	0	0	0	0	0	0	0	0	0	0	0	0	0	0	0	0	0	0	0	0	0	0	0	0	0	0	0	977.559814453
Mar 10 2023 20:40:45	28313.9941406	0.959928870201	0.417733252048	0.178014531732	0.381716430187	0.762600660324	0.446835696697	0.46069586277	0.228098347783	0.251894533634	0.14955753088	0.303394913673	0.171758711338	0.206143900752	0.118635721505	0.237378746271	0.0952055677772	0.0202129408717	0.0118454853073	0.083746008575	0.111895747483	0.0132477395236	0.0165127310902	0.00144603219815	0	0	0	0	0	0	0	0	0	0	0	0	0	0
Mar 10 2023 20:40:46	28316.8574219	2.40704917908	1.1558008194	0	0	0	0	0	0	0	0	0	0	0	0	0	0	0	0	0	0	0	0	0	0	0	0	0	0	0	0	0	0	0	0	0	0	977.561340332
Mar 10 2023 20:40:47	28315.0117188	1.44096291065	0	0	0	0	0	0	0	0	0	0	0	0	0	0	0	0	0	0	0	0	0	0	0	0	0	0	0	0	0	0	0	0	0	0	0	977.573059082
Mar 10 2023 20:40:48	28316.1269531	2.37323760986	1.50252091885	1.06487226486	0	0	0	0	0	0	0	0	0	0	0	0	0	0	0	0	0	0	0	0	0	0	0	0	0	0	0	0	0	0	0	0	0	977.555236816
Mar 10 2023 20:40:49	28321.0878906	4.45150232315	2.36920523643	1.53130149841	0.923311233521	0.668054521084	0.633781731129	1.07397317886	0	0	0	0	0	0	0	0	0	0	0	0	0	0	0	0	0	0	0	0	0	0	0	0	0	0	0	0	0	0
Mar 10 2023 20:40:50	28318.7089844	2.52376031876	1.48794686794	1.10536909103	0	0	0	0	0	0	0	0	0	0	0	0	0	0	0	0	0	0	0	0	0	0	0	0	0	0	0	0	0	0	0	0	0	977.546813965
Mar 10 2023 20:40:51	28314.2441406	4.29721069336	1.70979988575	0	0	0	0	0	0	0	0	0	0	0	0	0	0	0	0	0	0	0	0	0	0	0	0	0	0	0	0	0	0	0	0	0	0	977.548706055
Mar 10 2023 20:40:52	28316.4101563	4.96504211426	2.37422204018	1.26943123341	0.898308515549	0.886654913425	0.71707624197	1.08379864693	0	0	0	0	0	0	0	0	0	0	0	0	0	0	0	0	0	0	0	0	0	0	0	0	0	0	0	0	0	0
Mar 10 2023 20:40:53	28318.9960938	6.34956455231	3.94144868851	3.10443687439	2.12540268898	1.97704172134	1.47867381573	2.05912446976	0	0	0	0	0	0	0	0	0	0	0	0	0	0	0	0	0	0	0	0	0	0	0	0	0	0	0	0	0	0
Mar 10 2023 20:40:54	28303.59375	1.56623291969	0	0	0	0	0	0	0	0	0	0	0	0	0	0	0	0	0	0	0	0	0	0	0	0	0	0	0	0	0	0	0	0	0	0	0	977.552124023
Mar 10 2023 20:40:55	28311.5527344	0.406444817781	0.410471230745	0.230959564447	0.0331490375102	0	0	0	0.0754710882902	0.407015472651	0.745250284672	0.640468239784	0.407607614994	0.377302885056	0.357436388731	0.252815246582	0.268588095903	0.231792405248	0.177050322294	0.11353302747	0.111328095198	0.221116229892	0.173437312245	0.126286700368	0.1256069839	0.126278474927	0.107511326671	0.0792339593172	0.0728902816772	0.0547833554447	0.0442390330136	0.0475125983357	0.0298380851746	0.054628610611	0.0346524715424	0.0722579956055	0.0627378225327	0
Mar 10 2023 20:40:56	28317.1933594	0	0.473794490099	0	0	0	0	0	0.0945796296	0.437269926071	0.701904952526	0.641649365425	0.452929973602	0.3647095263	0.343427687883	0.238020464778	0.244165420532	0.215659365058	0.156085953116	0.112797223032	0.1196212098	0.216300442815	0.18399785459	0.136533796787	0.108722604811	0.1297942698	0.106944195926	0.0525297522545	0.0381702817976	0.0318703055382	0.035008687526	0.0154097508639	0.0101337432861	0.0237519741058	0	0.0442364811897	0.0298219919205	0
Mar 10 2023 20:40:57	28310.4335938	1.67736887932	0	0	0	0	0	0	0	0	0	0	0	0	0	0	0	0	0	0	0	0	0	0	0	0	0	0	0	0	0	0	0	0	0	0	0	977.550720215
Mar 10 2023 20:40:58	28306.1699219	0	0.203048631549	0.206453934312	0.676725208759	0.682744383812	0.195431366563	0.0259372051805	0.085932508111	0.347747653723	0.538112461567	0.52859634161	0.271308064461	0.335918933153	0.279205113649	0.273573309183	0.172049671412	0.148314550519	0.172998636961	0.0766607448459	0.0728027746081	0.159365668893	0.164782300591	0.0719084069133	0.103666618466	0.108454674482	0.0545235648751	0.0487564951181	0.0396317765117	0.0328269787133	0.0184660386294	0.0204073749483	0.00294995307922	0.0177063941956	0.0027414560318	0.01936596632	0.0137646794319	0
Mar 10 2023 20:40:59	28307.2167969	2.72836017609	1.47284734249	0	0	0	0	0	0	0	0	0	0	0	0	0	0	0	0	0	0	0	0	0	0	0	0	0	0	0	0	0	0	0	0	0	0	977.560058594
Mar 10 2023 20:41:00	28303.2734375	2.77188229561	1.19196474552	0	0	0	0	0	0	0	0	0	0	0	0	0	0	0	0	0	0	0	0	0	0	0	0	0	0	0	0	0	0	0	0	0	0	977.56262207
Mar 10 2023 20:41:01	28310.2070313	2.48502922058	1.39226555824	0.970527172089	0.916712582111	1.24833440781	0.841669738293	1.05367004871	0	0	0	0	0	0	0	0	0	0	0	0	0	0	0	0	0	0	0	0	0	0	0	0	0	0	0	0	0	0
Mar 10 2023 20:41:02	28315.0429688	1.65446853638	0	0	0	0	0	0	0	0	0	0	0	0	0	0	0	0	0	0	0	0	0	0	0	0	0	0	0	0	0	0	0	0	0	0	0	977.568237305
Mar 10 2023 20:41:03	28315.328125	2.34212255478	1.45214962959	1.14387440681	1.02256512642	1.32512128353	0.89370405674	1.11526358128	0	0	0	0	0	0	0	0	0	0	0	0	0	0	0	0	0	0	0	0	0	0	0	0	0	0	0	0	0	0
Mar 10 2023 20:41:04	28311.0820313	0	0	0	1.32223033905	0	0	0	0	0	0	0	0	0	0	0	0	0	0	0	0	0	0	0	0	0	0	0	0	0	0	0	0	0	0	0	0	977.5703125
Mar 10 2023 20:41:05	28313.125	3.80488777161	2.72481036186	2.03572630882	1.75033092499	1.48611068726	0	0	0	0	0	0	0	0	0	0	0	0	0	0	0	0	0	0	0	0	0	0	0	0	0	0	0	0	0	0	0	977.569702148
Mar 10 2023 20:41:06	28312.6015625	0	0.0443070940673	0.104741252959	0.220695242286	0.478103518486	0.365416735411	0.174743771553	0.103382237256	0.280717730522	0.370364397764	0.332836210728	0.177844628692	0.258852154016	0.257674366236	0.281509667635	0.262243270874	0.179389372468	0.219501435757	0.11967176199	0.0852002501488	0.154794752598	0.0989139899611	0.0748592168093	0.0749925002456	0.0681717917323	0.0188918877393	0.000690106418915	0	0	0	0	0	0	0	0	0	0
Mar 10 2023 20:41:07	28307.9472656	1.17756533623	1.09636497498	0	0	0	0	0	0	0	0	0	0	0	0	0	0	0	0	0	0	0	0	0	0	0	0	0	0	0	0	0	0	0	0	0	0	977.570007324
Mar 10 2023 20:41:08	28324.9765625	2.14419341087	1.0443097353	0.580289721489	0.944064438343	1.73425400257	1.0172765255	1.04513418674	0	0	0	0	0	0	0	0	0	0	0	0	0	0	0	0	0	0	0	0	0	0	0	0	0	0	0	0	0	0
Mar 10 2023 20:41:09	28312.2734375	0.628195524216	0.769997119904	0.922321259975	0.949979782104	0.912612020969	0.541690051556	0.32552048564	0.145978942513	0.256555765867	0.303381174803	0.254230231047	0.149591386318	0.208759605885	0.219980061054	0.215784907341	0.247257858515	0.211121484637	0.212728217244	0.113705299795	0.104984521866	0.188378348947	0.179113671184	0.112357981503	0.0952583476901	0.0732827335596	0.0564708374441	0.0136462207884	0.00261743622832	5.83443434152e-05	0	0	0	0	0	0	0	0
Mar 10 2023 20:41:10	28310.9140625	1.17774045467	0	0	0	0	0	0	0	0	0	0	0	0	0	0	0	0	0	0	0	0	0	0	0	0	0	0	0	0	0	0	0	0	0	0	0	977.572143555
Mar 10 2023 20:41:11	28315.390625	0.933663666248	0.75290375948	0.741435348988	0.56312674284	0.611203551292	0.405686467886	0.495028406382	0.278196007013	0.386906176805	0.248592570424	0.306409358978	0.120661534369	0.227783069015	0.184505924582	0.203454867005	0.172975838184	0.130503609776	0.177122622728	0.0640752911568	0.0845749080181	0.202178493142	0.107396066189	0.052103497088	0.0765616893768	0.0803711339831	0.0370439477265	0.0128532405943	0.000414815818658	0	0	0	0	0	0	0	0	0
Mar 10 2023 20:41:12	28312.5	1.03578472137	0	0	0	0	0	0	0	0	0	0	0	0	0	0	0	0	0	0	0	0	0	0	0	0	0	0	0	0	0	0	0	0	0	0	0	977.590332031
Mar 10 2023 20:41:13	28314.1757813	0	0.00863105989993	0.0189883317798	0.081721149385	0.184163734317	0.0894174873829	0.0598085448146	0.0744220390916	0.247834727168	0.34885764122	0.299594521523	0.169108361006	0.216063380241	0.183493465185	0.195606261492	0.164468333125	0.105740055442	0.133365228772	0.0477562956512	0.0579045526683	0.163784191012	0.109283432364	0.0660142526031	0.0844598114491	0.0920595526695	0.0492777377367	0.0572093352675	0.060818426311	0.0316508300602	0.0110845100135	8.81494997884e-05	0	0	0	0.000671863555908	0.00435417890549	0
