Date-Time	Sc[0]	Sc[1]	Sc[2]	Sc[3]	Sc[4]	Sc[5]	Sc[6]	Sc[7]	Sc[8]	Sc[9]	Sc[10]	Sc[11]	Sc[12]	Sc[13]	Sc[14]	Sc[15]	Sc[16]	Sc[17]	Sc[18]	Sc[19]	Sc[20]	Sc[21]	Sc[22]	Sc[23]	Sc[24]	Sc[25]	Sc[26]	Sc[27]	Sc[28]	Sc[29]	Sc[30]	Sc[31]	Sc[32]	Sc[33]	Sc[34]	Sc[35]	Sc[36]	Sc[M]
Mar 10 2023 19:36:47	27260.140625	64.2348937988	55.2625198364	42.9651107788	33.2865638733	22.7415866852	18.2018699646	14.524228096	12.7466506958	11.2082624435	11.1670351028	10.7279624939	11.4578180313	11.996670723	13.0606660843	14.0813989639	15.2708511353	16.2644958496	16.7740631104	17.1792831421	16.9807338715	16.7764492035	16.3018245697	15.6779689789	14.5551843643	13.1971082687	11.673494339	10.5621891022	9.83783626556	9.71845149994	9.878947258	10.6476383209	11.2520465851	12.5751180649	12.9829702377	13.3321208954	13.2086334229	0
Mar 10 2023 19:36:48	23466.3105469	206.023880005	161.870849609	115.078948975	88.2812423706	70.4421310425	62.8190956116	57.8958320618	58.9007225037	61.8957824707	67.5381774902	73.4199142456	82.8949508667	93.5889663696	105.77243042	117.743461609	132.281494141	146.267059326	157.923446655	166.790145874	171.599945068	171.790740967	164.689926147	151.629547119	134.609649658	115.059547424	96.9502182007	82.7831802368	71.9990997314	65.2807769775	61.6495170593	61.516040802	61.4402809143	64.3614425659	64.9828109741	63.752696991	61.1164360046	0
Mar 10 2023 19:36:49	22616.0917969	491.344329834	383.643432617	273.732147217	205.001754761	151.598922729	118.718948364	97.1964492798	89.4389953613	87.6167221069	92.7201080322	98.0551223755	107.516304016	119.504585266	133.483062744	148.374954224	163.750534058	176.856948853	187.050582886	193.044631958	193.338867188	189.282745361	178.987976074	163.418670654	143.975601196	122.518081665	102.902282715	88.6436462402	78.3675460815	72.4211883545	69.5812530518	70.7681884766	71.7101364136	76.391456604	77.6659393311	77.4831008911	73.4984436035	0
Mar 10 2023 19:36:50	22062.2226563	485.670440674	361.133422852	248.660873413	183.293136597	139.485778809	115.705085754	103.139877319	98.262260437	99.9178466797	107.482276917	117.604934692	132.426834106	149.517120361	168.600067139	188.110931396	207.510223389	223.878753662	235.660476685	241.634231567	239.812637329	231.897766113	216.660140991	195.56312561	172.277923584	145.597183228	122.136032104	103.477607727	90.2605285645	81.9042816162	77.6955947876	77.7512283325	78.0517196655	81.8703536987	83.2226791382	82.3640975952	78.4360198975	0
Mar 10 2023 19:36:51	24866.7519531	402.607452393	294.226135254	196.851715088	139.214553833	99.7674942017	76.6967544556	60.8812713623	51.476272583	47.6070251465	47.352645874	49.5625572205	54.2402229309	60.5942268372	68.3288269043	75.4119720459	82.2740631104	87.2140350342	90.6484832764	91.4490127563	89.4482116699	85.6843185425	80.3384628296	73.6012420654	66.4564971924	58.2982139587	51.3506698608	46.0628166199	42.5904045105	40.9275741577	40.9468955994	42.6516532898	44.0676612854	46.9220848083	47.8055000305	47.0910568237	45.1670913696	0
Mar 10 2023 19:36:52	25428.5	302.753570557	219.136062622	147.997665405	109.836219788	83.7956619263	68.1839294434	58.3972129822	53.9353866577	53.7649269104	56.1714019775	59.7901535034	65.3613204956	72.8396148682	81.0639190674	89.5821075439	97.5503768921	102.965545654	105.776329041	105.628318787	101.434669495	95.1943588257	87.1889648438	78.5044708252	69.3185882568	59.0548019409	50.1628875732	43.3901405334	38.5293655396	35.6810455322	34.5257110596	35.0406646729	35.5487709045	37.5264434814	38.090221405	37.5501441956	35.9487304688	0
Mar 10 2023 19:36:53	26706.90625	148.866210938	106.979492188	72.2169265747	50.1184959412	33.9593963623	25.3389759064	20.4853992462	17.6485137939	16.870672226	16.8179836273	17.6577281952	19.3721923828	21.6418685913	24.2710208893	26.4809837341	28.8654842377	30.3847064972	31.939950943	32.1666221619	31.6832561493	30.7248191833	29.1850719452	27.0685253143	24.8338165283	22.2205486298	19.924369812	18.1771507263	17.0296173096	16.5651836395	16.7630996704	17.6108398438	18.2884082794	19.6718235016	19.9707012177	19.7845191956	18.6608810425	0
Mar 10 2023 19:36:54	26814.3710938	170.188766479	132.246765137	91.3614959717	66.3906478882	48.2883148193	37.3523254395	28.9732398987	25.719833374	24.1535739899	24.2471160889	24.4794406891	26.2023677826	28.4253139496	31.1669483185	33.8360214233	36.663269043	38.2890510559	39.9515037537	39.8048210144	38.8449211121	36.9381828308	34.6115036011	31.62707901	28.4638576508	24.8780975342	21.8589229584	19.5680980682	18.1458644867	17.406244278	17.4816265106	18.2194633484	19.003610611	20.3487434387	20.8257770538	20.5009784698	19.6657447815	0
Mar 10 2023 19:36:55	21399.5761719	466.037200928	356.026031494	249.843429565	187.699432373	143.183914185	113.684692383	95.6307907104	89.2651519775	88.2585601807	92.5729370117	98.6367950439	107.685768127	118.35748291	131.706832886	144.637054443	157.364730835	167.7315979	173.428756714	175.519500732	171.835739136	165.611328125	155.895446777	144.444107056	131.381072998	116.888755798	103.548484802	93.8352890015	87.198425293	84.7875213623	84.9146728516	88.7786636353	91.5920562744	97.9212646484	99.9125061035	98.7865066528	95.1532287598	0
Mar 10 2023 19:36:56	25082.7675781	171.334442139	131.256195068	93.67628479	71.6756973267	54.332359314	43.8847923279	37.5449943542	36.2176361084	37.0743103027	40.7688522339	44.7689781189	49.7498779297	55.3203430176	62.2071113586	69.3034133911	76.118347168	81.4237060547	85.1122817993	86.8569946289	85.6114349365	83.0949630737	78.3262176514	72.1578445435	65.277885437	57.6099128723	50.7969284058	45.7572364807	42.217464447	40.7482719421	40.535572052	42.1698989868	43.1788711548	45.7790374756	46.1944198608	45.3327178955	43.205871582	0
Mar 10 2023 19:36:57	25145.0605469	183.178482056	145.94770813	103.019065857	76.0213546753	56.0623626709	45.0423164368	38.0432090759	35.8421096802	35.748840332	37.8870048523	40.5657615662	45.4580841064	50.6682853699	56.7495193481	63.0063018799	69.1724853516	74.278427124	78.0187835693	79.7610015869	78.7693557739	76.342376709	72.0196151733	66.3257446289	59.8365631104	52.8718986511	46.765789032	42.2702331543	39.0982055664	37.7386131287	37.5697441101	39.2154083252	40.397808075	43.2708320618	44.0526924133	43.6258964539	42.0792312622	0
Mar 10 2023 19:36:58	17543.171875	586.068237305	445.961486816	307.846557617	227.869689941	178.98588562	153.712081909	137.884475708	135.841278076	140.256958008	152.856842041	166.709564209	187.332824707	209.732696533	235.317947388	259.874237061	283.554168701	302.274291992	312.281311035	314.213134766	305.609863281	290.940490723	270.350891113	244.041137695	216.192062378	186.336288452	161.349761963	142.786911011	130.156661987	123.658233643	122.125991821	126.096954346	129.790847778	138.181427002	143.013061523	142.924713135	140.135177612	0
Mar 10 2023 19:36:59	21995.84375	297.553985596	240.47795105	173.404327393	129.918319702	105.598632813	94.5651473999	87.8022232056	88.3713989258	92.947013855	102.851882935	115.118431091	131.149841309	148.693389893	170.1434021	191.337600708	213.28956604	232.683959961	247.355285645	255.818161011	256.147949219	249.423721313	234.316162109	212.42376709	186.67086792	157.048797607	129.914916992	109.044487	93.4879150391	83.5429611206	77.8326034546	77.0805206299	76.6943206787	80.0565948486	81.6630706787	80.749168396	78.5566329956	0
Mar 10 2023 19:37:00	23148.4121094	365.634979248	298.841339111	211.04057312	157.672714233	122.592979431	100.906349182	85.720451355	83.6089172363	84.9818725586	92.1563415527	99.8720550537	109.323638916	120.291763306	133.223373413	146.882461548	160.375091553	171.293441772	179.229370117	182.236709595	179.180557251	172.745727539	162.136856079	147.609359741	130.735855103	111.859642029	94.9836883545	81.7686233521	71.8192367554	65.5981140137	62.7113990784	62.9283485413	63.9200248718	67.2109603882	69.1066970825	68.3965988159	67.0389099121	0
Mar 10 2023 19:37:01	22057.3984375	279.379425049	226.829925537	166.22718811	129.486373901	103.393348694	89.8770751953	83.4214935303	85.0025100708	91.2805557251	102.691932678	116.364326477	132.878387451	151.38319397	172.796676636	195.106079102	217.803619385	238.055618286	252.804122925	263.056488037	264.003143311	258.269805908	242.544631958	220.162002563	193.359619141	162.780395508	134.886123657	113.342697144	96.779624939	86.2063140869	79.9263305664	78.5318832397	77.1261749268	79.5120162964	80.1440200806	78.1469497681	75.0005874634	0
Mar 10 2023 19:37:02	20101.7578125	416.945343018	337.935089111	243.334014893	182.212890625	138.610671997	116.370422363	102.488449097	99.8980941772	101.947105408	110.334526062	120.523719788	135.024612427	152.645629883	172.831176758	193.851608276	215.279678345	234.910949707	250.4740448	259.969604492	260.898468018	255.368423462	242.112625122	222.599975586	198.770050049	170.014602661	144.001434326	124.294303894	110.302330017	102.226272583	99.1315231323	100.835296631	102.948730469	109.346572876	111.891845703	111.838104248	108.768608093	0
Mar 10 2023 19:37:03	20046.5546875	536.163574219	411.5390625	283.507598877	213.045715332	165.020935059	136.938293457	116.455635071	109.84664917	108.760696411	116.129196167	124.696105957	137.861450195	153.425384521	171.836608887	190.586517334	210.771347046	226.976028442	240.20614624	246.654067993	246.159286499	239.760452271	226.723770142	206.534317017	183.864532471	157.846252441	135.742889404	118.402854919	106.654838562	99.4197616577	97.4958267212	99.45287323	102.254379272	108.772850037	111.973686218	111.925468445	107.466362	0
Mar 10 2023 19:37:04	22422.1777344	505.411071777	387.50958252	257.795043945	182.982345581	132.853683472	104.291900635	82.7264633179	72.9031219482	68.4715423584	70.1511230469	72.8168411255	77.650604248	83.6940612793	92.5285949707	102.637168884	112.443634033	120.536140442	127.480773926	130.910583496	130.583862305	127.883583069	122.249984741	114.124916077	104.080444336	92.3560180664	81.8220672607	74.1195907593	68.9242935181	67.1333389282	67.7421798706	71.6074447632	74.9741973877	81.621887207	84.4589385986	84.8826522827	82.9100265503	0
Mar 10 2023 19:37:05	16913.140625	587.279541016	466.77746582	329.336547852	250.07800293	196.188705444	162.856063843	140.528381348	136.327026367	139.611709595	150.570709229	163.949981689	181.467208862	202.675048828	227.826293945	254.289154053	280.533538818	302.957885742	319.394256592	327.763183594	325.447814941	316.031463623	298.004455566	272.424316406	242.993850708	210.724243164	181.853530884	159.816009521	143.76499939	134.974838257	131.502792358	134.785003662	137.429779053	146.121139526	150.3828125	150.46736145	147.515518188	0
Mar 10 2023 19:37:06	19540.1464844	480.516876221	376.664978027	270.730163574	206.944564819	161.603225708	136.943588257	119.328559875	114.177719116	114.845230103	125.360618591	137.326644897	153.44367981	172.138259888	195.154159546	217.639465332	242.838790894	262.413391113	278.968566895	289.297363281	290.03515625	282.971984863	266.523895264	242.312728882	214.302185059	183.432144165	156.087524414	134.523162842	118.61995697	108.855102539	103.892440796	104.352386475	104.642807007	109.513130188	111.30696106	109.983779907	106.580688477	0
Mar 10 2023 19:37:07	27814.2617188	11.600402832	6.2751493454	1.66830980778	0	0	0	0	0.342412173748	1.40624761581	1.81147217751	2.78355932236	4.2342171669	6.06230115891	7.74157714844	9.17917633057	10.7465705872	12.0479240417	13.2816457748	14.3829641342	14.8775463104	15.0456638336	14.5282688141	13.4998273849	11.9920272827	10.2476816177	8.44646167755	6.96543598175	5.78937578201	5.1084523201	4.6355919838	4.62159824371	4.44952487946	4.86059570313	4.65194511414	4.78763866425	4.16674566269	0
Mar 10 2023 19:37:08	21935.0996094	476.349822998	355.231933594	231.664489746	157.570648193	105.686698914	80.3329696655	68.6883010864	63.1882476807	61.8216819763	63.8900489807	69.3599014282	80.4600067139	93.202041626	107.535820007	121.248321533	135.325698853	146.571075439	154.947113037	160.494812012	161.576019287	160.229598999	155.389648438	146.731613159	133.986160278	117.062728882	100.614868164	88.3562545776	79.9131469727	76.3417205811	75.4018096924	78.826675415	80.9118041992	87.4877471924	88.7877502441	88.732421875	85.5218048096	0
Mar 10 2023 19:37:09	20272.2167969	623.657409668	486.692840576	335.813964844	243.560272217	176.384689331	138.52583313	112.922637939	102.686820984	98.6138458252	102.176544189	109.533081055	122.839408875	139.639434814	159.259368896	179.030807495	201.315841675	220.460144043	237.274551392	250.249893188	255.867156982	254.526733398	243.682907104	224.447189331	199.893081665	170.320266724	142.917495728	121.69128418	106.700401306	97.6273345947	93.4092559814	94.2423934937	95.4797897339	100.968856812	103.906593323	103.646903992	101.454071045	0
Mar 10 2023 19:37:10	25959.5039063	204.357528687	150.162719727	99.2443466187	66.1461868286	43.6718254089	32.5108032227	28.0433101654	25.2626819611	25.2642498016	26.09025383	28.8736991882	32.9210968018	38.5756263733	44.7279396057	51.5299110413	58.7528190613	65.633605957	72.1092453003	77.3988342285	80.7312698364	81.4981155396	78.7322998047	72.9708251953	65.7622375488	56.8989143372	48.4308128357	41.1769981384	35.5596199036	31.8272285461	29.6731815338	29.4141616821	29.16847229	30.6588344574	30.929561615	30.6620960236	29.5106296539	0
Mar 10 2023 19:37:11	23960.890625	381.67855835	298.429779053	205.904266357	150.262878418	111.026130676	87.3298416138	71.6504745483	64.9033050537	61.0209236145	62.8330612183	65.8838500977	71.3592453003	78.5927124023	88.0334014893	98.1029663086	109.230857849	118.304840088	126.096214294	131.174987793	132.345703125	130.823562622	125.676452637	116.943489075	105.642875671	91.5479431152	78.2704544067	67.6152648926	59.7527389526	55.0110549927	52.9282264709	53.7081756592	54.5755081177	57.863948822	59.1835212708	58.6800765991	56.9748573303	0
Mar 10 2023 19:37:12	21510.5273438	394.750671387	312.817016602	218.304016113	161.803390503	123.834716797	102.260017395	88.9287643433	86.6817550659	87.9785842896	94.9573440552	102.150375366	113.141616821	125.928276062	140.729187012	156.03956604	171.573913574	184.225982666	193.63621521	198.938110352	198.363037109	193.438690186	184.159225464	170.590194702	153.616912842	132.976928711	113.994049072	99.4709625244	89.1832809448	83.6679229736	81.7244949341	83.8242416382	86.0580596924	92.0369796753	94.4410171509	94.3391189575	91.882270813	0
Mar 10 2023 19:37:13	20063.5410156	517.146850586	414.422546387	294.716308594	225.741317749	178.932952881	148.515426636	124.920539856	119.697296143	120.920623779	130.581588745	140.651870728	154.83430481	170.958129883	190.13319397	210.160598755	229.851364136	246.214508057	257.346893311	261.765625	258.40927124	249.379302979	234.587341309	213.934875488	190.793716431	163.905212402	140.512664795	122.696815491	109.993881226	102.566925049	99.7319030762	101.448730469	103.509651184	109.362701416	111.979164124	111.34085083	108.270095825	0
Mar 10 2023 19:37:14	20876.0488281	445.014923096	360.309204102	255.543502808	187.166809082	140.269714355	114.758460999	97.8065338135	94.5107345581	95.2696304321	102.747131348	110.879707336	122.208602905	134.379165649	150.362884521	165.189086914	180.006210327	190.651428223	197.329086304	199.686050415	196.169799805	189.587875366	179.722244263	166.241195679	150.012817383	130.629623413	113.023658752	99.7410812378	90.7491073608	86.2239074707	85.2879562378	88.4563217163	91.4573135376	98.2841262817	101.299461365	101.446380615	98.9409637451	0
Mar 10 2023 19:37:15	23056.9433594	283.055480957	223.263336182	160.447174072	123.432624817	94.0705108643	79.2320175171	72.1726608276	72.3570098877	75.2895889282	82.532333374	91.6672439575	104.290313721	118.072166443	134.082244873	149.336914063	165.025497437	176.104629517	184.290786743	187.885375977	185.632247925	179.761611938	169.617996216	155.158996582	137.318756104	116.906578064	98.5663757324	84.4592895508	74.2487564087	68.0746383667	65.1227874756	65.9606170654	66.4461517334	70.7837753296	71.1943588257	70.5429077148	67.5190429688	0
Mar 10 2023 19:37:16	22329.6035156	536.409484863	417.001251221	287.768615723	210.323394775	159.974395752	126.14200592	100.608894348	90.0831832886	86.0268554688	89.2249679565	93.2115249634	99.7084274292	108.156974792	119.369247437	131.202758789	143.034591675	152.568878174	159.847412109	162.506271362	160.685562134	155.616744995	147.289382935	135.899337769	122.693107605	106.684364319	92.301864624	80.8512039185	72.880531311	68.633102417	67.5420913696	69.8088302612	72.0259780884	77.7028274536	79.7588272095	80.1096572876	76.7631607056	0
Mar 10 2023 19:37:17	20847.6425781	431.058227539	336.682434082	238.433029175	183.584869385	148.162231445	126.144416809	110.836914063	106.939224243	109.576942444	119.581947327	131.287597656	145.275680542	161.622177124	180.003463745	196.73449707	213.720230103	223.057052612	227.157974243	224.897918701	215.605499268	203.527297974	189.460800171	172.955734253	154.164672852	132.760070801	114.376075745	100.28150177	90.5498199463	85.1791534424	83.5329666138	85.5399551392	87.5173416138	92.5868530273	95.2213363647	94.780128479	92.6164932251	0
Mar 10 2023 19:37:18	22560.9785156	285.421813965	230.730941772	168.92288208	130.789932251	101.580612183	86.2218704224	76.271232605	75.5634155273	78.6031265259	86.4548950195	95.2378692627	107.809806824	121.346702576	137.992904663	155.12286377	172.601303101	187.974029541	199.840911865	207.54385376	208.334869385	204.013595581	192.003250122	174.382324219	154.09046936	131.975799561	111.716812134	96.2136764526	84.4730834961	77.525177002	73.9549713135	74.4541473389	74.5333099365	78.0578079224	78.8158569336	77.2685775757	74.0160140991	0
Mar 10 2023 19:37:19	19997.390625	476.907592773	380.640716553	278.984344482	221.149581909	173.210571289	144.651229858	124.280830383	120.605201721	121.655700684	131.32484436	140.084182739	152.914306641	167.522659302	185.705215454	203.351119995	221.014831543	235.001205444	242.647674561	242.847930908	236.020263672	225.227478027	210.624710083	192.535949707	172.320983887	149.675811768	130.129165649	114.966499329	104.089286804	98.1996917725	96.8466339111	99.5208129883	102.949745178	109.47718811	114.012405396	113.832977295	112.103034973	0
Mar 10 2023 19:37:20	25126.2695313	155.728134155	125.757286072	91.7763366699	72.0643005371	59.3047180176	52.5689926147	47.5962409973	48.4254570007	51.7041358948	57.8880615234	65.1235122681	73.9609298706	84.1455917358	96.1623764038	108.063766479	120.652305603	130.863220215	138.793457031	143.703933716	143.325256348	138.69770813	129.144989014	115.428504944	99.845161438	83.1059112549	68.3139419556	56.9502716064	48.4275131226	42.7889175415	39.6820373535	38.8625030518	38.465801239	39.9267578125	40.4098587036	39.7092628479	38.3466110229	0
Mar 10 2023 19:37:21	25119.4042969	163.23677063	126.616516113	85.4709320068	60.4977989197	47.8778495789	41.7030181885	39.7998199463	40.7422027588	43.8933753967	48.8303871155	54.6298179626	62.865322113	71.7224502563	81.5752410889	91.0331420898	100.413650513	107.013786316	110.738128662	111.84185791	108.744789124	103.718963623	96.6445159912	87.735710144	77.7870635986	66.7184753418	56.8434753418	49.5063514709	44.2479896545	41.3793106079	40.3631134033	41.3453788757	42.1996192932	44.8047027588	45.5060920715	44.7514381409	42.7629776001	0
Mar 10 2023 19:37:22	20922.1875	438.607055664	345.426239014	241.292984009	173.717437744	128.754455566	105.974388123	92.8517532349	87.488067627	87.0574569702	92.0846328735	102.120391846	118.211257935	136.946792603	157.786895752	178.516662598	200.112289429	218.295440674	232.650009155	242.618789673	244.746963501	242.366668701	231.974411011	216.036193848	193.392730713	166.031768799	139.028060913	118.372871399	102.34223175	93.2160339355	87.7316131592	88.4026565552	88.1034164429	93.5025482178	94.6227111816	94.4972686768	91.8706512451	0
Mar 10 2023 19:37:23	24011.2363281	211.425216675	173.751571655	124.645507813	91.6091079712	69.8308029175	57.1883583069	53.6166229248	53.4694366455	55.6908607483	60.1658973694	67.4476699829	78.9158782959	92.4660873413	107.240249634	122.894142151	139.81211853	156.672836304	170.922714233	182.593215942	189.620697021	191.268783569	184.863983154	171.43888855	151.848419189	127.411697388	103.13659668	83.8312606812	68.7479171753	59.0247612	52.8725280762	51.060546875	49.6850738525	52.1364746094	52.99792099	53.1107330322	52.2777824402	0
Mar 10 2023 19:37:24	21098.5566406	510.162414551	383.167938232	257.625305176	188.688766479	140.271972656	112.655792236	94.537437439	88.2381134033	86.171585083	89.8952026367	95.0690841675	105.249328613	118.788848877	134.478286743	150.538955688	168.832839966	185.100921631	197.926010132	207.798629761	210.823638916	209.309005737	200.072311401	185.004928589	165.884490967	143.773254395	122.355743408	106.251693726	93.6955718994	86.9821548462	83.2740402222	85.0447845459	85.9265213013	92.3009872437	94.4681854248	95.1152267456	93.5780792236	0
Mar 10 2023 19:37:25	24857.6367188	178.133346558	152.064819336	111.773071289	85.9205932617	70.1842041016	60.6257286072	54.8471221924	57.4485931396	62.4712562561	70.1883087158	77.7990646362	86.3109664917	95.8086853027	106.890541077	117.457557678	128.295501709	136.501571655	140.223358154	140.070419312	135.174835205	128.001022339	118.705116272	107.879180908	95.4174346924	80.7403869629	67.5065689087	57.4529724121	50.1951370239	45.9063148499	43.8131523132	44.1728935242	44.4553146362	46.5214347839	47.2174987793	46.1461219788	44.2728309631	0
Mar 10 2023 19:37:26	27607.9433594	50.553730011	38.8167304993	24.9632930756	16.3762378693	9.07156658173	7.7129149437	5.83211374283	5.68459653854	6.07642936707	7.59716892242	8.19908332825	9.78979492188	11.0715093613	12.9219741821	14.4271459579	16.0179481506	17.4197788239	18.3542976379	19.0143146515	18.5813598633	17.7717475891	16.3876571655	15.0115756989	13.4518947601	11.7063579559	9.89176750183	8.53241634369	7.50455379486	6.96031284332	6.77209615707	7.01350736618	7.12042951584	7.67763519287	7.81258201599	7.76019239426	7.50050115585	0
Mar 10 2023 19:37:27	19271.25	537.963684082	437.617614746	325.382232666	243.807235718	182.638977051	149.919158936	128.419845581	121.942871094	122.038719177	131.008102417	141.311965942	156.728851318	174.748428345	196.82333374	219.353561401	244.23135376	265.142364502	280.544281006	290.048126221	290.032958984	282.772521973	266.02734375	242.3150177	214.866973877	184.910263062	157.394943237	136.24369812	120.059638977	110.914009094	105.946907043	107.291519165	107.708244324	114.036277771	116.322509766	115.910446167	112.772193909	0
Mar 10 2023 19:37:28	22512.7558594	325.354156494	253.229324341	178.708633423	129.593170166	97.4022598267	79.3974838257	71.1477890015	69.0050201416	70.9233474731	76.9367904663	85.1875991821	97.0740966797	110.849624634	126.091743469	140.831481934	156.473709106	169.553222656	178.354034424	183.732421875	182.591842651	177.779052734	167.452514648	154.108886719	137.927886963	119.856170654	102.990859985	90.2780532837	80.2006072998	74.5058517456	71.5700378418	72.4954147339	73.0065765381	76.6857833862	77.97605896	76.6645584106	74.2050247192	0
Mar 10 2023 19:37:29	22707.6992188	336.902984619	277.414520264	201.132049561	143.964447021	108.29397583	90.900177002	80.7581939697	79.2110137939	80.7476196289	86.6952667236	94.4525985718	105.472320557	118.230606079	133.163513184	148.152679443	162.39364624	174.117935181	180.321350098	182.77671814	178.757339478	171.060028076	159.710098267	146.058242798	130.030822754	112.559883118	96.4827728271	84.8009338379	76.0807571411	71.4737472534	69.6183853149	71.5332489014	72.8678207397	77.537689209	79.0738677979	78.391708374	75.9372711182	0
Mar 10 2023 19:37:30	23098.9375	266.768371582	204.803833008	141.698059082	107.365539551	84.9803924561	72.5864944458	65.8713226318	66.1754684448	70.157875061	77.5920944214	86.0115509033	96.4790725708	108.895378113	123.216186523	137.6509552	152.895431519	166.295730591	177.084594727	183.467132568	184.000198364	180.00920105	169.544433594	155.035079956	137.786087036	118.918632507	101.732978821	88.1740493774	77.5888442993	71.3266601563	67.8626174927	68.1324996948	68.0881271362	71.3475112915	71.9840164185	70.6506500244	67.794342041	0
Mar 10 2023 19:37:31	23986.0996094	253.928405762	199.401077271	136.381256104	98.256477356	76.6219940186	65.5070266724	59.24451828	59.8343505859	63.0411872864	69.4944152832	76.6744232178	86.7409973145	97.7730789185	110.537017822	122.823348999	135.698120117	146.06918335	153.477035522	156.835128784	155.936355591	151.234924316	142.790100098	130.195648193	115.203521729	98.1623916626	83.1376953125	71.1106262207	62.311668396	56.5287208557	54.0830612183	54.042766571	55.0421714783	57.813949585	59.6255493164	58.7854385376	57.0008430481	0
Mar 10 2023 19:37:32	16934.6953125	542.704772949	419.2109375	298.998779297	226.932952881	172.0962677	145.510406494	133.56652832	134.10987854	139.845550537	152.239227295	167.280258179	189.485015869	212.766204834	241.023620605	267.351257324	295.543884277	316.022247314	331.101135254	337.952850342	334.114959717	322.40322876	301.144256592	273.429351807	242.448379517	209.197021484	179.507949829	157.302978516	141.083145142	132.500854492	128.785385132	131.975448608	133.736816406	142.409057617	145.83946228	146.086380005	143.210098267	0
Mar 10 2023 19:37:33	23475.5273438	243.342468262	193.303253174	137.66885376	103.849952698	78.1557312012	64.8083877563	56.560634613	54.4330444336	54.9855804443	59.4986152649	65.2984390259	73.5719604492	82.6470108032	93.7230682373	104.77381134	116.568641663	125.861465454	133.394119263	137.426528931	136.758239746	132.394546509	124.460014343	113.49079895	101.476036072	88.4523239136	77.1274185181	68.4622192383	62.2870979309	59.0830116272	58.0205917358	59.634929657	60.8529167175	64.3988113403	65.3985519409	64.362121582	61.9986572266	0
Mar 10 2023 19:37:34	21796.6875	331.115905762	258.293182373	179.238052368	131.431732178	99.6907577515	82.5962982178	72.1417160034	70.8695068359	72.2142562866	78.3211898804	85.8430023193	95.8465881348	108.048950195	121.888671875	135.153778076	149.060424805	160.928192139	168.776519775	173.157577515	172.586120605	168.42906189	159.292922974	146.733642578	132.02835083	116.278411865	101.730934143	90.7911224365	82.451210022	78.4206695557	76.6859588623	78.9955978394	80.0488052368	84.7565765381	86.0072937012	84.7220916748	81.9359588623	0
Mar 10 2023 19:37:35	20130.9628906	533.352478027	430.812988281	303.722229004	219.451431274	163.727478027	133.008728027	110.101585388	101.814430237	98.9323043823	103.57182312	109.800308228	123.09072876	137.993774414	155.390701294	172.977752686	191.568328857	207.031600952	217.489349365	223.832489014	222.271728516	216.132400513	203.695449829	187.276351929	168.293670654	148.04989624	129.125595093	114.944908142	104.34702301	99.0292816162	97.3104858398	100.563873291	103.077865601	110.262268066	113.592605591	113.536094666	111.028411865	0
Mar 10 2023 19:37:36	24133.7148438	227.411804199	175.080200195	124.113121033	97.486289978	76.092010498	65.0533828735	59.782169342	60.1007957458	62.8644371033	69.3698196411	77.0212020874	87.142578125	97.7373428345	110.015777588	122.479385376	135.440307617	146.262298584	154.537231445	159.17175293	159.056152344	156.343765259	149.519744873	138.328948975	123.258857727	104.953773499	87.3293533325	73.6552505493	63.5957145691	57.2667617798	54.0398902893	54.0345726013	54.1246566772	56.6162376404	57.4195404053	56.3485298157	54.287979126	0
Mar 10 2023 19:37:37	19423.1152344	451.581604004	355.277435303	252.871734619	190.965560913	152.37512207	129.57850647	113.028839111	111.196517944	116.15322113	127.50125885	140.735702515	158.399185181	178.837753296	202.37538147	227.770812988	253.79649353	276.901153564	296.019805908	308.834289551	312.967346191	309.277587891	294.249572754	269.244415283	238.121749878	201.977554321	168.937637329	143.260162354	124.761131287	113.21887207	107.530082703	107.568634033	108.112068176	113.268455505	116.046295166	114.927856445	111.836524963	0
Mar 10 2023 19:37:38	19365.7714844	352.673522949	274.025024414	192.605941772	142.137039185	106.69329834	89.6092605591	78.7970046997	74.3617477417	74.6563110352	80.9557418823	89.4473114014	102.954811096	117.997848511	135.478973389	152.636550903	171.581481934	187.666091919	200.486999512	211.362167358	215.271133423	215.180252075	208.304168701	196.124313354	179.010574341	158.470977783	137.901672363	122.279579163	110.116317749	104.246398926	101.608596802	105.214569092	107.03717804	115.269332886	117.305290222	117.639884949	114.640533447	0
Mar 10 2023 19:37:39	20943.2324219	391.773742676	292.796051025	204.450439453	156.61239624	125.519096375	109.666313171	99.5953140259	98.8350830078	102.776473999	113.085899353	125.417396545	141.259750366	160.048202515	181.303848267	201.851364136	224.009414673	241.306015015	255.290893555	263.873199463	264.007598877	257.403015137	241.826080322	218.53364563	191.883575439	162.939559937	137.760116577	118.536308289	104.586036682	95.8274536133	91.5874328613	92.2748565674	92.726600647	97.5452194214	98.9221496582	97.8826522827	94.518913269	0
Mar 10 2023 19:37:40	21690.6132813	319.251342773	244.847961426	170.816085815	130.705184937	104.533683777	92.0117874146	87.490737915	90.3166656494	97.7118759155	109.550559998	123.89490509	142.319366455	162.27645874	184.65020752	206.291809082	228.945678711	246.892166138	259.576629639	266.332305908	265.071838379	259.82925415	246.385192871	226.283889771	199.852371216	169.43862915	140.257614136	117.444274902	99.8703308105	88.8941345215	82.1431350708	80.9599838257	79.7921905518	83.1329956055	83.8945999146	82.8735809326	79.7520065308	0
Mar 10 2023 19:37:41	22136.9082031	394.025787354	321.203094482	233.41166687	176.360717773	133.277877808	109.797103882	95.6956558228	91.8025512695	90.6328430176	95.5175094604	102.78163147	114.120864868	126.947418213	142.423522949	157.072113037	172.505233765	183.510574341	191.100753784	192.771102905	188.641311646	181.348220825	170.15675354	155.274490356	138.217697144	119.166854858	102.234672546	89.3277053833	80.1754302979	74.7752456665	72.9432678223	74.396522522	76.2248687744	80.7468948364	83.5698165894	82.9076690674	81.0618133545	0
Mar 10 2023 19:37:42	24462.3535156	223.517211914	184.10043335	126.187477112	86.6066970825	65.7621002197	56.9640007019	52.742389679	53.8861465454	57.2356109619	63.8611488342	71.9804992676	82.8106536865	94.9601593018	108.330421448	121.15397644	135.041595459	146.251419067	154.05645752	158.420593262	157.269592285	151.981414795	141.815109253	128.800186157	113.791740417	96.8774261475	81.0731506348	68.525352478	58.998588562	52.7610435486	49.1982841492	48.6069068909	48.2022666931	50.1835670471	50.7899017334	49.831741333	48.2322425842	0
Mar 10 2023 19:37:43	25201.1054688	209.076538086	167.142333984	116.735473633	84.2817687988	59.9649429321	47.8340110779	41.5334892273	41.3675765991	42.5162620544	46.0854454041	50.0539398193	57.0987434387	64.2189025879	72.9276351929	81.7047119141	91.2108383179	98.6248245239	104.652442932	108.632408142	108.622772217	106.050003052	99.9273529053	91.2863845825	81.2697372437	70.0009994507	59.4277114868	51.2343711853	44.9070892334	41.0728149414	39.0454750061	39.1699485779	39.2808074951	41.3012962341	41.9374198914	41.2433357239	39.7074317932	0
Mar 10 2023 19:37:44	21407.5917969	533.748291016	419.937713623	292.239044189	211.341918945	160.231491089	133.318222046	113.709129333	107.922943115	108.023193359	115.45124054	124.656585693	139.452987671	156.161758423	175.803771973	193.916793823	213.289993286	229.256668091	239.327560425	244.061126709	240.114974976	231.243942261	216.344360352	197.420639038	175.181228638	150.896743774	128.595855713	111.21131897	98.1020278931	90.0799102783	86.2385101318	86.9902038574	87.8595428467	92.4825210571	94.4122772217	93.3720016479	90.4368896484	0
Mar 10 2023 19:37:45	24433.4199219	251.848388672	191.755661011	128.183807373	90.9125671387	67.9384918213	55.0180854797	49.7128067017	48.2542800903	50.2890586853	54.9435081482	60.7261428833	68.7706756592	78.2908630371	89.244972229	101.262573242	113.185852051	124.275886536	133.640457153	140.254959106	142.249771118	140.341339111	133.245910645	122.783599854	109.816444397	94.9647293091	80.2807998657	68.4383773804	59.0417747498	53.1269989014	49.5503044128	49.1306152344	48.3046417236	50.5321121216	50.8317947388	50.212184906	48.5629272461	0
Mar 10 2023 19:37:46	25489.9882813	192.045547485	158.487075806	113.56149292	83.3925857544	61.1368865967	48.5285301208	40.5930328369	38.1733436584	37.27085495	38.8713951111	40.8988723755	46.0376701355	51.6855278015	58.4786186218	65.2653808594	72.4866790771	79.314125061	83.8306121826	87.1549301147	87.3405303955	85.7761154175	81.3975372314	75.2836990356	67.7211303711	59.1826210022	50.9635734558	44.6716651917	39.7994804382	37.1250457764	35.8546447754	36.6174201965	37.0655174255	39.3520126343	39.9358100891	39.4607963562	38.0012283325	0
Mar 10 2023 19:37:47	21476.1621094	462.179748535	356.063568115	251.111724854	182.504516602	130.978851318	103.743888855	91.3374786377	84.8437271118	84.0714492798	88.6662597656	98.0422210693	112.887283325	130.585372925	149.594451904	167.585372925	186.76234436	200.905670166	210.809387207	216.329483032	214.871322632	208.737716675	195.679519653	178.01083374	157.195724487	135.640380859	116.19581604	101.717575073	90.7186355591	84.6072006226	81.4704284668	82.8450927734	82.951713562	87.4271621704	87.8938446045	86.3660507202	82.895980835	0
Mar 10 2023 19:37:48	24164.3925781	255.772979736	209.639328003	152.591003418	115.949302673	91.1013412476	77.0198059082	66.9870376587	64.1078796387	64.4698486328	69.3352813721	76.5672302246	85.9767379761	96.7615509033	109.119277954	121.549613953	134.079772949	143.809555054	149.462722778	151.32093811	147.620742798	140.699523926	130.399124146	118.349319458	104.67074585	89.4140777588	75.3653869629	64.6816482544	56.5040016174	51.7982406616	49.2143554688	49.7072257996	49.9165802002	52.7502937317	53.5702781677	52.9664001465	51.1517562866	0
Mar 10 2023 19:37:49	24244.6113281	218.968414307	175.207931519	122.337165833	83.8089141846	57.61145401	46.0986824036	41.2336082458	38.8667259216	39.298576355	42.4359092712	47.7813224792	56.166469574	65.2382278442	75.3565979004	84.9512786865	95.4275970459	103.837989807	109.831871033	114.000404358	113.61806488	111.369766235	105.36264801	97.866027832	88.5061645508	78.1909408569	67.9807434082	60.1723403931	53.8148460388	50.6323547363	48.7281341553	50.1286430359	50.2715911865	54.1050949097	54.2223930359	54.2311553955	52.2536506653	0
Mar 10 2023 19:37:50	21513.3652344	393.367492676	302.483825684	212.207077026	159.38180542	119.221763611	97.7788391113	83.0986328125	77.4967041016	77.7100448608	82.2147979736	88.8688278198	99.779045105	112.977661133	128.326507568	142.701629639	158.280929565	170.381439209	179.893310547	185.035125732	184.853485107	181.153259277	172.541137695	159.850341797	143.862182617	125.120361328	107.992614746	94.805015564	85.0692367554	79.8183670044	77.6935424805	80.0501556396	81.7039108276	87.8488464355	89.755607605	89.99974823	87.5931625366	0
Mar 10 2023 19:37:51	21980.0976563	529.791748047	419.362091064	287.1925354	205.977645874	153.023727417	125.433685303	106.295852661	99.5792312622	97.1961669922	102.957672119	109.671707153	121.123207092	134.657318115	151.402145386	169.647338867	188.915664673	205.427749634	221.366775513	230.80015564	234.809921265	231.667236328	219.735412598	199.029067993	174.482345581	146.661453247	121.917449951	102.531181335	88.6252441406	79.5129394531	74.891418457	74.4658737183	74.8954849243	79.0577087402	81.0894470215	80.8869781494	78.8671264648	0
Mar 10 2023 19:37:52	21622.1210938	275.782592773	215.517288208	152.287521362	115.373207092	93.9189529419	86.2009429932	84.2883148193	87.1922302246	92.5779037476	103.331184387	116.81778717	135.378463745	155.981613159	179.183258057	203.064788818	229.150665283	251.341323853	269.53616333	282.679412842	287.377258301	284.018127441	269.532867432	246.362197876	217.150253296	182.736557007	149.70602417	123.907699585	104.180999756	91.192276001	83.200340271	81.1361312866	79.4379577637	82.6031341553	83.4863891602	82.75440979	80.1608047485	0
Mar 10 2023 19:37:53	25447.1230469	126.502960205	101.479057312	72.8018264771	56.7621574402	46.8858146667	40.7972412109	35.9534797668	36.4939727783	38.1794281006	42.193397522	46.2880325317	51.6890640259	57.4700050354	64.6163024902	72.0319824219	79.6536636353	86.7296524048	91.837928772	95.1928100586	95.3221359253	93.5823898315	88.7361221313	81.512802124	72.7759094238	62.9234809875	53.7709007263	46.7396774292	41.4388313293	38.119102478	36.6506156921	37.0115966797	37.5415077209	39.4020118713	40.198638916	39.4304428101	37.9807434082	0
Mar 10 2023 19:37:54	19679.5214844	503.059814453	397.846923828	275.849761963	200.038894653	152.442474365	127.058288574	107.539321899	101.224189758	101.026191711	108.344490051	116.962982178	129.697677612	144.599243164	162.576431274	181.058563232	199.854431152	215.529815674	226.53527832	232.346511841	230.186767578	223.820556641	211.675506592	195.003387451	176.340606689	155.430450439	136.569915771	122.473228455	112.269203186	107.798751831	106.806640625	110.804481506	113.57383728	121.006210327	123.289764404	122.067092896	117.883888245	0
Mar 10 2023 19:37:55	23445.2070313	214.939575195	174.376464844	131.217468262	104.211174011	81.5625076294	68.2532424927	60.4353218079	59.9308853149	61.3505516052	67.0124969482	73.3206176758	81.2719497681	90.819442749	101.948562622	113.275848389	124.201698303	132.743911743	138.13293457	140.302612305	137.88432312	132.752609253	124.782028198	114.480964661	102.712692261	89.6083450317	78.1214065552	69.630821228	63.485912323	60.4737243652	59.6316566467	61.5124130249	62.9242286682	66.6360473633	67.7814178467	66.6033477783	63.9802474976	0
Mar 10 2023 19:37:56	19792.3496094	472.776031494	386.042266846	281.121948242	218.809432983	175.948013306	150.45539856	126.847373962	122.178794861	124.129692078	132.542510986	142.04133606	155.609832764	171.168777466	190.498168945	209.341033936	227.851348877	239.620361328	245.922912598	244.806640625	235.949325562	223.752655029	207.746505737	188.169448853	167.785858154	145.620056152	126.921974182	112.774291992	103.491920471	98.5099487305	98.0737915039	100.886924744	104.482902527	110.000015259	114.744033813	113.360145569	111.285430908	0
Mar 10 2023 19:37:57	18833.3222656	661.217041016	518.512939453	371.37902832	276.677703857	193.820877075	150.362319946	126.581855774	117.899002075	116.006103516	121.973983765	130.384170532	146.110427856	163.969955444	184.333633423	203.683258057	224.234283447	238.070526123	247.32043457	249.680877686	242.909057617	232.200698853	217.399871826	199.477905273	179.512817383	156.62097168	136.926315308	122.907691956	113.204536438	109.197860718	108.472480774	112.908233643	115.54586792	122.975387573	125.304878235	124.047920227	119.8125	0
Mar 10 2023 19:37:58	20100.2324219	440.546936035	350.784362793	249.619781494	190.614227295	147.936096191	122.326553345	106.907615662	104.522750854	104.916725159	112.586456299	122.8074646	137.734298706	153.794448853	173.154602051	192.32484436	211.603729248	226.649871826	236.1822052	240.896026611	238.296096802	231.91796875	219.413833618	202.921264648	183.012268066	161.575546265	141.054534912	125.654495239	113.467025757	107.176010132	104.147003174	106.780090332	107.71206665	113.816688538	115.482521057	113.362342834	108.640861511	0
Mar 10 2023 19:37:59	22130.1816406	284.595184326	232.636871338	173.349411011	134.455123901	107.015136719	94.5166549683	86.7462921143	88.1002426147	93.2456665039	103.952430725	115.14957428	129.309020996	145.077301025	163.101303101	181.714187622	199.702667236	214.570053101	224.566635132	228.348999023	224.998092651	217.282836914	203.41192627	184.724029541	163.703353882	140.152954102	119.193710327	102.630569458	90.174156189	82.6266098022	78.8731765747	79.1094894409	79.3508453369	82.8940200806	84.1662826538	82.6356124878	79.5036010742	0
Mar 10 2023 19:38:00	22019.0527344	425.183624268	312.397338867	208.583862305	147.979324341	107.630104065	84.9351119995	69.1448440552	61.3929634094	57.7494659424	59.234664917	62.7312812805	69.6906738281	77.3008956909	86.397277832	93.7573318481	101.435256958	105.288467407	106.456787109	105.344848633	100.532432556	96.3041152954	91.8042678833	87.6841888428	82.0247268677	74.799407959	67.6837921143	63.4436798096	60.9093360901	61.7303352356	63.5285491943	68.9732818604	72.1659164429	79.9279022217	81.4957122803	82.650428772	80.707244873	0
Mar 10 2023 19:38:01	23960.4375	190.81918335	147.597167969	102.097595215	76.8311233521	63.2569160461	55.8544082642	53.5506629944	56.5787010193	61.7299461365	68.9658050537	77.2874221802	88.0913314819	100.418731689	113.719619751	125.903877258	138.774291992	148.46270752	154.844650269	157.645401001	155.408294678	149.521652222	139.034729004	125.115592957	109.771179199	93.8880691528	80.1288375854	69.7437133789	61.9712524414	57.4980735779	55.4086952209	55.9661407471	56.3674430847	58.8510360718	59.3310775757	57.8084716797	55.0814437866	0
Mar 10 2023 19:38:02	18884.5175781	499.494903564	394.059265137	280.548797607	209.55847168	160.481750488	132.671600342	113.126609802	105.920448303	104.110168457	109.839004517	117.631668091	130.058395386	144.305892944	160.687957764	176.031433105	191.690994263	201.452987671	205.44102478	204.107940674	196.624923706	187.355285645	176.220932007	162.720062256	147.217697144	129.489379883	114.104179382	103.21710968	96.5596008301	94.2286300659	95.2716369629	100.535484314	105.11517334	113.796218872	117.756072998	119.05015564	117.786720276	0
Mar 10 2023 19:38:03	19506.9238281	385.089477539	305.082092285	217.259521484	168.287246704	138.34362793	120.575485229	107.330085754	106.414588928	109.662345886	120.050956726	133.232940674	149.561080933	168.188705444	189.155990601	210.684051514	230.959762573	246.786987305	257.522491455	261.398132324	258.530792236	249.603668213	235.210769653	214.355209351	191.298858643	165.294052124	143.430145264	126.658630371	115.101982117	108.384628296	106.684631348	109.364814758	112.269577026	118.829841614	121.811607361	120.780860901	117.023956299	0
Mar 10 2023 19:38:04	20940.6816406	297.016815186	235.581085205	167.550308228	126.675888062	99.9320373535	86.9393386841	82.6273345947	84.4832992554	89.5187911987	98.7653656006	110.318901062	126.607383728	143.846160889	163.174331665	181.561706543	200.257461548	214.755447388	224.569030762	228.208755493	225.049072266	217.160446167	204.062835693	186.579193115	167.364624023	145.594924927	126.216667175	111.22164917	100.652153015	94.8361663818	93.2226104736	95.4582824707	97.7076644897	102.875869751	104.769996643	102.891349792	98.6122283936	0
Mar 10 2023 19:38:05	20115.4199219	366.604278564	284.561889648	205.943328857	157.608825684	121.262191772	103.836196899	93.1337280273	92.0480728149	94.4482498169	103.265388489	112.516578674	127.245239258	143.351089478	162.769683838	181.898651123	203.32963562	220.095687866	235.192001343	245.912216187	251.713821411	250.677078247	242.739151001	224.944244385	202.332015991	172.723770142	146.407089233	124.371147156	109.067848206	98.6568603516	94.0731048584	93.2389755249	94.1799697876	97.8002929688	100.682197571	99.897102356	98.5399703979	0
Mar 10 2023 19:38:06	18648.9101563	429.454345703	347.857666016	259.257537842	205.422744751	162.793579102	140.409927368	126.855178833	126.828933716	130.31867981	143.734695435	158.772109985	178.378158569	200.297698975	228.124786377	257.23626709	288.709320068	316.838653564	341.768310547	360.137939453	367.305603027	363.585876465	345.355743408	314.657531738	276.613983154	233.811019897	193.685180664	162.579025269	138.303405762	122.490814209	113.06161499	111.02684021	109.667366028	114.84098053	118.206077576	118.835273743	117.890342712	0
Mar 10 2023 19:38:07	22619.7304688	281.444274902	222.814666748	156.799468994	121.481719971	97.9007797241	83.3315582275	74.1475296021	74.2599487305	78.4482421875	86.536857605	95.3472900391	106.809761047	119.644065857	134.484909058	149.842514038	166.315887451	180.171737671	191.344528198	198.980041504	199.993179321	196.197662354	186.091720581	171.065826416	151.702148438	129.379577637	108.590782166	92.4923782349	80.3259277344	73.168548584	69.4548568726	69.726020813	70.2738494873	74.1982803345	75.8482208252	75.3862304688	73.4569168091	0
Mar 10 2023 19:38:08	21429.390625	349.046142578	274.489105225	196.05859375	148.831314087	116.339302063	98.3984603882	86.4000778198	84.1304931641	86.6366729736	94.8403549194	103.049964905	114.803787231	127.365631104	143.087478638	158.475387573	175.328201294	186.249801636	194.279327393	198.083206177	195.574371338	189.250442505	178.27784729	164.041488647	146.753494263	126.676223755	108.52558136	94.8903503418	85.1143722534	79.6402511597	77.6660461426	79.6751556396	81.9631958008	87.2776107788	90.410949707	90.2792739868	88.454574585	0
Mar 10 2023 19:38:09	20420.421875	279.326721191	229.540985107	172.938751221	134.550582886	111.204338074	100.042510986	97.1012191772	100.70791626	109.117034912	121.950637817	138.328018188	158.282180786	179.834747314	203.84197998	227.238571167	250.440002441	266.298675537	275.838256836	278.024627686	270.094940186	257.407897949	238.683929443	216.458755493	191.277984619	163.09715271	138.472793579	120.096870422	106.515777588	98.7569885254	95.052230835	96.6835021973	97.9824676514	103.79574585	106.24005127	105.493499756	102.578155518	0
Mar 10 2023 19:38:10	26393.9960938	116.583786011	94.4033889771	62.7478294373	44.6500968933	34.1993637085	28.0267009735	23.0784626007	23.3396568298	24.5963249207	27.4955463409	29.5033302307	32.1733283997	35.1712341309	38.7559509277	42.9713973999	46.6503944397	50.5881156921	53.6621246338	55.5306015015	55.8612174988	54.8084449768	52.3772621155	48.3153457642	43.5335235596	38.0857887268	33.0224571228	28.9714851379	25.9634628296	24.1255702972	23.4868984222	23.9403553009	24.48985672	25.867105484	26.6062412262	26.428440094	25.8540649414	0
Mar 10 2023 19:38:11	23711.359375	285.723297119	229.452697754	163.389572144	120.36390686	91.1371154785	75.7933349609	65.7850952148	63.9822387695	65.8924865723	71.8960494995	78.432975769	87.4727706909	97.7927627563	109.835395813	121.741958618	133.088424683	142.700241089	149.102676392	152.142837524	150.109649658	144.500717163	135.498764038	122.854896545	109.355934143	94.5505828857	81.5121459961	71.2137298584	63.7154045105	59.1591567993	57.4946289063	58.4101028442	59.6689758301	63.0302963257	64.7605056763	63.9196357727	61.8995323181	0
Mar 10 2023 19:38:12	23046.1074219	550.026916504	419.162414551	287.819335938	209.161972046	151.64100647	118.095741272	92.8711547852	82.3181533813	76.6195755005	77.6988067627	80.3185653687	85.8683395386	92.4484329224	101.839782715	110.86390686	119.901641846	125.42755127	128.738174438	127.628890991	123.230522156	117.246955872	110.604629517	102.746452332	93.7580032349	83.4530715942	74.5478057861	67.8595962524	63.5523223877	61.7939147949	62.441192627	65.7769699097	68.7504425049	74.1667709351	76.5298156738	76.0577163696	73.6972885132	0
Mar 10 2023 19:38:13	24044.7285156	222.05140686	173.8331604	123.770004272	96.0341491699	76.0487670898	66.2452774048	60.6933403015	60.5322151184	61.8854026794	67.8282165527	75.0579376221	84.4966201782	95.4390945435	107.778816223	119.483444214	131.660797119	140.558395386	147.155532837	149.614440918	147.772460938	142.668304443	133.817626953	121.772583008	108.337005615	93.4118728638	79.9980545044	69.1275100708	61.1454086304	56.2017250061	54.0688514709	54.3840637207	54.818145752	57.0832901001	57.5497093201	55.813331604	52.7728462219	0
Mar 10 2023 19:38:14	19552.125	453.363739014	344.829345703	237.186126709	178.194610596	143.098312378	120.468276978	108.295783997	109.066871643	114.497627258	125.082893372	137.125289917	152.224014282	169.477249146	188.220596313	205.179336548	219.593963623	228.586242676	229.829483032	224.195404053	211.182022095	198.098724365	184.499893188	169.827362061	153.61680603	135.937637329	120.640190125	110.017601013	103.128074646	101.069786072	102.302612305	107.875335693	112.117416382	120.300621033	123.236801147	122.4477005	118.600769043	0
Mar 10 2023 19:38:15	19801.0839844	323.217407227	258.053466797	186.002548218	141.462188721	110.232666016	94.4513473511	84.2625427246	82.7328262329	85.7131729126	93.6214294434	103.676635742	118.582321167	134.536804199	152.39982605	169.720870972	187.197555542	200.287475586	208.653884888	211.897109985	209.140991211	202.224655151	191.24118042	177.083068848	160.120315552	140.239227295	122.606414795	109.050933838	99.8947906494	95.6440124512	95.0947418213	99.008644104	102.895111084	110.566703796	114.987571716	115.622253418	113.95199585	0
Mar 10 2023 19:38:16	20162.71875	474.378723145	367.207397461	254.130447388	185.132354736	139.814056396	114.683227539	101.111541748	98.3216400146	100.132324219	107.927482605	117.678825378	132.048736572	147.8853302	166.015518188	183.026382446	200.692352295	214.031616211	221.86958313	225.44418335	221.856506348	214.551971436	201.997802734	185.47706604	166.001449585	144.702102661	125.326217651	111.437812805	101.109230042	96.3868408203	94.7427825928	98.3522644043	100.731864929	107.595916748	110.177978516	109.348175049	105.530464172	0
Mar 10 2023 19:38:17	22290.5273438	399.547698975	321.946411133	229.447799683	168.865112305	124.338912964	102.422912598	86.2552032471	81.3170623779	80.4847183228	86.2684936523	92.5207443237	102.00592041	113.460739136	127.421798706	141.670898438	157.08921814	168.696563721	178.507278442	184.603622437	185.241210938	181.538497925	172.488449097	159.126876831	142.231033325	122.989242554	105.09172821	91.6333847046	81.0127792358	75.1787033081	71.524230957	72.7521133423	72.9101791382	77.9720840454	79.8882675171	80.1565322876	78.7777709961	0
Mar 10 2023 19:38:18	22529.5449219	474.287384033	371.9715271	264.993927002	201.579711914	151.2421875	121.023269653	99.3371429443	92.6529312134	91.9582366943	97.969329834	103.744338989	111.05430603	120.106964111	132.065063477	144.167984009	155.725601196	162.9140625	168.352096558	167.965835571	163.771591187	157.312789917	149.337585449	138.403594971	125.56186676	110.457336426	96.4248809814	85.131729126	76.7540512085	71.6215744019	69.9323272705	71.3046875	72.9624404907	77.006690979	78.9210357666	77.9578704834	75.6167755127	0
Mar 10 2023 19:38:19	26590.5800781	109.123908997	89.5273971558	62.5581359863	45.2054176331	33.2939796448	25.4253196716	21.0179328918	20.2683792114	21.4405384064	23.3370437622	25.0321884155	26.8281288147	29.5513362885	32.4611473083	35.9217147827	38.9961013794	42.1063270569	44.1297073364	45.2057685852	45.1669845581	44.246711731	42.3904724121	39.6154975891	35.9672203064	31.4448451996	27.1976623535	23.9740943909	21.7077007294	20.3877239227	20.0422821045	20.6361446381	21.3167762756	22.7383613586	23.3755702972	23.1769504547	22.4764842987	0
Mar 10 2023 19:38:20	19476.1875	522.549316406	408.019226074	287.930847168	215.686355591	164.633255005	134.805892944	117.121696472	112.973365784	114.708450317	123.748306274	134.218521118	150.300704956	167.665588379	188.264709473	207.46257019	226.503463745	239.959487915	248.241455078	249.010421753	242.809631348	232.840194702	218.564956665	199.945678711	178.399963379	154.59664917	133.539489746	117.93182373	107.209785461	101.760101318	100.172149658	103.321205139	105.790664673	112.672164917	115.115974426	114.591255188	111.343254089	0
Mar 10 2023 19:38:21	17991.765625	653.665771484	504.7472229	347.387359619	254.714874268	193.86038208	159.707260132	133.386642456	124.853858948	123.332420349	130.472732544	139.158737183	154.113388062	170.417114258	190.900375366	209.879257202	231.067718506	246.849349976	259.776428223	265.232025146	263.684967041	256.581817627	243.84602356	225.027740479	202.439407349	175.41506958	151.567352295	133.217987061	120.687911987	113.877189636	112.059341431	115.504470825	119.266937256	127.948913574	132.907226563	134.251251221	132.443817139	0
Mar 10 2023 19:38:22	23741.5332031	248.496856689	190.191375732	132.199752808	101.026107788	82.3445587158	71.42527771	66.9258956909	68.2139434814	72.9846191406	79.8430862427	87.8607940674	98.59009552	111.341423035	124.542388916	136.704360962	147.934066772	155.033859253	159.610244751	160.166229248	156.586395264	149.938827515	140.165878296	126.563545227	111.078384399	94.5425262451	80.5693130493	70.0494384766	62.8851165771	58.5873718262	57.086353302	58.3234519958	59.5714759827	63.0450019836	63.8582115173	62.8087005615	59.7573356628	0
Mar 10 2023 19:38:23	24058.1875	277.410827637	212.697296143	148.86807251	113.661155701	84.3843307495	67.7573394775	58.1315879822	55.2133827209	55.4234466553	58.6689071655	63.010559082	70.1284713745	78.0080718994	87.0390625	95.8162612915	105.097801208	111.457061768	116.121688843	117.780052185	116.174591064	112.106887817	105.889793396	97.0544662476	87.3274459839	76.1929931641	66.8820495605	59.5036621094	54.7049560547	52.0871238708	51.912197113	53.6910705566	55.6592063904	59.3286247253	61.0351982117	60.4322662354	58.4745521545	0
Mar 10 2023 19:38:24	21099.2734375	414.36038208	318.641326904	217.594909668	156.300613403	118.573562622	99.2125930786	87.2564315796	84.1942825317	85.7670059204	93.0189056396	102.313201904	115.708389282	131.301849365	149.963577271	168.211135864	187.509460449	203.73109436	215.732055664	223.505783081	224.546325684	220.365585327	208.437637329	191.310409546	170.876556396	148.048614502	127.0701828	111.225379944	98.8576126099	91.8299560547	88.3219528198	89.7266311646	90.3307495117	95.3928222656	96.7212905884	95.7410964966	92.6264724731	0
Mar 10 2023 19:38:25	21209.4472656	305.466125488	255.354156494	192.910446167	149.524627686	118.502952576	103.707000732	95.9816131592	97.6727828979	104.717948914	116.123184204	128.953094482	146.082550049	164.749404907	185.565567017	205.174545288	224.748352051	237.62562561	244.16242981	244.177352905	236.051254272	224.459899902	208.549850464	188.964599609	167.292236328	143.486831665	122.821754456	107.218070984	96.1774978638	90.1629180908	87.9293060303	90.0725860596	91.8348236084	97.3737564087	99.3847808838	98.246307373	94.4545135498	0
Mar 10 2023 19:38:26	23784.4980469	349.340759277	260.380249023	177.088790894	129.052154541	94.9024887085	73.8647689819	61.7736358643	57.0735549927	57.0296630859	59.8861923218	65.4408950806	72.9924545288	82.7365493774	93.9571762085	105.426231384	117.345085144	127.111152649	135.462280273	140.916442871	142.203491211	140.547225952	134.063613892	123.703025818	111.368881226	97.2959365845	84.0372161865	73.5090332031	65.3527450562	60.4280166626	57.9475708008	58.6865768433	58.9629478455	62.1040534973	62.8073158264	61.6692008972	59.1754837036	0
Mar 10 2023 19:38:27	23639.2050781	380.707672119	283.505157471	189.150604248	134.29284668	98.6355895996	77.5983734131	63.2428092957	56.2169265747	53.7530708313	55.4798927307	58.8010559082	65.0742111206	72.7413787842	82.4437713623	91.8661422729	101.894386292	110.1065979	117.208717346	122.039108276	123.23815918	122.014984131	117.03944397	109.395645142	99.9928894043	89.1337814331	78.4655838013	70.2215118408	63.634677887	60.1753959656	58.2692298889	59.8298606873	60.3122177124	64.1815414429	64.5059967041	63.724647522	60.6137619019	0
Mar 10 2023 19:38:28	21793.3632813	496.225616455	386.704925537	269.002380371	192.361831665	143.458587646	118.35622406	99.3419036865	92.9400939941	91.5412139893	96.1501617432	100.891456604	110.453094482	120.590431213	133.730422974	146.035476685	159.784332275	168.713241577	174.573242188	176.078918457	172.426864624	166.606735229	157.846557617	147.191619873	133.307601929	117.661621094	102.598503113	91.8082885742	83.3648529053	79.5775222778	77.9088439941	81.0556640625	82.8050308228	88.6888122559	90.3093414307	89.6044616699	86.6875915527	0
Mar 10 2023 19:38:29	22554.9941406	364.076171875	266.031463623	179.055206299	128.933990479	95.2323684692	78.8725814819	74.8840637207	75.4079055786	79.4374771118	86.6801757813	96.8800430298	111.642578125	127.020751953	145.381988525	162.01675415	179.860198975	193.616989136	202.643386841	207.483474731	205.29864502	198.759765625	187.214523315	172.205123901	155.256729126	135.938415527	117.628181458	102.564033508	90.3920822144	82.49193573	78.0056610107	77.6550750732	77.0114135742	79.5744400024	80.0137939453	77.5605316162	73.7436218262	0
Mar 10 2023 19:38:30	23382.8730469	471.708618164	357.42401123	242.30078125	174.217178345	125.772926331	98.8126296997	82.1965408325	73.1418991089	68.0597000122	67.8243713379	69.7028884888	75.7460098267	82.6671218872	91.1460342407	99.7004394531	108.76978302	114.557044983	120.446922302	121.203163147	120.088111877	115.702224731	109.226463318	100.457893372	91.1216201782	80.2396469116	71.3688812256	64.489982605	60.1103897095	58.017780304	58.332069397	60.9470825195	63.3223991394	68.0123596191	69.960609436	69.3752288818	67.0550460815	0
Mar 10 2023 19:38:31	26271.6367188	125.010971069	99.0884094238	65.5288467407	45.2592201233	36.5863304138	31.2916240692	30.0359611511	31.9258670807	35.3389167786	39.6465873718	43.9518318176	49.6816062927	55.6919288635	61.9516563416	68.4816360474	73.9809646606	77.8264312744	78.9139404297	77.6915817261	73.6354751587	68.6763763428	63.0746536255	57.2661056519	50.8565292358	44.0190124512	37.5357894897	32.5737266541	28.6497001648	26.4233055115	25.2208862305	25.710144043	25.9068183899	27.585308075	27.7407054901	27.6032466888	26.4707717896	0
Mar 10 2023 19:38:32	17562.3046875	623.864929199	492.467498779	346.932098389	262.239013672	200.603012085	167.371795654	142.42779541	136.494979858	136.780380249	147.006637573	156.937652588	173.320632935	190.610076904	212.038757324	231.877670288	253.054977417	266.572845459	275.953399658	276.932189941	270.45715332	259.104736328	242.535797119	221.487319946	198.477218628	173.38609314	152.219421387	136.692382813	126.373680115	121.81262207	121.986488342	126.830696106	131.590942383	140.085922241	145.660766602	145.54788208	143.221984863	0
Mar 10 2023 19:38:33	21641.5683594	529.376464844	411.914337158	285.769958496	207.932907104	151.484146118	122.31312561	100.93989563	91.9610824585	87.6822280884	91.1230316162	94.6259765625	102.639549255	112.679618835	125.233909607	137.34475708	150.950973511	160.249984741	167.24961853	169.565979004	167.314559937	162.331970215	153.874847412	142.369171143	128.630386353	112.385551453	98.197227478	87.4709091187	80.2553329468	76.9108200073	76.6025772095	79.8383331299	82.5550918579	88.5139541626	90.9757080078	90.6656417847	88.2815628052	0
Mar 10 2023 19:38:34	22388.0019531	250.600158691	206.795150757	153.514755249	123.233528137	105.378173828	98.1268539429	93.5372009277	98.1909713745	104.41645813	116.579925537	129.066665649	144.66255188	162.468200684	180.343170166	196.580078125	211.678985596	221.199310303	223.382080078	219.411392212	208.861251831	196.979797363	183.010742188	165.908172607	145.87562561	124.412521362	106.161491394	92.3896865845	82.9348297119	77.1476516724	75.1633453369	76.7050704956	78.0608596802	82.5217437744	83.8107452393	82.7600097656	79.3621368408	0
Mar 10 2023 19:38:35	21636.9042969	373.859893799	295.604858398	214.095123291	165.12890625	124.834007263	104.621032715	93.3333129883	91.4841766357	93.5113754272	101.675758362	110.945640564	124.518669128	139.041244507	156.400527954	172.491149902	189.983947754	202.863723755	213.144241333	217.869232178	215.518600464	208.963806152	196.102172852	178.707763672	159.01914978	137.547576904	118.175941467	103.426193237	92.5492172241	86.4286422729	83.7501602173	85.3106765747	86.2200317383	90.8586349487	91.8458633423	90.4903106689	87.2475128174	0
Mar 10 2023 19:38:36	21775.734375	297.46963501	242.610122681	180.473327637	141.766860962	111.308898926	92.3409423828	78.9242095947	76.72996521	77.3037872314	83.108291626	90.8575439453	100.484207153	112.041267395	125.658348083	139.56489563	154.083953857	166.246139526	175.426651001	180.802597046	180.988006592	177.069488525	167.667877197	153.851135254	137.95892334	120.34223938	104.898475647	93.3215560913	85.1002807617	80.7916412354	79.7055969238	81.8661117554	83.7255783081	87.9746017456	89.7706604004	88.2881393433	85.6685333252	0
Mar 10 2023 19:38:37	21368.0800781	552.306030273	429.450073242	301.85256958	226.296966553	171.591644287	135.84753418	111.172073364	101.702362061	99.3759384155	103.883125305	109.282409668	116.851371765	126.381904602	139.233276367	151.924911499	165.104324341	173.263397217	179.420593262	180.097900391	175.92817688	167.781860352	156.155563354	141.878662109	127.238296509	111.579330444	98.3377075195	88.7984542847	82.3020782471	79.6287536621	79.6948394775	83.0296630859	85.3373413086	90.8694839478	92.8331756592	92.0135345459	89.4864501953	0
Mar 10 2023 19:38:38	24507.4785156	272.298187256	215.269897461	149.761764526	106.814964294	82.6639099121	70.0247955322	62.9842033386	63.316318512	67.1168365479	73.9728317261	81.7241516113	92.7301254272	103.718521118	116.598777771	128.334655762	140.788131714	149.238189697	153.476150513	153.597763062	148.456832886	140.593948364	129.447402954	116.297447205	101.871154785	86.3765411377	73.1116027832	63.0561141968	55.5264205933	51.0610237122	48.9292678833	49.380355835	49.6811904907	52.2333068848	52.8074913025	51.9136619568	49.7706832886	0
Mar 10 2023 19:38:39	23479.7832031	330.280303955	253.030853271	176.888290405	132.402008057	97.8932266235	79.924949646	69.7015304565	66.9854812622	67.8910980225	72.6168441772	78.6489181519	88.315574646	99.4372711182	112.109016418	123.886634827	135.864730835	144.121429443	148.543273926	148.552825928	143.973236084	137.543563843	127.983268738	116.936836243	104.235809326	90.4579086304	78.3992156982	69.6942749023	63.331829071	60.022441864	59.0659484863	60.9359588623	62.2469291687	66.2256622314	67.5388793945	66.6872406006	64.4243164063	0
Mar 10 2023 19:38:40	26506.0722656	148.354782104	121.451499939	86.8505706787	63.9088630676	47.0619239807	35.741268158	29.1505699158	25.8339920044	25.8136520386	27.0586185455	28.6440544128	31.1767311096	35.3551712036	40.025188446	44.9078292847	49.3141136169	53.7100219727	56.4905738831	57.885723114	57.0670318604	54.993347168	51.4115028381	47.3147277832	42.6864814758	36.9233093262	31.5100402832	27.2378025055	24.2564182281	22.5451202393	21.865398407	22.3273010254	22.6073951721	23.7184658051	24.105764389	23.4842357635	22.4689006805	0
Mar 10 2023 19:38:41	20019.3652344	632.838806152	484.96282959	323.599914551	227.308135986	168.593673706	136.681900024	114.311630249	107.204414368	105.813858032	111.922294617	121.31993866	135.438552856	151.060424805	170.024398804	188.193130493	205.916610718	219.553146362	226.717208862	229.758758545	225.246154785	217.308319092	203.41468811	186.171615601	167.21736145	148.161773682	130.605651855	117.652763367	107.515510559	102.849639893	100.984367371	104.599861145	106.182342529	113.211936951	114.381858826	113.218704224	108.690124512	0
Mar 10 2023 19:38:42	25846.5351563	156.614746094	120.754241943	82.9997711182	61.3238639832	48.7254905701	40.4983291626	35.1052207947	35.1561851501	37.6799659729	42.0671081543	46.6897659302	52.0274848938	58.3637809753	65.6163101196	72.6751251221	79.9010314941	85.6236572266	89.4249267578	91.1349868774	89.8827209473	86.925567627	81.4338607788	73.7560577393	65.2208633423	56.0400810242	47.7753257751	41.3349952698	36.3372879028	33.3138809204	31.7343425751	31.8351974487	31.8891410828	33.270488739	33.54712677	32.7450866699	31.2685680389	0
Mar 10 2023 19:38:43	19258.4082031	641.58581543	498.396026611	348.735656738	254.937744141	191.55847168	155.907516479	129.599594116	116.349700928	110.534202576	114.245658875	121.618087769	135.789627075	151.944381714	170.484024048	189.290969849	209.562088013	225.523132324	235.994842529	242.06729126	239.580200195	232.50680542	218.755142212	200.593231201	179.60836792	156.924835205	136.555755615	121.503768921	111.170578003	106.742881775	105.801719666	110.139221191	112.871047974	120.895622253	123.641639709	123.133201599	119.162605286	0
Mar 10 2023 19:38:44	22864.6503906	295.520385742	232.343551636	163.513687134	121.582115173	92.5321044922	76.8195953369	68.1517333984	65.9656066895	66.7791900635	71.075553894	77.6271209717	87.4879226685	99.7154541016	113.835189819	128.145629883	143.695343018	157.681564331	168.053253174	175.675521851	176.897827148	173.932769775	164.052459717	150.720916748	134.329177856	116.7421875	99.7894668579	87.0410079956	76.6980514526	71.1194076538	67.478012085	68.6421813965	67.9476165771	72.0502624512	71.7758331299	71.0687561035	68.1182785034	0
Mar 10 2023 19:38:45	24390.4472656	417.042602539	307.494812012	207.95513916	147.277130127	101.435272217	78.0236282349	63.239315033	53.3462219238	46.9047584534	44.9539985657	46.9721908569	52.9119644165	60.7542419434	69.7422637939	78.3498153687	87.7829589844	95.7137985229	101.307945251	105.089324951	105.278282166	103.416702271	97.8818206787	89.9716415405	80.9089202881	71.3498458862	62.617893219	56.2319107056	51.3347854614	49.0435028076	48.1850662231	49.8254241943	50.5442314148	54.029876709	54.1706581116	53.6891365051	51.1610527039	0
Mar 10 2023 19:38:46	24061.71875	272.662200928	209.10005188	142.221588135	101.912666321	76.2855529785	61.7471351624	53.7354621887	50.8324241638	50.7094497681	53.6785964966	60.0892601013	69.5595016479	80.521194458	93.4077224731	105.40940094	119.251586914	130.293304443	139.27696228	146.021438599	147.523605347	145.063613892	136.765014648	124.821258545	110.400146484	95.0680618286	80.4790344238	69.2633361816	60.1937484741	54.8273925781	51.213104248	50.9441833496	49.9501075745	52.291683197	51.9808044434	51.0290641785	48.7924919128	0
Mar 10 2023 19:38:47	23707.8886719	400.580322266	314.152557373	220.602096558	156.294769287	106.391937256	79.405708313	60.4653511047	50.8813400269	46.0474090576	45.5572624207	47.6781959534	52.751914978	58.6061973572	65.8558731079	73.3049621582	81.6635437012	89.1566390991	94.9832687378	100.148178101	101.802497864	101.507026672	97.9619293213	92.1714782715	84.2649307251	75.6556396484	67.207244873	61.2641067505	56.4899520874	54.8573150635	54.4396324158	57.5452346802	58.8099555969	64.154510498	64.8742980957	65.238067627	63.3182106018	0
Mar 10 2023 19:38:48	22777.5546875	322.845733643	257.795684814	177.744735718	125.456390381	91.295173645	72.7478485107	61.8818321228	56.6500701904	55.2356376648	57.7583084106	62.5868148804	71.6541671753	82.7208557129	95.3712310791	107.916770935	120.979049683	133.408950806	143.0234375	150.663223267	153.338867188	152.882461548	146.467346191	136.527389526	124.04914856	109.96710968	96.029838562	84.9605255127	76.1348876953	71.3970947266	69.1143569946	70.7267837524	71.5728530884	76.0008163452	77.0902175903	76.2973022461	73.7366714478	0
Mar 10 2023 19:38:49	25415.0644531	179.272201538	144.151397705	98.6005783081	70.1916275024	52.8260574341	44.420539856	38.1989860535	37.3787879944	38.289604187	41.9058456421	45.6532440186	51.2882156372	57.7302703857	65.3829421997	73.0355911255	81.2250900269	88.1191864014	93.410446167	96.9491271973	96.7713088989	94.7697525024	89.3935928345	81.8059463501	73.0332717896	63.5758018494	54.8584594727	48.1081123352	42.8457603455	39.7547836304	38.1828308105	38.4905929565	38.5097084045	39.9262657166	39.975189209	38.6331100464	36.6640357971	0
Mar 10 2023 19:38:50	22377.4375	421.935455322	347.452911377	248.37159729	180.091629028	132.283843994	102.676689148	80.2786712646	72.5910797119	70.354888916	73.1309814453	77.3090896606	85.1072540283	94.2772064209	106.202774048	118.632987976	131.226898193	144.567443848	154.423202515	162.082977295	164.085250854	163.328887939	156.529312134	146.293411255	133.218200684	118.432891846	103.481834412	92.1578598022	83.2763137817	78.7668228149	76.7787322998	78.9983444214	80.4304962158	85.6488952637	87.3354492188	86.60181427	83.7665863037	0
Mar 10 2023 19:38:51	23706.6757813	287.66506958	225.081878662	152.82635498	106.030677795	74.9176483154	59.3439788818	50.2072143555	47.8889122009	47.2533760071	50.1047515869	53.7469711304	60.1873779297	67.2510299683	76.6117935181	86.1069641113	96.6330871582	105.847297668	113.888336182	120.643592834	123.314178467	123.2029953	118.192253113	110.530914307	100.438232422	89.0736312866	77.770904541	68.9878921509	61.92445755	58.0973548889	56.0924911499	57.2729949951	57.5739936829	61.1064987183	61.6531105042	60.9906539917	59.0528526306	0
Mar 10 2023 19:38:52	21211.4570313	414.204925537	334.836090088	250.14012146	193.225997925	141.975143433	113.155052185	92.7108154297	84.7845993042	81.2864227295	84.6758041382	88.5198898315	97.2203979492	107.224884033	120.015815735	132.742965698	146.855529785	158.307815552	167.124252319	172.529525757	172.67175293	168.789123535	159.834350586	147.092010498	133.52243042	119.062301636	106.144432068	96.1656036377	88.8510360718	85.3415679932	84.7469024658	87.6410217285	90.0534439087	95.7706451416	98.2564468384	97.325958252	94.8140869141	0
Mar 10 2023 19:38:53	25950.3964844	132.147521973	96.8128814697	61.1455841064	39.2522888184	25.7792625427	19.616765976	19.2040615082	18.2884616852	18.297744751	18.8198871613	20.8276882172	24.9925880432	29.9851284027	35.5893287659	40.936668396	46.4735145569	51.7147979736	56.1075019836	60.2887992859	62.265007019	63.1029319763	61.3451461792	57.9382591248	52.8036270142	46.929397583	40.6694526672	35.8781929016	32.0808982849	30.211227417	29.2649345398	30.1936607361	30.449256897	32.6751670837	32.8866424561	32.7208099365	31.5118293762	0
Mar 10 2023 19:38:54	20589.6171875	659.698608398	480.518798828	320.043731689	228.937316895	165.988021851	130.01914978	108.894989014	98.4892578125	94.7393875122	98.3218154907	105.483642578	116.890602112	131.011825562	148.174728394	164.961273193	182.946060181	197.524200439	209.097518921	216.506317139	216.475738525	212.118942261	200.978820801	184.670608521	165.315551758	144.556350708	125.51713562	111.225830078	100.285148621	94.5802154541	92.3152618408	94.9158554077	96.4784088135	102.841285706	104.843360901	104.43536377	101.228294373	0
Mar 10 2023 19:38:55	24461.1679688	271.143035889	201.212631226	128.944442749	85.149520874	60.068813324	48.2662620544	44.1466445923	41.4837760925	40.573009491	42.389629364	47.5921936035	56.4149169922	66.1805801392	76.9907073975	86.7590637207	97.3792724609	106.015037537	111.894805908	115.884002686	115.647583008	113.141281128	107.011306763	98.6143264771	88.1378250122	76.8281097412	66.0188140869	58.0520591736	51.6776123047	48.4417953491	46.6394958496	47.9799499512	48.23620224	51.8619728088	52.1089439392	52.0836524963	50.0525665283	0
Mar 10 2023 19:38:56	23454.0097656	273.601531982	202.407028198	134.133392334	96.2519226074	72.1338577271	59.7780265808	54.4539451599	53.8024940491	56.178943634	61.1671257019	68.7097702026	78.9085464478	89.9843673706	103.092544556	115.968650818	129.859649658	141.730239868	152.203826904	159.848526001	161.838638306	160.34703064	152.871734619	140.91217041	126.562889099	110.388153076	95.3426361084	83.4020080566	73.9549331665	68.456199646	65.3728485107	66.1169281006	66.0730514526	69.1273040771	69.5117034912	67.8624343872	64.5235137939	0
Mar 10 2023 19:38:57	23352.2011719	291.713409424	230.102294922	167.08366394	129.232620239	99.915802002	81.5819625854	71.6987457275	69.5648574829	70.9243087769	77.0196380615	84.8617553711	95.7704849243	108.538139343	123.469314575	138.104141235	153.902023315	166.375701904	175.84425354	181.601516724	180.373519897	175.227127075	163.996887207	148.473556519	131.135574341	112.432266235	95.7623519897	82.9819793701	73.1367111206	67.3161849976	64.2013626099	64.4704818726	64.1989593506	66.8633880615	67.0210113525	65.5002975464	62.4553146362	0
Mar 10 2023 19:38:58	19238.03125	591.325805664	451.666503906	314.059234619	229.528884888	168.072967529	136.449523926	115.265060425	106.18283844	102.143264771	107.220970154	115.804862976	129.538345337	145.700531006	165.885864258	185.107910156	206.461212158	223.869338989	236.229919434	245.346786499	245.039382935	239.136886597	224.965454102	206.009674072	183.850448608	160.851913452	139.853179932	124.540275574	112.45665741	106.82094574	103.551376343	106.824050903	107.493927002	114.810409546	116.423202515	116.179954529	112.931648254	0
Mar 10 2023 19:38:59	22154.6914063	572.141113281	437.019927979	294.599243164	208.783798218	144.852828979	109.30947113	85.0085220337	72.5398712158	64.2877883911	63.3663864136	66.1320266724	74.5576629639	83.21118927	94.7266159058	105.248901367	117.645652771	126.444267273	133.150436401	137.859359741	137.742645264	134.828430176	128.379425049	119.144210815	107.978683472	95.3504638672	83.9468231201	75.7778015137	70.1959457397	68.2419891357	68.4127197266	71.9050216675	74.4461746216	80.355506897	82.2162857056	82.1288375854	79.4185943604	0
Mar 10 2023 19:39:00	23789.9082031	296.350128174	229.134780884	159.54083252	115.992485046	88.2527542114	71.6626815796	61.3024940491	55.9706420898	54.7939453125	57.5491676331	61.8292808533	69.0966415405	78.1555633545	88.7413253784	99.7422409058	110.904090881	121.250297546	129.087249756	134.467605591	135.864334106	134.404815674	128.699111938	119.849029541	108.597206116	95.0938110352	81.7325286865	71.4351654053	63.5751457214	59.2799911499	57.1256904602	58.4094390869	58.7041320801	62.4815788269	62.5151023865	61.7375488281	58.6345062256	0
Mar 10 2023 19:39:01	24226.578125	229.524108887	173.73526001	117.10294342	86.1142196655	68.7076339722	58.8458633423	51.6150360107	50.8196144104	53.09167099	57.9698371887	63.259513855	70.1968994141	78.7513656616	88.313117981	98.3403930664	109.223365784	118.807128906	126.489051819	131.642669678	133.147354126	131.44039917	125.451248169	115.680030823	104.186302185	91.5573120117	79.6019363403	69.7083969116	61.9020881653	56.9705505371	54.3754806519	54.5136222839	54.4934425354	56.4127883911	56.8547325134	55.0720024109	52.4328536987	0
Mar 10 2023 19:39:02	24718.5175781	206.614852905	155.686447144	102.358459473	69.0261764526	48.6103019714	41.3727989197	40.7031517029	40.0606765747	41.0697097778	43.1685638428	47.2344360352	55.4182243347	64.5417709351	74.119682312	81.376411438	88.5951309204	92.0738830566	92.5587158203	89.9422225952	84.4464492798	79.3031768799	75.1855392456	72.1300582886	67.418548584	59.4918708801	51.9371109009	46.3474884033	43.1743240356	42.5912895203	43.4450454712	46.477104187	48.8895759583	53.5515670776	54.877532959	54.8625831604	52.8092575073	0
Mar 10 2023 19:39:03	21709.4101563	326.421325684	257.531616211	181.524185181	132.056350708	101.728691101	88.2992095947	82.550994873	81.9824295044	84.4454803467	91.7140579224	100.228370667	113.111999512	127.608139038	144.17250061	156.391464233	167.361480713	170.34828186	165.26751709	154.042373657	136.807723999	122.306434631	112.733169556	108.312072754	102.808792114	92.7662734985	83.6910018921	77.9944839478	76.295463562	78.2821578979	82.3142471313	89.6708602905	95.3964691162	103.925567627	107.296203613	106.334701538	101.723701477	0
Mar 10 2023 19:39:04	25093.7519531	291.407714844	232.051712036	163.74671936	114.828514099	78.1090698242	56.0075492859	41.1967735291	33.0079460144	27.5101356506	25.5065002441	25.2042255402	28.2939319611	31.0827960968	35.2340660095	38.2994194031	42.2439498901	44.2788314819	44.9808883667	45.1159515381	43.7343215942	42.4124908447	41.0023612976	39.8197479248	37.8640632629	35.1821174622	32.2164611816	30.4740390778	29.6773948669	30.6977462769	32.0715446472	35.3141899109	37.0228500366	41.288608551	41.9155311584	42.5281066895	41.5983543396	0
Mar 10 2023 19:39:05	22625.7617188	795.215393066	589.435302734	401.998718262	291.064086914	207.64906311	154.285827637	113.537796021	88.5075836182	73.0584106445	66.5112380981	64.2617492676	68.0688705444	74.4601287842	84.2938842773	93.4049224854	104.166648865	112.312454224	118.624588013	123.149597168	123.957427979	123.223083496	119.738548279	113.324104309	104.325744629	91.949005127	80.1594238281	71.6077194214	66.2169723511	64.5139312744	65.1152114868	68.7855072021	70.9415588379	75.8505554199	76.5259399414	75.2804641724	71.914932251	0
Mar 10 2023 19:39:06	20518.3417969	559.53112793	430.222229004	296.908996582	222.837783813	177.068191528	148.113143921	124.194725037	117.045394897	116.948661804	125.504470825	136.846252441	152.010055542	169.734268188	192.411575317	215.414932251	240.075241089	261.491882324	280.12322998	292.312561035	296.425628662	292.5909729	279.209259033	256.321014404	226.611480713	190.190139771	156.464096069	129.726028442	110.269897461	97.8490447998	91.0844650269	89.8461151123	89.4208450317	92.9873046875	95.0962753296	93.8939437866	91.5001525879	0
Mar 10 2023 19:39:07	22463.7617188	327.952697754	265.08807373	189.845077515	144.571640015	118.132789612	101.216911316	87.6150054932	86.190612793	89.4976882935	97.5631027222	107.668151855	120.882278442	136.102584839	153.819229126	172.697479248	191.878814697	208.843887329	221.020874023	228.837677002	230.216537476	226.719329834	217.252120972	201.616638184	179.7603302	151.408035278	123.305770874	100.895545959	84.9581832886	75.1899719238	70.0414581299	69.1515655518	69.1644668579	72.3040618896	74.1729888916	73.6744003296	72.0244445801	0
Mar 10 2023 19:39:08	24935.0917969	66.7224960327	55.4455680847	43.2265129089	38.0402450562	37.9430961609	39.5758857727	43.7850799561	50.3955154419	58.5764656067	68.3188552856	79.551940918	92.6956253052	108.136642456	125.133514404	143.343170166	162.223007202	179.670181274	195.851638794	208.477416992	215.899124146	216.966827393	209.17539978	192.342132568	168.588165283	137.996826172	108.325340271	83.8878326416	65.3670501709	52.1896934509	43.672252655	39.194770813	36.248626709	35.9724349976	36.0269241333	35.4710044861	34.7361488342	0
Mar 10 2023 19:39:09	23558.9199219	251.053878784	194.876907349	136.726318359	101.897315979	77.3704833984	65.364692688	58.6268386841	58.1498184204	61.1157569885	67.131401062	74.8742752075	85.7409896851	98.0417404175	112.434936523	127.29120636	143.406860352	157.607467651	169.539123535	178.369659424	182.268661499	181.890792847	175.173660278	162.67578125	145.293167114	123.165420532	101.743980408	84.6238479614	72.0500030518	64.0672988892	59.5930900574	59.0170555115	58.4267196655	61.1044616699	61.444190979	60.5404586792	58.28540802	0
Mar 10 2023 19:39:10	24789.4550781	168.309204102	119.37020874	76.9653549194	54.3619804382	42.3547554016	37.8152656555	37.3952484131	39.4767341614	43.242515564	48.9097595215	55.976764679	64.960395813	76.160774231	88.4889373779	101.409736633	115.476646423	129.129165649	141.732009888	152.125869751	158.491073608	160.555770874	155.615402222	144.084960938	127.564964294	106.636726379	86.3177871704	69.9821090698	57.6151809692	49.1558265686	44.0059089661	42.0789718628	40.7996864319	42.2390060425	42.7316093445	42.3236541748	41.1807556152	0
Mar 10 2023 19:39:11	24190.5214844	395.235748291	312.246398926	217.438674927	160.825759888	115.339729309	87.4714202881	67.4099349976	60.6266517639	57.4482765198	59.3217163086	61.3921012878	65.5229415894	71.03175354	78.1386108398	84.9008407593	91.4633865356	95.9966201782	99.1952133179	99.2088241577	96.4477462769	92.5725097656	87.6909332275	81.4952392578	74.3568878174	65.483581543	57.4324302673	51.3367958069	47.3647689819	45.6635742188	45.8955154419	47.9603919983	50.1443023682	53.8380737305	55.9351654053	55.8015975952	54.8340148926	0
Mar 10 2023 19:39:12	23491.984375	318.030883789	254.275344849	179.327713013	135.050750732	103.813774109	86.2608108521	73.2487792969	68.8243484497	66.9046859741	70.5448913574	75.6480484009	84.1252365112	94.0108642578	105.802185059	117.34853363	128.989425659	137.899536133	144.07244873	145.996246338	143.389358521	138.120407104	129.736022949	119.005630493	106.546096802	91.7773132324	78.3968048096	68.0106811523	60.7627639771	56.6522674561	55.224319458	56.5757446289	58.0011291504	61.8499259949	63.7047462463	63.4512443542	62.0696029663	0
Mar 10 2023 19:39:13	25946.3789063	161.343704224	126.045730591	85.3108901978	61.988609314	46.1543807983	36.7135848999	30.411945343	27.9165344238	26.4262199402	26.9876499176	28.2656974792	31.9308643341	36.3730697632	41.8419380188	46.899887085	52.4557228088	57.2646369934	60.8388061523	63.642829895	64.1279602051	63.2142906189	60.0293045044	55.737197876	50.1596336365	43.986289978	37.8412971497	33.4968147278	30.0970020294	28.497756958	27.643409729	28.6017570496	28.7538280487	30.8646068573	30.7641563416	30.5002117157	29.1438140869	0
Mar 10 2023 19:39:14	26329.1816406	133.864761353	105.481002808	73.367729187	53.6467819214	39.1277275085	31.1369228363	27.8518543243	26.5417785645	27.1749820709	28.6867847443	30.9344921112	34.6832275391	39.4446563721	44.8424186707	50.3451843262	55.8553466797	59.8700752258	62.8005027771	63.7065086365	62.8741378784	61.0736045837	57.482635498	53.2802009583	48.0608825684	41.8771858215	35.84217453	31.1980438232	27.9316043854	26.104845047	25.3556365967	25.8320827484	25.9923648834	27.2073554993	27.0510349274	26.1372718811	24.6108436584	0
Mar 10 2023 19:39:15	28115.4941406	0	0	0.143571421504	0.33665022254	0.133669942617	0	0	0	0.0740211829543	0.287481129169	0.229409307241	0.244480505586	0.165302678943	0.241952344775	0.154500752687	0.20038728416	0.160312741995	0.163980484009	0.161838546395	0.15634059906	0.151636630297	0.0940488874912	0.0115963416174	0.00895992387086	0.000561837223358	0	0	0	0	0	0	0	0	0	0	0	0
Mar 10 2023 19:39:16	28123.125	0.142492100596	0.147642508149	0.0666495338082	0.0178248025477	0.0451756902039	0.0165516026318	0	0.0250540710986	0.11289152503	0.129568219185	0.042869810015	0.0477803647518	0.0431025587022	0.119319021702	0.0804224461317	0.0987442061305	0.0320152975619	0.0638469457626	0.0315410904586	0.0100948344916	0.000779334513936	0	0	0	0	0	0	0	0	0	0	0	0	0	0	0	0
Mar 10 2023 19:39:17	28117.1542969	0	0	0	1.00807964802	0	0	0	0	0	0	0	0	0	0	0	0	0	0	0	0	0	0	0	0	0	0	0	0	0	0	0	0	0	0	0	0	970.480834961
Mar 10 2023 19:39:18	28120.6035156	0	0.0171329136938	0.0376924090087	0.0159907191992	0.00688749738038	0.0183666590601	0.0318742580712	0.0775107070804	0.0234571881592	0	0	0	0.00314758671448	0.0145782958716	0.00730345305055	0.0242836251855	0.00395928649232	0.001331267762	0.00931887514889	0.0011410866864	0	0	0	0	0	0	0	0	0	0	0	0	0	0	0	0	0
Mar 10 2023 19:39:19	28122.671875	0.114434950054	0.118272483349	0.375591993332	0.757826089859	0.493445694447	0.519080519676	0.220525294542	0.126388251781	0.0379722677171	0	0.000391504610889	0.00158224930055	0.00375139131211	0.0159182399511	0.00684148119763	0.0208405237645	0.00844821054488	0.0380997955799	0.0402353480458	0.00432338379323	0	0.000384249491617	0.00748124765232	0.0410787761211	0.0025987860281	0.000104460057628	0.00202056742273	6.96400384186e-05	0	0	0	0	0	0	0	0	0
