Date-Time	Dx(10)	Dx(50)	Dx(90)	Cv(%)	D[4][3]	D[3][2]	Transmission	0.10000020	0.11659167	0.13593590	0.15848963	0.18478534	0.21544389	0.25118914	0.29286504	0.34145555	0.39810795	0.46415979	0.54117060	0.63095856	0.73564368	0.85769761	1.00000191	1.16591668	1.35935903	1.58489633	1.84785342	2.15443897	2.51189137	2.92865038	3.41455555	3.98107958	4.64159775	5.41170597	6.30958605	7.35643721	8.57697582	10.00002003	11.65916729	13.59359074	15.84896278	18.47853470	21.54438972	25.11891365	29.28650284	34.14555740	39.81079483	46.41598129	54.11705780	63.09585953	73.56436920	85.76976013	100.00019836	116.59166718	135.93591309	158.48962402	184.78533936	215.44389343	251.18913269	292.86502075	341.45556641	398.10794067	464.15979004	541.17059326	630.95855713	735.64367676	857.69757080	1000.00195313
Mar 10 2023 20:01:36	-1.00000001505e+30	-1.00000001505e+30	-1.00000001505e+30	-1.00000002538e+26	-1.00000001505e+30	-1.00000001505e+30	99.8014831543	-	0	0	0	0	0	0	0	0	0	0	0	0	0	0	0	0	0	0	0	0	0	0	0	0	0	0	0	0	0	0	0	0	0	0	0	0	0	0	0	0	0	0	0	0	0	0	0	0	0	0	0	0	0	0	0	0	0	0	0	0
Mar 10 2023 20:01:37	-1.00000001505e+30	-1.00000001505e+30	-1.00000001505e+30	-1.00000002538e+26	-1.00000001505e+30	-1.00000001505e+30	99.8077545166	-	0	0	0	0	0	0	0	0	0	0	0	0	0	0	0	0	0	0	0	0	0	0	0	0	0	0	0	0	0	0	0	0	0	0	0	0	0	0	0	0	0	0	0	0	0	0	0	0	0	0	0	0	0	0	0	0	0	0	0	0
Mar 10 2023 20:01:38	-1.00000001505e+30	-1.00000001505e+30	-1.00000001505e+30	-1.00000002538e+26	-1.00000001505e+30	-1.00000001505e+30	99.3102874756	-	0	0	0	0	0	0	0	0	0	0	0	0	0	0	0	0	0	0	0	0	0	0	0	0	0	0	0	0	0	0	0	0	0	0	0	0	0	0	0	0	0	0	0	0	0	0	0	0	0	0	0	0	0	0	0	0	0	0	0	0
Mar 10 2023 20:01:39	-1.00000001505e+30	-1.00000001505e+30	-1.00000001505e+30	-1.00000002538e+26	-1.00000001505e+30	-1.00000001505e+30	97.1105957031	-	0	0	0	0	0	0	0	0	0	0	0	0	0	0	0	0	0	0	0	0	0	0	0	0	0	0	0	0	0	0	0	0	0	0	0	0	0	0	0	0	0	0	0	0	0	0	0	0	0	0	0	0	0	0	0	0	0	0	0	0
Mar 10 2023 20:01:40	-1.00000001505e+30	-1.00000001505e+30	-1.00000001505e+30	-1.00000002538e+26	-1.00000001505e+30	-1.00000001505e+30	95.0984573364	-	0	0	0	0	0	0	0	0	0	0	0	0	0	0	0	0	0	0	0	0	0	0	0	0	0	0	0	0	0	0	0	0	0	0	0	0	0	0	0	0	0	0	0	0	0	0	0	0	0	0	0	0	0	0	0	0	0	0	0	0
Mar 10 2023 20:01:41	-1.00000001505e+30	-1.00000001505e+30	-1.00000001505e+30	-1.00000002538e+26	-1.00000001505e+30	-1.00000001505e+30	99.001701355	-	0	0	0	0	0	0	0	0	0	0	0	0	0	0	0	0	0	0	0	0	0	0	0	0	0	0	0	0	0	0	0	0	0	0	0	0	0	0	0	0	0	0	0	0	0	0	0	0	0	0	0	0	0	0	0	0	0	0	0	0
Mar 10 2023 20:01:42	-1.00000001505e+30	-1.00000001505e+30	-1.00000001505e+30	-1.00000002538e+26	-1.00000001505e+30	-1.00000001505e+30	98.9552307129	-	0	0	0	0	0	0	0	0	0	0	0	0	0	0	0	0	0	0	0	0	0	0	0	0	0	0	0	0	0	0	0	0	0	0	0	0	0	0	0	0	0	0	0	0	0	0	0	0	0	0	0	0	0	0	0	0	0	0	0	0
Mar 10 2023 20:01:43	-1.00000001505e+30	-1.00000001505e+30	-1.00000001505e+30	-1.00000002538e+26	-1.00000001505e+30	-1.00000001505e+30	98.719078064	-	0	0	0	0	0	0	0	0	0	0	0	0	0	0	0	0	0	0	0	0	0	0	0	0	0	0	0	0	0	0	0	0	0	0	0	0	0	0	0	0	0	0	0	0	0	0	0	0	0	0	0	0	0	0	0	0	0	0	0	0
Mar 10 2023 20:01:44	-1.00000001505e+30	-1.00000001505e+30	-1.00000001505e+30	-1.00000002538e+26	-1.00000001505e+30	-1.00000001505e+30	99.552116394	-	0	0	0	0	0	0	0	0	0	0	0	0	0	0	0	0	0	0	0	0	0	0	0	0	0	0	0	0	0	0	0	0	0	0	0	0	0	0	0	0	0	0	0	0	0	0	0	0	0	0	0	0	0	0	0	0	0	0	0	0
Mar 10 2023 20:01:45	-1.00000001505e+30	-1.00000001505e+30	-1.00000001505e+30	-1.00000002538e+26	-1.00000001505e+30	-1.00000001505e+30	99.849822998	-	0	0	0	0	0	0	0	0	0	0	0	0	0	0	0	0	0	0	0	0	0	0	0	0	0	0	0	0	0	0	0	0	0	0	0	0	0	0	0	0	0	0	0	0	0	0	0	0	0	0	0	0	0	0	0	0	0	0	0	0
Mar 10 2023 20:01:46	-1.00000001505e+30	-1.00000001505e+30	-1.00000001505e+30	-1.00000002538e+26	-1.00000001505e+30	-1.00000001505e+30	96.9299240112	-	0	0	0	0	0	0	0	0	0	0	0	0	0	0	0	0	0	0	0	0	0	0	0	0	0	0	0	0	0	0	0	0	0	0	0	0	0	0	0	0	0	0	0	0	0	0	0	0	0	0	0	0	0	0	0	0	0	0	0	0
Mar 10 2023 20:01:47	-1.00000001505e+30	-1.00000001505e+30	-1.00000001505e+30	-1.00000002538e+26	-1.00000001505e+30	-1.00000001505e+30	99.2430114746	-	0	0	0	0	0	0	0	0	0	0	0	0	0	0	0	0	0	0	0	0	0	0	0	0	0	0	0	0	0	0	0	0	0	0	0	0	0	0	0	0	0	0	0	0	0	0	0	0	0	0	0	0	0	0	0	0	0	0	0	0
Mar 10 2023 20:01:48	-1.00000001505e+30	-1.00000001505e+30	-1.00000001505e+30	-1.00000002538e+26	-1.00000001505e+30	-1.00000001505e+30	99.5119247437	-	0	0	0	0	0	0	0	0	0	0	0	0	0	0	0	0	0	0	0	0	0	0	0	0	0	0	0	0	0	0	0	0	0	0	0	0	0	0	0	0	0	0	0	0	0	0	0	0	0	0	0	0	0	0	0	0	0	0	0	0
Mar 10 2023 20:01:49	-1.00000001505e+30	-1.00000001505e+30	-1.00000001505e+30	-1.00000002538e+26	-1.00000001505e+30	-1.00000001505e+30	97.72290802	-	0	0	0	0	0	0	0	0	0	0	0	0	0	0	0	0	0	0	0	0	0	0	0	0	0	0	0	0	0	0	0	0	0	0	0	0	0	0	0	0	0	0	0	0	0	0	0	0	0	0	0	0	0	0	0	0	0	0	0	0
Mar 10 2023 20:01:50	7.96306037903	30.5378131866	596.540344238	0.000433316803537	175.756561279	5.91496324539	88.7355957031	-	0.0529309660196	0.104691810906	0.154120579362	0.200068622828	0.241409063339	0.27705052495	0.305960118771	0.327199697495	0.339983552694	0.343770444393	0.338415443897	0.324382901192	0.302975296974	0.276657164097	0.249289631844	0.226203769445	0.213757127523	0.218124940991	0.243301898241	0.289106070995	0.350690245628	0.420779794455	0.491857200861	0.555090308189	0.602652013302	0.638226568699	0.679570913315	0.767721533775	0.962596774101	1.34176206589	1.97509467602	2.89457535744	4.06620407104	5.36717653275	6.58642053604	7.45874404907	7.74715709686	7.32803916931	6.24799251556	4.71755361557	3.03668808937	1.50283420086	0.325167775154	0	0	0	0	0	0	0.00398412439972	0.0527100116014	0.278223186731	0.9522767663	2.3781645298	4.4812297821	6.38588953018	6.74376773834	4.99555683136	2.25277161598	0.381418555975
Mar 10 2023 20:01:51	4.09343624115	16.7497673035	594.979736328	0.000645503867418	162.344802856	3.47779321671	75.9365844727	-	0.0950909182429	0.188242539763	0.277518123388	0.360985159874	0.436718076468	0.50280302763	0.557345926762	0.598485887051	0.624417901039	0.633432924747	0.623990476131	0.594849586487	0.545290648937	0.475533157587	0.38740876317	0.285489171743	0.178695440292	0.0821468606591	0.0183889120817	0.016295330599	0.106480821967	0.315209746361	0.661750912666	1.1568171978	1.79005229473	2.52615880966	3.31546258926	4.0840845108	4.75813770294	5.2670545578	5.56171798706	5.62286472321	5.46280241013	5.11680603027	4.62902355194	4.04152965546	3.38803529739	2.69927000999	2.01096868515	1.36687338352	0.811419606209	0.377856642008	0.0774504691362	0	0	0	0	0	0	0.000274184858426	0.0265788324177	0.211979076266	0.841633498669	2.20434165001	4.18122148514	5.93609237671	6.30198335648	4.81691455841	2.35887408257	0.489162713289
Mar 10 2023 20:01:52	-1.00000001505e+30	-1.00000001505e+30	-1.00000001505e+30	-1.00000002538e+26	-1.00000001505e+30	-1.00000001505e+30	97.5011825562	-	0	0	0	0	0	0	0	0	0	0	0	0	0	0	0	0	0	0	0	0	0	0	0	0	0	0	0	0	0	0	0	0	0	0	0	0	0	0	0	0	0	0	0	0	0	0	0	0	0	0	0	0	0	0	0	0	0	0	0	0
Mar 10 2023 20:01:53	-1.00000001505e+30	-1.00000001505e+30	-1.00000001505e+30	-1.00000002538e+26	-1.00000001505e+30	-1.00000001505e+30	99.4635925293	-	0	0	0	0	0	0	0	0	0	0	0	0	0	0	0	0	0	0	0	0	0	0	0	0	0	0	0	0	0	0	0	0	0	0	0	0	0	0	0	0	0	0	0	0	0	0	0	0	0	0	0	0	0	0	0	0	0	0	0	0
Mar 10 2023 20:01:54	-1.00000001505e+30	-1.00000001505e+30	-1.00000001505e+30	-1.00000002538e+26	-1.00000001505e+30	-1.00000001505e+30	98.6201553345	-	0	0	0	0	0	0	0	0	0	0	0	0	0	0	0	0	0	0	0	0	0	0	0	0	0	0	0	0	0	0	0	0	0	0	0	0	0	0	0	0	0	0	0	0	0	0	0	0	0	0	0	0	0	0	0	0	0	0	0	0
Mar 10 2023 20:01:55	-1.00000001505e+30	-1.00000001505e+30	-1.00000001505e+30	-1.00000002538e+26	-1.00000001505e+30	-1.00000001505e+30	99.6970825195	-	0	0	0	0	0	0	0	0	0	0	0	0	0	0	0	0	0	0	0	0	0	0	0	0	0	0	0	0	0	0	0	0	0	0	0	0	0	0	0	0	0	0	0	0	0	0	0	0	0	0	0	0	0	0	0	0	0	0	0	0
Mar 10 2023 20:01:56	-1.00000001505e+30	-1.00000001505e+30	-1.00000001505e+30	-1.00000002538e+26	-1.00000001505e+30	-1.00000001505e+30	99.9387588501	-	0	0	0	0	0	0	0	0	0	0	0	0	0	0	0	0	0	0	0	0	0	0	0	0	0	0	0	0	0	0	0	0	0	0	0	0	0	0	0	0	0	0	0	0	0	0	0	0	0	0	0	0	0	0	0	0	0	0	0	0
Mar 10 2023 20:01:57	-1.00000001505e+30	-1.00000001505e+30	-1.00000001505e+30	-1.00000002538e+26	-1.00000001505e+30	-1.00000001505e+30	99.9533233643	-	0	0	0	0	0	0	0	0	0	0	0	0	0	0	0	0	0	0	0	0	0	0	0	0	0	0	0	0	0	0	0	0	0	0	0	0	0	0	0	0	0	0	0	0	0	0	0	0	0	0	0	0	0	0	0	0	0	0	0	0
Mar 10 2023 20:01:58	-1.00000001505e+30	-1.00000001505e+30	-1.00000001505e+30	-1.00000002538e+26	-1.00000001505e+30	-1.00000001505e+30	100.000953674	-	0	0	0	0	0	0	0	0	0	0	0	0	0	0	0	0	0	0	0	0	0	0	0	0	0	0	0	0	0	0	0	0	0	0	0	0	0	0	0	0	0	0	0	0	0	0	0	0	0	0	0	0	0	0	0	0	0	0	0	0
Mar 10 2023 20:01:59	-1.00000001505e+30	-1.00000001505e+30	-1.00000001505e+30	-1.00000002538e+26	-1.00000001505e+30	-1.00000001505e+30	99.6101760864	-	0	0	0	0	0	0	0	0	0	0	0	0	0	0	0	0	0	0	0	0	0	0	0	0	0	0	0	0	0	0	0	0	0	0	0	0	0	0	0	0	0	0	0	0	0	0	0	0	0	0	0	0	0	0	0	0	0	0	0	0
Mar 10 2023 20:02:00	-1.00000001505e+30	-1.00000001505e+30	-1.00000001505e+30	-1.00000002538e+26	-1.00000001505e+30	-1.00000001505e+30	98.7639465332	-	0	0	0	0	0	0	0	0	0	0	0	0	0	0	0	0	0	0	0	0	0	0	0	0	0	0	0	0	0	0	0	0	0	0	0	0	0	0	0	0	0	0	0	0	0	0	0	0	0	0	0	0	0	0	0	0	0	0	0	0
Mar 10 2023 20:02:01	-1.00000001505e+30	-1.00000001505e+30	-1.00000001505e+30	-1.00000002538e+26	-1.00000001505e+30	-1.00000001505e+30	99.825592041	-	0	0	0	0	0	0	0	0	0	0	0	0	0	0	0	0	0	0	0	0	0	0	0	0	0	0	0	0	0	0	0	0	0	0	0	0	0	0	0	0	0	0	0	0	0	0	0	0	0	0	0	0	0	0	0	0	0	0	0	0
Mar 10 2023 20:02:02	-1.00000001505e+30	-1.00000001505e+30	-1.00000001505e+30	-1.00000002538e+26	-1.00000001505e+30	-1.00000001505e+30	99.9471511841	-	0	0	0	0	0	0	0	0	0	0	0	0	0	0	0	0	0	0	0	0	0	0	0	0	0	0	0	0	0	0	0	0	0	0	0	0	0	0	0	0	0	0	0	0	0	0	0	0	0	0	0	0	0	0	0	0	0	0	0	0
Mar 10 2023 20:02:03	-1.00000001505e+30	-1.00000001505e+30	-1.00000001505e+30	-1.00000002538e+26	-1.00000001505e+30	-1.00000001505e+30	97.687461853	-	0	0	0	0	0	0	0	0	0	0	0	0	0	0	0	0	0	0	0	0	0	0	0	0	0	0	0	0	0	0	0	0	0	0	0	0	0	0	0	0	0	0	0	0	0	0	0	0	0	0	0	0	0	0	0	0	0	0	0	0
Mar 10 2023 20:02:04	-1.00000001505e+30	-1.00000001505e+30	-1.00000001505e+30	-1.00000002538e+26	-1.00000001505e+30	-1.00000001505e+30	95.4917449951	-	0	0	0	0	0	0	0	0	0	0	0	0	0	0	0	0	0	0	0	0	0	0	0	0	0	0	0	0	0	0	0	0	0	0	0	0	0	0	0	0	0	0	0	0	0	0	0	0	0	0	0	0	0	0	0	0	0	0	0	0
Mar 10 2023 20:02:05	12.3722276688	508.380126953	743.313842773	0.00259850313887	463.746459961	9.54492282867	66.5044326782	-	0.0314053557813	0.0657973140478	0.0998624488711	0.132388830185	0.162527307868	0.189588397741	0.21297737956	0.232164725661	0.246668145061	0.256038308144	0.259844839573	0.257669985294	0.249130442739	0.233938366175	0.21205483377	0.183990195394	0.151288971305	0.11709818989	0.0864865556359	0.0659513473511	0.0621471107006	0.081185080111	0.129226461053	0.212119653821	0.331378728151	0.481557250023	0.652567923069	0.827329516411	0.987825989723	1.11585557461	1.197879076	1.2270553112	1.20394122601	1.13506305218	1.03055334091	0.902250945568	0.762277781963	0.623019993305	0.496253103018	0.390270978212	0.305686056614	0.232972279191	0.154382705688	0.0533441901207	0	0	0	0	0	0.000350942631485	0.13252350688	0.880483150482	2.94646239281	6.7884759903	11.8704910278	16.3122367859	17.6578006744	14.607131958	8.38610649109	2.37492108345
Mar 10 2023 20:02:06	7.01864480972	398.017822266	713.758239746	0.00223655905575	352.905578613	6.25961256027	57.0369644165	-	0.00238394760527	0.0165856163949	0.0507192574441	0.109339818358	0.192462325096	0.294905006886	0.406321406364	0.512122392654	0.595386445522	0.639728665352	0.632914185524	0.5707269907	0.460193037987	0.320823252201	0.181892856956	0.074076615274	0.0157253183424	0.000324742140947	0	0	0	0	0.140454247594	0.367487490177	0.674457967281	1.0443931818	1.45109033585	1.85299777985	2.20641613007	2.46759080887	2.60520792007	2.60758757591	2.48542785645	2.26759052277	1.99146342278	1.69354748726	1.40108335018	1.13180887699	0.896913349628	0.703257083893	0.551321923733	0.431685715914	0.324544906616	0.205760374665	0.0605557970703	0	0	0	0.00546595128253	0.23438860476	0.949467539787	2.37481951714	4.55948209763	7.22855329514	9.7549829483	11.3203058243	11.2409324646	9.31685161591	6.00971078873	2.36577677727
Mar 10 2023 20:02:07	6.91230678558	347.332702637	691.402587891	0.00247406656854	306.247039795	6.70135784149	55.9400024414	-	0.00748359458521	0.0332126058638	0.0774333775043	0.137305527925	0.207736298442	0.281911671162	0.351900160313	0.409384638071	0.446529954672	0.456976294518	0.436933517456	0.386323720217	0.309842944145	0.217667132616	0.125140935183	0.0503869280219	0.00832520332187	0	0	0	0	0.0401468798518	0.222093775868	0.497252434492	0.864927828312	1.30941700935	1.80491244793	2.30871891975	2.77455735207	3.15412139893	3.41017794609	3.52373385429	3.49698972702	3.34930539131	3.10765099525	2.79775738716	2.43768310547	2.04122018814	1.62510347366	1.21397030354	0.836562395096	0.516248941422	0.261246502399	0.0616040378809	0	0	0	0	0	0.0184344053268	0.249621734023	1.02052569389	2.66654324532	5.24233198166	8.22128582001	10.4934282303	10.8628492355	8.84465694427	5.18042850494	1.59999668598
Mar 10 2023 20:02:08	5.21361017227	15.9830493927	619.730834961	0.000279752595816	193.634857178	5.57306623459	90.4309387207	-	2.195545655e-11	1.12683395059e-07	1.62848245964e-05	0.000510160636622	0.00652802130207	0.0448949374259	0.190204262733	0.531581163406	1.00628232956	1.2809368372	1.04989385605	0.504346489906	0.118421413004	0.00942222122103	0.000106064500869	7.01474700548e-09	0	0	0	0	0	0.102486521006	0.449208587408	1.00010073185	1.75729632378	2.68500542641	3.71700263023	4.73972702026	5.62585496902	6.24328660965	6.49351167679	6.33774852753	5.80950212479	5.00573205948	4.0588312149	3.10356783867	2.24183869362	1.53050100803	0.985078632832	0.593694925308	0.330592036247	0.164023220539	0.061081264168	0	0	0	0	0	0	0	1.38888353263e-07	0.00127831217833	0.0620126947761	0.711718082428	3.44214987755	8.399269104	10.8006696701	6.93560314178	1.78647303581	0.0820219516754
Mar 10 2023 20:02:09	4.66476392746	13.3657627106	596.497497559	0.000942312530242	149.453735352	4.44519805908	65.795715332	-	4.41722136299e-12	3.77697162435e-08	7.59462318456e-06	0.000306181085762	0.00481375632808	0.0393723845482	0.193363085389	0.61284327507	1.28956913948	1.79058372974	1.57270538807	0.797459125519	0.196107342839	0.016586849466	0.000219663168536	3.42092256744e-08	0	0	0	0	0	0.0662557482719	0.432234942913	1.03135466576	1.87043738365	2.91747522354	4.1055598259	5.31223106384	6.39180707932	7.1825966835	7.55111598969	7.4256234169	6.81771469116	5.82334756851	4.60054302216	3.33378911018	2.18499779701	1.26409912109	0.616646766663	0.229291781783	0.0475727878511	0	0	0	0	0	0	0	0	0	1.85049198187e-09	0.00112712895498	0.0549631118774	0.574792325497	2.57067370415	6.03451490402	7.85802173615	5.44000339508	1.64356970787	0.103702381253
Mar 10 2023 20:02:10	3.23406910896	9.75273895264	19.7479629517	0.000427921651863	10.7744846344	2.74039721489	77.5318832397	-	0.0281457025558	0.0995504111052	0.206799313426	0.342068433762	0.495167344809	0.653473556042	0.802380979061	0.926142454147	1.00911712646	1.03746759892	1.00136780739	0.897692799568	0.732933998108	0.525969028473	0.309140622616	0.125343769789	0.0171459466219	0	0	0	0.0449084304273	0.297346353531	0.810176432133	1.64538216591	2.82317042351	4.29577636719	5.95439481735	7.60427474976	9.01767349243	9.95592594147	10.2389431	9.79587173462	8.69028759003	7.10864830017	5.31378984451	3.58045697212	2.12208151817	1.05300700665	0.384507477283	0.0534685738385	0	0	0	0	0	0	0	0	0	0	0	0	0	0	0	0	0	0	0	0
Mar 10 2023 20:02:11	4.09612417221	12.8652591705	598.639282227	0.000508258468471	129.175460815	3.66785001755	78.4139404297	-	0.0149088464677	0.0556015484035	0.121590904891	0.211401775479	0.321190237999	0.444280177355	0.571034967899	0.689092814922	0.784073233604	0.840895831585	0.845887422562	0.789782941341	0.671497821808	0.502372682095	0.309282064438	0.133821129799	0.0223698653281	0	0	0	0.0613429062068	0.284694045782	0.688740313053	1.30475282669	2.13565182686	3.1442489624	4.26147222519	5.37089204788	6.34165763855	7.0383014679	7.35614442825	7.24606752396	6.727455616	5.88273572922	4.83623695374	3.72710108757	2.67713665962	1.77405083179	1.06505250931	0.559428691864	0.237044692039	0.0594126880169	0	0	0	0	0	0	0	0	0	1.17612907006e-16	1.48939029998e-08	0.000212336628465	0.0820057019591	2.76466226578	11.4318695068	5.44721126556	0.165290087461	3.04458899336e-05
Mar 10 2023 20:02:12	3.6407456398	12.4975185394	570.422058105	0.000445455254521	114.191337585	3.18604540825	80.1667709351	-	0.0637668445706	0.150376304984	0.24743783474	0.349090218544	0.45017594099	0.545582890511	0.630106568336	0.698478221893	0.74549227953	0.766233801842	0.756447374821	0.713098585606	0.635176599026	0.524924874306	0.389446049929	0.242702573538	0.107129491866	0.0133334742859	0	0.0021033808589	0.133167490363	0.413822948933	0.87222391367	1.52562499046	2.36305713654	3.33913040161	4.38569784164	5.39834976196	6.26710271835	6.88201808929	7.16045045853	7.0641746521	6.6080904007	5.8558473587	4.90517473221	3.86985421181	2.85668754578	1.95246958733	1.21568787098	0.672892928123	0.319710314274	0.125101268291	0.0406249128282	0.0121735492721	0	0	0	0	0	0	0	8.56028492535e-08	0.000435306632426	0.0457276105881	0.824597358704	4.30694723129	7.60906934738	4.35309362411	0.584608793259	0.00527104083449
Mar 10 2023 20:02:13	2.94908928871	9.8337059021	19.3181152344	0.0003649352293	10.6946878433	2.944272995	78.8802566528	-	0.0137526858598	0.0514821745455	0.115725107491	0.20877827704	0.330817729235	0.478792250156	0.645462870598	0.818667650223	0.981022715569	1.11038315296	1.18154108524	1.16977822781	1.0569498539	0.840801119804	0.546864628792	0.239876046777	0.0262316484004	0	0	0	0.00192675506696	0.163640871644	0.577312588692	1.3268969059	2.46512174606	3.97093701363	5.74603128433	7.57825803757	9.19826316833	10.3099832535	10.6812076569	10.215596199	8.98979187012	7.23537826538	5.27165937424	3.41957068443	1.91312193871	0.861268699169	0.252951383591	0.00414346484467	0	0	0	0	0	0	0	0	0	0	0	0	0	0	0	0	0	0	0	0
Mar 10 2023 20:02:14	-1.00000001505e+30	-1.00000001505e+30	-1.00000001505e+30	-1.00000002538e+26	-1.00000001505e+30	-1.00000001505e+30	96.3391036987	-	0	0	0	0	0	0	0	0	0	0	0	0	0	0	0	0	0	0	0	0	0	0	0	0	0	0	0	0	0	0	0	0	0	0	0	0	0	0	0	0	0	0	0	0	0	0	0	0	0	0	0	0	0	0	0	0	0	0	0	0
Mar 10 2023 20:02:15	-1.00000001505e+30	-1.00000001505e+30	-1.00000001505e+30	-1.00000002538e+26	-1.00000001505e+30	-1.00000001505e+30	89.0885925293	-	0	0	0	0	0	0	0	0	0	0	0	0	0	0	0	0	0	0	0	0	0	0	0	0	0	0	0	0	0	0	0	0	0	0	0	0	0	0	0	0	0	0	0	0	0	0	0	0	0	0	0	0	0	0	0	0	0	0	0	0
Mar 10 2023 20:02:16	-1.00000001505e+30	-1.00000001505e+30	-1.00000001505e+30	-1.00000002538e+26	-1.00000001505e+30	-1.00000001505e+30	95.3824996948	-	0	0	0	0	0	0	0	0	0	0	0	0	0	0	0	0	0	0	0	0	0	0	0	0	0	0	0	0	0	0	0	0	0	0	0	0	0	0	0	0	0	0	0	0	0	0	0	0	0	0	0	0	0	0	0	0	0	0	0	0
Mar 10 2023 20:02:17	5.21588897705	21.578086853	631.182556152	0.000511806632858	221.527038574	4.97556972504	83.0126113892	-	0.0381576530635	0.0823457688093	0.131956085563	0.186043798923	0.243283510208	0.301925987005	0.359758377075	0.414072215557	0.461646586657	0.498762071133	0.521275818348	0.524803102016	0.505071759224	0.458631843328	0.384077996016	0.284168988466	0.169071376324	0.0606192350388	0	0.00520369363949	0.0555706322193	0.18844075501	0.437238454819	0.828893780708	1.37023544312	2.03936743736	2.79156470299	3.55001497269	4.2310962677	4.75365257263	5.061627388	5.13546133041	4.99268245697	4.67381715775	4.22251319885	3.672996521	3.0485625267	2.37440061569	1.69101059437	1.05624771118	0.530231237411	0.157079696655	0	0	0	0	0	0	0	0	0.000111432731501	0.0138912275434	0.221929326653	1.42183029652	4.84016752243	9.63184642792	11.3757276535	7.53635549545	2.30409812927	0.160439237952
Mar 10 2023 20:02:18	-1.00000001505e+30	-1.00000001505e+30	-1.00000001505e+30	-1.00000002538e+26	-1.00000001505e+30	-1.00000001505e+30	98.8680343628	-	0	0	0	0	0	0	0	0	0	0	0	0	0	0	0	0	0	0	0	0	0	0	0	0	0	0	0	0	0	0	0	0	0	0	0	0	0	0	0	0	0	0	0	0	0	0	0	0	0	0	0	0	0	0	0	0	0	0	0	0
Mar 10 2023 20:02:19	-1.00000001505e+30	-1.00000001505e+30	-1.00000001505e+30	-1.00000002538e+26	-1.00000001505e+30	-1.00000001505e+30	95.1675262451	-	0	0	0	0	0	0	0	0	0	0	0	0	0	0	0	0	0	0	0	0	0	0	0	0	0	0	0	0	0	0	0	0	0	0	0	0	0	0	0	0	0	0	0	0	0	0	0	0	0	0	0	0	0	0	0	0	0	0	0	0
Mar 10 2023 20:02:20	-1.00000001505e+30	-1.00000001505e+30	-1.00000001505e+30	-1.00000002538e+26	-1.00000001505e+30	-1.00000001505e+30	99.6307754517	-	0	0	0	0	0	0	0	0	0	0	0	0	0	0	0	0	0	0	0	0	0	0	0	0	0	0	0	0	0	0	0	0	0	0	0	0	0	0	0	0	0	0	0	0	0	0	0	0	0	0	0	0	0	0	0	0	0	0	0	0
Mar 10 2023 20:02:21	-1.00000001505e+30	-1.00000001505e+30	-1.00000001505e+30	-1.00000002538e+26	-1.00000001505e+30	-1.00000001505e+30	98.0369033813	-	0	0	0	0	0	0	0	0	0	0	0	0	0	0	0	0	0	0	0	0	0	0	0	0	0	0	0	0	0	0	0	0	0	0	0	0	0	0	0	0	0	0	0	0	0	0	0	0	0	0	0	0	0	0	0	0	0	0	0	0
Mar 10 2023 20:02:22	4.03526926041	18.0919837952	599.979980469	0.000361586950021	227.661956787	3.583776474	86.050491333	-	0.0665386989713	0.156438320875	0.252535551786	0.347537517548	0.436135619879	0.513984799385	0.577419757843	0.623383581638	0.649448752403	0.65390086174	0.635887563229	0.595640659332	0.534762680531	0.456646680832	0.366919159889	0.273857206106	0.188346385956	0.122763544321	0.0887617841363	0.0976888686419	0.169235810637	0.33606749773	0.634671211243	1.09387278557	1.71542799473	2.46433496475	3.27815461159	4.05874204636	4.70551681519	5.12784385681	5.27113199234	5.1288061142	4.74105501175	4.17792892456	3.51637220383	2.82329416275	2.14696383476	1.52195894718	0.976655721664	0.535848200321	0.216330587864	0.0252982638776	0	0	0	0	0	0	0	0	0	0	0	0	0	0	37.6959037781	0	0	0
Mar 10 2023 20:02:23	4.28518724442	18.2780342102	621.643371582	0.000967261090409	190.171066284	3.59780955315	67.8484954834	-	0.0942749381065	0.186533749104	0.274764597416	0.356962651014	0.431134551764	0.495306223631	0.547535181046	0.585931777954	0.608693420887	0.61416208744	0.600925803185	0.567986011505	0.515007853508	0.44276458025	0.353784441948	0.253358751535	0.150858238339	0.0611089803278	0.0051046544686	0.00877052918077	0.0990547686815	0.299109131098	0.626211345196	1.09011173248	1.68233239651	2.37254977226	3.1167986393	3.84812831879	4.4966211319	4.99176740646	5.27973270416	5.33325910568	5.15642309189	4.78110551834	4.25698518753	3.64067840576	2.98399233818	2.33123040199	1.72019040585	1.18295824528	0.742788612843	0.408679574728	0.171676427126	0.00615682592615	0	0	0	0	0	0	0.0130443368107	0.170787483454	0.823223948479	2.38696837425	4.80517339706	7.0715970993	7.66001701355	5.88893270493	2.84633374214	0.560434043407
Mar 10 2023 20:02:24	5.18210220337	307.045654297	675.53515625	0.00185131165199	289.515960693	4.24590349197	54.7425498962	-	0.0829092115164	0.164144456387	0.242036372423	0.314923018217	0.381154745817	0.439102113247	0.487169057131	0.523814201355	0.547585427761	0.55717664957	0.551524221897	0.529956519604	0.492392301559	0.43966960907	0.373960763216	0.299339264631	0.222379386425	0.152597784996	0.102358698845	0.0857742652297	0.116586439312	0.206174865365	0.362906336784	0.590989291668	0.885339617729	1.23129665852	1.60903191566	1.99005246162	2.34690856934	2.65438914299	2.89520311356	3.0613462925	3.15275120735	3.17186903954	3.1172170639	2.98076701164	2.75168895721	2.42679214478	2.02107453346	1.57077169418	1.12348783016	0.721906363964	0.388004004955	0.118163108826	0	0	0	0	0	0.00417355168611	0.159016117454	0.821770906448	2.40021109581	5.00826454163	8.08058929443	10.3697719574	10.5769758224	8.30405139923	4.55246639252	1.2380219698
Mar 10 2023 20:02:25	4.88966083527	38.5245628357	663.111450195	0.000885419140104	280.196350098	4.5564198494	73.6033782959	-	0.0687596425414	0.136312261224	0.201450899243	0.262968719006	0.319659173489	0.370316505432	0.413736373186	0.448717772961	0.474067032337	0.488606274128	0.491193026304	0.480768561363	0.456468075514	0.417851895094	0.36534127593	0.301018416882	0.229889020324	0.161490276456	0.11123161763	0.100068122149	0.151338204741	0.285910487175	0.519834756851	0.863579452038	1.31287777424	1.84401071072	2.421022892	2.98745179176	3.48413205147	3.85125589371	4.04434585571	4.04354143143	3.85805368423	3.52263641357	3.08732962608	2.60590195656	2.12298583984	1.67006385326	1.26653409004	0.922944664955	0.641954898834	0.416311770678	0.227341681719	0.047295127064	0	0	0	0	0	0	5.08812481712e-05	0.0170877035707	0.288594901562	1.77856874466	5.82973814011	11.494597435	14.0212564468	10.1115026474	3.62026810646	0.339764714241
Mar 10 2023 20:02:26	4.6688952446	19.4829540253	600.614807129	0.000421408214606	236.026351929	4.63676309586	85.9696884155	-	0.0489989742637	0.111474633217	0.177246436477	0.242044746876	0.302666544914	0.356387674809	0.400806218386	0.433810114861	0.453602701426	0.458771884441	0.44841119647	0.42230579257	0.381187826395	0.327128440142	0.264004558325	0.198026821017	0.137991964817	0.0947573184967	0.0802046656609	0.109487213194	0.207662001252	0.407719194889	0.741371691227	1.23083591461	1.87110114098	2.62206459045	3.41889214516	4.16372299194	4.75905609131	5.12005615234	5.19986867905	5.00141191483	4.57537221909	4.00138139725	3.36217594147	2.72397732735	2.12593269348	1.58548128605	1.1098228693	0.705707132816	0.380961567163	0.141122296453	0	0	0	0	0	0	0	0	0	0	0	0	0	0	39.0949859619	0	0	0
Mar 10 2023 20:02:27	-1.00000001505e+30	-1.00000001505e+30	-1.00000001505e+30	-1.00000002538e+26	-1.00000001505e+30	-1.00000001505e+30	99.2932434082	-	0	0	0	0	0	0	0	0	0	0	0	0	0	0	0	0	0	0	0	0	0	0	0	0	0	0	0	0	0	0	0	0	0	0	0	0	0	0	0	0	0	0	0	0	0	0	0	0	0	0	0	0	0	0	0	0	0	0	0	0
Mar 10 2023 20:02:28	-1.00000001505e+30	-1.00000001505e+30	-1.00000001505e+30	-1.00000002538e+26	-1.00000001505e+30	-1.00000001505e+30	96.9945678711	-	0	0	0	0	0	0	0	0	0	0	0	0	0	0	0	0	0	0	0	0	0	0	0	0	0	0	0	0	0	0	0	0	0	0	0	0	0	0	0	0	0	0	0	0	0	0	0	0	0	0	0	0	0	0	0	0	0	0	0	0
Mar 10 2023 20:02:29	-1.00000001505e+30	-1.00000001505e+30	-1.00000001505e+30	-1.00000002538e+26	-1.00000001505e+30	-1.00000001505e+30	95.8254165649	-	0	0	0	0	0	0	0	0	0	0	0	0	0	0	0	0	0	0	0	0	0	0	0	0	0	0	0	0	0	0	0	0	0	0	0	0	0	0	0	0	0	0	0	0	0	0	0	0	0	0	0	0	0	0	0	0	0	0	0	0
Mar 10 2023 20:02:30	3.79686450958	29.4825496674	636.233703613	0.00052442564629	227.358093262	3.98240923882	80.6565475464	-	0.0765866190195	0.152032792568	0.225198239088	0.294942945242	0.360127389431	0.419613063335	0.472263336182	0.516945421696	0.552533864975	0.577918767929	0.59202259779	0.593840062618	0.582526445389	0.55757945776	0.519177496433	0.468793749809	0.410152614117	0.350427776575	0.301201254129	0.278126180172	0.298471987247	0.377553224564	0.527219116688	0.755519509315	1.06066775322	1.42958855629	1.8439719677	2.27638101578	2.70156669617	3.09662866592	3.4454331398	3.736992836	3.96192479134	4.10539197922	4.14154720306	4.03500843048	3.75320196152	3.28551793098	2.65958786011	1.94371664524	1.2293895483	0.604827582836	0.128142371774	0	0	0	0	0	0	0.0133163193241	0.162503898144	0.706385672092	1.96823275089	4.05470132828	6.50202655792	8.25437545776	8.25019645691	6.27479839325	3.28481268883	0.828379392624
Mar 10 2023 20:02:31	-1.00000001505e+30	-1.00000001505e+30	-1.00000001505e+30	-1.00000002538e+26	-1.00000001505e+30	-1.00000001505e+30	87.1282424927	-	0	0	0	0	0	0	0	0	0	0	0	0	0	0	0	0	0	0	0	0	0	0	0	0	0	0	0	0	0	0	0	0	0	0	0	0	0	0	0	0	0	0	0	0	0	0	0	0	0	0	0	0	0	0	0	0	0	0	0	0
Mar 10 2023 20:02:32	-1.00000001505e+30	-1.00000001505e+30	-1.00000001505e+30	-1.00000002538e+26	-1.00000001505e+30	-1.00000001505e+30	99.8603439331	-	0	0	0	0	0	0	0	0	0	0	0	0	0	0	0	0	0	0	0	0	0	0	0	0	0	0	0	0	0	0	0	0	0	0	0	0	0	0	0	0	0	0	0	0	0	0	0	0	0	0	0	0	0	0	0	0	0	0	0	0
Mar 10 2023 20:02:33	-1.00000001505e+30	-1.00000001505e+30	-1.00000001505e+30	-1.00000002538e+26	-1.00000001505e+30	-1.00000001505e+30	99.962310791	-	0	0	0	0	0	0	0	0	0	0	0	0	0	0	0	0	0	0	0	0	0	0	0	0	0	0	0	0	0	0	0	0	0	0	0	0	0	0	0	0	0	0	0	0	0	0	0	0	0	0	0	0	0	0	0	0	0	0	0	0
Mar 10 2023 20:02:34	-1.00000001505e+30	-1.00000001505e+30	-1.00000001505e+30	-1.00000002538e+26	-1.00000001505e+30	-1.00000001505e+30	96.5910949707	-	0	0	0	0	0	0	0	0	0	0	0	0	0	0	0	0	0	0	0	0	0	0	0	0	0	0	0	0	0	0	0	0	0	0	0	0	0	0	0	0	0	0	0	0	0	0	0	0	0	0	0	0	0	0	0	0	0	0	0	0
Mar 10 2023 20:02:35	-1.00000001505e+30	-1.00000001505e+30	-1.00000001505e+30	-1.00000002538e+26	-1.00000001505e+30	-1.00000001505e+30	97.8291473389	-	0	0	0	0	0	0	0	0	0	0	0	0	0	0	0	0	0	0	0	0	0	0	0	0	0	0	0	0	0	0	0	0	0	0	0	0	0	0	0	0	0	0	0	0	0	0	0	0	0	0	0	0	0	0	0	0	0	0	0	0
Mar 10 2023 20:02:36	-1.00000001505e+30	-1.00000001505e+30	-1.00000001505e+30	-1.00000002538e+26	-1.00000001505e+30	-1.00000001505e+30	99.2021408081	-	0	0	0	0	0	0	0	0	0	0	0	0	0	0	0	0	0	0	0	0	0	0	0	0	0	0	0	0	0	0	0	0	0	0	0	0	0	0	0	0	0	0	0	0	0	0	0	0	0	0	0	0	0	0	0	0	0	0	0	0
Mar 10 2023 20:02:37	4.02126502991	20.1557483673	640.602355957	0.000475235865451	250.885223389	3.68756127357	83.0748672485	-	0.0834799408913	0.175554424524	0.266555994749	0.352261602879	0.429381072521	0.495069742203	0.546809375286	0.582397997379	0.599997460842	0.598233520985	0.576370418072	0.534570336342	0.474220782518	0.398439258337	0.312626421452	0.225073873997	0.147230893373	0.0930847227573	0.0777115374804	0.118684008718	0.23964317143	0.464703798294	0.811793744564	1.28811359406	1.87812614441	2.54254722595	3.22837638855	3.86255311966	4.37468242645	4.70228767395	4.80549240112	4.67434930801	4.3301024437	3.81855845451	3.19964289665	2.53738212585	1.8897395134	1.30403113365	0.814240455627	0.438806682825	0.179351896048	0.0229056663811	0	0	0	0	0	0	0	0	0	2.80369391703e-07	0.000734233821277	0.0807956457138	1.6659706831	9.79549407959	18.4376354218	10.3251066208	1.19199025631	0.00708837248385
Mar 10 2023 20:02:38	-1.00000001505e+30	-1.00000001505e+30	-1.00000001505e+30	-1.00000002538e+26	-1.00000001505e+30	-1.00000001505e+30	98.9600524902	-	0	0	0	0	0	0	0	0	0	0	0	0	0	0	0	0	0	0	0	0	0	0	0	0	0	0	0	0	0	0	0	0	0	0	0	0	0	0	0	0	0	0	0	0	0	0	0	0	0	0	0	0	0	0	0	0	0	0	0	0
Mar 10 2023 20:02:39	-1.00000001505e+30	-1.00000001505e+30	-1.00000001505e+30	-1.00000002538e+26	-1.00000001505e+30	-1.00000001505e+30	93.9153518677	-	0	0	0	0	0	0	0	0	0	0	0	0	0	0	0	0	0	0	0	0	0	0	0	0	0	0	0	0	0	0	0	0	0	0	0	0	0	0	0	0	0	0	0	0	0	0	0	0	0	0	0	0	0	0	0	0	0	0	0	0
Mar 10 2023 20:02:40	-1.00000001505e+30	-1.00000001505e+30	-1.00000001505e+30	-1.00000002538e+26	-1.00000001505e+30	-1.00000001505e+30	91.8757324219	-	0	0	0	0	0	0	0	0	0	0	0	0	0	0	0	0	0	0	0	0	0	0	0	0	0	0	0	0	0	0	0	0	0	0	0	0	0	0	0	0	0	0	0	0	0	0	0	0	0	0	0	0	0	0	0	0	0	0	0	0
Mar 10 2023 20:02:41	-1.00000001505e+30	-1.00000001505e+30	-1.00000001505e+30	-1.00000002538e+26	-1.00000001505e+30	-1.00000001505e+30	95.1106033325	-	0	0	0	0	0	0	0	0	0	0	0	0	0	0	0	0	0	0	0	0	0	0	0	0	0	0	0	0	0	0	0	0	0	0	0	0	0	0	0	0	0	0	0	0	0	0	0	0	0	0	0	0	0	0	0	0	0	0	0	0
Mar 10 2023 20:02:42	-1.00000001505e+30	-1.00000001505e+30	-1.00000001505e+30	-1.00000002538e+26	-1.00000001505e+30	-1.00000001505e+30	96.4491653442	-	0	0	0	0	0	0	0	0	0	0	0	0	0	0	0	0	0	0	0	0	0	0	0	0	0	0	0	0	0	0	0	0	0	0	0	0	0	0	0	0	0	0	0	0	0	0	0	0	0	0	0	0	0	0	0	0	0	0	0	0
Mar 10 2023 20:02:43	-1.00000001505e+30	-1.00000001505e+30	-1.00000001505e+30	-1.00000002538e+26	-1.00000001505e+30	-1.00000001505e+30	93.8217010498	-	0	0	0	0	0	0	0	0	0	0	0	0	0	0	0	0	0	0	0	0	0	0	0	0	0	0	0	0	0	0	0	0	0	0	0	0	0	0	0	0	0	0	0	0	0	0	0	0	0	0	0	0	0	0	0	0	0	0	0	0
Mar 10 2023 20:02:44	-1.00000001505e+30	-1.00000001505e+30	-1.00000001505e+30	-1.00000002538e+26	-1.00000001505e+30	-1.00000001505e+30	96.3321609497	-	0	0	0	0	0	0	0	0	0	0	0	0	0	0	0	0	0	0	0	0	0	0	0	0	0	0	0	0	0	0	0	0	0	0	0	0	0	0	0	0	0	0	0	0	0	0	0	0	0	0	0	0	0	0	0	0	0	0	0	0
Mar 10 2023 20:02:45	-1.00000001505e+30	-1.00000001505e+30	-1.00000001505e+30	-1.00000002538e+26	-1.00000001505e+30	-1.00000001505e+30	91.8550338745	-	0	0	0	0	0	0	0	0	0	0	0	0	0	0	0	0	0	0	0	0	0	0	0	0	0	0	0	0	0	0	0	0	0	0	0	0	0	0	0	0	0	0	0	0	0	0	0	0	0	0	0	0	0	0	0	0	0	0	0	0
Mar 10 2023 20:02:46	9.04999065399	419.759674072	705.49621582	0.00060053152265	360.702392578	7.55183458328	87.0174560547	-	0.0375964492559	0.0747589766979	0.111053101718	0.146043404937	0.179292976856	0.210362553596	0.238809123635	0.264183819294	0.286029011011	0.303874462843	0.317232459784	0.325597882271	0.328466832638	0.325386792421	0.316076904535	0.300672531128	0.280142515898	0.256847083569	0.235026046634	0.220722585917	0.220731675625	0.241016626358	0.286106288433	0.359136760235	0.459626317024	0.58374863863	0.727520883083	0.88654589653	1.06055760384	1.25332450867	1.4709931612	1.71697473526	1.98614931107	2.25793004036	2.49292111397	2.63730955124	2.63900971413	2.46795535088	2.13236999512	1.68077838421	1.18487763405	0.714793205261	0.315398812294	0	0	0	0	0	0	0.0362493433058	0.390910118818	1.4658434391	3.61242580414	6.77969741821	10.2223501205	12.6118106842	12.6831207275	10.0858774185	5.80445337296	1.77329814434
Mar 10 2023 20:02:47	5.55175685883	34.5775604248	674.116210938	0.000910165370442	262.779571533	5.13484811783	74.3824996948	-	0.0574212186038	0.113954596221	0.168711021543	0.220799326897	0.269325137138	0.313388854265	0.352082669735	0.384486168623	0.409660160542	0.42663860321	0.434419840574	0.43197068572	0.418277353048	0.392477720976	0.354172468185	0.304057717323	0.245023399591	0.18368498981	0.131894305348	0.107007786632	0.129719495773	0.219981372356	0.394830673933	0.668440282345	1.04579210281	1.51701319218	2.06133055687	2.63926577568	3.20340681076	3.69721603394	4.06750679016	4.27212047577	4.28668785095	4.10852003098	3.75684022903	3.27012252808	2.69875144958	2.0996799469	1.52981817722	1.03743314743	0.652904689312	0.381775766611	0.204250246286	0.0825519636273	0	0	0	0	0	0.0139062469825	0.220854714513	0.901190817356	2.31374168396	4.46783924103	6.91468572617	8.77377128601	9.11047363281	7.52119493484	4.53329658508	1.48363983631
Mar 10 2023 20:02:48	5.96326112747	30.2141132355	663.951171875	0.00108488276601	249.706573486	5.48689126968	71.9467086792	-	0.0536961555481	0.106502525508	0.157528325915	0.205881148577	0.250666022301	0.290983945131	0.325929433107	0.354587495327	0.37602904439	0.38930568099	0.393445730209	0.387464255095	0.370420098305	0.341556072235	0.300613254309	0.248459026217	0.188164666295	0.126497805119	0.0753915831447	0.0522093623877	0.0776568353176	0.171825021505	0.352060854435	0.63303142786	1.02063155174	1.50622522831	2.07030034065	2.67475914955	3.27338266373	3.81058311462	4.23364543915	4.49970626831	4.5816783905	4.47116184235	4.17803764343	3.72851967812	3.16088151932	2.52452373505	1.87750089169	1.27959799767	0.780523836613	0.407610088587	0.158467322588	0.00326668517664	0	0	0	0	0	0.00496925506741	0.131978645921	0.654139578342	1.90345156193	4.00637435913	6.56236934662	8.5925617218	8.98994064331	7.28983736038	4.17468070984	1.21878755093
Mar 10 2023 20:02:49	4.97974300385	24.3712501526	655.552978516	0.000820094370283	266.476776123	4.15602064133	75.2043228149	-	0.0727166682482	0.153106957674	0.232923820615	0.308652490377	0.377573758364	0.437330365181	0.485809653997	0.521116018295	0.541584432125	0.54582631588	0.532818138599	0.502046644688	0.453727543354	0.389174520969	0.311316341162	0.225443631411	0.140030935407	0.0671538561583	0.0212372001261	0.0143165849149	0.0624641366303	0.195874556899	0.441503673792	0.818897008896	1.33103883266	1.9577331543	2.66090583801	3.37493753433	4.02461767197	4.52789640427	4.81621980667	4.84804153442	4.61763906479	4.15615701675	3.52481985092	2.80360865593	2.07431602478	1.40915238857	0.861547768116	0.459363788366	0.202160194516	0.0636112242937	0.00204938882962	0	0	0	0	0	0	0	5.37370911657e-11	0.000425331061706	0.0404640175402	0.646361649036	3.85846805573	10.8975076675	15.5144853592	10.5955791473	2.76132702827	0.116932675242
Mar 10 2023 20:02:50	6.00474023819	313.172363281	674.160217285	0.000735279580113	294.141143799	6.10457229614	80.8399505615	-	0.0452471785247	0.0898718163371	0.133249089122	0.174750462174	0.213741391897	0.249577611685	0.281599372625	0.309122353792	0.331424146891	0.347724914551	0.357159554958	0.358754903078	0.351453214884	0.334204256535	0.306246995926	0.267728120089	0.220833882689	0.171406507492	0.130555674434	0.11492857337	0.144328191876	0.237339362502	0.409108161926	0.671370089054	1.02561569214	1.45841145515	1.94678246975	2.45146369934	2.92963624001	3.33511281013	3.62961935997	3.7883002758	3.80275893211	3.67925715446	3.43353152275	3.08605623245	2.65835881233	2.17544937134	1.66933310032	1.17886769772	0.742334246635	0.386221200228	0.115570574999	0	0	0	0	0	0	0	0.00345715461299	0.103419557214	0.747255802155	2.83303546906	6.87288331985	11.4204730988	13.1339759827	10.0324039459	4.42608356476	0.682616114616
Mar 10 2023 20:02:51	-1.00000001505e+30	-1.00000001505e+30	-1.00000001505e+30	-1.00000002538e+26	-1.00000001505e+30	-1.00000001505e+30	96.911239624	-	0	0	0	0	0	0	0	0	0	0	0	0	0	0	0	0	0	0	0	0	0	0	0	0	0	0	0	0	0	0	0	0	0	0	0	0	0	0	0	0	0	0	0	0	0	0	0	0	0	0	0	0	0	0	0	0	0	0	0	0
Mar 10 2023 20:02:52	-1.00000001505e+30	-1.00000001505e+30	-1.00000001505e+30	-1.00000002538e+26	-1.00000001505e+30	-1.00000001505e+30	99.7231216431	-	0	0	0	0	0	0	0	0	0	0	0	0	0	0	0	0	0	0	0	0	0	0	0	0	0	0	0	0	0	0	0	0	0	0	0	0	0	0	0	0	0	0	0	0	0	0	0	0	0	0	0	0	0	0	0	0	0	0	0	0
Mar 10 2023 20:02:53	-1.00000001505e+30	-1.00000001505e+30	-1.00000001505e+30	-1.00000002538e+26	-1.00000001505e+30	-1.00000001505e+30	99.8838577271	-	0	0	0	0	0	0	0	0	0	0	0	0	0	0	0	0	0	0	0	0	0	0	0	0	0	0	0	0	0	0	0	0	0	0	0	0	0	0	0	0	0	0	0	0	0	0	0	0	0	0	0	0	0	0	0	0	0	0	0	0
Mar 10 2023 20:02:54	-1.00000001505e+30	-1.00000001505e+30	-1.00000001505e+30	-1.00000002538e+26	-1.00000001505e+30	-1.00000001505e+30	99.9920196533	-	0	0	0	0	0	0	0	0	0	0	0	0	0	0	0	0	0	0	0	0	0	0	0	0	0	0	0	0	0	0	0	0	0	0	0	0	0	0	0	0	0	0	0	0	0	0	0	0	0	0	0	0	0	0	0	0	0	0	0	0
Mar 10 2023 20:02:55	-1.00000001505e+30	-1.00000001505e+30	-1.00000001505e+30	-1.00000002538e+26	-1.00000001505e+30	-1.00000001505e+30	99.9447784424	-	0	0	0	0	0	0	0	0	0	0	0	0	0	0	0	0	0	0	0	0	0	0	0	0	0	0	0	0	0	0	0	0	0	0	0	0	0	0	0	0	0	0	0	0	0	0	0	0	0	0	0	0	0	0	0	0	0	0	0	0
Mar 10 2023 20:02:56	-1.00000001505e+30	-1.00000001505e+30	-1.00000001505e+30	-1.00000002538e+26	-1.00000001505e+30	-1.00000001505e+30	100.005805969	-	0	0	0	0	0	0	0	0	0	0	0	0	0	0	0	0	0	0	0	0	0	0	0	0	0	0	0	0	0	0	0	0	0	0	0	0	0	0	0	0	0	0	0	0	0	0	0	0	0	0	0	0	0	0	0	0	0	0	0	0
Mar 10 2023 20:02:57	-1.00000001505e+30	-1.00000001505e+30	-1.00000001505e+30	-1.00000002538e+26	-1.00000001505e+30	-1.00000001505e+30	99.9402084351	-	0	0	0	0	0	0	0	0	0	0	0	0	0	0	0	0	0	0	0	0	0	0	0	0	0	0	0	0	0	0	0	0	0	0	0	0	0	0	0	0	0	0	0	0	0	0	0	0	0	0	0	0	0	0	0	0	0	0	0	0
Mar 10 2023 20:02:58	-1.00000001505e+30	-1.00000001505e+30	-1.00000001505e+30	-1.00000002538e+26	-1.00000001505e+30	-1.00000001505e+30	99.8823547363	-	0	0	0	0	0	0	0	0	0	0	0	0	0	0	0	0	0	0	0	0	0	0	0	0	0	0	0	0	0	0	0	0	0	0	0	0	0	0	0	0	0	0	0	0	0	0	0	0	0	0	0	0	0	0	0	0	0	0	0	0
Mar 10 2023 20:02:59	-1.00000001505e+30	-1.00000001505e+30	-1.00000001505e+30	-1.00000002538e+26	-1.00000001505e+30	-1.00000001505e+30	99.9571533203	-	0	0	0	0	0	0	0	0	0	0	0	0	0	0	0	0	0	0	0	0	0	0	0	0	0	0	0	0	0	0	0	0	0	0	0	0	0	0	0	0	0	0	0	0	0	0	0	0	0	0	0	0	0	0	0	0	0	0	0	0
Mar 10 2023 20:03:00	-1.00000001505e+30	-1.00000001505e+30	-1.00000001505e+30	-1.00000002538e+26	-1.00000001505e+30	-1.00000001505e+30	99.9694290161	-	0	0	0	0	0	0	0	0	0	0	0	0	0	0	0	0	0	0	0	0	0	0	0	0	0	0	0	0	0	0	0	0	0	0	0	0	0	0	0	0	0	0	0	0	0	0	0	0	0	0	0	0	0	0	0	0	0	0	0	0
Mar 10 2023 20:03:01	-1.00000001505e+30	-1.00000001505e+30	-1.00000001505e+30	-1.00000002538e+26	-1.00000001505e+30	-1.00000001505e+30	99.4683532715	-	0	0	0	0	0	0	0	0	0	0	0	0	0	0	0	0	0	0	0	0	0	0	0	0	0	0	0	0	0	0	0	0	0	0	0	0	0	0	0	0	0	0	0	0	0	0	0	0	0	0	0	0	0	0	0	0	0	0	0	0
Mar 10 2023 20:03:02	-1.00000001505e+30	-1.00000001505e+30	-1.00000001505e+30	-1.00000002538e+26	-1.00000001505e+30	-1.00000001505e+30	99.9301300049	-	0	0	0	0	0	0	0	0	0	0	0	0	0	0	0	0	0	0	0	0	0	0	0	0	0	0	0	0	0	0	0	0	0	0	0	0	0	0	0	0	0	0	0	0	0	0	0	0	0	0	0	0	0	0	0	0	0	0	0	0
Mar 10 2023 20:03:03	-1.00000001505e+30	-1.00000001505e+30	-1.00000001505e+30	-1.00000002538e+26	-1.00000001505e+30	-1.00000001505e+30	99.99193573	-	0	0	0	0	0	0	0	0	0	0	0	0	0	0	0	0	0	0	0	0	0	0	0	0	0	0	0	0	0	0	0	0	0	0	0	0	0	0	0	0	0	0	0	0	0	0	0	0	0	0	0	0	0	0	0	0	0	0	0	0
Mar 10 2023 20:03:04	-1.00000001505e+30	-1.00000001505e+30	-1.00000001505e+30	-1.00000002538e+26	-1.00000001505e+30	-1.00000001505e+30	100.009986877	-	0	0	0	0	0	0	0	0	0	0	0	0	0	0	0	0	0	0	0	0	0	0	0	0	0	0	0	0	0	0	0	0	0	0	0	0	0	0	0	0	0	0	0	0	0	0	0	0	0	0	0	0	0	0	0	0	0	0	0	0
Mar 10 2023 20:03:05	-1.00000001505e+30	-1.00000001505e+30	-1.00000001505e+30	-1.00000002538e+26	-1.00000001505e+30	-1.00000001505e+30	99.9930648804	-	0	0	0	0	0	0	0	0	0	0	0	0	0	0	0	0	0	0	0	0	0	0	0	0	0	0	0	0	0	0	0	0	0	0	0	0	0	0	0	0	0	0	0	0	0	0	0	0	0	0	0	0	0	0	0	0	0	0	0	0
Mar 10 2023 20:03:06	-1.00000001505e+30	-1.00000001505e+30	-1.00000001505e+30	-1.00000002538e+26	-1.00000001505e+30	-1.00000001505e+30	99.9709777832	-	0	0	0	0	0	0	0	0	0	0	0	0	0	0	0	0	0	0	0	0	0	0	0	0	0	0	0	0	0	0	0	0	0	0	0	0	0	0	0	0	0	0	0	0	0	0	0	0	0	0	0	0	0	0	0	0	0	0	0	0
