Date-Time	Dx(10)	Dx(50)	Dx(90)	Cv(%)	D[4][3]	D[3][2]	Transmission	0.10000020	0.11659167	0.13593590	0.15848963	0.18478534	0.21544389	0.25118914	0.29286504	0.34145555	0.39810795	0.46415979	0.54117060	0.63095856	0.73564368	0.85769761	1.00000191	1.16591668	1.35935903	1.58489633	1.84785342	2.15443897	2.51189137	2.92865038	3.41455555	3.98107958	4.64159775	5.41170597	6.30958605	7.35643721	8.57697582	10.00002003	11.65916729	13.59359074	15.84896278	18.47853470	21.54438972	25.11891365	29.28650284	34.14555740	39.81079483	46.41598129	54.11705780	63.09585953	73.56436920	85.76976013	100.00019836	116.59166718	135.93591309	158.48962402	184.78533936	215.44389343	251.18913269	292.86502075	341.45556641	398.10794067	464.15979004	541.17059326	630.95855713	735.64367676	857.69757080	1000.00195313
Mar 10 2023 19:41:22	-1.00000001505e+30	-1.00000001505e+30	-1.00000001505e+30	-1.00000002538e+26	-1.00000001505e+30	-1.00000001505e+30	92.017578125	-	0	0	0	0	0	0	0	0	0	0	0	0	0	0	0	0	0	0	0	0	0	0	0	0	0	0	0	0	0	0	0	0	0	0	0	0	0	0	0	0	0	0	0	0	0	0	0	0	0	0	0	0	0	0	0	0	0	0	0	0
Mar 10 2023 19:41:23	9.85894298553	474.451568604	721.167236328	0.00087165646255	403.588500977	9.49359989166	83.9679794312	-	0.0255464464426	0.0510133914649	0.0763178169727	0.101371005177	0.126074925065	0.150316402316	0.17395760119	0.19682084024	0.218665152788	0.239149361849	0.257773399353	0.273800253868	0.286187857389	0.29351824522	0.294018805027	0.285767972469	0.267268359661	0.238493964076	0.202292814851	0.16542942822	0.138183131814	0.132030397654	0.157735720277	0.225971013308	0.34611582756	0.521654784679	0.750741124153	1.02292609215	1.32096862793	1.61984205246	1.89121067524	2.1051325798	2.23524808884	2.26339149475	2.18256235123	1.99903440475	1.7329993248	1.4166867733	1.08923041821	0.78811442852	0.538567245007	0.344897955656	0.188113406301	0.0342647358775	0	0	0	0	0	0.000158128998009	0.0780776888132	0.614659249783	2.29469871521	5.6930937767	10.4350700378	14.6771888733	15.8787059784	12.7780838013	6.87943553925	1.70142292976
Mar 10 2023 19:41:24	-1.00000001505e+30	-1.00000001505e+30	-1.00000001505e+30	-1.00000002538e+26	-1.00000001505e+30	-1.00000001505e+30	99.487701416	-	0	0	0	0	0	0	0	0	0	0	0	0	0	0	0	0	0	0	0	0	0	0	0	0	0	0	0	0	0	0	0	0	0	0	0	0	0	0	0	0	0	0	0	0	0	0	0	0	0	0	0	0	0	0	0	0	0	0	0	0
Mar 10 2023 19:41:25	-1.00000001505e+30	-1.00000001505e+30	-1.00000001505e+30	-1.00000002538e+26	-1.00000001505e+30	-1.00000001505e+30	96.3789596558	-	0	0	0	0	0	0	0	0	0	0	0	0	0	0	0	0	0	0	0	0	0	0	0	0	0	0	0	0	0	0	0	0	0	0	0	0	0	0	0	0	0	0	0	0	0	0	0	0	0	0	0	0	0	0	0	0	0	0	0	0
Mar 10 2023 19:41:26	-1.00000001505e+30	-1.00000001505e+30	-1.00000001505e+30	-1.00000002538e+26	-1.00000001505e+30	-1.00000001505e+30	95.166557312	-	0	0	0	0	0	0	0	0	0	0	0	0	0	0	0	0	0	0	0	0	0	0	0	0	0	0	0	0	0	0	0	0	0	0	0	0	0	0	0	0	0	0	0	0	0	0	0	0	0	0	0	0	0	0	0	0	0	0	0	0
Mar 10 2023 19:41:27	-1.00000001505e+30	-1.00000001505e+30	-1.00000001505e+30	-1.00000002538e+26	-1.00000001505e+30	-1.00000001505e+30	90.9118728638	-	0	0	0	0	0	0	0	0	0	0	0	0	0	0	0	0	0	0	0	0	0	0	0	0	0	0	0	0	0	0	0	0	0	0	0	0	0	0	0	0	0	0	0	0	0	0	0	0	0	0	0	0	0	0	0	0	0	0	0	0
Mar 10 2023 19:41:28	11.7515535355	469.742523193	741.316345215	0.000608925183769	419.404602051	8.81897258759	88.8262786865	-	0.0317673198879	0.0632675364614	0.0942317321897	0.124388083816	0.153460010886	0.181163191795	0.20720076561	0.231255665421	0.252978742123	0.271970570087	0.287752628326	0.299730360508	0.307165980339	0.309157758951	0.304680973291	0.292749375105	0.272798955441	0.245343893766	0.212806835771	0.180060580373	0.154032662511	0.142184197903	0.151362344623	0.188175365329	0.258092075586	0.363004267216	0.502232432365	0.670677900314	0.860423505306	1.05991387367	1.25560712814	1.43205285072	1.57330179214	1.66430008411	1.69257164001	1.65087389946	1.54053425789	1.37409412861	1.17444944382	0.968845188618	0.778557479382	0.60903185606	0.446701854467	0.26662120223	0.0502905733883	0	0	0	0	0.0432898849249	0.435389429331	1.57466459274	3.80879306793	7.12062931061	10.8569841385	13.7637701035	14.4718799591	12.2771997452	7.74971675873	2.74580836296
Mar 10 2023 19:41:29	18.973110199	513.894226074	755.362121582	0.00347116496414	483.606811523	10.0754938126	54.7614707947	-	0.0219525359571	0.0485211275518	0.0766913816333	0.105516284704	0.134392440319	0.162844121456	0.190448611975	0.216795757413	0.241455107927	0.263938784599	0.283650100231	0.29981970787	0.311453998089	0.317286491394	0.315812557936	0.305476635695	0.285144597292	0.254896819592	0.216959550977	0.176139354706	0.139009296894	0.111883759499	0.0996373742819	0.106865525246	0.138370722532	0.19686152041	0.28248244524	0.389586448669	0.507918119431	0.622423052788	0.717106163502	0.777255773544	0.793319761753	0.763431549072	0.693933546543	0.598531842232	0.4959436059	0.405943483114	0.344547957182	0.319101810455	0.324077516794	0.338166534901	0.325679153204	0.249904051423	0.0997982025146	0	0	0	0	0.0105921430513	0.290022403002	1.3474650383	3.73907208443	7.64431715012	12.3749160767	16.2841415405	17.4202156067	14.7379236221	9.06423473358	3.01612472534
Mar 10 2023 19:41:30	6.94826936722	420.290679932	711.911193848	0.000930027628783	365.380737305	7.64826583862	77.2804107666	-	0.0259710419923	0.0522346235812	0.0790745392442	0.106760360301	0.135538518429	0.165617644787	0.197144806385	0.23016756773	0.264574915171	0.300004303455	0.335692644119	0.370274692774	0.401596993208	0.426505327225	0.440827101469	0.439746201038	0.41899484396	0.377105683088	0.3184684515	0.255592435598	0.208129525185	0.197673022747	0.24349719286	0.363666296005	0.571381211281	0.864645540714	1.22921085358	1.63120949268	2.02544736862	2.35695958138	2.57577562332	2.64443397522	2.54985260963	2.30805110931	1.9600430727	1.56211698055	1.17285490036	0.840332388878	0.594132721424	0.44122543931	0.36559972167	0.331865042448	0.292867571115	0.204839795828	0.0457434244454	0	0	0	0	0.062203861773	0.543286502361	1.81591415405	4.10424280167	7.2061009407	10.3576660156	12.4226140976	12.4034986496	10.0320940018	6.0630106926	2.06592130661
Mar 10 2023 19:41:31	7.92033720016	448.099761963	725.966796875	0.000482898176415	383.008972168	8.41841030121	89.9251937866	-	0.0299541056156	0.059719145298	0.0891023129225	0.117904737592	0.145917668939	0.172916293144	0.198649734259	0.222825184464	0.245083540678	0.264961540699	0.281832545996	0.29483166337	0.302802652121	0.304262697697	0.297502040863	0.280943006277	0.25396925211	0.218310296535	0.179732725024	0.149000167847	0.140699133277	0.169697865844	0.248550087214	0.387881338596	0.592892289162	0.857239663601	1.16663265228	1.49359238148	1.8050044775	2.06387162209	2.23923945427	2.31089520454	2.27518725395	2.14518642426	1.94570589066	1.70638072491	1.45529067516	1.21524345875	1.0029989481	0.828072547913	0.689916849136	0.574940145016	0.456943273544	0.30508852005	0.0995167791843	0	0	0	0	0.00846927240491	0.225686863065	1.06302475929	2.974796772	6.10812330246	9.89656925201	12.9879455566	13.7973966599	11.5233659744	6.92773008347	2.20000219345
Mar 10 2023 19:41:32	-1.00000001505e+30	-1.00000001505e+30	-1.00000001505e+30	-1.00000002538e+26	-1.00000001505e+30	-1.00000001505e+30	92.7668991089	-	0	0	0	0	0	0	0	0	0	0	0	0	0	0	0	0	0	0	0	0	0	0	0	0	0	0	0	0	0	0	0	0	0	0	0	0	0	0	0	0	0	0	0	0	0	0	0	0	0	0	0	0	0	0	0	0	0	0	0	0
Mar 10 2023 19:41:33	7.36333942413	408.912689209	707.809692383	0.00071198301157	354.829376221	7.30397415161	84.8302688599	-	0.0385921932757	0.0767421424389	0.114004515111	0.149928987026	0.18405713141	0.215917363763	0.245016843081	0.270828664303	0.292772501707	0.31018486619	0.322273939848	0.328066825867	0.326386332512	0.315866023302	0.295116662979	0.263180047274	0.220468640327	0.17025282979	0.120389439166	0.0841632038355	0.078791923821	0.121488936245	0.226659819484	0.406151086092	0.664926409721	0.994190454483	1.37546300888	1.77421462536	2.14851617813	2.45131134987	2.64270210266	2.69629335403	2.60751700401	2.39535045624	2.09707164764	1.75931155682	1.42770946026	1.13787806034	0.910420060158	0.748331546783	0.636845171452	0.546619594097	0.440896213055	0.288594007492	0.0793043151498	0	0	0	0	0.0666516274214	0.550262749195	1.80065572262	4.01940250397	7.00341463089	10.0227642059	11.9977827072	11.9765748978	9.69470405579	5.86617040634	2.00084733963
Mar 10 2023 19:41:34	7.96088695526	393.937225342	702.842102051	0.000521716487128	341.253936768	8.2891740799	88.2099533081	-	0.0271559022367	0.0542935840786	0.0813900083303	0.108414307237	0.135322853923	0.162051260471	0.188501298428	0.214520171285	0.239868283272	0.264168858528	0.286827623844	0.306926310062	0.323131084442	0.333598077297	0.336008548737	0.327859997749	0.307264149189	0.274388641119	0.233361616731	0.19362860918	0.169261515141	0.175653472543	0.226868733764	0.336398839951	0.515044629574	0.764591157436	1.07933819294	1.44141530991	1.82468223572	2.19428372383	2.5139067173	2.7487988472	2.87247610092	2.87111520767	2.74476122856	2.50710964203	2.18421268463	1.81194245815	1.43146955967	1.08140850067	0.78751629591	0.55439978838	0.364269375801	0.186849743128	0	0	0	0	0	0.0655878037214	0.520888924599	1.69953000546	3.80585408211	6.6610326767	9.57261943817	11.4964160919	11.5014257431	9.32160949707	5.64342784882	1.92514133453
Mar 10 2023 19:41:35	11.6570768356	489.991912842	735.129211426	0.000624122214504	433.819488525	10.7671556473	90.1462020874	-	0.0244614705443	0.0487615913153	0.0727364197373	0.0962178334594	0.119030885398	0.140989497304	0.161889538169	0.181497767568	0.199534714222	0.215648040175	0.229370430112	0.240064591169	0.246879294515	0.24870929122	0.244235083461	0.232118412852	0.211496278644	0.182848453522	0.149123579264	0.116518862545	0.0940300598741	0.0914469212294	0.117743037641	0.18148855865	0.289485961199	0.442760288715	0.637354552746	0.861281275749	1.09681332111	1.32024800777	1.50690627098	1.63355636597	1.68368279934	1.65134143829	1.54245448112	1.3743314743	1.17318642139	0.969452619553	0.79162055254	0.658713459969	0.572770595551	0.51460069418	0.446048378944	0.32303956151	0.116070270538	0	0	0	0	0.000895889126696	0.136594712734	0.867402076721	2.84309244156	6.45613670349	11.16888237	15.2318077087	16.4021453857	13.5173778534	7.73706817627	2.18602752686
Mar 10 2023 19:41:36	8.33106040955	456.474945068	726.739013672	0.000926674169023	387.37878418	8.39557933807	82.0732116699	-	0.0313846990466	0.0625071227551	0.0931018963456	0.122898571193	0.151618540287	0.178969800472	0.20463873446	0.2282769382	0.249480962753	0.267761200666	0.28249296546	0.292855530977	0.297790497541	0.29597863555	0.285934716463	0.266330480576	0.236729115248	0.198812127113	0.157894983888	0.123844705522	0.110178641975	0.131051585078	0.19896890223	0.325205206871	0.517170190811	0.772730886936	1.08221828938	1.42364025116	1.7673728466	2.07657885551	2.31540870667	2.45303821564	2.47099685669	2.36742448807	2.15709257126	1.86881947517	1.54052865505	1.21251261234	0.920568525791	0.688952565193	0.52411365509	0.411559313536	0.317960172892	0.202472299337	0.0344091840088	0	0	0	0	0.00246294750832	0.155853688717	0.868666648865	2.66696023941	5.82403373718	9.84470844269	13.2808322906	14.3101110458	11.9512910843	7.05188655853	2.12291884422
Mar 10 2023 19:41:37	-1.00000001505e+30	-1.00000001505e+30	-1.00000001505e+30	-1.00000002538e+26	-1.00000001505e+30	-1.00000001505e+30	90.6238098145	-	0	0	0	0	0	0	0	0	0	0	0	0	0	0	0	0	0	0	0	0	0	0	0	0	0	0	0	0	0	0	0	0	0	0	0	0	0	0	0	0	0	0	0	0	0	0	0	0	0	0	0	0	0	0	0	0	0	0	0	0
Mar 10 2023 19:41:38	-1.00000001505e+30	-1.00000001505e+30	-1.00000001505e+30	-1.00000002538e+26	-1.00000001505e+30	-1.00000001505e+30	92.586227417	-	0	0	0	0	0	0	0	0	0	0	0	0	0	0	0	0	0	0	0	0	0	0	0	0	0	0	0	0	0	0	0	0	0	0	0	0	0	0	0	0	0	0	0	0	0	0	0	0	0	0	0	0	0	0	0	0	0	0	0	0
Mar 10 2023 19:41:39	-1.00000001505e+30	-1.00000001505e+30	-1.00000001505e+30	-1.00000002538e+26	-1.00000001505e+30	-1.00000001505e+30	91.3556518555	-	0	0	0	0	0	0	0	0	0	0	0	0	0	0	0	0	0	0	0	0	0	0	0	0	0	0	0	0	0	0	0	0	0	0	0	0	0	0	0	0	0	0	0	0	0	0	0	0	0	0	0	0	0	0	0	0	0	0	0	0
Mar 10 2023 19:41:40	-1.00000001505e+30	-1.00000001505e+30	-1.00000001505e+30	-1.00000002538e+26	-1.00000001505e+30	-1.00000001505e+30	91.3840866089	-	0	0	0	0	0	0	0	0	0	0	0	0	0	0	0	0	0	0	0	0	0	0	0	0	0	0	0	0	0	0	0	0	0	0	0	0	0	0	0	0	0	0	0	0	0	0	0	0	0	0	0	0	0	0	0	0	0	0	0	0
Mar 10 2023 19:41:41	-1.00000001505e+30	-1.00000001505e+30	-1.00000001505e+30	-1.00000002538e+26	-1.00000001505e+30	-1.00000001505e+30	92.9225997925	-	0	0	0	0	0	0	0	0	0	0	0	0	0	0	0	0	0	0	0	0	0	0	0	0	0	0	0	0	0	0	0	0	0	0	0	0	0	0	0	0	0	0	0	0	0	0	0	0	0	0	0	0	0	0	0	0	0	0	0	0
Mar 10 2023 19:41:42	10.1492586136	469.158843994	729.517578125	0.000693651090842	407.784515381	10.3695163727	87.0450592041	-	0.020468570292	0.0410183444619	0.0617265999317	0.0826642215252	0.103891707957	0.125452578068	0.147362679243	0.16959322989	0.192044064403	0.214502125978	0.236574113369	0.257595866919	0.276547878981	0.291958361864	0.301892697811	0.304117918015	0.296634614468	0.278692811728	0.252190291882	0.222757175565	0.199435830116	0.192454025149	0.211364597082	0.265692383051	0.363869577646	0.508942246437	0.699405133724	0.92636859417	1.17565488815	1.4268989563	1.65729761124	1.84275448322	1.96175551414	1.9987860918	1.94683170319	1.80963873863	1.60296499729	1.35349738598	1.09433400631	0.85684967041	0.660534620285	0.504847347736	0.367598563433	0.214494764805	0.0180585514754	0	0	0	0	0.0066418456845	0.203868985176	1.0315002203	3.02847933769	6.42747211456	10.6376209259	14.1114311218	14.9987535477	12.3909597397	7.25273942947	2.17250561714
Mar 10 2023 19:41:43	6.86481523514	380.034759521	692.246154785	0.0004710877256	321.356750488	7.98144388199	87.4011001587	-	0.0213317219168	0.0430144965649	0.0653914064169	0.0887925997376	0.113527141511	0.13986967504	0.168038740754	0.198162227869	0.230223447084	0.263976216316	0.298808455467	0.333557188511	0.366334974766	0.394328176975	0.413765519857	0.420232206583	0.40971493721	0.380612105131	0.336510926485	0.288346201181	0.253769159317	0.25272154808	0.303723424673	0.425095915794	0.632656037807	0.930834531784	1.31395423412	1.76008999348	2.23528170586	2.69260883331	3.08191037178	3.35410690308	3.47156906128	3.41602087021	3.19168972969	2.8250348568	2.36059784889	1.85316634178	1.3585357666	0.923792243004	0.578109622002	0.326531857252	0.14916703105	0.0106779756024	0	0	0	0	0	0.00779385445639	0.197748869658	0.94508343935	2.67034053802	5.4872751236	8.80852985382	11.3342266083	11.6797876358	9.35103702545	5.30315446854	1.53885018826
Mar 10 2023 19:41:44	7.68825387955	425.938110352	719.321533203	0.000843819580041	367.574127197	8.04876041412	82.1438827515	-	0.0306390430778	0.0611171834171	0.091269209981	0.120922960341	0.149894908071	0.177983060479	0.204955384135	0.230531528592	0.254354387522	0.275946110487	0.294638425112	0.309482485056	0.319178581238	0.322015732527	0.315949171782	0.298946797848	0.26984423399	0.22982943058	0.184347912669	0.144381090999	0.125588074327	0.144802585244	0.217246219516	0.357135146856	0.574974179268	0.870389401913	1.23350679874	1.63914501667	2.05098509789	2.42153358459	2.70215439796	2.84854340553	2.83207654953	2.64841032028	2.320104599	1.89404630661	1.43285489082	1.00099301338	0.650628268719	0.410310775042	0.279106587172	0.228108346462	0.208225876093	0.167347311974	0.0693572685122	0	0	0	0	0.0489004068077	0.442685872316	1.54849612713	3.65334701538	6.67417144775	9.94734477997	12.3228759766	12.6499433517	10.4620227814	6.4257569313	2.21066689491
Mar 10 2023 19:41:45	6.46050071716	361.10345459	694.136169434	0.000517736189067	311.010101318	6.42803859711	86.4326858521	-	0.0396071113646	0.078935585916	0.117700003088	0.155603989959	0.192333325744	0.227544739842	0.260847747326	0.291775971651	0.319742798805	0.343972533941	0.363392323256	0.376494199038	0.381232619286	0.374948531389	0.354526609182	0.317006349564	0.261032313108	0.189325243235	0.111791558564	0.0474941767752	0.0229752287269	0.0662125051022	0.201880678535	0.452099591494	0.830938875675	1.33190345764	1.93124353886	2.57758808136	3.20188188553	3.71987605095	4.05309057236	4.14066076279	3.95867776871	3.53012681007	2.92105793953	2.22672510147	1.5502051115	0.978614032269	0.566601455212	0.328795194626	0.241520673037	0.252155572176	0.291554450989	0.293261617422	0.212212324142	0.0430213212967	0	0	0	0.00424761464819	0.183405995369	0.916483879089	2.59078979492	5.27361345291	8.39232444763	10.7649507523	11.1484956741	9.06372642517	5.29812669754	1.63364744186
Mar 10 2023 19:41:46	7.44352054596	447.705657959	718.911621094	0.0010577396024	368.115570068	7.72332715988	79.1540985107	-	0.00374735239893	0.0202593784779	0.0522919110954	0.0989417210221	0.156879380345	0.221086263657	0.285505801439	0.343661159277	0.389237642288	0.41662183404	0.421400010586	0.40090405941	0.355003833771	0.287100046873	0.205256611109	0.122590243816	0.0550690963864	0.0147920828313	0.00111313338857	0	0	0.0296268705279	0.153071090579	0.367442369461	0.681400179863	1.08787584305	1.56695151329	2.07799196243	2.56747603416	2.97108101845	3.2292869091	3.29620504379	3.15376925468	2.81913876534	2.34221768379	1.79609656334	1.26167750359	0.809494376183	0.485648065805	0.303591996431	0.243168205023	0.256840527058	0.280348241329	0.251118928194	0.127467721701	0	0	0	0	0	0.0589367188513	0.516329169273	1.96976602077	4.9196100235	9.07628440857	12.917755127	14.2559366226	11.8263635635	6.66537570953	1.78319454193
Mar 10 2023 19:41:47	-1.00000001505e+30	-1.00000001505e+30	-1.00000001505e+30	-1.00000002538e+26	-1.00000001505e+30	-1.00000001505e+30	99.0555725098	-	0	0	0	0	0	0	0	0	0	0	0	0	0	0	0	0	0	0	0	0	0	0	0	0	0	0	0	0	0	0	0	0	0	0	0	0	0	0	0	0	0	0	0	0	0	0	0	0	0	0	0	0	0	0	0	0	0	0	0	0
Mar 10 2023 19:41:48	8.85680103302	415.219818115	704.81829834	0.000515644671395	358.026184082	9.13322353363	89.5644302368	-	0.0252666790038	0.0504893735051	0.0756195113063	0.100601129234	0.125366196036	0.14982701838	0.173863813281	0.197305157781	0.219897270203	0.241256266832	0.260791510344	0.277603894472	0.290396302938	0.297379016876	0.296293497086	0.284673094749	0.260581284761	0.223972678185	0.178539559245	0.133132174611	0.101337045431	0.0985144376755	0.13925100863	0.23813252151	0.408234715462	0.65447229147	0.97358161211	1.34944093227	1.75497591496	2.15116429329	2.49467515945	2.74162244797	2.85714793205	2.82358312607	2.64439487457	2.34458661079	1.96672058105	1.56235206127	1.18135643005	0.861001849174	0.616772592068	0.438446372747	0.293588966131	0.142272427678	0	0	0	0	0	0.0362342745066	0.431972175837	1.59238433838	3.80378913879	6.92098712921	10.1751556396	12.3504858017	12.3551645279	9.90255260468	5.84278345108	1.888022542
Mar 10 2023 19:41:49	8.15945911407	410.264953613	716.082885742	0.000828092626762	362.516723633	8.29724788666	82.5919723511	-	0.0288994628936	0.0577092990279	0.0863355696201	0.114677347243	0.142622321844	0.17003968358	0.196768313646	0.222598642111	0.247243613005	0.270294189453	0.291148066521	0.308916300535	0.322344481945	0.329736232758	0.328998535872	0.317928701639	0.294971674681	0.260570526123	0.218934819102	0.1792794168	0.155141234398	0.161260440946	0.211081147194	0.317410588264	0.49029892683	0.730887770653	1.03268516064	1.37683796883	1.73566198349	2.07229995728	2.3484377861	2.52813339233	2.58610129356	2.51374816895	2.32094287872	2.03451037407	1.69330966473	1.34044396877	1.0150462389	0.744564116001	0.538718819618	0.387380003929	0.263818264008	0.136844307184	0	0	0	0	0.000585850735661	0.188612535596	0.855468094349	2.25827217102	4.48962545395	7.29806566238	10.0288829803	11.7795505524	11.7611885071	9.71823215485	6.16849660873	2.327450037
Mar 10 2023 19:41:50	7.58193635941	392.343688965	712.501342773	0.000460813083919	343.020751953	7.45860671997	89.327911377	-	0.0339793339372	0.0677648484707	0.101157531142	0.133949935436	0.165920928121	0.196826994419	0.226388335228	0.254266560078	0.28003051877	0.303102433681	0.322673529387	0.337593495846	0.346281856298	0.346648395061	0.336173266172	0.312301665545	0.273439913988	0.220704495907	0.160192266107	0.104550771415	0.0720588862896	0.0825501605868	0.154100313783	0.303759872913	0.544512450695	0.876595258713	1.28884232044	1.75194048882	2.22345376015	2.64821624756	2.9708776474	3.14272713661	3.13486266136	2.94693851471	2.6080365181	2.17130494118	1.70270562172	1.26581776142	0.908616304398	0.654620230198	0.499852836132	0.416090160608	0.358492493629	0.280969440937	0.15325255692	0	0	0	0	0.103839576244	0.628432333469	1.84773230553	3.89714097977	6.57715368271	9.27453041077	11.099354744	11.23777771	9.38149261475	5.99625015259	2.27115416527
Mar 10 2023 19:41:51	8.37169742584	452.984680176	732.350036621	0.000833308498841	391.213348389	9.28838062286	82.967048645	-	0.022607287392	0.0452992469072	0.068155772984	0.0912490338087	0.114638544619	0.138363271952	0.16242864728	0.186785966158	0.211300328374	0.235700368881	0.259497821331	0.281879633665	0.301611453295	0.316932082176	0.325564146042	0.324957460165	0.31300470233	0.289366573095	0.257252305746	0.224729508162	0.204158574343	0.209179475904	0.252251833677	0.345363140106	0.498138517141	0.711925387383	0.981111526489	1.2888122797	1.61032044888	1.91260433197	2.16112351418	2.32297372818	2.37410354614	2.30483460426	2.12209153175	1.84914207458	1.52222967148	1.18392586708	0.874910950661	0.625102102757	0.445811271667	0.325871050358	0.233843252063	0.130225479603	0	0	0	0	0	0.0241204146296	0.310847103596	1.24563717842	3.2241101265	6.33171367645	10.0041713715	12.985786438	13.8148050308	11.7026786804	7.25074768066	2.44402503967
Mar 10 2023 19:41:52	-1.00000001505e+30	-1.00000001505e+30	-1.00000001505e+30	-1.00000002538e+26	-1.00000001505e+30	-1.00000001505e+30	90.2512588501	-	0	0	0	0	0	0	0	0	0	0	0	0	0	0	0	0	0	0	0	0	0	0	0	0	0	0	0	0	0	0	0	0	0	0	0	0	0	0	0	0	0	0	0	0	0	0	0	0	0	0	0	0	0	0	0	0	0	0	0	0
Mar 10 2023 19:41:53	12.4304132462	469.032440186	750.449645996	0.00079186266521	431.216339111	10.7701301575	87.7895736694	-	0.0245110020041	0.0490293726325	0.0733635947108	0.0973162651062	0.120681911707	0.143243432045	0.164765954018	0.184987053275	0.203601226211	0.220235645771	0.234411522746	0.245493248105	0.252646535635	0.254799246788	0.250673145056	0.238955810666	0.218744412065	0.190333858132	0.156253874302	0.122016482055	0.0957727283239	0.0865473374724	0.10278852284	0.152782559395	0.243636339903	0.377663314342	0.552654802799	0.759150624275	0.981636226177	1.1979033947	1.38319778442	1.51242864132	1.5659096241	1.53462636471	1.42319047451	1.25050055981	1.04705119133	0.848305583	0.685780704021	0.57768958807	0.521634757519	0.492855489254	0.45011356473	0.352298736572	0.179408416152	0	0	0	0	0.171506598592	0.849101901054	2.33299040794	4.77250909805	7.95606613159	11.21484375	13.5469856262	13.9778871536	12.0272169113	8.04737091064	3.28193116188
Mar 10 2023 19:41:54	7.67349290848	355.355682373	697.46685791	0.000763438176364	315.891479492	8.98239040375	83.0308914185	-	0.0209602825344	0.0420427322388	0.0633640885353	0.0850322693586	0.107140854001	0.129759937525	0.152921512723	0.176596000791	0.200655728579	0.224817842245	0.248552829027	0.270962446928	0.290670782328	0.305706828833	0.313522398472	0.311281502247	0.296700447798	0.269603908062	0.234032019973	0.19983831048	0.182147368789	0.197923481464	0.263088047504	0.393412411213	0.602682709694	0.8954834342	1.26772916317	1.70150625706	2.16772174835	2.62498116493	3.02744722366	3.32829046249	3.48882389069	3.48610877991	3.31684136391	2.99867463112	2.56837463379	2.07631230354	1.57812535763	1.12411642075	0.748098552227	0.460033357143	0.245659708977	0.0763403624296	0	0	0	0	0	0.0988569706678	0.571208417416	1.6734265089	3.5526945591	6.05015850067	8.59757328033	10.3289995193	10.4339666367	8.61524677277	5.37618160248	1.93759000301
Mar 10 2023 19:41:55	-1.00000001505e+30	-1.00000001505e+30	-1.00000001505e+30	-1.00000002538e+26	-1.00000001505e+30	-1.00000001505e+30	91.3255004883	-	0	0	0	0	0	0	0	0	0	0	0	0	0	0	0	0	0	0	0	0	0	0	0	0	0	0	0	0	0	0	0	0	0	0	0	0	0	0	0	0	0	0	0	0	0	0	0	0	0	0	0	0	0	0	0	0	0	0	0	0
Mar 10 2023 19:41:56	10.5703620911	501.890777588	747.934692383	0.00213868007995	459.371154785	7.95205497742	65.7117919922	-	0.039872020483	0.0787364169955	0.116213805974	0.151933699846	0.185532465577	0.216650307178	0.244926124811	0.269989609718	0.291449606419	0.308875590563	0.321770310402	0.329536765814	0.331461638212	0.326716214418	0.31443721056	0.293957382441	0.265291124582	0.22990706563	0.191631197929	0.157099246979	0.135013997555	0.134109959006	0.161680802703	0.223838835955	0.323805302382	0.458460569382	0.620074689388	0.793659329414	0.960628688335	1.09941697121	1.19080162048	1.22039806843	1.18266534805	1.08265542984	0.935010313988	0.761466085911	0.587076306343	0.435467898846	0.324232637882	0.26033449173	0.236542701721	0.230595871806	0.208839073777	0.137087568641	0	0	0	0	0	0.00777874374762	0.25022110343	1.21706736088	3.46745061874	7.21319818497	11.8089361191	15.6330404282	16.735080719	14.0734243393	8.51036548615	2.71358823776
Mar 10 2023 19:41:57	10.638669014	489.417449951	748.572937012	0.003508082591	450.183532715	7.48583173752	48.7883300781	-	0.0401730202138	0.0820283591747	0.123331695795	0.163187488914	0.200909122825	0.23589348793	0.267579883337	0.295428484678	0.318904161453	0.337458461523	0.350506454706	0.357402056456	0.357431143522	0.349826604128	0.33386182785	0.309086740017	0.275794416666	0.235727876425	0.19284825027	0.153602898121	0.126073360443	0.11815033108	0.136660739779	0.188201710582	0.277686744928	0.404485881329	0.563128530979	0.740442812443	0.918581426144	1.07554805279	1.19049489498	1.24642932415	1.23466491699	1.15716254711	1.02605760098	0.861486971378	0.687878549099	0.529018223286	0.403057456017	0.317744642496	0.267194271088	0.231699362397	0.181914791465	0.0909180641174	0	0	0	0	0	0.0513283424079	0.492817342281	1.75283741951	4.19844150543	7.79542016983	11.8200292587	14.9101467133	15.6055212021	13.1859760284	8.29755020142	2.93426656723
Mar 10 2023 19:41:58	7.28598356247	423.476501465	710.09588623	0.00134792854078	365.473022461	7.50338554382	71.0189666748	-	0.0323434770107	0.0645869523287	0.0966257303953	0.128347441554	0.159627303481	0.190320208669	0.220248132944	0.249179795384	0.276799529791	0.302658319473	0.326096355915	0.34614148736	0.361425161362	0.37010243535	0.36990904808	0.358489453793	0.33424654603	0.297845184803	0.254161715508	0.213609933853	0.191278368235	0.203343525529	0.264198482037	0.38703840971	0.580964505672	0.843785881996	1.16433179379	1.51704859734	1.86807274818	2.17601943016	2.40211987495	2.51501226425	2.49882221222	2.35695695877	2.11067843437	1.79475939274	1.45101010799	1.12074434757	0.838065862656	0.623395681381	0.478154689074	0.382801830769	0.300468236208	0.190155550838	0.0257604587823	0	0	0	0	0.0374866724014	0.430929809809	1.59643614292	3.84210538864	7.03622531891	10.394616127	12.6550827026	12.6775074005	10.1627159119	5.99350404739	1.93565225601
Mar 10 2023 19:41:59	5.93736457825	26.4112892151	653.710205078	0.000522676389664	243.820800781	7.06765604019	85.0328292847	-	0.0260706823319	0.0522467494011	0.0786252170801	0.105289570987	0.132301211357	0.159685626626	0.187409847975	0.215346857905	0.243220195174	0.270518034697	0.296356916428	0.319304913282	0.337239891291	0.347223073244	0.345629543066	0.328782320023	0.29454022646	0.245059937239	0.190314620733	0.150367856026	0.15354372561	0.229671359062	0.404813230038	0.702189028263	1.1361515522	1.69889605045	2.36520504951	3.08179664612	3.77956366539	4.37617969513	4.79665565491	4.98332881927	4.91112947464	4.59306669235	4.07474184036	3.42339611053	2.71458125114	2.01985573769	1.39865767956	0.891726195812	0.516011476517	0.262878268957	0.100794933736	0	0	0	0	0	0	0.00214477302507	0.120105408132	0.658187925816	1.97145271301	4.16419267654	6.75595188141	8.6885766983	8.86890888214	6.9669008255	3.82264256477	1.04055809975
Mar 10 2023 19:42:00	9.83633899689	447.095367432	725.922790527	0.000846328912303	403.802520752	9.76443004608	85.4020462036	-	0.0261177513748	0.0521186813712	0.077881872654	0.103279799223	0.128174126148	0.152408957481	0.175799772143	0.198115944862	0.219053655863	0.238193541765	0.254933446646	0.268400520086	0.277378320694	0.280237466097	0.274985134602	0.259548038244	0.232506036758	0.194386824965	0.149339318275	0.106259644032	0.078030705452	0.0784451738	0.11978803575	0.213384881616	0.367197483778	0.579873919487	0.842511773109	1.13398575783	1.42560303211	1.68176746368	1.86865007877	1.95867717266	1.93824005127	1.81175613403	1.60069131851	1.33925139904	1.06747043133	0.822839677334	0.632863938808	0.508650898933	0.440833330154	0.400150954723	0.344177126884	0.233268409967	0.0504461452365	0	0	0	0	0.12871158123	0.79145783186	2.33247828484	4.90294647217	8.21226596832	11.4487323761	13.4936122894	13.3993740082	10.9145507813	6.74828195572	2.41991233826
Mar 10 2023 19:42:01	-1.00000001505e+30	-1.00000001505e+30	-1.00000001505e+30	-1.00000002538e+26	-1.00000001505e+30	-1.00000001505e+30	94.5473175049	-	0	0	0	0	0	0	0	0	0	0	0	0	0	0	0	0	0	0	0	0	0	0	0	0	0	0	0	0	0	0	0	0	0	0	0	0	0	0	0	0	0	0	0	0	0	0	0	0	0	0	0	0	0	0	0	0	0	0	0	0
Mar 10 2023 19:42:02	-1.00000001505e+30	-1.00000001505e+30	-1.00000001505e+30	-1.00000002538e+26	-1.00000001505e+30	-1.00000001505e+30	91.4291915894	-	0	0	0	0	0	0	0	0	0	0	0	0	0	0	0	0	0	0	0	0	0	0	0	0	0	0	0	0	0	0	0	0	0	0	0	0	0	0	0	0	0	0	0	0	0	0	0	0	0	0	0	0	0	0	0	0	0	0	0	0
Mar 10 2023 19:42:03	7.39949131012	367.800354004	694.12713623	0.000420266704168	318.186889648	10.8743724823	89.4940414429	-	0.00489819003269	0.01060207095	0.0179062467068	0.0275873150676	0.0403925292194	0.0570211857557	0.0780943483114	0.104106590152	0.135350286961	0.171796351671	0.212901502848	0.25734347105	0.302762359381	0.3454439044	0.380206376314	0.400707781315	0.400691628456	0.37650513649	0.330701828003	0.275022596121	0.229960277677	0.21940164268	0.265912771225	0.392391860485	0.619758009911	0.955315411091	1.39321529865	1.9068915844	2.4532725811	2.97172665596	3.39726758003	3.66716980934	3.73636603355	3.5895075798	3.24526500702	2.75393629074	2.18759655952	1.62384283543	1.1292797327	0.746315419674	0.485502421856	0.325559020042	0.220622837543	0.118634089828	0	0	0	0	0	0.0254683364183	0.344960987568	1.31789386272	3.21589517593	5.94548368454	8.85694313049	10.8733386993	10.9859695435	8.88056468964	5.27592802048	1.71278953552
Mar 10 2023 19:42:04	8.78977298737	413.861663818	714.471557617	0.000680178927723	361.451690674	10.2921962738	86.776222229	-	0.0185582321137	0.0372851900756	0.0563432276249	0.075884334743	0.096043638885	0.116928704083	0.138602256775	0.161054521799	0.184160232544	0.207610994577	0.230806782842	0.252709925175	0.27171048522	0.28547501564	0.290941298008	0.284608840942	0.263445228338	0.226603403687	0.177784666419	0.127082318068	0.0904742181301	0.0860641300678	0.130849972367	0.241696298122	0.433309704065	0.709905087948	1.06551384926	1.47815275192	1.91305506229	2.32230138779	2.65540957451	2.86489510536	2.91827368736	2.80682587624	2.54772853851	2.18076658249	1.75989639759	1.34124135971	0.972075939178	0.682273089886	0.4788864851	0.345453679562	0.246548652649	0.141367658973	0.00152900791727	0	0	0	0	0.0952114462852	0.62476593256	1.90466547012	4.11240625381	7.04744243622	10.0168838501	11.9924449921	12.0491456985	9.89121246338	6.14159822464	2.20609068871
Mar 10 2023 19:42:05	6.26886320114	270.696838379	680.096374512	0.000454303692095	281.884429932	7.29079437256	88.2302246094	-	1.0837672562e-05	0.000474675936857	0.00412661395967	0.0181509014219	0.0540644265711	0.123905740678	0.233257263899	0.373716175556	0.518841505051	0.627557992935	0.656996905804	0.582953333855	0.420365065336	0.227811470628	0.0798157528043	0.0129928160459	0.000360895122867	0	0	0	0	0	0.22288672626	0.592582702637	1.11079192162	1.75893199444	2.4988284111	3.26031517982	3.95680451393	4.49046134949	4.77781534195	4.76402759552	4.44220638275	3.85927963257	3.10582733154	2.29594421387	1.5415866375	0.928161382675	0.500891089439	0.261293560266	0.173381656408	0.176853984594	0.201974183321	0.188616603613	0.102663263679	0	0	0	0	0.0322305932641	0.35443225503	1.26598930359	2.96500301361	5.32877349854	7.79003953934	9.46411132813	9.54284477234	7.77438116074	4.72148132324	1.61318480968
Mar 10 2023 19:42:06	7.03133821487	365.030639648	691.520202637	0.000409025029512	314.027832031	7.91718292236	90.7511520386	-	0.0309497471899	0.0616119019687	0.091694869101	0.120900593698	0.148920476437	0.17542886734	0.20007237792	0.222453221679	0.242103666067	0.258446663618	0.270735234022	0.277978867292	0.278901547194	0.271935909986	0.255390703678	0.227949857712	0.189748898149	0.144120305777	0.0996801331639	0.0714588016272	0.079358279705	0.143680945039	0.28185608983	0.508864879608	0.832746803761	1.24648487568	1.73181056976	2.25190210342	2.75968956947	3.19930791855	3.51891803741	3.67692303658	3.65203142166	3.44796061516	3.09182357788	2.629165411	2.11628031731	1.61071228981	1.16219997406	0.804094791412	0.546881735325	0.376163691282	0.256203114986	0.142690092325	0.000408200605307	0	0	0	0	0.00898444652557	0.238823100924	1.07699751854	2.87606072426	5.63226318359	8.70876026154	10.9248418808	11.1226940155	8.93190574646	5.17962360382	1.59039223194
Mar 10 2023 19:42:07	7.5417675972	389.718841553	701.102905273	0.0010289803613	332.380218506	8.3151845932	79.0772705078	-	0.0287605449557	0.0573398545384	0.0855517312884	0.113201953471	0.140083223581	0.165966928005	0.190589860082	0.213633149862	0.234689682722	0.253213465214	0.26844009757	0.279284447432	0.2842631042	0.281433492899	0.268499881029	0.243245899677	0.204578742385	0.154331922531	0.0995781049132	0.0541967526078	0.0378749556839	0.071877554059	0.175607413054	0.367287695408	0.660645544529	1.05559468269	1.53932857513	2.07887077332	2.62599897385	3.1175532341	3.48913621902	3.68258833885	3.66102647781	3.41973042488	2.98880720139	2.42920899391	1.82147943974	1.24827480316	0.77692180872	0.44571352005	0.256958901882	0.178907498717	0.154827103019	0.122919395566	0.0378621891141	0	0	0	0	0.0254258103669	0.332586854696	1.29629588127	3.2290930748	6.07506990433	9.17830181122	11.3890810013	11.5909748077	9.40654468536	5.59501981735	1.81572067738
Mar 10 2023 19:42:08	8.07661247253	409.817901611	717.108459473	0.00167609401979	359.956359863	8.16472244263	67.8032608032	-	0.0297634974122	0.0594150908291	0.0888383165002	0.117909304798	0.146492168307	0.174431368709	0.201539441943	0.227577418089	0.252224564552	0.275030881166	0.295341908932	0.312199831009	0.32426032424	0.329711765051	0.326324552298	0.311758548021	0.284374088049	0.244682997465	0.197263225913	0.152134180069	0.124095797539	0.129414916039	0.183088928461	0.299529790878	0.490337699652	0.757211565971	1.09285306931	1.47568643093	1.87355077267	2.24358057976	2.54154062271	2.72650384903	2.77064561844	2.66616821289	2.4270029068	2.08669185638	1.69232976437	1.29519808292	0.941014409065	0.660986065865	0.465045273304	0.339621692896	0.251239091158	0.159751430154	0.0363908112049	0	0	0	0	0.141863852739	0.737420022488	2.06206655502	4.24285697937	7.05753421783	9.85516548157	11.7054243088	11.7750291824	9.77461528778	6.21891736984	2.34834241867
Mar 10 2023 19:42:09	7.2055606842	32.8019142151	658.204589844	0.0004032079014	260.384368896	9.57136917114	90.0081329346	-	0.0126320254058	0.0256801582873	0.0395510271192	0.0546358861029	0.0713009461761	0.0898715034127	0.110606253147	0.133656278253	0.159001201391	0.186348736286	0.214973911643	0.24350219965	0.269710958004	0.290305972099	0.30091792345	0.296541452408	0.272897452116	0.229011759162	0.170769244432	0.113704554737	0.0822800472379	0.104258194566	0.205803871155	0.412908554077	0.748335957527	1.21870350838	1.81464099884	2.50183987617	3.22589588165	3.9117846489	4.48018074036	4.85550403595	4.98354196548	4.84416818619	4.4547252655	3.86684131622	3.15700244904	2.41217494011	1.71479606628	1.12855482101	0.686828613281	0.387406826019	0.1951597929	0.0573226958513	0	0	0	0	0	0	0.0254585053772	0.307067006826	1.36058688164	3.67522454262	6.99444103241	9.87702083588	10.4203443527	7.92905330658	3.8726503849	0.801886260509
Mar 10 2023 19:42:10	8.5183506012	410.220245361	709.912841797	0.000752936815843	361.736907959	8.29425621033	83.9643249512	-	0.0289187096059	0.0577554702759	0.0864245668054	0.114834167063	0.142882481217	0.170451506972	0.19739677012	0.223531231284	0.24860009551	0.272241562605	0.293924123049	0.312864094973	0.327954977751	0.337696105242	0.34022462368	0.333550900221	0.316194325686	0.288324087858	0.253256767988	0.218506023288	0.195204645395	0.195481836796	0.23039996624	0.310584634542	0.444598555565	0.63425141573	0.876059830189	1.15775072575	1.46125292778	1.76195263863	2.03324770927	2.24799728394	2.38269329071	2.42067980766	2.35428166389	2.18693804741	1.93482530117	1.62656080723	1.29915523529	0.989438712597	0.722747862339	0.504262208939	0.318247616291	0.138564407825	0	0	0	0	0	0.147903725505	0.791045188904	2.21994900703	4.54375219345	7.47901105881	10.2961158752	12.0215511322	11.8548946381	9.60942459106	5.92302417755	2.12063121796
Mar 10 2023 19:42:11	-1.00000001505e+30	-1.00000001505e+30	-1.00000001505e+30	-1.00000002538e+26	-1.00000001505e+30	-1.00000001505e+30	95.6225585938	-	0	0	0	0	0	0	0	0	0	0	0	0	0	0	0	0	0	0	0	0	0	0	0	0	0	0	0	0	0	0	0	0	0	0	0	0	0	0	0	0	0	0	0	0	0	0	0	0	0	0	0	0	0	0	0	0	0	0	0	0
Mar 10 2023 19:42:12	-1.00000001505e+30	-1.00000001505e+30	-1.00000001505e+30	-1.00000002538e+26	-1.00000001505e+30	-1.00000001505e+30	94.6471099854	-	0	0	0	0	0	0	0	0	0	0	0	0	0	0	0	0	0	0	0	0	0	0	0	0	0	0	0	0	0	0	0	0	0	0	0	0	0	0	0	0	0	0	0	0	0	0	0	0	0	0	0	0	0	0	0	0	0	0	0	0
Mar 10 2023 19:42:13	-1.00000001505e+30	-1.00000001505e+30	-1.00000001505e+30	-1.00000002538e+26	-1.00000001505e+30	-1.00000001505e+30	93.8411102295	-	0	0	0	0	0	0	0	0	0	0	0	0	0	0	0	0	0	0	0	0	0	0	0	0	0	0	0	0	0	0	0	0	0	0	0	0	0	0	0	0	0	0	0	0	0	0	0	0	0	0	0	0	0	0	0	0	0	0	0	0
Mar 10 2023 19:42:14	10.7610044479	471.165893555	738.202758789	0.000928475812543	416.324890137	10.1899681091	84.3396759033	-	0.0242974087596	0.0485160052776	0.0725734308362	0.0963816046715	0.119843043387	0.142845019698	0.165249958634	0.186880126595	0.20749399066	0.226748988032	0.244142204523	0.258931457996	0.270065754652	0.276111871004	0.275272488594	0.265586346388	0.245495393872	0.214885681868	0.176488101482	0.136928826571	0.106345422566	0.0960844829679	0.116783589125	0.178969502449	0.291823416948	0.458417922258	0.676132977009	0.933243215084	1.21076226234	1.48177289963	1.71678388119	1.88630080223	1.96724998951	1.9482831955	1.8322507143	1.6364376545	1.39008307457	1.12891685963	0.887904882431	0.692945122719	0.552889823914	0.455045342445	0.366965323687	0.248796030879	0.0726368203759	0	0	0	0	0.0212511084974	0.321583449841	1.32863950729	3.47257995605	6.83184099197	10.7708816528	13.9204902649	14.7285833359	12.4045038223	7.64448213577	2.56661176682
Mar 10 2023 19:42:15	7.32212162018	415.192687988	726.395324707	0.000768243626226	371.950653076	6.79318666458	82.1190414429	-	0.0404188856483	0.0805035531521	0.119916677475	0.158315882087	0.195350676775	0.230657190084	0.263849973679	0.294508904219	0.322158962488	0.346239000559	0.366053164005	0.380709469318	0.389077812433	0.389765292406	0.381207495928	0.361984461546	0.331541746855	0.291395455599	0.24661950767	0.206739783287	0.184836626053	0.194585412741	0.248037979007	0.356065094471	0.525824844837	0.755434036255	1.03607690334	1.347443223	1.66212522984	1.94566822052	2.16385793686	2.28637695313	2.2939760685	2.18333411217	1.96817278862	1.67758870125	1.3511942625	1.03131949902	0.754683554173	0.544716000557	0.406106472015	0.323709130287	0.266556441784	0.19997446239	0.101476490498	0	0	0	0.0347717963159	0.327279269695	1.10596776009	2.57633376122	4.77603769302	7.44594049454	9.99844551086	11.6492099762	11.7035160065	9.88987922668	6.56867408752	2.71779179573
Mar 10 2023 19:42:16	9.14652442932	431.172027588	722.640563965	0.000607579306234	378.968963623	9.64227676392	88.2229232788	-	0.0232888907194	0.0465853475034	0.0698923319578	0.0932053700089	0.116507850587	0.139763355255	0.162903249264	0.185806825757	0.208270505071	0.229959532619	0.250330656767	0.268528789282	0.283294647932	0.292864888906	0.2949860394	0.287156760693	0.267334967852	0.235249757767	0.194182276726	0.152325600386	0.122348114848	0.118517942727	0.154275491834	0.242998078465	0.396510064602	0.618948817253	0.906987965107	1.24539840221	1.60888373852	1.96101605892	2.26109194756	2.46759819984	2.54742383957	2.48424267769	2.28316473961	1.97183597088	1.59657657146	1.21290135384	0.873165786266	0.614155113697	0.447577744722	0.35699993372	0.302318662405	0.235454276204	0.120746076107	0	0	0	0	0.0992306470871	0.618478119373	1.89871096611	4.15456724167	7.21450614929	10.3766927719	12.5501785278	12.7152080536	10.5056476593	6.5529756546	2.36023926735
Mar 10 2023 19:42:17	10.1538934708	457.979705811	731.492980957	0.00150114111602	393.183135986	9.26086521149	73.0153045654	-	0.0255938358605	0.0511452890933	0.0766085684299	0.101932346821	0.127056270838	0.151905313134	0.17638041079	0.200343847275	0.223596215248	0.245840340853	0.266623586416	0.285260140896	0.30076020956	0.311751276255	0.316479295492	0.312971711159	0.299533933401	0.275683999062	0.243434026837	0.208288639784	0.178981810808	0.165481925011	0.177323371172	0.22426263988	0.315563231707	0.456177294254	0.647082388401	0.882788002491	1.15234577656	1.43794047832	1.71746385098	1.96495759487	2.15398311615	2.26134300232	2.27064013481	2.17618131638	1.98635399342	1.72479355335	1.42721140385	1.13307547569	0.873196125031	0.65833491087	0.475107550621	0.293667644262	0.0856376290321	0	0	0	0	0.0058552743867	0.201791107655	0.99644947052	2.86516332626	6.00398826599	9.89487552643	13.1825971603	14.1957120895	11.999288559	7.2847070694	2.32849097252
Mar 10 2023 19:42:18	-1.00000001505e+30	-1.00000001505e+30	-1.00000001505e+30	-1.00000002538e+26	-1.00000001505e+30	-1.00000001505e+30	95.485748291	-	0	0	0	0	0	0	0	0	0	0	0	0	0	0	0	0	0	0	0	0	0	0	0	0	0	0	0	0	0	0	0	0	0	0	0	0	0	0	0	0	0	0	0	0	0	0	0	0	0	0	0	0	0	0	0	0	0	0	0	0
Mar 10 2023 19:42:19	5.87150430679	366.76272583	699.091064453	0.000719695584849	322.296569824	5.9947681427	78.9113388062	-	0.0387308970094	0.0774821043015	0.116268187761	0.155094429851	0.193950921297	0.232802987099	0.271575629711	0.310128718615	0.348218053579	0.385434657335	0.421106904745	0.454168260098	0.48303437233	0.505462765694	0.518539488316	0.518924415112	0.503639161587	0.471574395895	0.425576597452	0.374098390341	0.330803990364	0.311326384544	0.33049672842	0.40332865715	0.543646156788	0.75747615099	1.04371547699	1.3898447752	1.77425575256	2.16455006599	2.52327775955	2.80998826027	2.98832368851	3.03268933296	2.93285560608	2.69696569443	2.35167264938	1.93828964233	1.50559008121	1.10030031204	0.756467521191	0.487241208553	0.282605826855	0.117178142071	0	0	0	0	0	0.095407128334	0.571854293346	1.70597159863	3.65719151497	6.2518491745	8.87774562836	10.6237268448	10.6718254089	8.76257801056	5.44514083862	1.95801818371
Mar 10 2023 19:42:20	12.7401103973	488.727996826	745.53314209	0.000999950570986	443.231414795	8.18909358978	82.2260665894	-	0.0351621694863	0.0718730911613	0.108243152499	0.143552437425	0.177261203527	0.208899453282	0.238029539585	0.264226227999	0.287059813738	0.306077033281	0.320774912834	0.330569833517	0.334779322147	0.332615464926	0.323241055012	0.305941730738	0.280499190092	0.247788473964	0.210473060608	0.173344388604	0.142756506801	0.125139832497	0.126115590334	0.15121267736	0.205454692245	0.291040122509	0.407682597637	0.550699353218	0.712160229683	0.880163192749	1.04066514969	1.17801189423	1.27713131905	1.32580816746	1.3168361187	1.2503234148	1.13539242744	0.989909291267	0.83682090044	0.697018682957	0.580579280853	0.480733543634	0.374824672937	0.235473290086	0.0511909760535	0	0	0	0	0.0181963182986	0.33203804493	1.40352118015	3.68905520439	7.2702331543	11.4717721939	14.8393526077	15.7191705704	13.2583456039	8.18362045288	2.75113964081
Mar 10 2023 19:42:21	9.27339744568	408.10369873	720.644348145	0.000810014200397	368.277496338	8.25639057159	83.410987854	-	0.0305564664304	0.0609957426786	0.0911967009306	0.121031790972	0.150363087654	0.179035604	0.206866681576	0.233628928661	0.259023845196	0.282640218735	0.303887844086	0.32190901041	0.335499495268	0.34302392602	0.34243029356	0.331463038921	0.308281421661	0.272606760263	0.227286830544	0.179510563612	0.140480324626	0.122949443758	0.139117851853	0.201355099678	0.321140617132	0.503779470921	0.748360693455	1.04409623146	1.37144970894	1.70086991787	1.99816250801	2.22708702087	2.35692977905	2.36949014664	2.26303434372	2.05336260796	1.77122581005	1.45600414276	1.14754831791	0.877596139908	0.662119328976	0.497534185648	0.362835556269	0.231055244803	0.0857916548848	0	0	0	0.0521579943597	0.401690244675	1.26601660252	2.82045316696	5.05708456039	7.67831420898	10.0908546448	11.5499477386	11.4344205856	9.54730892181	6.28300523758	2.5841319561
Mar 10 2023 19:42:22	7.28021478653	394.213592529	702.826538086	0.000642379920464	336.647216797	8.08682823181	84.6004333496	-	0.0250246636569	0.0501829311252	0.0756017193198	0.101397097111	0.127667456865	0.154482379556	0.181864455342	0.209760546684	0.237996786833	0.266208350658	0.29372677207	0.319429665804	0.341606318951	0.357812255621	0.364888727665	0.359311759472	0.338208824396	0.301233947277	0.253082513809	0.205336332321	0.175657734275	0.183531925082	0.246794313192	0.382625579834	0.604865670204	0.915519714355	1.30626416206	1.75210857391	2.21598029137	2.6483066082	2.99755740166	3.21552228928	3.26867651939	3.14647006989	2.86373448372	2.4585711956	1.98548328876	1.50448870659	1.06973540783	0.719244897366	0.467416971922	0.302709311247	0.191232219338	0.0902478471398	0	0	0	0	0	0.0336583405733	0.363476008177	1.35030555725	3.29685258865	6.15026521683	9.26636219025	11.4986848831	11.7174186707	9.5256280899	5.67558097839	1.84421241283
Mar 10 2023 19:42:23	-1.00000001505e+30	-1.00000001505e+30	-1.00000001505e+30	-1.00000002538e+26	-1.00000001505e+30	-1.00000001505e+30	98.0943908691	-	0	0	0	0	0	0	0	0	0	0	0	0	0	0	0	0	0	0	0	0	0	0	0	0	0	0	0	0	0	0	0	0	0	0	0	0	0	0	0	0	0	0	0	0	0	0	0	0	0	0	0	0	0	0	0	0	0	0	0	0
Mar 10 2023 19:42:24	9.80529022217	479.932861328	729.214050293	0.00115370820276	410.769836426	9.16645050049	78.7950057983	-	0.0267052296549	0.0533396191895	0.079828672111	0.106091924012	0.132039219141	0.157564595342	0.182536318898	0.206781148911	0.230059698224	0.252027928829	0.272175699472	0.28974494338	0.303657412529	0.312438309193	0.314233601093	0.307014733553	0.289158970118	0.260513544083	0.22382068634	0.18576772511	0.156552955508	0.14750289917	0.169126987457	0.231729745865	0.344081640244	0.508780539036	0.723067522049	0.975503981113	1.24823975563	1.51630997658	1.75252723694	1.92958509922	2.02549552917	2.02802753448	1.93694901466	1.7647163868	1.53517282009	1.2798268795	1.03218209743	0.820196986198	0.657678902149	0.53769505024	0.431785345078	0.299747407436	0.107966609299	0	0	0	0	5.40228256796e-06	0.0762821435928	0.612893998623	2.26810312271	5.58076381683	10.212187767	14.4648761749	15.9115848541	13.161866188	7.39440822601	1.97107827663
Mar 10 2023 19:42:25	8.43660449982	438.986907959	708.419555664	0.000905825290829	369.588409424	8.22770786285	81.4350204468	-	0.030320527032	0.0604890733957	0.0903498902917	0.11974105984	0.148490726948	0.176410704851	0.203286364675	0.228860393167	0.252807736397	0.2746963799	0.293925315142	0.309643208981	0.320681601763	0.325491905212	0.322194457054	0.308848142624	0.284147411585	0.248657867312	0.206435143948	0.166171610355	0.140606984496	0.143706843257	0.188367515802	0.287028551102	0.44984793663	0.67893576622	0.969253003597	1.30429887772	1.65905380249	1.99945890903	2.28930425644	2.4934015274	2.58497714996	2.55135083199	2.39628767967	2.14013719559	1.81730985641	1.47068917751	1.1437792778	0.871028006077	0.668038249016	0.525438070297	0.409956127405	0.277206867933	0.0921454057097	0	0	0	0	0.00124809553381	0.152105614543	0.912509083748	2.84969043732	6.18143796921	10.2293224335	13.3612203598	13.7997970581	10.9268875122	6.0211648941	1.64136016369
Mar 10 2023 19:42:26	7.67536067963	372.874664307	701.127624512	0.000455258355942	323.195556641	9.94601917267	89.9544219971	-	0.0160084553063	0.0322734043002	0.0490439347923	0.0665571391582	0.0850305333734	0.104649692774	0.12554821372	0.147775709629	0.17124800384	0.195668920875	0.22040514648	0.244318082929	0.265611439943	0.281662553549	0.289030849934	0.283821940422	0.262785762548	0.225376710296	0.176575377584	0.129075586796	0.102651678026	0.119626708329	0.20095436275	0.367313861847	0.636510193348	1.01305603981	1.48828327656	2.03288388252	2.60062623024	3.12782335281	3.5468723774	3.79349803925	3.82286190987	3.62229800224	3.21587109566	2.66196942329	2.04273748398	1.4459130764	0.945503056049	0.585950434208	0.373566418886	0.277780056	0.240729346871	0.199004426599	0.106729634106	0	0	0	0	0.0391107387841	0.38406175375	1.36468052864	3.22983527184	5.89173221588	8.75028705597	10.7934751511	11.0326299667	9.09069156647	5.56784343719	1.91217064857
Mar 10 2023 19:42:27	10.0454807281	470.108337402	735.400695801	0.00128661596682	409.58694458	10.105764389	78.5109100342	-	0.0241947118193	0.0482778251171	0.0721349641681	0.0956472158432	0.118688292801	0.141119942069	0.1627843678	0.183492362499	0.203004822135	0.221003994346	0.237047880888	0.250511109829	0.260536968708	0.265994250774	0.265519052744	0.257723420858	0.241722747684	0.21805819869	0.189884930849	0.163771823049	0.149171367288	0.156254321337	0.194217443466	0.271723806858	0.395370334387	0.565676212311	0.778322398663	1.02104306221	1.27639639378	1.5214548111	1.73241949081	1.88650846481	1.96628046036	1.96268033981	1.87625360489	1.71746647358	1.50593852997	1.26817440987	1.03354132175	0.827882528305	0.665320515633	0.541388690472	0.431609511375	0.300294190645	0.118430748582	0	0	0	0	0.0089585762471	0.225697904825	1.07557559013	3.05415868759	6.35623645782	10.4220714569	13.8218164444	14.8195161819	12.4759464264	7.54811859131	2.40697574615
Mar 10 2023 19:42:28	-1.00000001505e+30	-1.00000001505e+30	-1.00000001505e+30	-1.00000002538e+26	-1.00000001505e+30	-1.00000001505e+30	97.5357208252	-	0	0	0	0	0	0	0	0	0	0	0	0	0	0	0	0	0	0	0	0	0	0	0	0	0	0	0	0	0	0	0	0	0	0	0	0	0	0	0	0	0	0	0	0	0	0	0	0	0	0	0	0	0	0	0	0	0	0	0	0
Mar 10 2023 19:42:29	9.13864326477	426.113464355	711.460754395	0.00108268368058	369.678894043	10.8987817764	79.6348876953	-	0.015633482486	0.0314982756972	0.0478206761181	0.0648188591003	0.0826977491379	0.101640634239	0.121795549989	0.14325350523	0.166014567018	0.189934417605	0.214638233185	0.239403754473	0.263050436974	0.283808648586	0.299292981625	0.306686550379	0.303378254175	0.288204044104	0.263181656599	0.234895288944	0.214187890291	0.213488653302	0.244530528784	0.319167494774	0.448225438595	0.636111021042	0.881397604942	1.1732929945	1.49365520477	1.8158210516	2.10949158669	2.34246444702	2.48621845245	2.5209710598	2.4390232563	2.24700784683	1.96614587307	1.62958955765	1.27693712711	0.946182549	0.664076387882	0.43815690279	0.25471958518	0.087158806622	0	0	0	0	0	0.0579340197146	0.485923409462	1.67224550247	3.91383171082	7.09298324585	10.4523229599	12.7380895615	12.7867460251	10.2686700821	6.06262350082	1.9589612484
Mar 10 2023 19:42:30	8.33317089081	460.400695801	710.973266602	0.000842900422867	396.716278076	7.66196632385	81.4399032593	-	0.0328168161213	0.0655388236046	0.0980671495199	0.130296394229	0.162110432982	0.193375721574	0.223930358887	0.253566652536	0.282004117966	0.30884706974	0.333517104387	0.355163604021	0.372585505247	0.384149879217	0.387816518545	0.381371289492	0.363074928522	0.332836180925	0.293753385544	0.253187328577	0.222135454416	0.212494194508	0.234919831157	0.299440264702	0.413603812456	0.577662050724	0.786442220211	1.0257627964	1.27629387379	1.51333725452	1.71219813824	1.85030305386	1.91162991524	1.88936924934	1.78655946255	1.61586606503	1.39842700958	1.16130554676	0.933134377003	0.737157762051	0.582842409611	0.459824770689	0.338588386774	0.181956663728	0	0	0	0	0	0.00117595854681	0.154225841165	0.966846644878	3.09695219994	6.81498813629	11.340256691	14.7705125809	15.0782470703	11.6760139465	6.19627666473	1.57524180412
Mar 10 2023 19:42:31	8.78636837006	434.810943604	731.934448242	0.00104358571116	379.53125	10.2911128998	80.1470108032	-	0.0183392204344	0.0368563905358	0.0557239241898	0.0751052349806	0.0951491445303	0.115980558097	0.137685477734	0.160287052393	0.183708399534	0.207713961601	0.231815740466	0.255147218704	0.276348590851	0.293438404799	0.30381461978	0.30451348424	0.293000042439	0.268642455339	0.234697088599	0.199760526419	0.177108228207	0.18130749464	0.225483864546	0.322103440762	0.480750054121	0.701710045338	0.977882444859	1.29016637802	1.61225140095	1.91087019444	2.15377235413	2.31323862076	2.37248516083	2.32871317863	2.19216680527	1.98304820061	1.72733163834	1.45257008076	1.18454253674	0.943328559399	0.738336503506	0.564401566982	0.402149558067	0.226579517126	0.0226107276976	0	0	0	0	0.0689356774092	0.508658111095	1.63723468781	3.69311451912	6.59388399124	9.76037311554	12.1738271713	12.7479734421	10.9055023193	7.04857635498	2.62927412987
Mar 10 2023 19:42:32	-1.00000001505e+30	-1.00000001505e+30	-1.00000001505e+30	-1.00000002538e+26	-1.00000001505e+30	-1.00000001505e+30	92.7183303833	-	0	0	0	0	0	0	0	0	0	0	0	0	0	0	0	0	0	0	0	0	0	0	0	0	0	0	0	0	0	0	0	0	0	0	0	0	0	0	0	0	0	0	0	0	0	0	0	0	0	0	0	0	0	0	0	0	0	0	0	0
Mar 10 2023 19:42:33	10.0589179993	490.232727051	720.499633789	0.00136589177419	420.054718018	9.53062534332	75.814994812	-	0.0249290578067	0.0498419106007	0.0747184455395	0.0995322242379	0.12424646318	0.148807540536	0.173134401441	0.197101667523	0.220513254404	0.243061244488	0.264259576797	0.283355087042	0.299246430397	0.310393899679	0.314820766449	0.310300260782	0.294925063848	0.268179118633	0.232406303287	0.193947777152	0.162810519338	0.15031696856	0.167099103332	0.223722174764	0.329463034868	0.48730006814	0.694400787354	0.938744485378	1.20133447647	1.45569610596	1.67355406284	1.827501297	1.89724159241	1.87430906296	1.76373946667	1.58339071274	1.36073827744	1.12728691101	0.912062644958	0.734671533108	0.598932266235	0.489526003599	0.373935073614	0.213721737266	0	0	0	0	0	0	0.0322032310069	0.409189760685	1.90043282509	5.37385368347	10.6936340332	15.7630367279	17.3233127594	13.7014341354	6.94344329834	1.49022877216
Mar 10 2023 19:42:34	-1.00000001505e+30	-1.00000001505e+30	-1.00000001505e+30	-1.00000002538e+26	-1.00000001505e+30	-1.00000001505e+30	94.2012405396	-	0	0	0	0	0	0	0	0	0	0	0	0	0	0	0	0	0	0	0	0	0	0	0	0	0	0	0	0	0	0	0	0	0	0	0	0	0	0	0	0	0	0	0	0	0	0	0	0	0	0	0	0	0	0	0	0	0	0	0	0
Mar 10 2023 19:42:35	11.6204996109	480.190368652	743.864501953	0.000649438821711	437.788208008	9.62069702148	89.2126312256	-	0.0291866771877	0.0583017878234	0.0870312675834	0.115054860711	0.142045050859	0.167665019631	0.191565006971	0.213376149535	0.232700973749	0.249098449945	0.262060374022	0.270982891321	0.275150537491	0.273734539747	0.265861153603	0.25081256032	0.228460967541	0.199973404408	0.168661534786	0.140459254384	0.123339638114	0.12554705143	0.154290378094	0.215961322188	0.314545989037	0.448581755161	0.612700283527	0.795059025288	0.98036891222	1.15000963211	1.28605115414	1.37298607826	1.40092694759	1.36743140221	1.27780854702	1.14476573467	0.987059056759	0.826521039009	0.683468401432	0.570584654808	0.486921608448	0.415039539337	0.324230372906	0.183033227921	0	0	0	0	0	0.0494441837072	0.497195780277	1.76919591427	4.20779371262	7.74050045013	11.6238088608	14.5308656693	15.0914564133	12.6750278473	7.942964077	2.80233407021
Mar 10 2023 19:42:36	10.6383590698	440.667907715	720.081604004	0.00108371907845	390.998779297	11.6448926926	81.5790252686	-	0.0163755826652	0.0328951738775	0.0496988259256	0.066920183599	0.0846824347973	0.103091679513	0.122226215899	0.142119303346	0.162732407451	0.18391290307	0.205326125026	0.226362586021	0.246049836278	0.262947738171	0.275124520063	0.280297368765	0.276328831911	0.262200713158	0.239386066794	0.212966531515	0.19144359231	0.184687361121	0.202160075307	0.253605663776	0.348344087601	0.491081684828	0.682111799717	0.91465908289	1.17593300343	1.44584536552	1.70028483868	1.91214621067	2.05577254295	2.1115591526	2.06968617439	1.9331792593	1.71911859512	1.45655548573	1.18076074123	0.924461960793	0.707687199116	0.530297279358	0.371526569128	0.200874596834	0	0	0	0	0	0.0765257626772	0.605550289154	1.97262406349	4.41214036942	7.71363735199	11.071598053	13.2760896683	13.2561969757	10.7197952271	6.47534561157	2.20506978035
Mar 10 2023 19:42:37	9.19937801361	466.953338623	726.087219238	0.000889543211088	399.375549316	8.47027873993	82.9509658813	-	0.0318183414638	0.0633429437876	0.0942786484957	0.124328002334	0.153189823031	0.180556803942	0.206111863256	0.229522123933	0.250429719687	0.268437951803	0.283089339733	0.293839335442	0.300040334463	0.300938248634	0.295730978251	0.283747226	0.264843195677	0.240071415901	0.212541759014	0.188040971756	0.174763247371	0.181832954288	0.218016773462	0.29202875495	0.411679327488	0.580214262009	0.796172678471	1.05079329014	1.32879471779	1.60733890533	1.85970032215	2.05671882629	2.17197489738	2.18708896637	2.09572863579	1.90658962727	1.64401733875	1.34469676018	1.05019450188	0.796451449394	0.602412760258	0.462455958128	0.346544355154	0.212619453669	0.0272066425532	0	0	0	0	0.00137308228295	0.132864311337	0.813940346241	2.6352455616	5.95229244232	10.271188736	13.9889554977	15.0506210327	12.3936262131	7.0878663063	2.00110292435
Mar 10 2023 19:42:38	8.45189571381	465.38571167	721.844604492	0.000918624398764	393.167541504	8.09792423248	81.5440597534	-	0.032504722476	0.0647624954581	0.0965235084295	0.127533316612	0.157529950142	0.186239108443	0.213366612792	0.238586127758	0.261520445347	0.281712412834	0.298578858376	0.311351954937	0.319034695625	0.320366621017	0.313886523247	0.298186272383	0.272523403168	0.237882629037	0.198351994157	0.162092462182	0.14083878696	0.14748826623	0.19409802556	0.292367339134	0.452055037022	0.675612807274	0.958469331264	1.28494143486	1.63018679619	1.95947146416	2.2347779274	2.41817879677	2.48024225235	2.40743112564	2.20591950417	1.90217471123	1.5390393734	1.16686809063	0.832560479641	0.56891566515	0.386642605066	0.271347165108	0.186487957835	0.0865940898657	0	0	0	0	0	0.000403807382099	0.096209846437	0.67886954546	2.38049316406	5.66700363159	10.1168346405	14.0370264053	15.16751194	12.3594198227	6.86433029175	1.81666481495
Mar 10 2023 19:42:39	10.7016439438	473.601776123	744.653259277	0.000878693070263	421.684936523	8.76957988739	83.0866394043	-	0.0289680641145	0.057858042419	0.086588293314	0.115071408451	0.143210560083	0.170893624425	0.197983413935	0.224302425981	0.249608889222	0.273559093475	0.295647352934	0.315125048161	0.330927431583	0.341592043638	0.345261693001	0.33985555172	0.323586672544	0.295928031206	0.258920073509	0.218149527907	0.182375490665	0.161374911666	0.16418902576	0.199720218778	0.275609642267	0.394279927015	0.553981184959	0.746113419533	0.957572817802	1.1701335907	1.36418676376	1.52006030083	1.62156093121	1.65854024887	1.62805426121	1.53475737572	1.39053225517	1.21319723129	1.0239751339	0.842966258526	0.682640135288	0.541907668114	0.404782831669	0.247642442584	0.054333679378	0	0	0	0	0.0458056926727	0.41889116168	1.50098395348	3.65141153336	6.90292882919	10.6665763855	13.7106533051	14.6055440903	12.5307445526	7.97760868073	2.84133768082
Mar 10 2023 19:42:40	7.09086847305	440.931365967	725.289001465	0.0010162028484	372.663330078	6.78046274185	75.964263916	-	0.0378456711769	0.0754991471767	0.112763941288	0.149436637759	0.185302436352	0.220128118992	0.253650426865	0.285557746887	0.31546163559	0.342852383852	0.367028862238	0.387006491423	0.401441991329	0.408563286066	0.406226843596	0.392226278782	0.36508372426	0.325445711613	0.277894258499	0.232191666961	0.202527597547	0.204267427325	0.251365423203	0.357017040253	0.531359136105	0.775102257729	1.08099794388	1.42887854576	1.78948366642	2.12409186363	2.39255142212	2.55734276772	2.59243798256	2.49006700516	2.26310229301	1.94379389286	1.57820558548	1.21659910679	0.90294778347	0.665405154228	0.509499967098	0.416294753551	0.346351206303	0.253417134285	0.102908745408	0	0	0	0	0.00498833181337	0.18823005259	0.943879246712	2.72994709015	5.73042869568	9.43742179871	12.5460672379	13.471777916	11.3552503586	6.87854576111	2.19585347176
Mar 10 2023 19:42:41	7.72115182877	451.097381592	711.321228027	0.00108039390761	386.030700684	6.67945051193	76.7925186157	-	0.0441644862294	0.0878309980035	0.130499526858	0.171666771173	0.210824161768	0.247454434633	0.281026422977	0.310986638069	0.336746603251	0.357663601637	0.373011350632	0.381946504116	0.383495807648	0.376571565866	0.360091537237	0.333298802376	0.296416789293	0.25168761611	0.204590961337	0.164480596781	0.143647313118	0.154681682587	0.208569690585	0.314983069897	0.479772537947	0.700358092785	0.967863023281	1.26291322708	1.55991494656	1.82727241516	2.03411626816	2.1537091732	2.16974639893	2.08030438423	1.89825928211	1.64925456047	1.36724567413	1.08808600903	0.842882215977	0.651249349117	0.515546143055	0.418349534273	0.32530644536	0.197111740708	0.00736136874184	0	0	0	0	0.00244846311398	0.182829976082	1.03756856918	3.15275835991	6.7119178772	10.9401855469	14.1022205353	14.3978643417	11.2923069	6.17930412292	1.67763566971
Mar 10 2023 19:42:42	6.26193618774	309.447814941	693.259338379	0.00122498814017	295.330200195	6.30538606644	68.5505065918	-	0.0369462259114	0.073804423213	0.110479906201	0.146867156029	0.182843059301	0.218255773187	0.252906769514	0.286522179842	0.318708449602	0.348883032799	0.376164108515	0.399225622416	0.416175097227	0.424434006214	0.42080706358	0.401926875114	0.365432649851	0.312085270882	0.248564526439	0.189494952559	0.156513795257	0.173458755016	0.26235973835	0.444416761398	0.736745893955	1.14176213741	1.64805686474	2.22236156464	2.81439685822	3.35663485527	3.77877235413	4.01557636261	4.02355718613	3.79360771179	3.35468316078	2.76980876923	2.12365865707	1.50325405598	0.979299485683	0.59255361557	0.348134577274	0.218960806727	0.155372142792	0.104236066341	0.0279132016003	0	0	0	0.000497402041219	0.159275189042	0.700388073921	1.81482934952	3.56433057785	5.75557851791	7.8998541832	9.31946277618	9.40115737915	7.90408611298	5.15791463852	2.046002388
Mar 10 2023 19:42:43	6.43646669388	365.213562012	699.97052002	0.00108975253534	320.288421631	6.49840736389	72.4359130859	-	0.0366215482354	0.0731443762779	0.109463766217	0.145465314388	0.181018784642	0.215968236327	0.25011575222	0.283195912838	0.314835846424	0.34449326992	0.371357291937	0.394218802452	0.411361038685	0.420452803373	0.418611466885	0.402802497149	0.3708948493	0.323548316956	0.266694396734	0.213298022747	0.182446330786	0.194998756051	0.27003005147	0.425692558289	0.676160097122	1.02247786522	1.45399045944	1.9413766861	2.4417014122	2.89833950996	3.25325012207	3.45334625244	3.46373915672	3.27738404274	2.91768860817	2.43543100357	1.89936125278	1.38136589527	0.941524624825	0.616076946259	0.410822033882	0.301966667175	0.243397012353	0.183817878366	0.0859252810478	0	0	0	0	0.0783952251077	0.517642140388	1.60724151134	3.52271533012	6.10650587082	8.75688648224	10.5588521957	10.6709499359	8.80152797699	5.48473978043	1.97465848923
Mar 10 2023 19:42:44	7.35746669769	402.685272217	708.050537109	0.000774713873398	346.810913086	7.67223167419	82.0042877197	-	0.0301111862063	0.0601740553975	0.0901353359222	0.119933716953	0.149494737387	0.178722634912	0.207486838102	0.235600680113	0.262788414955	0.288633435965	0.312496006489	0.333404898643	0.349964737892	0.360263824463	0.361918658018	0.352390021086	0.32983225584	0.294618189335	0.251346856356	0.210268393159	0.18654383719	0.196734949946	0.255965709686	0.378665179014	0.576192617416	0.849790990353	1.19195818901	1.58108747005	1.98543202877	2.3627038002	2.66887593269	2.86254620552	2.91451644897	2.81503200531	2.5762963295	2.23127651215	1.828171134	1.42070579529	1.05721616745	0.770319640636	0.569430232048	0.438803493977	0.341935813427	0.235771805048	0.0891794189811	0	0	0	0	0.0479863323271	0.448470175266	1.55696320534	3.62506127357	6.5245680809	9.57557296753	11.6834230423	11.8247108459	9.66052818298	5.87776613235	2.01020050049
Mar 10 2023 19:42:45	9.13094520569	492.460998535	730.929992676	0.0012003906304	425.304779053	7.92865228653	76.7659683228	-	0.0345220342278	0.0687940642238	0.102563261986	0.135572224855	0.16755618155	0.198238134384	0.227321505547	0.254478037357	0.279329329729	0.301417827606	0.320161521435	0.334795534611	0.344326525927	0.347495704889	0.342833012342	0.328890621662	0.304811269045	0.271307736635	0.231906026602	0.193752914667	0.16699925065	0.162472307682	0.189889326692	0.258303403854	0.374377906322	0.538187563419	0.744660198689	0.980198204517	1.22568392754	1.45613384247	1.64573252201	1.77019011974	1.81197452545	1.76428127289	1.63269579411	1.43515241146	1.19956672192	0.958753108978	0.743734419346	0.576119363308	0.461011707783	0.383202642202	0.308915197849	0.196948975325	0.0162031799555	0	0	0	0	0	0.0560925118625	0.52732026577	2.12466192245	5.52907085419	10.50045681	15.2061910629	16.8720970154	13.8788700104	7.60784435272	1.90594398975
Mar 10 2023 19:42:46	9.32936477661	438.680206299	727.409118652	0.000814624596387	393.43572998	7.91250419617	83.1144943237	-	0.0333507098258	0.0665293559432	0.0993604883552	0.131663173437	0.163247615099	0.19390937686	0.223420396447	0.251514434814	0.277864545584	0.302047669888	0.323488503695	0.341385096312	0.35464438796	0.361816227436	0.361118078232	0.350639432669	0.328903585672	0.295886576176	0.254372894764	0.210947141051	0.175567939878	0.159290537238	0.17241358757	0.225072190166	0.325998723507	0.478114515543	0.67925041914	0.91893774271	1.18026471138	1.43888795376	1.66741633415	1.83739173412	1.9250638485	1.91679561138	1.81252169609	1.62735188007	1.39008200169	1.1375644207	0.906099259853	0.721725106239	0.591980457306	0.502543330193	0.420779675245	0.309519261122	0.14577279985	0	0	0	0	0.155080512166	0.820602834225	2.30152392387	4.72597742081	7.82855129242	10.8782176971	12.8574476242	12.8775377274	10.6524658203	6.76076030731	2.5493311882
Mar 10 2023 19:42:47	7.34116888046	414.274597168	710.481079102	0.00121519167442	359.123962402	7.00618696213	72.148109436	-	0.0353581868112	0.0705985277891	0.105598688126	0.140229046345	0.174348071218	0.20779491961	0.24037720263	0.271851688623	0.301894277334	0.330053001642	0.355673104525	0.377797812223	0.395082086325	0.40570423007	0.40739685297	0.397716641426	0.374788612127	0.338658690453	0.293099105358	0.246935382485	0.213491305709	0.207554385066	0.242873206735	0.332894951105	0.489000409842	0.714326381683	1.00461220741	1.34371125698	1.70633423328	2.05707526207	2.35717773438	2.56762313843	2.65717458725	2.60932469368	2.42608237267	2.12922096252	1.75779128075	1.36103498936	0.988321483135	0.677949905396	0.447522997856	0.289521455765	0.174030482769	0.0621824227273	0	0	0	0	0	0.0724849626422	0.545230388641	1.76875054836	3.9725985527	6.98761177063	10.0888834	12.1582736969	12.1893920898	9.89081573486	5.99261188507	2.04555892944
Mar 10 2023 19:42:48	-1.00000001505e+30	-1.00000001505e+30	-1.00000001505e+30	-1.00000002538e+26	-1.00000001505e+30	-1.00000001505e+30	96.6050338745	-	0	0	0	0	0	0	0	0	0	0	0	0	0	0	0	0	0	0	0	0	0	0	0	0	0	0	0	0	0	0	0	0	0	0	0	0	0	0	0	0	0	0	0	0	0	0	0	0	0	0	0	0	0	0	0	0	0	0	0	0
Mar 10 2023 19:42:49	8.73117351532	464.768310547	728.460693359	0.000899123668205	400.179962158	8.90288162231	81.708366394	-	0.025357786566	0.0507448390126	0.0761860385537	0.101699188352	0.127290517092	0.152947366238	0.178626418114	0.204234659672	0.229600206017	0.254426002502	0.278216272593	0.300177723169	0.319130986929	0.333414077759	0.340892106295	0.339179426432	0.326293617487	0.301862835884	0.268743991852	0.234200969338	0.20936602354	0.206488743424	0.236726522446	0.310819387436	0.437410235405	0.617933213711	0.847996115685	1.11363613605	1.3944542408	1.66303157806	1.89043676853	2.04859542847	2.1160299778	2.0823931694	1.95069503784	1.73786377907	1.47287023067	1.19176220894	0.930493533611	0.716344416142	0.559712052345	0.449365884066	0.35378921032	0.232715860009	0.0557266622782	0	0	0	0	0.00435960479081	0.181180909276	0.961816430092	2.88670349121	6.20617580414	10.3582286835	13.821606636	14.7538366318	12.2282352448	7.17513418198	2.1528429985
Mar 10 2023 19:42:50	7.42860460281	426.294281006	720.639282227	0.00156138034072	373.314605713	6.38087129593	67.1236343384	-	0.0461816191673	0.0918555930257	0.136511698365	0.179635554552	0.220706015825	0.25919097662	0.29454061389	0.326176524162	0.353475630283	0.375744968653	0.392183244228	0.401834964752	0.403566241264	0.396067738533	0.377975076437	0.348215579987	0.306746244431	0.255750328302	0.201080650091	0.153087005019	0.125668600202	0.133309960365	0.188853666186	0.303865998983	0.485963970423	0.733163416386	1.03574717045	1.37138581276	1.70963549614	2.01230955124	2.24192380905	2.36614871025	2.36604428291	2.24124503136	2.0102853775	1.7073956728	1.37597537041	1.0596511364	0.793816506863	0.598383486271	0.472923755646	0.396058380604	0.330050200224	0.234250798821	0.0831244364381	0	0	0	0	0.0799827873707	0.594641447067	1.88077950478	4.13537931442	7.16649580002	10.2688951492	12.3769454956	12.5107107162	10.3262987137	6.44116401672	2.32100057602
Mar 10 2023 19:42:51	7.39447927475	332.99319458	699.08972168	0.000507461896632	310.141784668	7.85281515121	87.9565734863	-	0.0283347759396	0.05665095523	0.0849235281348	0.11311712116	0.141179442406	0.16903065145	0.196546033025	0.223528549075	0.24966622889	0.274465471506	0.297144949436	0.316495925188	0.330763310194	0.337527275085	0.333762258291	0.31624764204	0.282667517662	0.233583435416	0.175031080842	0.120361454785	0.0892853289843	0.103341750801	0.182233884931	0.344785094261	0.605859160423	0.967106699944	1.41833078861	1.93030261993	2.45959496498	2.9484539032	3.33722448349	3.57091832161	3.61287403107	3.45468449593	3.11872959137	2.65467453003	2.12960529327	1.61309337616	1.16280722618	0.813625216484	0.572291076183	0.419075548649	0.315273582935	0.219437345862	0.104792416096	0	0	0	0.0499042756855	0.379632264376	1.15494263172	2.48979258537	4.34044504166	6.44486379623	8.33855056763	9.4679069519	9.37809085846	7.91115856171	5.32500505447	2.29028010368
Mar 10 2023 19:42:52	8.67998600006	471.325714111	733.335632324	0.000593210803345	405.075073242	8.43812179565	88.3721923828	-	0.0320452153683	0.0638084635139	0.0950051024556	0.125346168876	0.154535710812	0.182266324759	0.208212062716	0.232017323375	0.253279417753	0.27152210474	0.286154001951	0.296417236328	0.301353394985	0.29978749156	0.290416240692	0.27209803462	0.244503557682	0.209195613861	0.170956045389	0.138577729464	0.124052911997	0.139915138483	0.197235330939	0.305991917849	0.472745984793	0.695701956749	0.966503083706	1.26600289345	1.5682451725	1.84061121941	2.05076646805	2.17016506195	2.18085217476	2.08005690575	1.8812097311	1.61239266396	1.31186294556	1.02069234848	0.774398982525	0.594593286514	0.482587099075	0.417499393225	0.360021233559	0.26529365778	0.100968204439	0	0	0	0	0.00138887378853	0.143808677793	0.845798671246	2.66485023499	5.92032241821	10.1404390335	13.8289842606	15.0352745056	12.6466093063	7.50015735626	2.26451349258
Mar 10 2023 19:42:53	7.79362726212	446.681793213	726.331237793	0.00134484784212	380.977752686	7.04832363129	70.8181762695	-	0.0371931046247	0.0741699114442	0.11071061343	0.146589651704	0.181572258472	0.215408459306	0.247823700309	0.278503715992	0.307071208954	0.333049297333	0.355803817511	0.37446719408	0.387875527143	0.394508570433	0.392532080412	0.380043327808	0.355712175369	0.319923043251	0.27628159523	0.232700660825	0.200895994902	0.193801760674	0.223440676928	0.301511257887	0.437810748816	0.634907782078	0.888990223408	1.18604183197	1.50448048115	1.81438529491	2.08332324028	2.27885770798	2.37502503395	2.35767626762	2.22725343704	1.99974548817	1.705037117	1.38200092316	1.07121360302	0.805978298187	0.603070378304	0.456667453051	0.338730573654	0.21029342711	0.0404268875718	0	0	0	0	0.0104254893959	0.229913279414	1.05711185932	2.93808197975	6.0243268013	9.77232265472	12.8606214523	13.7155847549	11.5067739487	6.94785499573	2.21346664429
Mar 10 2023 19:42:54	9.77913188934	471.476928711	734.426452637	0.00140639906749	414.334625244	9.25054264069	74.8958892822	-	0.0261775515974	0.0523242503405	0.0784050002694	0.104377813637	0.130189448595	0.155768319964	0.181013032794	0.20577390492	0.229824453592	0.25281649828	0.274208247662	0.293167948723	0.308486282825	0.318480163813	0.320997983217	0.313629686832	0.294338017702	0.262641638517	0.221231043339	0.177214846015	0.141743555665	0.127408012748	0.146017089486	0.209263682365	0.327316403389	0.503166377544	0.733044147491	1.0025049448	1.28876435757	1.56020057201	1.78315806389	1.92548465729	1.96459782124	1.89385414124	1.72486102581	1.48619496822	1.217908144	0.962113380432	0.752922177315	0.607780754566	0.52206748724	0.468960821629	0.405345708132	0.287431210279	0.090509802103	0	0	0	0	0.0115857776254	0.264118462801	1.20564234257	3.3147919178	6.72374200821	10.8011016846	14.095954895	14.9284677505	12.4540061951	7.48785305023	2.3790512085
Mar 10 2023 19:42:55	4.73929166794	351.285644531	688.462097168	0.000424281490268	304.761352539	5.35131549835	85.2666702271	-	0.0418113805354	0.0837248638272	0.125834569335	0.168221712112	0.210946381092	0.254034310579	0.29745516181	0.341088145971	0.384668260813	0.427702158689	0.469332993031	0.508159160614	0.54206931591	0.568059206009	0.582236349583	0.580201923847	0.558209240437	0.515330374241	0.456395804882	0.394203186035	0.348683565855	0.342020124197	0.394592046738	0.526146769524	0.752832770348	1.07727015018	1.49042308331	1.96456718445	2.45885801315	2.91864681244	3.28716516495	3.51112556458	3.5532348156	3.40157961845	3.07289552689	2.61092400551	2.07893466949	1.54674255848	1.07667815685	0.71120673418	0.464310646057	0.319204479456	0.232831254601	0.151605561376	0.0316128022969	0	0	0	0	0.00138558715116	0.148454174399	0.825337529182	2.45137429237	5.13761472702	8.31579399109	10.7430477142	11.1001329422	8.90814399719	5.06317853928	1.47177219391
Mar 10 2023 19:42:56	8.01718521118	427.763000488	703.713745117	0.000847055576742	359.138916016	7.73482942581	81.4789505005	-	0.0323999673128	0.0646164938807	0.0964629352093	0.127747401595	0.158269539475	0.187815129757	0.216147482395	0.242993727326	0.268023401499	0.290815532207	0.310806304216	0.327220916748	0.339019775391	0.34485077858	0.343102216721	0.332153409719	0.311000883579	0.280354380608	0.244055941701	0.210060551763	0.189873442054	0.196044430137	0.24017906189	0.333518058062	0.485393583775	0.698459863663	0.969621419907	1.28636145592	1.62891209126	1.96911394596	2.27507185936	2.5129108429	2.65248703957	2.67289471626	2.5665667057	2.34251022339	2.02736902237	1.66258239746	1.29686152935	0.97448348999	0.721951007843	0.538507461548	0.395495504141	0.249082624912	0.0620507635176	0	0	0	0	0.00185183074791	0.161236435175	0.932385027409	2.8572473526	6.11866760254	10.028878212	13.0025196075	13.3505430222	10.521730423	5.77735280991	1.57138049603
Mar 10 2023 19:42:57	5.80129766464	28.4561061859	654.294921875	0.000392529531382	244.219284058	6.33743286133	87.6090087891	-	0.0310910977423	0.0623047798872	0.0937555357814	0.125544726849	0.157752335072	0.190423503518	0.223546564579	0.257018387318	0.290590196848	0.323782980442	0.355752706528	0.385111510754	0.409773170948	0.426793903112	0.432429462671	0.422622621059	0.394344180822	0.348027318716	0.290805280209	0.238866329193	0.216382652521	0.249959528446	0.364047944546	0.582120537758	0.922965049744	1.38892936707	1.96755433083	2.62279582024	3.30113124847	3.93117022514	4.43877410889	4.75457286835	4.83018350601	4.65009117126	4.2352180481	3.64015316963	2.94361519814	2.23305559158	1.58834755421	1.06693947315	0.693074405193	0.454469114542	0.307046502829	0.192393869162	0.0598854981363	0	0	0	0	0.000155118526891	0.0966062322259	0.613154292107	1.91904509068	4.11741828918	6.72192573547	8.67551422119	8.88139820099	6.99270820618	3.84122252464	1.04563856125
Mar 10 2023 19:42:58	6.90209627151	400.873291016	687.310180664	0.00074943137588	328.657806396	7.33013057709	81.449798584	-	0.0302554927766	0.0605077259243	0.0907474383712	0.120955638587	0.151097521186	0.181112408638	0.210897624493	0.240282639861	0.268989175558	0.29656842351	0.322301536798	0.345067620277	0.363230228424	0.374522298574	0.376093000174	0.364877849817	0.338606625795	0.297625631094	0.247313946486	0.199829623103	0.173289820552	0.187613636255	0.261107593775	0.411355406046	0.652463436127	0.986371815205	1.40405881405	1.87897741795	2.37142252922	2.82811713219	3.19341278076	3.41509032249	3.4569606781	3.30845713615	2.98777508736	2.53969311714	2.02744483948	1.51930058002	1.07444441319	0.730789899826	0.497261762619	0.352837532759	0.252368956804	0.143210560083	0	0	0	0	0	1.34535946472e-06	0.0735949128866	0.603687405586	2.197961092	5.23186922073	9.15922641754	12.3049602509	12.7408800125	9.83948802948	5.0974521637	1.21617150307
Mar 10 2023 19:42:59	7.62514591217	450.126312256	724.253845215	0.000543668284081	380.326873779	7.97604036331	87.3103942871	-	0.0281936395913	0.0564335435629	0.0847600549459	0.113203935325	0.141780301929	0.170478790998	0.199247524142	0.227967694402	0.256413817406	0.284191757441	0.310639470816	0.334694981575	0.354779422283	0.368672698736	0.373538434505	0.366246014833	0.344287961721	0.307455152273	0.260056614876	0.212494462729	0.180427744985	0.180890887976	0.22921140492	0.339864552021	0.523822724819	0.781251788139	1.10348272324	1.46735668182	1.83997058868	2.17854499817	2.4397687912	2.58463835716	2.58837223053	2.44748282433	2.18158221245	1.83076786995	1.44802308083	1.08732032776	0.791648566723	0.583384215832	0.459173589945	0.391097038984	0.333453774452	0.238344907761	0.0738814845681	0	0	0	0	0.00159938831348	0.148496106267	0.852653026581	2.63730311394	5.76371145248	9.72350883484	13.0766944885	14.043797493	11.6954374313	6.88673782349	2.07076120377
Mar 10 2023 19:43:00	10.8147697449	491.289642334	746.042724609	0.000730809173547	436.191894531	8.46926021576	87.1058654785	-	0.0355931483209	0.0707670226693	0.105101205409	0.138173505664	0.169558748603	0.198827013373	0.225540652871	0.249249666929	0.269484937191	0.285747379065	0.297492325306	0.304111659527	0.304928898811	0.299212425947	0.286251932383	0.265556037426	0.237255871296	0.202750831842	0.165493458509	0.131469830871	0.108767554164	0.106041401625	0.131291434169	0.192079722881	0.294312924147	0.438883990049	0.622066795826	0.832778871059	1.05411458015	1.26297545433	1.43457591534	1.54494380951	1.57678103447	1.52453219891	1.39678907394	1.21610271931	1.01532232761	0.830193519592	0.690449416637	0.611218690872	0.5867639184	0.589053869247	0.572580993176	0.489029049873	0.306778311729	0.0325862392783	0	0	0	0.00276511628181	0.181403577328	0.98145121336	2.95107007027	6.36791133881	10.7303037643	14.5561132431	15.9096460342	13.6075305939	8.33161735535	2.67660832405
Mar 10 2023 19:43:01	7.71939325333	434.058685303	719.212097168	0.00085029512411	363.369445801	9.70480537415	81.5623168945	-	0.0168255846947	0.0339391864836	0.0516225881875	0.0701474621892	0.0897689983249	0.110715478659	0.133171334863	0.157250195742	0.182952702045	0.210100367665	0.238229259849	0.266446143389	0.293295145035	0.316604286432	0.333470523357	0.340521931648	0.334764420986	0.315194606781	0.285015672445	0.25334200263	0.234653025866	0.245202168822	0.299998611212	0.413724780083	0.598688066006	0.857464134693	1.18412482738	1.55913174152	1.95318603516	2.32656097412	2.63730072975	2.84481859207	2.91849327087	2.84435272217	2.62807750702	2.29540419579	1.88900005817	1.4611312151	1.0636613369	0.736755609512	0.498700231314	0.340732455254	0.229184940457	0.118828356266	0	0	0	0	0	0.00278733158484	0.152248457074	0.831875860691	2.529941082	5.49356079102	9.25113677979	12.4454860687	13.3798656464	11.1532096863	6.57109117508	1.9762442112
Mar 10 2023 19:43:02	-1.00000001505e+30	-1.00000001505e+30	-1.00000001505e+30	-1.00000002538e+26	-1.00000001505e+30	-1.00000001505e+30	90.8114929199	-	0	0	0	0	0	0	0	0	0	0	0	0	0	0	0	0	0	0	0	0	0	0	0	0	0	0	0	0	0	0	0	0	0	0	0	0	0	0	0	0	0	0	0	0	0	0	0	0	0	0	0	0	0	0	0	0	0	0	0	0
Mar 10 2023 19:43:03	-1.00000001505e+30	-1.00000001505e+30	-1.00000001505e+30	-1.00000002538e+26	-1.00000001505e+30	-1.00000001505e+30	93.7113952637	-	0	0	0	0	0	0	0	0	0	0	0	0	0	0	0	0	0	0	0	0	0	0	0	0	0	0	0	0	0	0	0	0	0	0	0	0	0	0	0	0	0	0	0	0	0	0	0	0	0	0	0	0	0	0	0	0	0	0	0	0
Mar 10 2023 19:43:04	9.15976715088	426.232849121	722.237487793	0.00067531777313	379.624542236	7.80129623413	85.7217941284	-	0.0340100191534	0.0678304061294	0.101267755032	0.134122595191	0.166185513139	0.197230935097	0.227006927133	0.255219072104	0.281505405903	0.305397003889	0.326255559921	0.343190073967	0.354984879494	0.360025107861	0.356322437525	0.341740995646	0.314623177052	0.274933695793	0.225802272558	0.17469586432	0.133039951324	0.113725244999	0.128993794322	0.191111430526	0.311147153378	0.493603259325	0.736521720886	1.02767682076	1.34600949287	1.66051781178	1.93609261513	2.13651943207	2.23261237144	2.20964503288	2.07134723663	1.84045863152	1.55476427078	1.25846922398	0.991883218288	0.781751036644	0.634089410305	0.532090783119	0.440440654755	0.319909930229	0.14679326117	0	0	0	0	0.154198810458	0.820154130459	2.28435206413	4.64949178696	7.63655519485	10.5348844528	12.3833913803	12.3573045731	10.2010183334	6.46847581863	2.43861079216
Mar 10 2023 19:43:05	10.6408853531	465.420227051	743.432006836	0.00111309892964	415.660552979	9.50113105774	80.3995742798	-	0.0262948255986	0.0525172576308	0.0785912573338	0.104434847832	0.129956409335	0.155048578978	0.17957828939	0.203371092677	0.226186469197	0.247679412365	0.267338573933	0.284403383732	0.297789126635	0.30600425601	0.307155132294	0.299127608538	0.280131667852	0.249723091722	0.210203841329	0.167715236545	0.13195155561	0.113962672651	0.124277256429	0.173547938466	0.271587431431	0.422698318958	0.625732541084	0.870859622955	1.14068973064	1.40919339657	1.64647340775	1.82114768028	1.90723967552	1.89075922966	1.77364206314	1.57489681244	1.32769751549	1.0718806982	0.844204425812	0.668761372566	0.549751639366	0.469402551651	0.39241835475	0.280342549086	0.110158018768	0	0	0	0	0.0697191134095	0.52119666338	1.71541082859	3.94254970551	7.14189624786	10.6821527481	13.4114685059	14.0882415771	12.0574111938	7.7840514183	2.89937567711
Mar 10 2023 19:43:06	8.92890548706	417.367034912	725.771789551	0.00074335874524	375.59664917	8.29224586487	84.8507537842	-	0.0307167451829	0.0612931624055	0.0915848612785	0.121440909803	0.150699675083	0.179182097316	0.206680715084	0.232942327857	0.257640957832	0.280335426331	0.300402194262	0.316945821047	0.32872197032	0.33405828476	0.330884426832	0.316979587078	0.290653377771	0.251987010241	0.204500973225	0.156412795186	0.120201617479	0.109878964722	0.138676136732	0.219731897116	0.364622414112	0.577362120152	0.854500949383	1.18075883389	1.53076446056	1.86811542511	2.15246415138	2.34333372116	2.40971946716	2.33857011795	2.13891601563	1.84168553352	1.494094491	1.1487326622	0.851224184036	0.629449307919	0.486836403608	0.402313649654	0.33706343174	0.250842481852	0.120586551726	0	0	0	0.0173523947597	0.310746878386	1.12741136551	2.66707992554	4.94305944443	7.66163301468	10.2097835541	11.8036003113	11.7753667831	9.8916759491	6.53985881805	2.69792366028
Mar 10 2023 19:43:07	13.1055555344	494.797332764	743.171386719	0.000811146979686	451.00100708	10.3398532867	87.4436569214	-	0.0267552789301	0.0534743405879	0.0799040049314	0.105785243213	0.130851790309	0.154827460647	0.17742164433	0.198321953416	0.217182487249	0.233605802059	0.247113734484	0.257110744715	0.262856960297	0.263449281454	0.25786781311	0.245149180293	0.224792659283	0.197449699044	0.165789499879	0.135048821568	0.112579479814	0.106205359101	0.12296872586	0.169431507587	0.250459313393	0.366319268942	0.513690769672	0.683321595192	0.862097561359	1.0327796936	1.17741298676	1.27886068821	1.32427406311	1.30772554874	1.23140740395	1.10596036911	0.94961887598	0.785612761974	0.637621641159	0.523058474064	0.445532888174	0.390001326799	0.324240326881	0.210346728563	0.0235624276102	0	0	0	0	0.00809819996357	0.259368538857	1.25567054749	3.55309033394	7.32439851761	11.8574876785	15.4982271194	16.3699359894	13.5928897858	8.13466358185	2.57633161545
Mar 10 2023 19:43:08	-1.00000001505e+30	-1.00000001505e+30	-1.00000001505e+30	-1.00000002538e+26	-1.00000001505e+30	-1.00000001505e+30	91.3857727051	-	0	0	0	0	0	0	0	0	0	0	0	0	0	0	0	0	0	0	0	0	0	0	0	0	0	0	0	0	0	0	0	0	0	0	0	0	0	0	0	0	0	0	0	0	0	0	0	0	0	0	0	0	0	0	0	0	0	0	0	0
Mar 10 2023 19:43:09	7.67160701752	399.916168213	705.09552002	0.000520629051607	345.679870605	7.92052602768	87.7312164307	-	0.028538538143	0.0570708364248	0.0855856388807	0.114063583314	0.142472088337	0.170756950974	0.198828935623	0.226542055607	0.253660172224	0.27980452776	0.304369926453	0.326413422823	0.344556510448	0.356882542372	0.360963225365	0.35414364934	0.334342956543	0.301517486572	0.259614169598	0.217998430133	0.190828636289	0.193751603365	0.241205334663	0.347216933966	0.523417174816	0.772484719753	1.08925819397	1.45587706566	1.84494590759	2.21868538857	2.53633618355	2.75767993927	2.85173535347	2.80395293236	2.61966013908	2.32429218292	1.95945000648	1.5744702816	1.21598660946	0.917516291142	0.691264569759	0.525157511234	0.386708468199	0.237314537168	0.0511658079922	0	0	0	0	0.0494527965784	0.482733607292	1.65580105782	3.78871703148	6.70439147949	9.69319438934	11.6805438995	11.7054004669	9.49091815948	5.7429766655	1.9573841095
Mar 10 2023 19:43:10	-1.00000001505e+30	-1.00000001505e+30	-1.00000001505e+30	-1.00000002538e+26	-1.00000001505e+30	-1.00000001505e+30	90.8363952637	-	0	0	0	0	0	0	0	0	0	0	0	0	0	0	0	0	0	0	0	0	0	0	0	0	0	0	0	0	0	0	0	0	0	0	0	0	0	0	0	0	0	0	0	0	0	0	0	0	0	0	0	0	0	0	0	0	0	0	0	0
Mar 10 2023 19:43:11	7.44462919235	411.024261475	710.206481934	0.00152253580745	350.221435547	7.69249582291	68.5740966797	-	0.0315640605986	0.0629711970687	0.0940605551004	0.124664910138	0.154606685042	0.183691427112	0.211697250605	0.238358139992	0.263337939978	0.286190271378	0.306294798851	0.322774976492	0.334433823824	0.339698821306	0.336692869663	0.32355093956	0.299201279879	0.264722079039	0.225082695484	0.190313190222	0.174726754427	0.193732902408	0.261314868927	0.390623658895	0.591624319553	0.864783883095	1.20248174667	1.58399510384	1.97930407524	2.34881258011	2.65145277977	2.84860491753	2.91262507439	2.83313775063	2.61912846565	2.29792380333	1.91072583199	1.5050085783	1.12602329254	0.808271944523	0.56807667017	0.3995411098	0.275624155998	0.158520698547	0.0162669122219	0	0	0	0	0.0224115215242	0.324833035469	1.29344177246	3.26895713806	6.23125982285	9.5291967392	11.952709198	12.2756643295	10.0338888168	5.99878692627	1.95261096954
Mar 10 2023 19:43:12	7.70320081711	469.765167236	713.717590332	0.000656312739011	387.799621582	7.49606561661	84.8586349487	-	0.0334651246667	0.0667737945914	0.0997661948204	0.132277101278	0.164132386446	0.195143565536	0.225098669529	0.253747880459	0.280781596899	0.305795520544	0.328236222267	0.347329825163	0.362024664879	0.370939284563	0.372412592173	0.364753544331	0.346870213747	0.319366663694	0.285944312811	0.254319548607	0.235538855195	0.241374403238	0.282344609499	0.368250310421	0.506305277348	0.696708142757	0.934496819973	1.20600354671	1.49224066734	1.76825070381	2.00768589973	2.18449878693	2.27734231949	2.27309846878	2.16908550262	1.97470986843	1.71178340912	1.4123288393	1.1132017374	0.847504198551	0.634487807751	0.471802949905	0.334304094315	0.183632478118	0	0	0	0	0	0	0.0262646637857	0.348858058453	1.66441822052	4.80062961578	9.69514274597	14.4465122223	15.999458313	12.7220335007	6.4694070816	1.39110720158
Mar 10 2023 19:43:13	6.99235630035	421.73739624	717.306152344	0.000913160969503	363.293426514	6.72222280502	77.3003768921	-	0.0364233069122	0.0727743506432	0.108975581825	0.144940927625	0.180570363998	0.215741172433	0.25029361248	0.284008353949	0.316570967436	0.347516834736	0.376142710447	0.401389092207	0.421736478806	0.435095369816	0.438830196857	0.43005117774	0.4064424932	0.367778390646	0.317946463823	0.266420394182	0.227597638965	0.217371687293	0.250363558531	0.34076949954	0.50032544136	0.731709837914	1.02976238728	1.37651574612	1.74434161186	2.09496831894	2.3868727684	2.57897853851	2.63985824585	2.55565595627	2.33407068253	2.00469207764	1.61444318295	1.21791803837	0.865838050842	0.594058334827	0.415198862553	0.315617710352	0.258622467518	0.197899594903	0.0960319191217	0	0	0	0	0.0512236617506	0.438620895147	1.52763211727	3.61070084572	6.60976028442	9.85829925537	12.2012453079	12.4977884293	10.3086338043	6.31684589386	2.17012000084
Mar 10 2023 19:43:14	8.2300195694	412.165130615	717.601867676	0.00104166870005	363.086303711	7.77059841156	78.1684875488	-	0.0329249985516	0.0656589344144	0.0980072766542	0.129769906402	0.1607375741	0.190686091781	0.219367161393	0.24649348855	0.271715849638	0.294587522745	0.314507603645	0.330647498369	0.341891080141	0.34678041935	0.343566715717	0.330468326807	0.306327134371	0.2717654109	0.230694532394	0.191374868155	0.165850147605	0.167302057147	0.207907989621	0.29941624403	0.451439976692	0.666108191013	0.938941419125	1.25481557846	1.5906046629	1.91453623772	2.19242691994	2.39059376717	2.48291873932	2.45655989647	2.31459832191	2.07632660866	1.77449381351	1.44921863079	1.14015448093	0.877920627594	0.676197528839	0.527428746223	0.404644429684	0.273314386606	0.109210297465	0	0	0	0	0.137584790587	0.742703974247	2.09246253967	4.30745363235	7.15206861496	9.96309185028	11.8060855865	11.8529882431	9.82445144653	6.24395036697	2.35626745224
Mar 10 2023 19:43:15	6.0350561142	34.2147407532	665.463928223	0.000610215007327	262.331481934	6.52641010284	82.5624542236	-	0.0324741229415	0.0649410113692	0.0973858088255	0.12978130579	0.162080198526	0.194202437997	0.226014643908	0.257297664881	0.287695914507	0.316638797522	0.343215793371	0.366013377905	0.382981449366	0.391308903694	0.387525737286	0.368051409721	0.33060157299	0.276669621468	0.214747875929	0.162540242076	0.145607605577	0.191532671452	0.325219273567	0.569904088974	0.942636668682	1.44208943844	2.05085945129	2.72581958771	3.4056327343	4.01131296158	4.4637670517	4.69318008423	4.65724563599	4.35348510742	3.82097959518	3.13388562202	2.38688921928	1.67485046387	1.07414102554	0.629051566124	0.345837712288	0.195720255375	0.124491460621	0.0724568739533	0	0	0	0	0	0.0535116419196	0.406892836094	1.32440567017	2.96419644356	5.17343378067	7.39504528046	8.81665229797	8.74706840515	7.0301733017	4.22549057007	1.43436598778
Mar 10 2023 19:43:16	7.03804016113	441.193817139	710.182495117	0.000894373108167	362.897857666	7.11756706238	79.9109802246	-	0.036876693368	0.0734674334526	0.10948150605	0.144620478153	0.178573310375	0.211008504033	0.24156139791	0.269813835621	0.295263260603	0.317274302244	0.335003614426	0.34730425477	0.352657914162	0.349130690098	0.334500908852	0.306721657515	0.264992028475	0.211559474468	0.153957039118	0.106364689767	0.0882784277201	0.120045498013	0.219447985291	0.402241438627	0.678014159203	1.04144454002	1.47524237633	1.94272041321	2.39532923698	2.77419185638	3.0243396759	3.1025660038	2.99041247368	2.70103001595	2.27719044685	1.78296160698	1.29035592079	0.863747835159	0.547847628593	0.360183060169	0.288822323084	0.295512646437	0.32298707962	0.310546189547	0.2126660496	0.0194354280829	0	0	0	0	0.0680367946625	0.574750244617	2.14674091339	5.25293922424	9.47711467743	13.1512880325	14.0998620987	11.320309639	6.15516281128	1.58610403538
Mar 10 2023 19:43:17	7.29502916336	403.451599121	699.567016602	0.000738861679565	341.528717041	8.63369941711	83.5902404785	-	0.0238638017327	0.0477648936212	0.0717352703214	0.0957983881235	0.119963742793	0.144218087196	0.168511256576	0.192733421922	0.216680064797	0.239997148514	0.262094020844	0.282029122114	0.298414230347	0.309321671724	0.312342554331	0.304942011833	0.285392612219	0.254431605339	0.217419460416	0.185823976994	0.176310777664	0.206841975451	0.293561547995	0.451509058475	0.691652417183	1.01307690144	1.40487217903	1.83999836445	2.28050065041	2.67770671844	2.98287200928	3.15254926682	3.15921425819	2.99842500687	2.6901974678	2.27615356445	1.81230711937	1.35808825493	0.96490073204	0.665619850159	0.467147260904	0.348882317543	0.268248945475	0.176639840007	0.0391402952373	0	0	0	0	0.0154637629166	0.281492114067	1.20702314377	3.17233538628	6.17703056335	9.53226280212	11.9467535019	12.1479129791	9.73494243622	5.63027143478	1.72462952137
Mar 10 2023 19:43:18	-1.00000001505e+30	-1.00000001505e+30	-1.00000001505e+30	-1.00000002538e+26	-1.00000001505e+30	-1.00000001505e+30	96.8902740479	-	0	0	0	0	0	0	0	0	0	0	0	0	0	0	0	0	0	0	0	0	0	0	0	0	0	0	0	0	0	0	0	0	0	0	0	0	0	0	0	0	0	0	0	0	0	0	0	0	0	0	0	0	0	0	0	0	0	0	0	0
Mar 10 2023 19:43:19	8.72455310822	460.816650391	719.427734375	0.000636083073914	388.249725342	8.61755466461	86.8206176758	-	0.0279738046229	0.0558595694602	0.0835654586554	0.110993474722	0.138035625219	0.164567545056	0.190438315272	0.215454146266	0.239353060722	0.261765450239	0.282151192427	0.299716472626	0.313343465328	0.321519315243	0.32237008214	0.313901782036	0.294648170471	0.264833748341	0.22790569067	0.191622540355	0.167502209544	0.168176174164	0.205277398229	0.290080010891	0.431909024715	0.633157670498	0.890332639217	1.19028258324	1.51265227795	1.82891941071	2.10747337341	2.31568670273	2.42582678795	2.42037534714	2.29552221298	2.06349682808	1.7526870966	1.40414655209	1.0641374588	0.773139476776	0.553634762764	0.401481151581	0.285564035177	0.160197675228	0	0	0	0	0	0.000102252946817	0.0900175347924	0.67060303688	2.38224077225	5.67508602142	10.0869913101	13.9093742371	14.9377059937	12.1113462448	6.70379304886	1.77106034756
Mar 10 2023 19:43:20	-1.00000001505e+30	-1.00000001505e+30	-1.00000001505e+30	-1.00000002538e+26	-1.00000001505e+30	-1.00000001505e+30	91.7269744873	-	0	0	0	0	0	0	0	0	0	0	0	0	0	0	0	0	0	0	0	0	0	0	0	0	0	0	0	0	0	0	0	0	0	0	0	0	0	0	0	0	0	0	0	0	0	0	0	0	0	0	0	0	0	0	0	0	0	0	0	0
Mar 10 2023 19:43:21	-1.00000001505e+30	-1.00000001505e+30	-1.00000001505e+30	-1.00000002538e+26	-1.00000001505e+30	-1.00000001505e+30	88.9421844482	-	0	0	0	0	0	0	0	0	0	0	0	0	0	0	0	0	0	0	0	0	0	0	0	0	0	0	0	0	0	0	0	0	0	0	0	0	0	0	0	0	0	0	0	0	0	0	0	0	0	0	0	0	0	0	0	0	0	0	0	0
Mar 10 2023 19:43:22	-1.00000001505e+30	-1.00000001505e+30	-1.00000001505e+30	-1.00000002538e+26	-1.00000001505e+30	-1.00000001505e+30	96.5190353394	-	0	0	0	0	0	0	0	0	0	0	0	0	0	0	0	0	0	0	0	0	0	0	0	0	0	0	0	0	0	0	0	0	0	0	0	0	0	0	0	0	0	0	0	0	0	0	0	0	0	0	0	0	0	0	0	0	0	0	0	0
Mar 10 2023 19:43:23	-1.00000001505e+30	-1.00000001505e+30	-1.00000001505e+30	-1.00000002538e+26	-1.00000001505e+30	-1.00000001505e+30	96.1491165161	-	0	0	0	0	0	0	0	0	0	0	0	0	0	0	0	0	0	0	0	0	0	0	0	0	0	0	0	0	0	0	0	0	0	0	0	0	0	0	0	0	0	0	0	0	0	0	0	0	0	0	0	0	0	0	0	0	0	0	0	0
Mar 10 2023 19:43:24	-1.00000001505e+30	-1.00000001505e+30	-1.00000001505e+30	-1.00000002538e+26	-1.00000001505e+30	-1.00000001505e+30	94.2147521973	-	0	0	0	0	0	0	0	0	0	0	0	0	0	0	0	0	0	0	0	0	0	0	0	0	0	0	0	0	0	0	0	0	0	0	0	0	0	0	0	0	0	0	0	0	0	0	0	0	0	0	0	0	0	0	0	0	0	0	0	0
Mar 10 2023 19:43:25	13.2487297058	503.268280029	741.147827148	0.000985666876659	454.88168335	9.18396568298	83.5026016235	-	0.029747871682	0.0608778372407	0.0918656215072	0.122174084187	0.151414632797	0.179251685739	0.205368474126	0.229446008801	0.251142650843	0.270068734884	0.285749167204	0.297577559948	0.304782032967	0.306397616863	0.301309019327	0.288425326347	0.267094641924	0.237795844674	0.202972322702	0.167484104633	0.138022109866	0.121434032917	0.123707205057	0.150792166591	0.20817604661	0.298283338547	0.42077922821	0.570454478264	0.738353192806	0.910953640938	1.07222366333	1.20434653759	1.29051184654	1.31795954704	1.28072571754	1.18216919899	1.03620779514	0.865794599056	0.697807073593	0.55500793457	0.447239309549	0.36579683423	0.284488648176	0.170839101076	0.00880366563797	0	0	0	0	0.000780010595918	0.135789439082	0.87534558773	2.9035050869	6.66329431534	11.6297664642	15.9703845978	17.2852249146	14.297129631	8.20477104187	2.32219743729
Mar 10 2023 19:43:26	9.99733638763	482.397064209	730.52545166	0.00180008460302	424.741394043	8.21492385864	67.0802078247	-	0.0316715016961	0.0632217526436	0.0945262238383	0.125455081463	0.155869841576	0.185617879033	0.214523568749	0.24237421155	0.268897891045	0.293729126453	0.316353529692	0.33603399992	0.351744145155	0.362096011639	0.36534756422	0.359570533037	0.34314596653	0.31568479538	0.279276281595	0.239432737231	0.204759046435	0.184908643365	0.188876330853	0.225535526872	0.302549153566	0.422289788723	0.582636773586	0.774273276329	0.98292183876	1.18877542019	1.37063288689	1.50753509998	1.58294582367	1.58797335625	1.5228908062	1.39754951	1.23030495644	1.04505729675	0.866665065289	0.714570462704	0.595454573631	0.497860223055	0.392582595348	0.243403419852	0.0261530112475	0	0	0	0	0.00215494842269	0.159711837769	0.941072940826	2.97526621819	6.59400129318	11.193321228	15.029086113	15.9795150757	13.0410690308	7.41429328918	2.08683180809
Mar 10 2023 19:43:27	-1.00000001505e+30	-1.00000001505e+30	-1.00000001505e+30	-1.00000002538e+26	-1.00000001505e+30	-1.00000001505e+30	85.08644104	-	0	0	0	0	0	0	0	0	0	0	0	0	0	0	0	0	0	0	0	0	0	0	0	0	0	0	0	0	0	0	0	0	0	0	0	0	0	0	0	0	0	0	0	0	0	0	0	0	0	0	0	0	0	0	0	0	0	0	0	0
Mar 10 2023 19:43:28	-1.00000001505e+30	-1.00000001505e+30	-1.00000001505e+30	-1.00000002538e+26	-1.00000001505e+30	-1.00000001505e+30	99.9540710449	-	0	0	0	0	0	0	0	0	0	0	0	0	0	0	0	0	0	0	0	0	0	0	0	0	0	0	0	0	0	0	0	0	0	0	0	0	0	0	0	0	0	0	0	0	0	0	0	0	0	0	0	0	0	0	0	0	0	0	0	0
Mar 10 2023 19:43:29	-1.00000001505e+30	-1.00000001505e+30	-1.00000001505e+30	-1.00000002538e+26	-1.00000001505e+30	-1.00000001505e+30	99.9765472412	-	0	0	0	0	0	0	0	0	0	0	0	0	0	0	0	0	0	0	0	0	0	0	0	0	0	0	0	0	0	0	0	0	0	0	0	0	0	0	0	0	0	0	0	0	0	0	0	0	0	0	0	0	0	0	0	0	0	0	0	0
Mar 10 2023 19:43:30	-1.00000001505e+30	-1.00000001505e+30	-1.00000001505e+30	-1.00000002538e+26	-1.00000001505e+30	-1.00000001505e+30	99.9583358765	-	0	0	0	0	0	0	0	0	0	0	0	0	0	0	0	0	0	0	0	0	0	0	0	0	0	0	0	0	0	0	0	0	0	0	0	0	0	0	0	0	0	0	0	0	0	0	0	0	0	0	0	0	0	0	0	0	0	0	0	0
