Date-Time	Dx(10)	Dx(50)	Dx(90)	Cv(%)	D[4][3]	D[3][2]	Transmission	0.10000020	0.11659167	0.13593590	0.15848963	0.18478534	0.21544389	0.25118914	0.29286504	0.34145555	0.39810795	0.46415979	0.54117060	0.63095856	0.73564368	0.85769761	1.00000191	1.16591668	1.35935903	1.58489633	1.84785342	2.15443897	2.51189137	2.92865038	3.41455555	3.98107958	4.64159775	5.41170597	6.30958605	7.35643721	8.57697582	10.00002003	11.65916729	13.59359074	15.84896278	18.47853470	21.54438972	25.11891365	29.28650284	34.14555740	39.81079483	46.41598129	54.11705780	63.09585953	73.56436920	85.76976013	100.00019836	116.59166718	135.93591309	158.48962402	184.78533936	215.44389343	251.18913269	292.86502075	341.45556641	398.10794067	464.15979004	541.17059326	630.95855713	735.64367676	857.69757080	1000.00195313
Feb 22 2023 18:03:26	1.70197558403	87.6660385132	96.1849365234	0.000209249628824	54.9377670288	7.34858179092	87.7006759644	-	0	0	0	0	0	0	0	0	0	0	0	0	0	0	1.26196229458	2.31741070747	2.77239918709	2.61741757393	2.04841017723	1.32985472679	0.681520223618	0.237983867526	0.0527079738677	0.0983401536942	0.392871201038	0.963931083679	1.77961027622	2.73567938805	3.68212175369	4.43722343445	4.81864643097	4.67372989655	3.93046665192	2.65508770943	1.09818124771	0	0	0	0	0	0	0	0	0	55.4144439697	0	0	0	0	0	0	0	0	0	0	0	0	0	0	0
Feb 22 2023 18:03:27	5.70072078705	90.2859344482	96.9353256226	0.000278260413324	66.5145797729	9.15279865265	85.7767333984	-	0	0	0	0	0	0	0	0	0	0	0	0	0	0	0	0	9.41347694397	0	0	0	0	0	0	0	0	0	2.85029864311	5.8286318779	5.76931858063	3.7734003067	1.74277627468	0.570449352264	0.126833081245	0.0165366660804	0.000354978226824	0	0	0	0	0	0	0	0	0	69.9079208374	0	0	0	0	0	0	0	0	0	0	0	0	0	0	0
Feb 22 2023 18:03:28	-1.00000001505e+30	-1.00000001505e+30	-1.00000001505e+30	-1.00000002538e+26	-1.00000001505e+30	-1.00000001505e+30	99.0270385742	-	0	0	0	0	0	0	0	0	0	0	0	0	0	0	0	0	0	0	0	0	0	0	0	0	0	0	0	0	0	0	0	0	0	0	0	0	0	0	0	0	0	0	0	0	0	0	0	0	0	0	0	0	0	0	0	0	0	0	0	0
Feb 22 2023 18:03:29	1.33291518688	90.3302307129	96.9518203735	0.000187320212717	66.3171539307	7.63650465012	88.2369537354	-	0	0	0	0	0	0	0	0	0	0	0	0	0	0	0	0	11.6415739059	0	0	0	0	0	0	0	0	0	18.0479450226	0	0	0	0	0	0	0	0	0	0	0	0	0	0	0	0	0	70.3104782104	0	0	0	0	0	0	0	0	0	0	0	0	0	0	0
Feb 22 2023 18:03:30	6.62417221069	90.6322174072	97.064125061	0.000342168525094	69.4903335571	10.0699920654	84.0688323975	-	0	0	0	0	0	0	0	0	0	0	0	0	0	0	0	0	8.87909221649	5.06378966536e-12	0	0	0	0	0	0	0	0	0.370161294937	3.34363460541	5.11835050583	4.64817428589	2.85520339012	1.21021819115	0.341022461653	0.054938390851	0.00109369377606	0	0	0	0	0	0	0	0	0	73.1781158447	0	0	0	0	0	0	0	0	0	0	0	0	0	0	0
Feb 22 2023 18:03:31	5.81563472748	90.2951889038	96.9387664795	0.000457618472865	66.968711853	9.28918933868	77.5109710693	-	0	0	0	0	0	0	0	0	0	0	0	0	0	0	0	0	9.97407054901	0	0	0	0	0	0	0	0	0	0.246697127819	1.65983581543	3.74088931084	5.12292575836	4.71710062027	2.97193789482	1.24370133877	0.30830720067	0.0229126513004	0	0	0	0	0	0	0	0	0	69.9916229248	0	0	0	0	0	0	0	0	0	0	0	0	0	0	0
Feb 22 2023 18:03:32	1.35777664185	90.3638076782	96.9643173218	0.00045541243162	67.3471069336	9.09686660767	77.1588821411	-	0	0	0	0	0	0	0	0	0	0	0	0	0	0	0	0	10.2137174606	0	0	0	0	0	0	0	0	0	0.312994897366	2.46439599991	4.59883117676	5.12769365311	3.85156011581	1.98779797554	0.681995153427	0.1363632828	0.00599768292159	0	0	0	0	0	0	0	0	0	70.6186523438	0	0	0	0	0	0	0	0	0	0	0	0	0	0	0
Feb 22 2023 18:03:33	1.32438802719	89.2507705688	96.5483703613	0.000496883818414	60.6330795288	8.34542560577	73.3798370361	-	0	0	0	0	0	0	0	0	0	0	0	0	0	0	0	0	11.2773284912	3.3075755676e-13	0	0	0	0	0	0	0	0.0355270728469	0.510853648186	1.28541350365	2.30227327347	3.40519070625	4.34677600861	4.83151769638	4.61002492905	3.60194444656	1.98396945	0.195568025112	0	0	0	0	0	0	0	0	61.6136131287	0	0	0	0	0	0	0	0	0	0	0	0	0	0	0
Feb 22 2023 18:03:34	1.34351170063	89.534866333	96.6548614502	0.000481375551317	62.0847053528	8.633436203	75.0252456665	-	0	0	0	0	0	0	0	0	0	0	0	0	0	0	0	0	10.6393756866	0	0	0	0	0	0	0	0	0.0995208770037	0.813251018524	1.83919215202	2.99235200882	3.99401116371	4.5493388176	4.44396305084	3.64577817917	2.3523182869	0.934518575668	0	0	0	0	0	0	0	0	0	63.6963768005	0	0	0	0	0	0	0	0	0	0	0	0	0	0	0
Feb 22 2023 18:03:35	5.94438838959	89.9655685425	96.8158798218	0.000480532675283	64.6379852295	9.45007038116	77.3692092896	-	0	0	0	0	0	0	0	0	0	0	0	0	0	0	0	0	9.15748882294	0	0	0	0	0	0	0	0	0.117785274982	1.48646557331	3.04081320763	4.24046611786	4.66591835022	4.21984767914	3.14114046097	1.86511218548	0.798122763634	0.144274964929	0	0	0	0	0	0	0	0	0	67.1225585938	0	0	0	0	0	0	0	0	0	0	0	0	0	0	0
Feb 22 2023 18:03:36	7.97368144989	90.4671783447	97.0027770996	0.00065906875534	68.7192230225	11.5452375412	75.1273117065	-	0	0	0	0	0	0	0	0	0	0	0	0	0	0	0	6.28734998547e-37	7.39083957672	6.14380643799e-14	0	0	0	0	0	0	0	0	0	1.2562764883	2.95063996315	4.32489347458	4.69845581055	3.92565941811	2.49108743668	1.11746573448	0.260915130377	0	0	0	0	0	0	0	0	0	71.5837631226	0	0	0	0	0	0	0	0	0	0	0	0	0	0	0
Feb 22 2023 18:03:37	6.97320556641	90.0214233398	96.8367233276	0.00058312114561	65.5160369873	9.74362468719	73.4669113159	-	0	0	0	0	0	0	0	0	0	0	0	0	0	0	0	0	9.44768810272	0	0	0	0	0	0	0	0	0	0.0686179473996	0.934034407139	2.17883205414	3.49368309975	4.42887639999	4.58466529846	3.83969068527	2.45922970772	0.971900939941	0	0	0	0	0	0	0	0	0	67.5927810669	0	0	0	0	0	0	0	0	0	0	0	0	0	0	0
Feb 22 2023 18:03:38	5.77724599838	89.4395217896	96.6191482544	0.000462758238427	61.7358016968	9.09592533112	77.0985565186	-	0	0	0	0	0	0	0	0	0	0	0	0	0	0	0	5.0867473913e-28	9.8997220993	4.86212470025e-13	0	0	0	0	0	0	0	0	0.454314857721	1.50869143009	2.78798627853	3.99767637253	4.79734039307	4.90723133087	4.23332691193	2.93973255157	1.40605676174	0.0852800235152	0	0	0	0	0	0	0	0	62.9826431274	0	0	0	0	0	0	0	0	0	0	0	0	0	0	0
Feb 22 2023 18:03:39	1.31953632832	89.9275436401	96.8016891479	0.000283688335912	64.8121337891	8.60604667664	83.998374939	-	0	0	0	0	0	0	0	0	0	0	0	0	0	0	0	0	11.453130722	0	0	0	0	0	0	0	0	0	0	0.390345871449	1.3126834631	2.68861150742	4.08723592758	4.82347631454	4.39401340485	2.91795778275	1.12652719021	0	0	0	0	0	0	0	0	0	66.8060150146	0	0	0	0	0	0	0	0	0	0	0	0	0	0	0
Feb 22 2023 18:03:40	1.32460296154	89.7239685059	96.7256164551	0.000402593781473	63.7542495728	8.70341205597	78.3356399536	-	0	0	0	0	0	0	0	0	0	0	0	0	0	0	0	0	11.2696771622	1.98900657839e-15	0	0	0	0	0	0	0	0	0	0.401722252369	1.16737341881	2.24914836884	3.46283578873	4.45456361771	4.78771543503	4.13866043091	2.51741623878	0.392284810543	0	0	0	0	0	0	0	0	65.1585998535	0	0	0	0	0	0	0	0	0	0	0	0	0	0	0
Feb 22 2023 18:03:41	1.319242239	89.6132736206	96.684211731	0.000467951962491	63.0976486206	8.57320976257	74.9499282837	-	0	0	0	0	0	0	0	0	0	0	0	0	0	0	0	0	11.4639863968	0	0	0	0	0	0	0	0	0	0.00893471483141	0.407644271851	1.13660156727	2.18769335747	3.40472531319	4.45620536804	4.90048933029	4.36723327637	2.79071187973	0.580800175667	0	0	0	0	0	0	0	0	64.2949752808	0	0	0	0	0	0	0	0	0	0	0	0	0	0	0
Feb 22 2023 18:03:42	1.27627360821	88.0866699219	96.255897522	0.000579066108912	56.6864814758	6.98156309128	64.5388717651	-	0	0	0	0	0	0	0	0	0	0	0	0	0	0	5.44852092332e-08	2.82384538651	11.0413103104	0.00400725798681	8.26274659804e-10	8.20130642665e-20	1.99304240662e-34	0	0	0	0	0	0.292098283768	0.8605645895	1.69853675365	2.75620436668	3.89084267616	4.85276937485	5.31112337112	4.94450950623	3.58742618561	1.4101845026	0	0	0	0	0	0	0	0	56.5265769958	0	0	0	0	0	0	0	0	0	0	0	0	0	0	0
Feb 22 2023 18:03:43	1.26177346706	88.8792266846	96.4087753296	0.000395735958591	58.2827072144	7.04205036163	74.5903930664	-	0	0	0	0	0	0	0	0	0	0	0	0	0	0	5.58272631679e-06	4.36910915375	8.83635997772	0.0121383322403	4.71165328975e-08	4.7730640097e-16	1.59844770554e-27	0	0	0	0	0.14032381773	0.707463860512	1.54765820503	2.5729496479	3.61676478386	4.44946098328	4.81601238251	4.50955438614	3.46708774567	1.84365510941	0.0334873273969	0	0	0	0	0	0	0	0	59.0779800415	0	0	0	0	0	0	0	0	0	0	0	0	0	0	0
Feb 22 2023 18:03:44	1.3008865118	89.8051681519	96.7559738159	0.000343963591149	63.4367446899	7.67879772186	78.8558120728	-	0	0	0	0	0	0	0	0	0	0	0	0	0	0	0	0	12.8770275116	8.67326067737e-13	0	0	0	0	0	0	0	0	0.319047778845	1.43078827858	2.95730042458	4.26750087738	4.67116308212	3.93535494804	2.48538422585	1.0655772686	0.184530287981	0	0	0	0	0	0	0	0	0	65.8063201904	0	0	0	0	0	0	0	0	0	0	0	0	0	0	0
Feb 22 2023 18:03:45	1.31626117229	89.519203186	96.6489944458	0.000455283734482	62.0167198181	8.24056053162	74.9189376831	-	0	0	0	0	0	0	0	0	0	0	0	0	0	0	0	0	11.5753231049	0	0	0	0	0	0	0	0	0	0.499622702599	1.37690448761	2.49809932709	3.62098026276	4.41948223114	4.58683919907	3.97598409653	2.70774579048	1.16097164154	0	0	0	0	0	0	0	0	0	63.5780448914	0	0	0	0	0	0	0	0	0	0	0	0	0	0	0
Feb 22 2023 18:03:46	1.35254645348	89.9841308594	96.822807312	0.000290853378829	65.1817474365	9.15197944641	84.7338104248	-	0	0	0	0	0	0	0	0	0	0	0	0	0	0	0	0	10.3652572632	0	0	0	0	0	0	0	0	0	0.150854229927	0.911401867867	2.02329063416	3.24564981461	4.18733310699	4.45143699646	3.84673094749	2.53821563721	1.00171995163	0	0	0	0	0	0	0	0	0	67.2781143188	0	0	0	0	0	0	0	0	0	0	0	0	0	0	0
Feb 22 2023 18:03:47	7.04384994507	89.516708374	96.6480636597	0.00041432317812	62.7306098938	9.71944141388	80.3432998657	-	0	0	0	0	0	0	0	0	0	0	0	0	0	0	0	0	9.3981218338	0	0	0	0	0	0	0	0	0	0.16937482357	0.703654766083	1.54903995991	2.64767718315	3.81580710411	4.74130582809	5.05343389511	4.47062015533	2.97201013565	0.919705331326	0	0	0	0	0	0	0	0	63.5592460632	0	0	0	0	0	0	0	0	0	0	0	0	0	0	0
Feb 22 2023 18:03:48	1.31146454811	88.6852798462	96.3563919067	0.000326319801388	58.2731323242	8.07750511169	80.9557342529	-	0	0	0	0	0	0	0	0	0	0	0	0	0	0	0	0	11.8456077576	0	0	0	0	0	0	0	0	0.0449842400849	0.322476089001	0.837553918362	1.62660551071	2.66496992111	3.83014202118	4.87384796143	5.43723011017	5.14267635345	3.76132917404	1.43391001225	0	0	0	0	0	0	0	0	58.1786766052	0	0	0	0	0	0	0	0	0	0	0	0	0	0	0
Feb 22 2023 18:03:49	1.36257350445	86.5542907715	95.9959869385	0.000600865518209	54.0141372681	7.35167312622	65.40234375	-	0	0	0	0	0	0	0	0	0	0	0	0	0	0	4.23831210128e-08	0.0890931710601	9.86693763733	3.90103650093	0.0172645151615	9.25149720388e-07	1.83608987389e-13	9.3303844907e-25	0	0	0	0.0363995358348	0.221152037382	0.628655195236	1.33401477337	2.36908793449	3.66884613037	5.0125336647	5.99697589874	6.1136007309	4.98001813889	2.72953820229	0.382505774498	0	0	0	0	0	0	0	52.6523399353	0	0	0	0	0	0	0	0	0	0	0	0	0	0	0
Feb 22 2023 18:03:50	1.3093893528	88.9188995361	96.4236984253	0.000382588914363	59.2931137085	8.09890460968	77.9760513306	-	0	0	0	0	0	0	0	0	0	0	0	0	0	0	0	0	12.0340862274	1.49917480773e-12	0	0	0	0	0	0	0	0	0.156734779477	0.573705255985	1.27591633797	2.2711660862	3.46477484703	4.61770915985	5.35037088394	5.23532390594	3.9835293293	1.6974799633	0	0	0	0	0	0	0	0	59.3392028809	0	0	0	0	0	0	0	0	0	0	0	0	0	0	0
Feb 22 2023 18:03:51	1.30599427223	88.3713912964	96.3037643433	0.000522718648426	57.4491462708	7.78229093552	70.3272094727	-	0	0	0	0	0	0	0	0	0	0	0	0	0	0	0	0	12.3564224243	0	0	0	0	0	0	0	0	0.0385639071465	0.370015799999	0.960237324238	1.82259976864	2.9000518322	4.03913879395	4.97865247726	5.38421344757	4.94816350937	3.53790402412	1.36212742329	0	0	0	0	0	0	0	0	57.3019104004	0	0	0	0	0	0	0	0	0	0	0	0	0	0	0
Feb 22 2023 18:03:52	1.36284661293	90.4415435791	96.9932403564	0.000740530609619	67.9216842651	9.21607494354	65.9641113281	-	0	0	0	0	0	0	0	0	0	0	0	0	0	0	0	0	10.0715274811	0	0	0	0	0	0	0	0	0	0	2.54502606392	5.11682510376	5.38755989075	3.55289769173	1.5157443285	0.406204730272	0.0601379424334	0.00203689932823	0	0	0	0	0	0	0	0	0	71.3420410156	0	0	0	0	0	0	0	0	0	0	0	0	0	0	0
Feb 22 2023 18:03:53	6.76882171631	90.3141326904	96.9458236694	0.000867958995514	67.4592666626	9.6844625473	62.741394043	-	0	0	0	0	0	0	0	0	0	0	0	0	0	0	0	0	9.74041461945	0	0	0	0	0	0	0	0	0	0.00229880213737	0.883212864399	2.18924331665	3.50317049026	4.26389217377	4.08992671967	3.05173826218	1.64674925804	0.465653240681	0	0	0	0	0	0	0	0	0	70.1637039185	0	0	0	0	0	0	0	0	0	0	0	0	0	0	0
Feb 22 2023 18:03:54	1.34187948704	90.1326828003	96.8782196045	0.000781256181654	65.9306793213	8.91541290283	63.2643814087	-	0	0	0	0	0	0	0	0	0	0	0	0	0	0	0	0	10.690656662	0	0	0	0	0	0	0	0	0	0.148926436901	1.13567650318	2.66825485229	4.13072681427	4.71446037292	4.05832386017	2.58019161224	1.11028039455	0.214078098536	0	0	0	0	0	0	0	0	0	68.5484237671	0	0	0	0	0	0	0	0	0	0	0	0	0	0	0
Feb 22 2023 18:03:55	1.32861495018	88.044052124	96.2487182617	0.000632615643553	56.3791770935	6.78049039841	61.3425750732	-	0	0	0	0	0	0	0	0	0	0	0	0	0	0	0.00553627451882	1.99099123478	9.21043586731	3.78551888466	0.236171528697	0.00240142946132	2.59970079242e-06	5.37004260504e-11	2.0841392727e-23	0	0	0.0464336499572	0.328392148018	0.850926220417	1.64159536362	2.66329503059	3.78153657913	4.74333000183	5.19854831696	4.79331016541	3.3309545517	0.978493511677	0	0	0	0	0	0	0	0	56.4121246338	0	0	0	0	0	0	0	0	0	0	0	0	0	0	0
Feb 22 2023 18:03:56	1.33012104034	88.6440505981	96.3494873047	0.000699059921317	57.4492111206	6.75349807739	57.8332176208	-	0	0	0	0	0	0	0	0	0	0	0	0	0	0	5.39872764549e-11	0.0212617851794	11.4720535278	4.23885965347	0.00590152293444	3.7210362791e-08	2.32516261494e-16	2.52397125297e-30	0	0	0	0.0208036210388	0.283804923296	0.82315737009	1.68255138397	2.80314850807	3.98044872284	4.86334991455	5.03872728348	4.21007966995	2.40237140656	0.0913170948625	0	0	0	0	0	0	0	0	58.0621643066	0	0	0	0	0	0	0	0	0	0	0	0	0	0	0
Feb 22 2023 18:03:57	1.34855031967	86.7348480225	96.0268096924	0.000529373879544	53.6024665833	6.20802927017	64.2565155029	-	0	0	0	0	0	0	0	0	0	0	0	0	0	0	0.0688650161028	2.66581344604	7.72770404816	5.48194026947	1.32106089592	0.113089360297	0.00265504978597	5.98920178163e-06	3.45889197275e-13	0	0	0.0445877760649	0.288490593433	0.766096711159	1.52461802959	2.5502948761	3.72766375542	4.80890512466	5.42479324341	5.17461872101	3.80022072792	1.42421936989	0	0	0	0	0	0	0	0	53.0843544006	0	0	0	0	0	0	0	0	0	0	0	0	0	0	0
Feb 22 2023 18:03:58	1.21530842781	88.454460144	96.3177108765	0.000457644404378	56.8534889221	6.43378973007	69.0671386719	-	0	0	0	0	0	0	0	0	0	0	0	0	0	0	0.109227895737	7.46241140366	6.31676769257	0.443352013826	0.00418528029695	5.1573078963e-06	4.0996034345e-10	8.64477193756e-17	0	0	0	0.161500200629	0.789091646671	1.69559955597	2.76929116249	3.82018995285	4.60551691055	4.87537240982	4.45016098022	3.31056666374	1.65509176254	0	0	0	0	0	0	0	0	0	57.531665802	0	0	0	0	0	0	0	0	0	0	0	0	0	0	0
Feb 22 2023 18:03:59	1.33637535572	89.4863433838	96.6366882324	0.000415387272369	61.824672699	8.53183555603	77.743057251	-	0	0	0	0	0	0	0	0	0	0	0	0	0	0	0	0	10.867764473	0	0	0	0	0	0	0	0	0.0717684477568	0.695749938488	1.65008270741	2.79439902306	3.87109136581	4.56725263596	4.61304187775	3.9049654007	2.59015130997	1.04249727726	0	0	0	0	0	0	0	0	0	63.3312339783	0	0	0	0	0	0	0	0	0	0	0	0	0	0	0
Feb 22 2023 18:04:00	1.31858885288	88.0911560059	96.256652832	0.000176750501851	56.4154167175	7.90750932693	89.1609954834	-	0	0	0	0	0	0	0	0	0	0	0	0	0	0	0	5.80181834667e-18	11.4881830215	1.1017765476e-12	0	0	0	0	0	0	0	0.177305221558	0.90577352047	1.95413470268	3.17449784279	4.33315992355	5.15292644501	5.37622880936	4.85749435425	3.64707994461	2.01271271706	0.381847441196	0	0	0	0	0	0	0	0	56.5386543274	0	0	0	0	0	0	0	0	0	0	0	0	0	0	0
Feb 22 2023 18:04:01	6.0708360672	89.9349365234	96.8044433594	0.000277971819742	64.5356674194	9.35101795197	85.9540863037	-	0	0	0	0	0	0	0	0	0	0	0	0	0	0	0	7.83325841558e-41	9.5031003952	8.2544122362e-13	0	0	0	0	0	0	0	0	0.822069227695	2.36089611053	3.81348776817	4.64736127853	4.57193470001	3.67295026779	2.35543203354	1.11263203621	0.272827744484	0	0	0	0	0	0	0	0	0	66.8673095703	0	0	0	0	0	0	0	0	0	0	0	0	0	0	0
Feb 22 2023 18:04:02	6.13177585602	89.9751815796	96.8194656372	0.000346097280271	64.8961639404	9.33220005035	82.6749649048	-	0	0	0	0	0	0	0	0	0	0	0	0	0	0	0	0	9.72726535797	0	0	0	0	0	0	0	0	0	0.423353731632	1.82520484924	3.32145833969	4.38706970215	4.6274228096	3.97526097298	2.73079991341	1.39309692383	0.386021226645	0	0	0	0	0	0	0	0	0	67.2030487061	0	0	0	0	0	0	0	0	0	0	0	0	0	0	0
Feb 22 2023 18:04:03	1.34733331203	89.9998321533	96.828666687	0.000352451519575	65.1872787476	9.01961421967	81.5655517578	-	0	0	0	0	0	0	0	0	0	0	0	0	0	0	0	0	10.5214500427	0	0	0	0	0	0	0	0	0	0.178250819445	1.08743035793	2.31106495857	3.5246078968	4.30454111099	4.31208992004	3.48873877525	2.12726807594	0.734285891056	0	0	0	0	0	0	0	0	0	67.4102706909	0	0	0	0	0	0	0	0	0	0	0	0	0	0	0
Feb 22 2023 18:04:04	1.35030043125	87.3265533447	96.127456665	0.000520291563589	55.1243934631	6.72394275665	66.6594238281	-	0	0	0	0	0	0	0	0	0	0	0	0	0	0	0.00211118138395	1.30891227722	9.16536617279	5.0011177063	0.359538793564	0.00354280555621	2.80176573142e-06	1.81169402397e-11	0	0	0	0.00443595508114	0.115690670907	0.432606190443	1.061216712	2.07066464424	3.41450500488	4.84072446823	5.84938573837	5.80883693695	4.30674314499	1.71005666256	0	0	0	0	0	0	0	0	54.54454422	0	0	0	0	0	0	0	0	0	0	0	0	0	0	0
Feb 22 2023 18:04:05	1.30430734158	89.057723999	96.4758911133	0.000639580539428	59.7463760376	7.8415145874	64.989982605	-	0	0	0	0	0	0	0	0	0	0	0	0	0	0	0	0	12.5234203339	0	0	0	0	0	0	0	0	0	0.231171563268	0.749294579029	1.5577505827	2.61239385605	3.75571537018	4.70295524597	5.0865483284	4.5804028511	3.07555150986	0.853892683983	0	0	0	0	0	0	0	0	60.270904541	0	0	0	0	0	0	0	0	0	0	0	0	0	0	0
Feb 22 2023 18:04:06	6.65499305725	90.6156616211	97.0579681396	0.00058193388395	69.3220062256	9.96009731293	74.1903152466	-	0	0	0	0	0	0	0	0	0	0	0	0	0	0	0	0	8.98317813873	7.05995158168e-13	0	0	0	0	0	0	0	0	0.0733222439885	3.84880256653	5.55159854889	4.62187337875	2.59525156021	1.00821590424	0.262012273073	0.0395822674036	0.00105497706681	0	0	0	0	0	0	0	0	0	73.0151062012	0	0	0	0	0	0	0	0	0	0	0	0	0	0	0
Feb 22 2023 18:04:07	1.31589865685	89.8470687866	96.7716293335	0.000497583358083	64.3178787231	8.5070514679	73.3838043213	-	0	0	0	0	0	0	0	0	0	0	0	0	0	0	0	0	11.5890245438	0	0	0	0	0	0	0	0	0	0.0741009712219	0.590944349766	1.45769560337	2.58245062828	3.70161342621	4.41934013367	4.35778713226	3.37375855446	1.7078909874	0	0	0	0	0	0	0	0	0	66.1453933716	0	0	0	0	0	0	0	0	0	0	0	0	0	0	0
Feb 22 2023 18:04:08	1.31395149231	89.4830780029	96.6354675293	0.000408925581723	61.8735809326	8.22666358948	77.0784301758	-	0	0	0	0	0	0	0	0	0	0	0	0	0	0	0	0	11.6632595062	0	0	0	0	0	0	0	0	0	0.420839726925	1.18619346619	2.23221111298	3.37234735489	4.30464029312	4.68851280212	4.2838716507	3.09805059433	1.44328701496	0	0	0	0	0	0	0	0	0	63.3067855835	0	0	0	0	0	0	0	0	0	0	0	0	0	0	0
Feb 22 2023 18:04:09	1.31081581116	89.6771850586	96.7081222534	0.000490909733344	63.0710105896	8.21232128143	72.9538879395	-	0	0	0	0	0	0	0	0	0	0	0	0	0	0	0	0	11.9038600922	0	0	0	0	0	0	0	0	0	0.249300122261	0.947006165981	1.95684027672	3.10213470459	4.07152175903	4.50167512894	4.13379526138	2.97718119621	1.36575841904	0	0	0	0	0	0	0	0	0	64.7909317017	0	0	0	0	0	0	0	0	0	0	0	0	0	0	0
Feb 22 2023 18:04:10	1.32884919643	90.2027130127	96.9043273926	0.000715954927728	66.5965576172	8.85617542267	65.210357666	-	0	0	0	0	0	0	0	0	0	0	0	0	0	0	0	0	11.1209135056	2.94323078279e-14	0	0	0	0	0	0	0	0	0	0.359448522329	1.43766856194	3.04465460777	4.42455768585	4.65840911865	3.53142881393	1.80050957203	0.459041595459	0	0	0	0	0	0	0	0	0	69.1633682251	0	0	0	0	0	0	0	0	0	0	0	0	0	0	0
Feb 22 2023 18:04:11	1.33608520031	86.4301757813	95.9812774658	0.000397399824578	53.6123886108	7.164706707	75.0024185181	-	0	0	0	0	0	0	0	0	0	0	0	0	0	0	0.000304798915749	1.10990297794	9.83472061157	2.79332470894	0.0507056005299	6.085800851e-05	2.2755839435e-09	1.16585363397e-16	0	0	0	0.155429065228	0.506747186184	1.07073330879	1.85552477837	2.82910895348	3.89691448212	4.88185310364	5.52071285248	5.5044927597	4.5776143074	2.71495985985	0.337984383106	0	0	0	0	0	0	0	52.3589057922	0	0	0	0	0	0	0	0	0	0	0	0	0	0	0
Feb 22 2023 18:04:12	1.33550572395	85.9112243652	95.9319839478	0.000334711628966	52.8311157227	6.86616182327	77.57371521	-	0	0	0	0	0	0	0	0	0	0	0	0	0	0	0.00365989189595	1.74412727356	9.20133781433	3.68584108353	0.18741196394	0.00122234446462	5.37859250471e-07	8.75371281538e-13	0	0	0	0.0425672978163	0.280472695827	0.723325848579	1.41289997101	2.35985302925	3.50908327103	4.7017083168	5.64813041687	5.95452642441	5.23729085922	3.36322331429	0.781065106392	0	0	0	0	0	0	0	51.1622543335	0	0	0	0	0	0	0	0	0	0	0	0	0	0	0
Feb 22 2023 18:04:13	1.36266934872	90.1378326416	96.8801422119	0.000440592702944	66.2196578979	9.39167976379	78.3249282837	-	0	0	0	0	0	0	0	0	0	0	0	0	0	0	0	0	10.076423645	0	0	0	0	0	0	0	0	0	0.0321600139141	0.893902242184	2.12075543404	3.38850617409	4.24248933792	4.30321550369	3.49372816086	2.12374806404	0.731792628765	0	0	0	0	0	0	0	0	0	68.5932846069	0	0	0	0	0	0	0	0	0	0	0	0	0	0	0
Feb 22 2023 18:04:14	1.35726058483	89.4803237915	96.6344299316	0.000472487387015	62.2214431763	9.08106899261	76.4168167114	-	0	0	0	0	0	0	0	0	0	0	0	0	0	0	0	3.55162687663e-31	10.2284488678	2.11470641345e-12	0	0	0	0	0	0	0	0	0.255898982286	0.91973978281	1.89766919613	3.06431221962	4.1651263237	4.8544178009	4.80849313736	3.88587713242	2.25023984909	0.383584231138	0	0	0	0	0	0	0	0	63.286190033	0	0	0	0	0	0	0	0	0	0	0	0	0	0	0
Feb 22 2023 18:04:15	1.29741537571	89.3505172729	96.5857849121	0.000335727701895	61.1377410889	7.58043050766	78.9631729126	-	0	0	0	0	0	0	0	0	0	0	0	0	0	0	0	0	13.2578802109	0	0	0	0	0	0	0	0	0	0.16292527318	0.64757168293	1.47626554966	2.60203099251	3.80652236938	4.70189857483	4.84542751312	3.96259641647	2.16799259186	0.0389775559306	0	0	0	0	0	0	0	0	62.3299102783	0	0	0	0	0	0	0	0	0	0	0	0	0	0	0
Feb 22 2023 18:04:16	1.34722685814	89.6569366455	96.7005462646	0.000561696302611	62.8138275146	8.72779083252	71.7702713013	-	0	0	0	0	0	0	0	0	0	0	0	0	0	0	0	0	10.5246953964	0	0	0	0	0	0	0	0	0.14835268259	0.847619235516	1.85838401318	2.99206352234	3.95981216431	4.45990753174	4.28482961655	3.42722415924	2.1175224781	0.746564865112	0	0	0	0	0	0	0	0	0	64.633026123	0	0	0	0	0	0	0	0	0	0	0	0	0	0	0
Feb 22 2023 18:04:17	1.34464383125	89.3315200806	96.578666687	0.000306172994897	61.3983306885	8.83843517303	83.5523910522	-	0	0	0	0	0	0	0	0	0	0	0	0	0	0	0	0	10.6041326523	6.71575642319e-12	0	0	0	0	0	0	0	0.00835903547704	0.329014390707	0.913015186787	1.77357006073	2.84047484398	3.93369150162	4.76176643372	4.9800195694	4.31921339035	2.74585294724	0.598587632179	0	0	0	0	0	0	0	0	62.1923027039	0	0	0	0	0	0	0	0	0	0	0	0	0	0	0
Feb 22 2023 18:04:18	1.35198807716	90.0649185181	96.8529510498	0.000449258979643	65.9570159912	9.32633876801	77.6508026123	-	0	0	0	0	0	0	0	0	0	0	0	0	0	0	0	0	10.381734848	0	0	0	0	0	0	0	0	0	0	0.402462124825	1.19334316254	2.33532857895	3.57400393486	4.45177936554	4.49003553391	3.4856967926	1.72225177288	0	0	0	0	0	0	0	0	0	67.9633636475	0	0	0	0	0	0	0	0	0	0	0	0	0	0	0
Feb 22 2023 18:04:19	1.36245524883	86.2388916016	95.963142395	0.000509668199811	53.0245475769	6.84376049042	68.0598754883	-	0	0	0	0	0	0	0	0	0	0	0	0	0	0	0.0025482410565	1.32783591747	8.55415821075	4.73112487793	0.387029618025	0.00511695072055	7.52552432459e-06	2.87039225721e-10	1.03914189636e-19	0	0	0.107246287167	0.422246843576	0.974470555782	1.7889585495	2.83705329895	4.00665569305	5.07696485519	5.72344112396	5.58303260803	4.38803243637	2.17188096046	0	0	0	0	0	0	0	0	51.9121932983	0	0	0	0	0	0	0	0	0	0	0	0	0	0	0
Feb 22 2023 18:04:20	1.36055731773	87.2941360474	96.1219558716	0.00033000545227	55.8985404968	7.95676326752	80.5791702271	-	0	0	0	0	0	0	0	0	0	0	0	0	0	0	2.0469364322e-13	0.00483684474602	10.0551929474	2.54270458221	0.000584786059335	1.57375973364e-10	8.99858688344e-21	8.60369231126e-38	0	0	0	0	0.0948901697993	0.373884141445	0.929444909096	1.8369230032	3.09099173546	4.52646636963	5.7620344162	6.25027418137	5.50195789337	3.49653697014	1.07053506374	0	0	0	0	0	0	0	54.4627418518	0	0	0	0	0	0	0	0	0	0	0	0	0	0	0
Feb 22 2023 18:04:21	1.34941184521	87.8522720337	96.2163925171	0.00028744363226	56.9132156372	8.74596786499	84.4618988037	-	0	0	0	0	0	0	0	0	0	0	0	0	0	0	0	0	10.4585418701	1.24909509277e-13	0	0	0	0	0	0	0	0.066661156714	0.32945227623	0.821808159351	1.5871077776	2.61800503731	3.82051277161	4.97985124588	5.76163911819	5.78252363205	4.76086568832	2.74722528458	0.363755702972	0	0	0	0	0	0	3.46572593622e-15	55.902053833	0	0	0	0	0	0	0	0	0	0	0	0	0	0	0
Feb 22 2023 18:04:22	1.31983113289	88.7161254883	96.3615570068	0.000348501460394	58.8918838501	8.46328735352	80.5570373535	-	0	0	0	0	0	0	0	0	0	0	0	0	0	0	0	0	11.4422750473	7.98762748652e-13	0	0	0	0	0	0	0	0	0.0712645873427	0.336960315704	0.867379546165	1.73509824276	2.93623685837	4.31244754791	5.49385023117	5.9394197464	5.14108037949	3.02491927147	0.432948410511	0	0	0	0	0	0	0	58.2661209106	0	0	0	0	0	0	0	0	0	0	0	0	0	0	0
Feb 22 2023 18:04:23	1.32826471329	88.7941131592	96.376739502	0.000333944015438	58.6908531189	8.45395469666	81.4410552979	-	0	0	0	0	0	0	0	0	0	0	0	0	0	0	0	1.49378355886e-25	11.1411314011	8.22968602987e-12	0	0	0	0	0	0	0	0.0611302852631	0.323619544506	0.818188309669	1.58528828621	2.60492014885	3.76060724258	4.81185340881	5.4114575386	5.19677400589	3.9507753849	1.80946815014	0	0	0	0	0	0	0	0	58.5247879028	0	0	0	0	0	0	0	0	0	0	0	0	0	0	0
Feb 22 2023 18:04:24	1.33994722366	89.2694320679	96.5553741455	0.00030452007195	61.3327789307	8.87059402466	83.5930709839	-	0	0	0	0	0	0	0	0	0	0	0	0	0	0	0	0	10.7520866394	2.79453760479e-13	0	0	0	0	0	0	0	0	0.140381500125	0.543774843216	1.2269384861	2.19746899605	3.36038279533	4.47691631317	5.17166423798	5.0299372673	3.78566718102	1.56831610203	0	0	0	0	0	0	0	0	61.7464675903	0	0	0	0	0	0	0	0	0	0	0	0	0	0	0
Feb 22 2023 18:04:25	1.34694039822	88.9931411743	96.4516143799	0.000369440444047	60.3086204529	9.07178211212	80.8445892334	-	0	0	0	0	0	0	0	0	0	0	0	0	0	0	0	0	10.5334367752	3.5775019286e-14	0	0	0	0	0	0	0	0	0.0481585860252	0.25077599287	0.704503774643	1.51158547401	2.70425963402	4.14404678345	5.43751525879	5.97429513931	5.18712377548	3.05782604218	0.61246073246	0	0	0	0	0	0	0	59.8340110779	0	0	0	0	0	0	0	0	0	0	0	0	0	0	0
Feb 22 2023 18:04:26	1.38250148296	88.3460693359	96.2995147705	0.000554982223548	58.0101089478	7.7145986557	68.5197906494	-	0	0	0	0	0	0	0	0	0	0	0	0	0	0	3.7359116587e-14	0.00201515690424	9.07165336609	4.83364677429	0.00237623555586	1.50968526569e-09	2.88112125532e-19	3.83181541421e-35	0	0	0	0	0.00434218766168	0.0575356893241	0.266956061125	0.822061300278	1.94471812248	3.69929933548	5.67733764648	6.83455371857	5.98177528381	3.13113069534	0.438404351473	0	0	0	0	0	0	0	57.2321968079	0	0	0	0	0	0	0	0	0	0	0	0	0	0	0
Feb 22 2023 18:04:27	1.30106127262	89.2776947021	96.5584716797	0.000383997889003	61.3340339661	7.91176795959	77.1096420288	-	0	0	0	0	0	0	0	0	0	0	0	0	0	0	0	0	12.8584547043	0	0	0	0	0	0	0	0	0	0.0202218927443	0.190407395363	0.5985673666	1.35210704803	2.4909901619	3.87729930878	5.0970749855	5.48711776733	4.40525865555	1.81705594063	0	0	0	0	0	0	0	0	61.8054466248	0	0	0	0	0	0	0	0	0	0	0	0	0	0	0
Feb 22 2023 18:04:28	1.36098670959	90.3919754028	96.9748001099	0.000322751700878	68.46849823	9.7844953537	83.9723587036	-	0	0	0	0	0	0	0	0	0	0	0	0	0	0	0	0	10.1231679916	1.56002348626e-12	0	0	0	0	0	0	0	0	0	0.0849931016564	0.466224372387	1.30426084995	2.60116648674	3.96141624451	4.62330007553	3.93794560432	2.01839971542	0	0	0	0	0	0	0	0	0	70.8791275024	0	0	0	0	0	0	0	0	0	0	0	0	0	0	0
Feb 22 2023 18:04:29	8.29124450684	90.2624282837	96.926574707	0.000360796810128	67.4774780273	10.7569742203	84.1919555664	-	0	0	0	0	0	0	0	0	0	0	0	0	0	0	0	0	8.48031139374	0	0	0	0	0	0	0	0	0	0	0.49737739563	1.43058359623	2.6784787178	3.89085102081	4.56617641449	4.30394792557	3.08743143082	1.36877858639	0	0	0	0	0	0	0	0	0	69.6960601807	0	0	0	0	0	0	0	0	0	0	0	0	0	0	0
Feb 22 2023 18:04:30	1.35300946236	88.7944946289	96.3768844604	0.000344126136042	59.508014679	9.17956256866	82.2601547241	-	0	0	0	0	0	0	0	0	0	0	0	0	0	0	0	0	10.3516368866	9.49738199326e-14	0	0	0	0	0	0	0	0	0.020090540871	0.179725110531	0.583774447441	1.35435330868	2.55395722389	4.07221078873	5.52197217941	6.26398611069	5.67518615723	3.67865347862	1.21719753742	0	0	0	0	0	0	0	58.527256012	0	0	0	0	0	0	0	0	0	0	0	0	0	0	0
Feb 22 2023 18:04:31	1.30980730057	89.660118103	96.7017364502	0.000310271454509	63.3081970215	8.31482982635	82.0115356445	-	0	0	0	0	0	0	0	0	0	0	0	0	0	0	0	0	11.9956235886	0	0	0	0	0	0	0	0	0	0.0572562664747	0.432635903358	1.09943568707	2.06127858162	3.19951629639	4.23347473145	4.74758720398	4.32774305344	2.78585314751	0.401825070381	0	0	0	0	0	0	0	0	64.6577682495	0	0	0	0	0	0	0	0	0	0	0	0	0	0	0
Feb 22 2023 18:04:32	1.32935762405	90.0743408203	96.8564682007	0.00032075465424	66.0590057373	8.97036647797	82.7082366943	-	0	0	0	0	0	0	0	0	0	0	0	0	0	0	0	0	11.1033935547	0	0	0	0	0	0	0	0	0	0	0.184819400311	0.726680636406	1.72325503826	3.06715488434	4.30823802948	4.77179479599	3.97750139236	2.09305644035	0	0	0	0	0	0	0	0	0	68.0441055298	0	0	0	0	0	0	0	0	0	0	0	0	0	0	0
Feb 22 2023 18:04:33	1.36521577835	90.221321106	96.9112548828	0.000293219462037	66.8112411499	9.47756576538	85.108253479	-	0	0	0	0	0	0	0	0	0	0	0	0	0	0	0	0	10.0066080093	0	0	0	0	0	0	0	0	0	0.163828328252	0.90470379591	2.00423789024	3.19732141495	4.05840826035	4.18441200256	3.43753385544	2.07617402077	0.638307929039	0	0	0	0	0	0	0	0	0	69.3284606934	0	0	0	0	0	0	0	0	0	0	0	0	0	0	0
Feb 22 2023 18:04:34	1.36283814907	90.1102828979	96.8698730469	0.000348476110958	66.3055801392	9.55002784729	82.605430603	-	0	0	0	0	0	0	0	0	0	0	0	0	0	0	0	0	10.0717630386	0	0	0	0	0	0	0	0	0	0	0.368557304144	1.16552734375	2.32400250435	3.58207178116	4.46954011917	4.49957990646	3.47377204895	1.69119763374	0	0	0	0	0	0	0	0	0	68.3539886475	0	0	0	0	0	0	0	0	0	0	0	0	0	0	0
Feb 22 2023 18:04:35	7.77599334717	90.2295608521	96.9143295288	0.00039331431617	67.2395935059	10.0659589767	81.5708084106	-	0	0	0	0	0	0	0	0	0	0	0	0	0	0	0	0	9.45066738129	0	0	0	0	0	0	0	0	0	0	0.280242949724	1.03023982048	2.17644453049	3.4683163166	4.41780328751	4.50428724289	3.51221847534	1.75789833069	0	0	0	0	0	0	0	0	0	69.4018859863	0	0	0	0	0	0	0	0	0	0	0	0	0	0	0
Feb 22 2023 18:04:36	1.31818830967	89.3134536743	96.5718841553	0.00035730926902	61.14894104	8.34664440155	79.9166183472	-	0	0	0	0	0	0	0	0	0	0	0	0	0	0	0	0	11.5030727386	0	0	0	0	0	0	0	0	0	0.293479144573	0.89916241169	1.78990292549	2.87655162811	3.95549345016	4.72041893005	4.83770895004	4.08530569077	2.50098395348	0.476015776396	0	0	0	0	0	0	0	0	62.0619049072	0	0	0	0	0	0	0	0	0	0	0	0	0	0	0
Feb 22 2023 18:04:37	1.29615223408	87.3273086548	96.1275787354	0.000307699519908	55.6417503357	7.39891290665	80.210105896	-	0	0	0	0	0	0	0	0	0	0	0	0	0	0	0	5.99113770747e-12	13.4023885727	5.88631786632e-30	0	0	0	0	0	0	0	0	0.144850179553	0.496365070343	1.12146162987	2.06591534615	3.29550123215	4.63480186462	5.72590875626	6.06930494308	5.198138237	3.02140760422	0.277506023645	0	0	0	0	0	0	0	54.5464515686	0	0	0	0	0	0	0	0	0	0	0	0	0	0	0
Feb 22 2023 18:04:38	1.36103057861	89.4302978516	96.6156921387	0.000316106015816	61.9844779968	9.14886474609	83.6621017456	-	0	0	0	0	0	0	0	0	0	0	0	0	0	0	0	0	10.1219425201	0	0	0	0	0	0	0	0	0	0.229138627648	0.848194479942	1.78802156448	2.95577955246	4.12319278717	4.94262218475	5.04287815094	4.19580554962	2.47978305817	0.358278632164	0	0	0	0	0	0	0	0	62.9143638611	0	0	0	0	0	0	0	0	0	0	0	0	0	0	0
Feb 22 2023 18:04:39	1.33635497093	89.9072570801	96.7941131592	0.000504123338033	65.0274658203	9.03862190247	74.4891662598	-	0	0	0	0	0	0	0	0	0	0	0	0	0	0	0	0	10.868432045	0	0	0	0	0	0	0	0	0	0	0.277153909206	0.914069831371	1.9109596014	3.13897871971	4.25710916519	4.7727189064	4.25490570068	2.62220048904	0.345168203115	0	0	0	0	0	0	0	0	66.6383056641	0	0	0	0	0	0	0	0	0	0	0	0	0	0	0
Feb 22 2023 18:04:40	1.36528766155	89.4485092163	96.6225128174	0.000376585463528	62.1959571838	9.26816940308	81.0702514648	-	0	0	0	0	0	0	0	0	0	0	0	0	0	0	0	0	10.004652977	0	0	0	0	0	0	0	0	0	0.202599674463	0.768859863281	1.64528954029	2.76015639305	3.91519260406	4.7898311615	5.01895189285	4.34442186356	2.78055620193	0.720233142376	0	0	0	0	0	0	0	0	63.0492553711	0	0	0	0	0	0	0	0	0	0	0	0	0	0	0
Feb 22 2023 18:04:41	7.57423734665	90.1800384521	96.8958740234	0.000636471086182	66.8206787109	10.0216550827	71.9035949707	-	0	0	0	0	0	0	0	0	0	0	0	0	0	0	0	4.06376554654e-42	9.39578533173	7.88151960146e-14	0	0	0	0	0	0	0	0	0	0.431626528502	1.3201290369	2.54030871391	3.76652145386	4.50713253021	4.34200143814	3.21034598351	1.52305924892	0	0	0	0	0	0	0	0	0	68.9630889893	0	0	0	0	0	0	0	0	0	0	0	0	0	0	0
Feb 22 2023 18:04:42	1.34808242321	89.5606079102	96.6644973755	0.000318998238072	62.7011985779	8.97922801971	83.1362915039	-	0	0	0	0	0	0	0	0	0	0	0	0	0	0	0	0	10.4986801147	0	0	0	0	0	0	0	0	0	0.232759609818	0.824430584908	1.71954274178	2.82855844498	3.93370580673	4.7044672966	4.78807497025	3.96782636642	2.31988573074	0.29031842947	0	0	0	0	0	0	0	0	63.8917503357	0	0	0	0	0	0	0	0	0	0	0	0	0	0	0
Feb 22 2023 18:04:43	7.55469369888	89.5254821777	96.6513442993	0.00072934635682	62.7860832214	10.2231931686	69.6853713989	-	0	0	0	0	0	0	0	0	0	0	0	0	0	0	0	0	8.60508441925	0	0	0	0	0	0	0	0	0	0.255075722933	0.892138123512	1.84042048454	2.99449872971	4.12393569946	4.89948368073	4.99186706543	4.22367286682	2.69988775253	0.848475396633	0	0	0	0	0	0	0	0	63.6254615784	0	0	0	0	0	0	0	0	0	0	0	0	0	0	0
Feb 22 2023 18:04:44	6.07221221924	89.5419158936	96.6575012207	0.000390973204048	62.557674408	9.33907699585	80.6588745117	-	0	0	0	0	0	0	0	0	0	0	0	0	0	0	0	0	9.76625347137	0	0	0	0	0	0	0	0	0	0.37901699543	1.08269917965	2.08267951012	3.23702907562	4.28039121628	4.8699297905	4.70428943634	3.68032073975	2.00079846382	0.166820436716	0	0	0	0	0	0	0	0	63.7497711182	0	0	0	0	0	0	0	0	0	0	0	0	0	0	0
Feb 22 2023 18:04:45	1.3586281538	90.0491104126	96.8470535278	0.000334802316502	65.6192779541	9.27677726746	82.8723526001	-	0	0	0	0	0	0	0	0	0	0	0	0	0	0	0	0	10.1895217896	0	0	0	0	0	0	0	0	0	0.189003109932	0.976600408554	2.07951617241	3.25125789642	4.1205945015	4.32609701157	3.70391893387	2.41801857948	0.917271256447	0	0	0	0	0	0	0	0	0	67.8282012939	0	0	0	0	0	0	0	0	0	0	0	0	0	0	0
Feb 22 2023 18:04:46	1.32866573334	89.9020004272	96.7921447754	0.0003097759909	64.9011459351	8.86281490326	83.1208267212	-	0	0	0	0	0	0	0	0	0	0	0	0	0	0	0	0	11.127248764	0	0	0	0	0	0	0	0	0	0.00901428237557	0.347419857979	1.00609600544	2.004945755	3.21011424065	4.2857465744	4.74885320663	4.16924142838	2.4499309063	0.0464521422982	0	0	0	0	0	0	0	0	66.5949325562	0	0	0	0	0	0	0	0	0	0	0	0	0	0	0
Feb 22 2023 18:04:47	1.30700993538	86.2956237793	95.9685211182	0.000459980568849	53.3642082214	7.60052871704	73.0950088501	-	0	0	0	0	0	0	0	0	0	0	0	0	0	0	0	1.62876819237e-13	12.2581157684	1.13219244502e-32	0	0	0	0	0	0	0.00487155234441	0.196586102247	0.597823917866	1.25149953365	2.16501832008	3.28421401978	4.47085237503	5.48604679108	6.00898504257	5.71133613586	4.38685846329	2.13380169868	0	0	0	0	0	0	0	0	52.0439910889	0	0	0	0	0	0	0	0	0	0	0	0	0	0	0
Feb 22 2023 18:04:48	1.3018386364	88.4587554932	96.3184280396	0.000504002149682	57.4226722717	7.55807113647	70.4578552246	-	0	0	0	0	0	0	0	0	0	0	0	0	0	0	0	0	12.776515007	0	0	0	0	0	0	0	0	0.0993131771684	0.483447730541	1.13274002075	2.04289460182	3.13198971748	4.22148609161	5.03503513336	5.24594211578	4.58493471146	2.98337674141	0.718743741512	0	0	0	0	0	0	0	0	57.5435829163	0	0	0	0	0	0	0	0	0	0	0	0	0	0	0
Feb 22 2023 18:04:49	1.33448052406	89.4115447998	96.6086654663	0.000319789105561	61.7738609314	8.68161010742	82.5309295654	-	0	0	0	0	0	0	0	0	0	0	0	0	0	0	0	0	10.9302749634	6.90332857864e-16	0	0	0	0	0	0	0	0	0.288469344378	0.849588572979	1.71114110947	2.80736589432	3.94427251816	4.79762125015	4.98466348648	4.2177772522	2.48804497719	0.204699933529	0	0	0	0	0	0	0	0	62.7760810852	0	0	0	0	0	0	0	0	0	0	0	0	0	0	0
Feb 22 2023 18:04:50	1.32955110073	89.3241271973	96.5758895874	0.000330756738549	61.4054603577	8.62650203705	81.83253479	-	0	0	0	0	0	0	0	0	0	0	0	0	0	0	0	0	11.0967435837	0	0	0	0	0	0	0	0	0	0.164804264903	0.673402965069	1.48358178139	2.55426979065	3.72455310822	4.69795131683	5.09147262573	4.56968593597	3.02943491936	0.775212645531	0	0	0	0	0	0	0	0	62.138885498	0	0	0	0	0	0	0	0	0	0	0	0	0	0	0
Feb 22 2023 18:04:51	1.30551791191	89.4273986816	96.6146011353	0.000327021698467	61.9245491028	8.05753135681	80.5839691162	-	0	0	0	0	0	0	0	0	0	0	0	0	0	0	0	0	12.4031085968	2.21339114571e-12	0	0	0	0	0	0	0	0	0.0625720918179	0.43160533905	1.09932279587	2.07808494568	3.25700855255	4.35729026794	4.95497179031	4.61548566818	3.12174677849	0.725864768028	0	0	0	0	0	0	0	0	62.8929367065	0	0	0	0	0	0	0	0	0	0	0	0	0	0	0
Feb 22 2023 18:04:52	1.34311342239	89.1281433105	96.5023422241	0.000384637969546	60.6292114258	8.90001678467	79.8464889526	-	0	0	0	0	0	0	0	0	0	0	0	0	0	0	0	0	10.6518373489	0	0	0	0	0	0	0	0	0	0.129043057561	0.520289421082	1.19657564163	2.17514920235	3.37137699127	4.55260372162	5.33883476257	5.29478693008	4.11827611923	1.89704823494	0	0	0	0	0	0	0	0	60.7541809082	0	0	0	0	0	0	0	0	0	0	0	0	0	0	0
Feb 22 2023 18:04:53	1.33962500095	89.9227676392	96.7999038696	0.000488485733513	64.8002624512	8.9331741333	75.0894699097	-	0	0	0	0	0	0	0	0	0	0	0	0	0	0	0	0	10.7624082565	0	0	0	0	0	0	0	0	0	0.118666119874	0.762038230896	1.7752866745	2.98666667938	4.04519557953	4.52372264862	4.1261973381	2.89256691933	1.2408053875	0	0	0	0	0	0	0	0	0	66.7664489746	0	0	0	0	0	0	0	0	0	0	0	0	0	0	0
Feb 22 2023 18:04:54	6.73374652863	90.0729217529	96.8559341431	0.000600436527748	65.6949615479	9.87447547913	73.3448867798	-	0	0	0	0	0	0	0	0	0	0	0	0	0	0	0	0	9.04830360413	0	0	0	0	0	0	0	0	0	0.427810430527	1.62905180454	3.01440453529	4.12599897385	4.5442070961	4.09737730026	2.97074913979	1.61476969719	0.495399713516	0	0	0	0	0	0	0	0	0	68.0319290161	0	0	0	0	0	0	0	0	0	0	0	0	0	0	0
Feb 22 2023 18:04:55	6.90434026718	89.8616333008	96.7770690918	0.000446663645562	64.5941543579	9.73855781555	78.9788513184	-	0	0	0	0	0	0	0	0	0	0	0	0	0	0	0	0	9.42418289185	0	0	0	0	0	0	0	0	0	0.16169321537	0.886803388596	1.93061172962	3.11606931686	4.1381893158	4.63972330093	4.35724306107	3.27583360672	1.68923771381	0.116386510432	0	0	0	0	0	0	0	0	66.2640304565	0	0	0	0	0	0	0	0	0	0	0	0	0	0	0
Feb 22 2023 18:04:56	1.32596230507	88.3786621094	96.3049850464	0.000441877316916	57.599822998	8.29135513306	75.899055481	-	0	0	0	0	0	0	0	0	0	0	0	0	0	0	0	5.66204889614e-32	11.221570015	2.79054394609e-13	0	0	0	0	0	0	0	0.125012904406	0.477207362652	1.07930660248	1.93978905678	2.99976706505	4.11125802994	5.0260925293	5.42794084549	5.02303647995	3.67615818977	1.5709002018	0	0	0	0	0	0	0	0	57.3219604492	0	0	0	0	0	0	0	0	0	0	0	0	0	0	0
Feb 22 2023 18:04:57	1.33309602737	89.8941192627	96.7891998291	0.0004053391458	64.6563491821	8.8347196579	78.5712814331	-	0	0	0	0	0	0	0	0	0	0	0	0	0	0	0	0	10.9764595032	1.37241119077e-12	0	0	0	0	0	0	0	0	0.116211637855	0.672761678696	1.5762090683	2.71825122833	3.81954646111	4.47808599472	4.32735013962	3.25333404541	1.53171408176	0	0	0	0	0	0	0	0	0	66.5300750732	0	0	0	0	0	0	0	0	0	0	0	0	0	0	0
Feb 22 2023 18:04:58	1.32608902454	90.1273880005	96.8762435913	0.000333470641635	66.146270752	8.80278205872	81.828994751	-	0	0	0	0	0	0	0	0	0	0	0	0	0	0	0	0	11.2171087265	3.8789254469e-13	0	0	0	0	0	0	0	0	0.00301220570691	0.446313381195	1.36725842953	2.67586445808	3.93545222282	4.50883340836	3.97672009468	2.5182864666	0.848772108555	0	0	0	0	0	0	0	0	0	68.5023803711	0	0	0	0	0	0	0	0	0	0	0	0	0	0	0
Feb 22 2023 18:04:59	1.30992364883	89.5233688354	96.6505508423	0.000343351770425	62.3549385071	8.21946334839	80.1759033203	-	0	0	0	0	0	0	0	0	0	0	0	0	0	0	0	0	11.984957695	0	0	0	0	0	0	0	0	0	0.125805720687	0.611296415329	1.41463720798	2.49218130112	3.65985178947	4.58236503601	4.84621715546	4.13054084778	2.41467261314	0.127995342016	0	0	0	0	0	0	0	0	63.6094818115	0	0	0	0	0	0	0	0	0	0	0	0	0	0	0
Feb 22 2023 18:05:00	1.3099462986	88.8955078125	96.414894104	0.000457809946965	59.1344985962	8.09871292114	74.2894439697	-	0	0	0	0	0	0	0	0	0	0	0	0	0	0	0	0	11.9828901291	3.81441297818e-13	0	0	0	0	0	0	0	0	0.200890138745	0.639820814133	1.36635875702	2.37932324409	3.57193279266	4.69436454773	5.36613464355	5.17564630508	3.86538791656	1.57234036922	0	0	0	0	0	0	0	0	59.1849098206	0	0	0	0	0	0	0	0	0	0	0	0	0	0	0
Feb 22 2023 18:05:01	1.31191205978	88.7875671387	96.3742752075	0.000477481400594	58.7455978394	8.19770717621	73.6491394043	-	0	0	0	0	0	0	0	0	0	0	0	0	0	0	0	0	11.8057699203	0	0	0	0	0	0	0	0	0.0196001771837	0.185564771295	0.554942786694	1.20092511177	2.15504217148	3.35448908806	4.58616685867	5.46920728683	5.53329181671	4.42343044281	2.22893071175	0	0	0	0	0	0	0	0	58.4826393127	0	0	0	0	0	0	0	0	0	0	0	0	0	0	0
Feb 22 2023 18:05:02	1.33044087887	56.9265327454	86.1539459229	0.000406095816288	47.8673591614	8.54796981812	78.1029281616	-	0	0	0	0	0	0	0	0	0	0	0	0	0	0	0	0	11.0662784576	0	0	0	0	0	0	0	0	0	0.0933557003736	0.609766840935	1.3365534544	2.21505665779	3.13643813133	3.93297624588	4.39436340332	4.32279348373	3.61783051491	2.38304615021	1.00405824184	0.110568977892	0.313008636236	2.25420999527	6.18414878845	11.2667684555	15.4370088577	15.8896951675	10.4320850372	0	0	0	0	0	0	0	0	0	0	0	0	0	0	0
Feb 22 2023 18:05:03	1.2994273901	48.4244613647	84.7475128174	0.000467538688099	43.3188400269	7.38547849655	71.7670059204	-	0	0	0	0	0	0	0	0	0	0	0	0	0	0	0	0	13.0342931747	1.31027081918e-15	0	0	0	0	0	0	0	0	0.26433044672	0.824664354324	1.59842479229	2.52952075005	3.5118200779	4.38119602203	4.92759084702	4.94690704346	4.32586956024	3.14923715591	1.77229738235	0.766095399857	0.691958904266	2.07268047333	5.26411008835	9.67584228516	13.4405450821	13.8802165985	8.94240093231	0	0	0	0	0	0	0	0	0	0	0	0	0	0	0
Feb 22 2023 18:05:04	1.29783964157	88.2609100342	96.2852096558	0.000524516857695	57.8055458069	7.65163326263	69.3416519165	-	0	0	0	0	0	0	0	0	0	0	0	0	0	0	0	5.34830101213e-13	13.2100610733	0	0	0	0	0	0	0	0	0	0.00897263269871	0.0999524369836	0.404288887978	1.11048412323	2.38236284256	4.16719675064	5.95773696899	6.76913690567	5.66801786423	2.86765670776	0.355295926332	0	0	0	0	0	0	8.35579791258e-15	56.9988365173	0	0	0	0	0	0	0	0	0	0	0	0	0	0	0
Feb 22 2023 18:05:05	1.31410598755	89.459487915	96.626625061	0.000434601301095	62.5141830444	8.55816173553	76.356086731	-	0	0	0	0	0	0	0	0	0	0	0	0	0	0	0	0	11.6573314667	0	0	0	0	0	0	0	0	0	0.000186803692486	0.11552772671	0.48722410202	1.26484704018	2.51802134514	4.0694937706	5.37019681931	5.61050510406	4.20744466782	1.56839466095	0	0	0	0	0	0	0	0	63.1308250427	0	0	0	0	0	0	0	0	0	0	0	0	0	0	0
Feb 22 2023 18:05:06	1.35298538208	89.0812606812	96.4847335815	0.000420740892878	60.8434638977	9.24192905426	78.8373718262	-	0	0	0	0	0	0	0	0	0	0	0	0	0	0	0	0	10.3523435593	0	0	0	0	0	0	0	0	0	0.0114938355982	0.149959400296	0.532479047775	1.29768228531	2.52155160904	4.08208465576	5.53833246231	6.17209291458	5.3274474144	3.03904724121	0.543859302998	0	0	0	0	0	0	0	60.4316291809	0	0	0	0	0	0	0	0	0	0	0	0	0	0	0
Feb 22 2023 18:05:07	1.31312739849	89.8396377563	96.7688522339	0.000367694214219	64.3866348267	8.50884056091	79.4960861206	-	0	0	0	0	0	0	0	0	0	0	0	0	0	0	0	3.41068548323e-25	11.6989860535	3.58451809901e-12	0	0	0	0	0	0	0	0	0.0504176989198	0.397854477167	1.07425260544	2.09371900558	3.30252766609	4.33740186691	4.70476055145	4.01024484634	2.24485588074	0	0	0	0	0	0	0	0	0	66.0849838257	0	0	0	0	0	0	0	0	0	0	0	0	0	0	0
Feb 22 2023 18:05:08	1.30045175552	89.5232620239	96.6505126953	0.000386629137211	62.4165077209	7.85828542709	76.8446807861	-	0	0	0	0	0	0	0	0	0	0	0	0	0	0	0	0	12.9234704971	6.33075474096e-14	0	0	0	0	0	0	0	0	0.0401880554855	0.322351574898	0.913845837116	1.87529921532	3.11702251434	4.32080554962	4.96903753281	4.55194854736	2.89900946617	0.458337515593	0	0	0	0	0	0	0	0	63.6086807251	0	0	0	0	0	0	0	0	0	0	0	0	0	0	0
Feb 22 2023 18:05:09	6.94207954407	89.2127838135	96.5341186523	0.000515470455866	61.2425880432	9.58941650391	75.8367767334	-	0	0	0	0	0	0	0	0	0	0	0	0	0	0	0	0	9.58759307861	1.81838356492e-14	0	0	0	0	0	0	0	0	0.145338013768	0.522567868233	1.19350552559	2.18307805061	3.40745711327	4.62253522873	5.42793703079	5.37508296967	4.18124961853	2.00871324539	0	0	0	0	0	0	0	0	61.3449401855	0	0	0	0	0	0	0	0	0	0	0	0	0	0	0
Feb 22 2023 18:05:10	1.34615921974	89.0255508423	96.4637985229	0.000409801286878	59.6659584045	8.72456741333	78.5000686646	-	0	0	0	0	0	0	0	0	0	0	0	0	0	0	0	0	10.5573663712	8.06181239387e-13	0	0	0	0	0	0	0	0	0.380866110325	1.06364941597	2.044308424	3.21839141846	4.36547279358	5.16382741928	5.27133607864	4.46522569656	2.78625750542	0.63077968359	0	0	0	0	0	0	0	0	60.052520752	0	0	0	0	0	0	0	0	0	0	0	0	0	0	0
Feb 22 2023 18:05:11	1.30595600605	87.0353088379	96.0779876709	0.000479676818941	54.6259231567	7.60246753693	72.0583114624	-	0	0	0	0	0	0	0	0	0	0	0	0	0	0	2.27021862292e-23	0.0152908861637	12.3309173584	8.12606060663e-07	4.96235413675e-22	0	0	0	0	0	0	0.140694260597	0.56348079443	1.2622269392	2.23164105415	3.38960766792	4.55969810486	5.46800518036	5.78712797165	5.2371339798	3.72183775902	1.47518217564	0	0	0	0	0	0	0	0	53.8171577454	0	0	0	0	0	0	0	0	0	0	0	0	0	0	0
Feb 22 2023 18:05:12	6.57663488388	89.6958694458	96.7151107788	0.000446649355581	63.3613815308	9.60649013519	78.9115066528	-	0	0	0	0	0	0	0	0	0	0	0	0	0	0	0	0	9.28987216949	1.21479085471e-12	0	0	0	0	0	0	0	0	0.441440135241	1.36340999603	2.56909489632	3.79135489464	4.66356611252	4.84066772461	4.16648578644	2.79155063629	1.1452280283	0	0	0	0	0	0	0	0	0	64.9373321533	0	0	0	0	0	0	0	0	0	0	0	0	0	0	0
Feb 22 2023 18:05:13	6.8829369545	89.9132461548	96.7963485718	0.00034253494232	64.7309036255	9.90240955353	83.8642196655	-	0	0	0	0	0	0	0	0	0	0	0	0	0	0	0	0	8.97887134552	5.34843979001e-13	0	0	0	0	0	0	0	0	0.371602863073	1.39659368992	2.68950653076	3.90764474869	4.64190387726	4.58278417587	3.69265222549	2.26285672188	0.787887811661	0	0	0	0	0	0	0	0	0	66.6876983643	0	0	0	0	0	0	0	0	0	0	0	0	0	0	0
Feb 22 2023 18:05:14	6.98487043381	90.1440963745	96.8824768066	0.000393712427467	66.3080291748	9.86715221405	81.4295654297	-	0	0	0	0	0	0	0	0	0	0	0	0	0	0	0	0	9.30920314789	0	0	0	0	0	0	0	0	0	0.129223451018	1.04088044167	2.30946946144	3.5860748291	4.40112781525	4.38257360458	3.48520994186	2.05620670319	0.652055799961	0	0	0	0	0	0	0	0	0	68.6479721069	0	0	0	0	0	0	0	0	0	0	0	0	0	0	0
Feb 22 2023 18:05:15	6.85921382904	89.5758285522	96.6701965332	0.000331994931912	62.6733474731	9.88264560699	84.4300460815	-	0	0	0	0	0	0	0	0	0	0	0	0	0	0	0	0	8.76361179352	0	0	0	0	0	0	0	0	0	0.545661211014	1.51063930988	2.7327246666	3.94913244247	4.81208848953	4.99618530273	4.34801864624	2.99641370773	1.33773958683	0	0	0	0	0	0	0	0	0	64.0077819824	0	0	0	0	0	0	0	0	0	0	0	0	0	0	0
Feb 22 2023 18:05:16	6.89361906052	89.6737823486	96.7068481445	0.000527959316969	63.3762969971	9.76197052002	75.8935089111	-	0	0	0	0	0	0	0	0	0	0	0	0	0	0	0	0	9.18180751801	1.00038694776e-12	0	0	0	0	0	0	0	0	0.313054203987	1.06339561939	2.14664626122	3.38314628601	4.45030546188	4.96092176437	4.62507772446	3.42498207092	1.68632698059	0	0	0	0	0	0	0	0	0	64.7643432617	0	0	0	0	0	0	0	0	0	0	0	0	0	0	0
Feb 22 2023 18:05:17	1.30333614349	86.5294799805	95.9917449951	0.000420163240051	54.0725326538	7.57260322571	74.8210601807	-	0	0	0	0	0	0	0	0	0	0	0	0	0	0	0	6.74726388043e-13	12.6217260361	5.00681073478e-14	0	0	0	0	0	0	0	0.0783733949065	0.381329119205	0.913049280643	1.70209860802	2.729388237	3.89887619019	5.01123380661	5.76526498795	5.81548643112	4.89351987839	2.99839377403	0.597817778587	0	0	0	0	0	0	0	52.5934448242	0	0	0	0	0	0	0	0	0	0	0	0	0	0	0
Feb 22 2023 18:05:18	1.39589524269	85.4585647583	95.8887634277	0.000560215150472	52.559299469	7.91753864288	69.5775909424	-	0	0	0	0	0	0	0	0	0	0	0	0	0	0	9.62787748832e-12	0.0112352538854	9.36992549896	2.89460158348	0.00191181246191	3.58098417585e-09	5.7129013939e-18	7.58943469028e-32	0	0	0	0.0672678425908	0.277268439531	0.701228141785	1.40614795685	2.42179274559	3.69692254066	5.04895067215	6.13888931274	6.52181053162	5.80724668503	3.94526600838	1.5328387022	0	0	0	0	0	0	0	50.1567077637	0	0	0	0	0	0	0	0	0	0	0	0	0	0	0
Feb 22 2023 18:05:19	1.31035327911	88.1387710571	96.2646636963	0.000600677216426	57.1199226379	7.97076559067	67.4761276245	-	0	0	0	0	0	0	0	0	0	0	0	0	0	0	0	0	11.9457626343	8.35730898548e-13	0	0	0	0	0	0	0	0.0951523110271	0.388356149197	0.912001371384	1.69688534737	2.71759033203	3.86021661758	4.8967165947	5.49633932114	5.30364847183	4.08523225784	1.93501770496	0	0	0	0	0	0	0	0	56.6670761108	0	0	0	0	0	0	0	0	0	0	0	0	0	0	0
Feb 22 2023 18:05:20	1.36445224285	86.8193359375	96.0412139893	0.000664695748128	54.1847114563	6.87966108322	60.5491294861	-	0	0	0	0	0	0	0	0	0	0	0	0	0	0	0.00228758342564	1.25090205669	8.53545379639	5.01081228256	0.430021673441	0.0057184654288	7.42518568586e-06	1.42565015349e-10	7.55524752702e-26	0	0	0.026694715023	0.211876124144	0.624894738197	1.34227705002	2.39059281349	3.69016981125	4.99689292908	5.88585662842	5.84072828293	4.48710346222	1.97906517982	0	0	0	0	0	0	0	0	53.2886428833	0	0	0	0	0	0	0	0	0	0	0	0	0	0	0
Feb 22 2023 18:05:21	1.29755890369	88.0395355225	96.2479629517	0.000394526752643	56.4547424316	7.37563562393	75.5359191895	-	0	0	0	0	0	0	0	0	0	0	0	0	0	0	0	0.223005861044	12.8128986359	8.31546464625e-25	0	0	0	0	0	0	0	0.156859382987	0.581169307232	1.26541912556	2.19366598129	3.27622842789	4.33428049088	5.10215616226	5.27202224731	4.59345149994	3.0068154335	0.782006800175	0	0	0	0	0	0	0	0	56.4000205994	0	0	0	0	0	0	0	0	0	0	0	0	0	0	0
Feb 22 2023 18:05:22	7.35062122345	90.0791778564	96.8582687378	0.000455952540506	66.0553741455	9.96241950989	78.9473495483	-	0	0	0	0	0	0	0	0	0	0	0	0	0	0	0	0	9.31092453003	0	0	0	0	0	0	0	0	0	0.0291914120317	0.661535322666	1.68394470215	2.93302297592	4.05421352386	4.60196304321	4.2540473938	3.03174042702	1.35377764702	0	0	0	0	0	0	0	0	0	68.0856399536	0	0	0	0	0	0	0	0	0	0	0	0	0	0	0
Feb 22 2023 18:05:23	1.29731750488	88.8688659668	96.404876709	0.000327943038428	58.7613754272	7.51218271255	79.2932891846	-	0	0	0	0	0	0	0	0	0	0	0	0	0	0	0	0	13.2689590454	2.82785383651e-12	0	0	0	0	0	0	0	0	0.18850800395	0.638772368431	1.37788152695	2.39790129662	3.58227443695	4.67021131516	5.27174711227	4.97261047363	3.52566170692	1.09536457062	0	0	0	0	0	0	0	0	59.0101051331	0	0	0	0	0	0	0	0	0	0	0	0	0	0	0
Feb 22 2023 18:05:24	6.26823091507	90.1800384521	96.8958740234	0.000554551254027	66.2605514526	9.51474761963	74.1459960938	-	0	0	0	0	0	0	0	0	0	0	0	0	0	0	0	0	9.54838180542	0	0	0	0	0	0	0	0	0	0.49525681138	1.9713280201	3.47913360596	4.40779018402	4.38325643539	3.47722649574	2.1479780674	0.94186681509	0.184660032392	0	0	0	0	0	0	0	0	0	68.9631195068	0	0	0	0	0	0	0	0	0	0	0	0	0	0	0
Feb 22 2023 18:05:25	1.38425385952	86.5372924805	95.9930801392	0.00066139944829	53.9943008423	7.49334764481	63.3988189697	-	0	0	0	0	0	0	0	0	0	0	0	0	0	0	1.99818106505e-10	0.0193361807615	9.02149200439	4.5623087883	0.0116712581366	2.0191841088e-07	9.24276761626e-15	2.98913479388e-26	0	0	0	0.047049112618	0.230187222362	0.636271834373	1.34882092476	2.40575408936	3.7407476902	5.11852264404	6.11149692535	6.19212198257	4.98387241364	2.65869069099	0.299671977758	0	0	0	0	0	0	0	52.6119842529	0	0	0	0	0	0	0	0	0	0	0	0	0	0	0
Feb 22 2023 18:05:26	1.5526317358	86.0771560669	95.9477767944	0.000514285929967	52.1665496826	6.65618133545	69.625213623	-	0	0	0	0	0	0	0	0	0	0	0	0	0	0	1.10742485523	2.52417111397	3.38304758072	3.42350387573	2.81195425987	1.90905106068	1.04327654839	0.414235830307	0.0900736525655	0.00417122337967	0.0122891226783	0.143549665809	0.544314444065	1.29295098782	2.36498951912	3.61156797409	4.76307964325	5.46709728241	5.39528226852	4.41346788406	2.74022984505	0.993169844151	0.00745487492532	0	0	0	0	0	0	0	51.5396575928	0	0	0	0	0	0	0	0	0	0	0	0	0	0	0
Feb 22 2023 18:05:27	1.37390470505	85.7630157471	95.9178543091	0.000486440083478	52.9839782715	7.38828706741	71.0469818115	-	0	0	0	0	0	0	0	0	0	0	0	0	0	0	5.32134780684e-10	0.025367198512	9.37821769714	4.5664691925	0.0120926173404	2.03255453357e-07	5.89130346002e-15	1.23776330112e-27	0	0	0	0.0140097849071	0.131386682391	0.429688036442	1.00057697296	1.91854965687	3.18487811089	4.65129947662	5.95445537567	6.54601287842	5.90252113342	3.94944477081	1.48286688328	0.0229639988393	0	0	0	0	0	0	50.8291969299	0	0	0	0	0	0	0	0	0	0	0	0	0	0	0
Feb 22 2023 18:05:28	1.31049573421	86.7412033081	96.0278930664	0.000505963340402	53.8903808594	6.7073636055	67.4550170898	-	0	0	0	0	0	0	0	0	0	0	0	0	0	0	0.00690057361498	2.3868894577	9.46442890167	2.94165062904	0.119741298258	0.000651552400086	2.64953456508e-07	6.79044331615e-13	0	0	0	0.11125163734	0.451753973961	1.02517557144	1.84515941143	2.87293744087	3.99038720131	4.97962999344	5.52956724167	5.29934453964	4.04704427719	1.82780456543	0	0	0	0	0	0	0	0	53.0996780396	0	0	0	0	0	0	0	0	0	0	0	0	0	0	0
Feb 22 2023 18:05:29	1.64236366749	85.8249130249	95.9237594604	0.000515888910741	51.5355796814	6.82679224014	70.7657165527	-	0	0	0	0	0	0	0	0	0	0	0	0	0	0	1.35691916943	2.35681557655	2.84770178795	2.83194971085	2.42965722084	1.81495738029	1.15263819695	0.574084579945	0.189244836569	0.0763835981488	0.252366006374	0.701669514179	1.39257156849	2.25222086906	3.17889523506	4.04114627838	4.68743085861	4.9569439888	4.71084022522	3.8797929287	2.51412773132	0.833798646927	0	0	0	0	0	0	0	0	50.9678421021	0	0	0	0	0	0	0	0	0	0	0	0	0	0	0
Feb 22 2023 18:05:30	1.3144108057	89.7632904053	96.7403182983	0.000388038519304	63.867729187	8.48400783539	78.4923248291	-	0	0	0	0	0	0	0	0	0	0	0	0	0	0	0	0	11.645652771	0	0	0	0	0	0	0	0	0	0.0697742626071	0.508451998234	1.27215278149	2.32882070541	3.49249124527	4.4115486145	4.65526866913	3.9103679657	2.20419502258	0.0305533371866	0	0	0	0	0	0	0	0	65.4707260132	0	0	0	0	0	0	0	0	0	0	0	0	0	0	0
Feb 22 2023 18:05:31	6.79922294617	90.3339614868	96.9532089233	0.000463550328277	67.4227600098	10.3929691315	79.8571853638	-	0	0	0	0	0	0	0	0	0	0	0	0	0	0	0	0	8.33260154724	0	0	0	0	0	0	0	0	0	0.750201761723	2.29898452759	3.79703307152	4.56172323227	4.26547002792	3.13203072548	1.75206589699	0.670358240604	0.0948946252465	0	0	0	0	0	0	0	0	0	70.3446350098	0	0	0	0	0	0	0	0	0	0	0	0	0	0	0
Feb 22 2023 18:05:32	7.95239925385	90.5547485352	97.0353317261	0.000549327814952	69.3784866333	10.347038269	75.8763580322	-	0	0	0	0	0	0	0	0	0	0	0	0	0	0	0	0	9.12405014038	0	0	0	0	0	0	0	0	0	0	0.324143469334	1.4487798214	3.15155792236	4.49188899994	4.44700336456	3.03184199333	1.31354486942	0.245894148946	0	0	0	0	0	0	0	0	0	72.4213027954	0	0	0	0	0	0	0	0	0	0	0	0	0	0	0
Feb 22 2023 18:05:33	8.28969573975	90.5865936279	97.0471725464	0.00051536312094	69.6834487915	10.4175014496	77.2640457153	-	0	0	0	0	0	0	0	0	0	0	0	0	0	0	0	0	9.13164806366	0	0	0	0	0	0	0	0	0	0	0.160506054759	1.05790817738	2.74536967278	4.39624834061	4.69661474228	3.34022426605	1.46579551697	0.275103926659	0	0	0	0	0	0	0	0	0	72.7305831909	0	0	0	0	0	0	0	0	0	0	0	0	0	0	0
Feb 22 2023 18:05:34	7.45813322067	90.3137359619	96.9456787109	0.000520988251083	67.5665283203	10.1746320724	76.7896270752	-	0	0	0	0	0	0	0	0	0	0	0	0	0	0	0	0	9.07646751404	0	0	0	0	0	0	0	0	0	0	0.783507883549	2.08058929443	3.46339821815	4.35478544235	4.30815219879	3.32164382935	1.86885929108	0.582538723946	0	0	0	0	0	0	0	0	0	70.1600570679	0	0	0	0	0	0	0	0	0	0	0	0	0	0	0
Feb 22 2023 18:05:35	5.9234251976	89.354133606	96.5871429443	0.000608007365372	61.294834137	9.23635578156	71.5636291504	-	0	0	0	0	0	0	0	0	0	0	0	0	0	0	0	0	9.59710407257	0	0	0	0	0	0	0	0	0.0951950997114	0.672374725342	1.56771862507	2.683822155	3.81447267532	4.67641448975	4.97567844391	4.51949167252	3.32825231552	1.67693901062	0.0363474339247	0	0	0	0	0	0	0	0	62.3561935425	0	0	0	0	0	0	0	0	0	0	0	0	0	0	0
Feb 22 2023 18:05:36	6.80183076859	90.2178115845	96.9099502563	0.000358290912118	66.7466659546	9.94948768616	83.1321029663	-	0	0	0	0	0	0	0	0	0	0	0	0	0	0	0	0	9.13701438904	0	0	0	0	0	0	0	0	0	0.340034812689	1.37609040737	2.66062068939	3.78879904747	4.32498216629	4.0222454071	2.98275327682	1.62413680553	0.446006059647	0	0	0	0	0	0	0	0	0	69.2973175049	0	0	0	0	0	0	0	0	0	0	0	0	0	0	0
Feb 22 2023 18:05:37	1.31533265114	89.1429290771	96.5078964233	0.00041624615551	60.4960517883	8.35638713837	76.9636154175	-	0	0	0	0	0	0	0	0	0	0	0	0	0	0	0	0	11.6104955673	0	0	0	0	0	0	0	0	0	0.178094312549	0.598813712597	1.29389643669	2.26284170151	3.40490007401	4.48278808594	5.13236665726	4.95703554153	3.70701217651	1.51512253284	0	0	0	0	0	0	0	0	60.8566360474	0	0	0	0	0	0	0	0	0	0	0	0	0	0	0
Feb 22 2023 18:05:38	1.33510899544	89.892326355	96.7885360718	0.000328247813741	64.7282104492	8.91020107269	82.3828430176	-	0	0	0	0	0	0	0	0	0	0	0	0	0	0	0	0	10.909453392	0	0	0	0	0	0	0	0	0	0.0995577275753	0.565588653088	1.36792516708	2.45491433144	3.60704398155	4.4423084259	4.53415203094	3.63210916519	1.87158715725	0	0	0	0	0	0	0	0	0	66.5153656006	0	0	0	0	0	0	0	0	0	0	0	0	0	0	0
Feb 22 2023 18:05:39	1.34149861336	89.376373291	96.5954818726	0.000451802479802	61.4630241394	8.72007751465	76.4596633911	-	0	0	0	0	0	0	0	0	0	0	0	0	0	0	0	0	10.7027006149	0	0	0	0	0	0	0	0	0	0.384014874697	1.12340462208	2.14359140396	3.2945830822	4.31675815582	4.88473129272	4.71435880661	3.70378613472	2.0348842144	0.178990289569	0	0	0	0	0	0	0	0	62.518196106	0	0	0	0	0	0	0	0	0	0	0	0	0	0	0
Feb 22 2023 18:05:40	1.32332062721	89.3869628906	96.5994491577	0.000483481446281	61.7348060608	8.53064441681	74.2784042358	-	0	0	0	0	0	0	0	0	0	0	0	0	0	0	0	0	11.315486908	0	0	0	0	0	0	0	0	0	0.192082539201	0.681803703308	1.46003425121	2.4881632328	3.6129527092	4.55069971085	4.93305921555	4.43502378464	2.95373463631	0.781348466873	0	0	0	0	0	0	0	0	62.5956115723	0	0	0	0	0	0	0	0	0	0	0	0	0	0	0
Feb 22 2023 18:05:41	1.29976892471	88.0179977417	96.2443313599	0.000390462839277	56.6453514099	7.48663902283	75.9858703613	-	0	0	0	0	0	0	0	0	0	0	0	0	0	0	0	0	12.9971246719	9.66347363457e-15	0	0	0	0	0	0	0	0.0660261064768	0.38102799654	0.938528120518	1.76194739342	2.81306743622	3.96149110794	4.96289634705	5.47566318512	5.14402961731	3.74777364731	1.40807294846	0	0	0	0	0	0	0	0	56.3423500061	0	0	0	0	0	0	0	0	0	0	0	0	0	0	0
Feb 22 2023 18:05:42	1.29299163818	88.1582946777	96.2679519653	0.000475947425002	57.0332489014	7.26683282852	70.5594482422	-	0	0	0	0	0	0	0	0	0	0	0	0	0	0	0	0	13.7788209915	0	0	0	0	0	0	0	0	0.0024648476392	0.177057385445	0.574318110943	1.26292181015	2.26553487778	3.50255060196	4.73754310608	5.56418800354	5.49428749084	4.17622089386	1.74422025681	0	0	0	0	0	0	0	0	56.7198677063	0	0	0	0	0	0	0	0	0	0	0	0	0	0	0
Feb 22 2023 18:05:43	1.34358155727	86.4082107544	95.9791946411	0.000528914504685	53.3998794556	6.7424697876	66.4433288574	-	0	0	0	0	0	0	0	0	0	0	0	0	0	0	0.00292454217561	1.55041575432	9.24027442932	4.24597406387	0.25167247653	0.00195943028666	1.1043887298e-06	3.38208931347e-12	0	0	0	0.0519534982741	0.306065320969	0.785066843033	1.53289818764	2.54870724678	3.74912238121	4.92945480347	5.74831485748	5.77775859833	4.64839220047	2.32178020477	0	0	0	0	0	0	0	0	52.3072662354	0	0	0	0	0	0	0	0	0	0	0	0	0	0	0
Feb 22 2023 18:05:44	1.3047426939	89.5308456421	96.6533508301	0.00035496338387	62.3048095703	7.97651910782	78.9474639893	-	0	0	0	0	0	0	0	0	0	0	0	0	0	0	0	0	12.4798717499	5.09171291284e-14	0	0	0	0	0	0	0	0	0.156643226743	0.650730013847	1.45072448254	2.50598311424	3.63098716736	4.49865436554	4.71238517761	3.97011041641	2.26241898537	0.0155419837683	0	0	0	0	0	0	0	0	63.6659507751	0	0	0	0	0	0	0	0	0	0	0	0	0	0	0
Feb 22 2023 18:05:45	1.32944381237	89.2256011963	96.5389251709	0.000561327324249	60.7213096619	8.52407073975	70.9712600708	-	0	0	0	0	0	0	0	0	0	0	0	0	0	0	0	0	11.1004304886	1.18774293786e-12	0	0	0	0	0	0	0	0	0.326204836369	0.938623130322	1.83863246441	2.94113206863	4.04464769363	4.84082841873	4.98870849609	4.25567245483	2.67014026642	0.619652509689	0	0	0	0	0	0	0	3.68500879022e-15	61.4353294373	0	0	0	0	0	0	0	0	0	0	0	0	0	0	0
Feb 22 2023 18:05:46	1.35056233406	89.7890396118	96.7499465942	0.000181947485544	63.3015518188	8.61400985718	89.7583312988	-	0	0	0	0	0	0	0	0	0	0	0	0	0	0	0	0	10.4240837097	0	0	0	0	0	0	0	0	0	1.42680120468	3.2210021019	4.55995702744	4.93480873108	4.29752445221	3.02580785751	1.67125487328	0.654696762562	0.107374697924	0	0	0	0	0	0	0	0	0	65.6766891479	0	0	0	0	0	0	0	0	0	0	0	0	0	0	0
Feb 22 2023 18:05:47	1.33858072758	90.0455245972	96.8457183838	0.00028456634027	65.0495071411	8.63836765289	84.2956619263	-	0	0	0	0	0	0	0	0	0	0	0	0	0	0	0	0	10.7960138321	0	0	0	0	0	0	0	0	0	0.351818650961	2.02870845795	4.26380395889	5.51921272278	4.83747911453	2.91819953918	1.17766749859	0.285885572433	0.0235795751214	0	0	0	0	0	0	0	0	0	67.7976303101	0	0	0	0	0	0	0	0	0	0	0	0	0	0	0
Feb 22 2023 18:05:48	1.35573625565	89.9217758179	96.7995300293	0.000479162670672	64.5696487427	9.03860855103	76.0158996582	-	0	0	0	0	0	0	0	0	0	0	0	0	0	0	0	0	10.272236824	5.15434212239e-13	0	0	0	0	0	0	0	0	0.431343913078	1.52105915546	2.83890414238	3.98005437851	4.52002573013	4.218105793	3.16732931137	1.76962888241	0.52305150032	0	0	0	0	0	0	0	0	0	66.7582626343	0	0	0	0	0	0	0	0	0	0	0	0	0	0	0
Feb 22 2023 18:05:49	6.73448514938	90.2278900146	96.9137039185	0.000732218439225	66.7158508301	9.85071372986	68.3306732178	-	0	0	0	0	0	0	0	0	0	0	0	0	0	0	0	0	9.18784999847	3.69696216999e-13	0	0	0	0	0	0	0	0	0.313998073339	1.60757601261	3.11319446564	4.23846435547	4.49201154709	3.78093910217	2.47371554375	1.1531059742	0.252151221037	0	0	0	0	0	0	0	0	0	69.3869934082	0	0	0	0	0	0	0	0	0	0	0	0	0	0	0
Feb 22 2023 18:05:50	6.2827038765	89.3109512329	96.5709533691	0.000547075411305	60.9227752686	9.69123268127	75.5586547852	-	0	0	0	0	0	0	0	0	0	0	0	0	0	0	0	0	8.55187892914	0	0	0	0	0	0	0	0	0.325510501862	1.16543030739	2.28129720688	3.47577929497	4.47502756119	5.00248003006	4.85993003845	4.01783180237	2.66014099121	1.14075517654	0	0	0	0	0	0	0	0	0	62.0439414978	0	0	0	0	0	0	0	0	0	0	0	0	0	0	0
Feb 22 2023 18:05:51	1.35722005367	89.2057571411	96.5314788818	0.00053229695186	60.7426490784	9.00297737122	73.7390594482	-	0	0	0	0	0	0	0	0	0	0	0	0	0	0	0	0	10.2296075821	4.96610707472e-14	0	0	0	0	0	0	0	0	0.325511753559	0.94684523344	1.86871159077	3.00475549698	4.14805412292	4.98114109039	5.15454244614	4.43121147156	2.84032344818	0.773833453655	0	0	0	0	0	0	0	0	61.295463562	0	0	0	0	0	0	0	0	0	0	0	0	0	0	0
Feb 22 2023 18:05:52	1.33720219135	89.6563415527	96.7003250122	0.000470266561024	62.975643158	8.69848537445	75.4850692749	-	0	0	0	0	0	0	0	0	0	0	0	0	0	0	0	0	10.8407382965	0	0	0	0	0	0	0	0	0	0.294576644897	1.16399562359	2.34631419182	3.57952976227	4.48707151413	4.70765638351	4.07405853271	2.73839116096	1.13929462433	0	0	0	0	0	0	0	0	0	64.6283721924	0	0	0	0	0	0	0	0	0	0	0	0	0	0	0
Feb 22 2023 18:05:53	1.30994856358	89.2756958008	96.557723999	0.000593317497987	60.82862854	8.08920860291	68.0055007935	-	0	0	0	0	0	0	0	0	0	0	0	0	0	0	0	0	11.9826774597	0	0	0	0	0	0	0	0	0	0.27868065238	0.895751357079	1.81989634037	2.95221161842	4.0648522377	4.82075643539	4.86803102493	3.99842214584	2.29989385605	0.227704226971	0	0	0	0	0	0	0	0	61.7911224365	0	0	0	0	0	0	0	0	0	0	0	0	0	0	0
Feb 22 2023 18:05:54	1.34833300114	87.358543396	96.1328811646	0.000573002966121	56.0887107849	8.09118080139	69.1301116943	-	0	0	0	0	0	0	0	0	0	0	0	0	0	0	0	1.90401913553e-23	10.5313625336	1.67959427834	4.01440961783e-20	0	0	0	0	0	0	0.00134714297019	0.0805688947439	0.331545263529	0.863604605198	1.77418291569	3.07682275772	4.60275840759	5.92734003067	6.43080568314	5.58344364166	3.44534444809	1.0457829237	0	0	0	0	0	0	0	54.6254997253	0	0	0	0	0	0	0	0	0	0	0	0	0	0	0
Feb 22 2023 18:05:55	1.29802727699	89.2677307129	96.5547409058	0.000506095704623	60.5480957031	7.53175449371	69.9930953979	-	0	0	0	0	0	0	0	0	0	0	0	0	0	0	0	1.98683717795e-29	13.1890296936	5.23454456863e-12	0	0	0	0	0	0	0	0	0.314750283957	0.951552093029	1.90206503868	3.04421901703	4.11532783508	4.7523598671	4.61595010757	3.56880164146	1.81161487103	0	0	0	0	0	0	0	0	0	61.7343292236	0	0	0	0	0	0	0	0	0	0	0	0	0	0	0
Feb 22 2023 18:05:56	6.90085887909	90.1764602661	96.8945388794	0.000500870286487	66.4800109863	9.83166599274	76.9310073853	-	0	0	0	0	0	0	0	0	0	0	0	0	0	0	0	0	9.33637905121	0	0	0	0	0	0	0	0	0	0.138971537352	1.15130853653	2.50551366806	3.77371692657	4.45341110229	4.23024845123	3.1848449707	1.76696419716	0.527064085007	0	0	0	0	0	0	0	0	0	68.9315795898	0	0	0	0	0	0	0	0	0	0	0	0	0	0	0
Feb 22 2023 18:05:57	1.32062971592	89.603302002	96.680480957	0.000477069988847	62.7023925781	8.43966579437	74.3466567993	-	0	0	0	0	0	0	0	0	0	0	0	0	0	0	0	0	11.4129800797	9.77703378327e-13	0	0	0	0	0	0	0	0	0.272642374039	0.923386514187	1.90557265282	3.0803155899	4.15378713608	4.73409366608	4.48318481445	3.3125500679	1.50321018696	0	0	0	0	0	0	0	0	0	64.2182769775	0	0	0	0	0	0	0	0	0	0	0	0	0	0	0
Feb 22 2023 18:05:58	1.31764531136	89.4262008667	96.6141586304	0.000412450172007	61.4919013977	8.23770618439	77.0126953125	-	0	0	0	0	0	0	0	0	0	0	0	0	0	0	0	0	11.5233278275	3.58971251162e-12	0	0	0	0	0	0	0	0.0488321781158	0.544727802277	1.3714979887	2.44927954674	3.56952738762	4.42810153961	4.70602607727	4.2026257515	2.96236515045	1.30957484245	0	0	0	0	0	0	0	0	0	62.8841171265	0	0	0	0	0	0	0	0	0	0	0	0	0	0	0
Feb 22 2023 18:05:59	1.35983872414	89.1328353882	96.5041046143	0.000696459494065	60.1127128601	8.88475990295	66.9639129639	-	0	0	0	0	0	0	0	0	0	0	0	0	0	0	0	0	10.1553401947	0	0	0	0	0	0	0	0	0.0982321426272	0.596453726292	1.39897811413	2.44873547554	3.58738517761	4.56536531448	5.08209514618	4.87999248505	3.86670351028	2.20530581474	0.32875713706	0	0	0	0	0	0	0	1.40129846432e-43	60.7866592407	0	0	0	0	0	0	0	0	0	0	0	0	0	0	0
Feb 22 2023 18:06:00	1.3459597826	89.7138137817	96.721824646	0.000637434830423	63.2590179443	8.80638217926	68.7506027222	-	0	0	0	0	0	0	0	0	0	0	0	0	0	0	0	0	10.5634946823	0	0	0	0	0	0	0	0	0	0.498125642538	1.49926257133	2.71658420563	3.84115457535	4.51555967331	4.46747684479	3.65077900887	2.30437231064	0.864728629589	0	0	0	0	0	0	0	0	0	65.0784606934	0	0	0	0	0	0	0	0	0	0	0	0	0	0	0
Feb 22 2023 18:06:01	6.93210697174	90.1088027954	96.8693161011	0.000593509059399	66.0821304321	9.90330886841	73.4992523193	-	0	0	0	0	0	0	0	0	0	0	0	0	0	0	0	0	9.22268199921	0	0	0	0	0	0	0	0	0	0.222827702761	1.10915327072	2.32047390938	3.5393986702	4.33854293823	4.3667550087	3.55478262901	2.19279193878	0.791408777237	0	0	0	0	0	0	0	0	0	68.3411865234	0	0	0	0	0	0	0	0	0	0	0	0	0	0	0
Feb 22 2023 18:06:02	6.88236999512	90.732711792	97.1014404297	0.000684906204697	70.3331298828	10.717921257	72.4414291382	-	0	0	0	0	0	0	0	0	0	0	0	0	0	0	0	0	8.06060504913	0	0	0	0	0	0	0	0	0	0	4.20231389999	5.9436712265	4.54011964798	2.20983314514	0.703804552555	0.141384750605	0.0153737496585	0.000199500093004	0	0	0	0	0	0	0	0	0	74.1826934814	0	0	0	0	0	0	0	0	0	0	0	0	0	0	0
Feb 22 2023 18:06:03	7.49062490463	90.744140625	97.105682373	0.000493523839395	70.313873291	10.6279706955	79.2372741699	-	0	0	0	0	0	0	0	0	0	0	0	0	0	0	0	0	8.03559780121	0	0	0	0	0	0	0	0	0	0	0	17.6657981873	0	0	0	0	0	0	0	0	0	0	0	0	0	0	0	74.2985992432	0	0	0	0	0	0	0	0	0	0	0	0	0	0	0
Feb 22 2023 18:06:04	7.43097734451	90.7096099854	97.0928649902	0.000597579870373	70.3267974854	10.7724075317	75.348815918	-	0	0	0	0	0	0	0	0	0	0	0	0	0	0	0	0	8.30633640289	0	0	0	0	0	0	0	0	0	0	1.48562383652	3.95670795441	5.19857645035	4.17465734482	2.13237071037	0.674993693829	0.116716139019	0.00459296535701	0	0	0	0	0	0	0	0	0	73.9494247437	0	0	0	0	0	0	0	0	0	0	0	0	0	0	0
Feb 22 2023 18:06:05	6.67528486252	89.8165740967	96.7602310181	0.000657667347696	64.0303421021	9.766289711	71.0777130127	-	0	0	0	0	0	0	0	0	0	0	0	0	0	0	0	0	9.01290512085	0	0	0	0	0	0	0	0	0	0.521355330944	1.65844333172	3.01110696793	4.18704319	4.77910280228	4.54140663147	3.53136134148	2.1066775322	0.75233489275	0	0	0	0	0	0	0	0	0	65.8982620239	0	0	0	0	0	0	0	0	0	0	0	0	0	0	0
Feb 22 2023 18:06:06	1.35000455379	89.7322006226	96.7286987305	0.000422528915806	63.2541427612	8.79794979095	78.0750274658	-	0	0	0	0	0	0	0	0	0	0	0	0	0	0	0	0	10.4407587051	0	0	0	0	0	0	0	0	0	0.727532863617	1.88975012302	3.18404555321	4.22011375427	4.63278198242	4.24204826355	3.16152048111	1.76587367058	0.511847317219	0	0	0	0	0	0	0	0	0	65.2237319946	0	0	0	0	0	0	0	0	0	0	0	0	0	0	0
Feb 22 2023 18:06:07	1.30006980896	89.6691589355	96.7051239014	0.000422861980041	62.9276580811	7.75605201721	74.7637710571	-	0	0	0	0	0	0	0	0	0	0	0	0	0	0	0	0	12.9645643234	0	0	0	0	0	0	0	0	0	0.0930081009865	0.6422072649	1.6263333559	2.91525697708	4.11612415314	4.69092750549	4.25357341766	2.87080430984	1.09892463684	0	0	0	0	0	0	0	0	0	64.7282791138	0	0	0	0	0	0	0	0	0	0	0	0	0	0	0
Feb 22 2023 18:06:08	1.3120136261	88.9817199707	96.4473190308	0.000487165147206	59.3158149719	8.10388374329	73.0292663574	-	0	0	0	0	0	0	0	0	0	0	0	0	0	0	0	0	11.7967653275	0	0	0	0	0	0	0	0	0	0.293554872274	0.945314884186	1.89851689339	3.05489778519	4.20087480545	5.02008008957	5.17016124725	4.41888427734	2.78868508339	0.654839038849	0	0	0	0	0	0	0	0	59.7574234009	0	0	0	0	0	0	0	0	0	0	0	0	0	0	0
Feb 22 2023 18:06:09	7.42715787888	90.9742279053	97.1910095215	0.000690113927703	72.335899353	10.8423833847	72.3995361328	-	0	0	0	0	0	0	0	0	0	0	0	0	0	0	0	0	8.14035797119	0	0	0	0	0	0	0	0	0	0	1.01917803288	14.1318082809	1.18605830721e-05	6.23097182456e-16	4.78725434627e-30	0	0	0	0	0	0	0	0	0	0	0	0	76.7086410522	0	0	0	0	0	0	0	0	0	0	0	0	0	0	0
Feb 22 2023 18:06:10	7.15568494797	90.5743026733	97.0426025391	0.000406885374105	69.2682342529	9.82751846313	80.5863647461	-	0	0	0	0	0	0	0	0	0	0	0	0	0	0	0	0	9.65120601654	0	0	0	0	0	0	0	0	0	0	0.531470239162	2.37439775467	4.50693225861	5.01491594315	3.47116804123	1.47154843807	0.343615531921	0.0238110441715	0	0	0	0	0	0	0	0	0	72.6109313965	0	0	0	0	0	0	0	0	0	0	0	0	0	0	0
Feb 22 2023 18:06:11	1.31770133972	90.2576293945	96.9247817993	0.000671638175845	66.7319946289	8.55232524872	65.9903793335	-	0	0	0	0	0	0	0	0	0	0	0	0	0	0	0	0	11.5212345123	0	0	0	0	0	0	0	0	0	0	0.669537305832	2.27833604813	4.14385700226	4.91219568253	3.95224142075	2.1166908741	0.680252552032	0.0727264583111	0	0	0	0	0	0	0	0	0	69.652923584	0	0	0	0	0	0	0	0	0	0	0	0	0	0	0
Feb 22 2023 18:06:12	1.2980260849	88.8760910034	96.4075927734	0.000843282381538	58.5792121887	6.90003633499	51.8941116333	-	0	0	0	0	0	0	0	0	0	0	0	0	0	0	0	4.77819623527e-17	13.6703538895	1.56067717075	1.18036857584e-15	0	0	0	0	0	0	0	0.0671254768968	0.360162168741	0.977808713913	1.99192273617	3.32349681854	4.64944601059	5.41118097305	5.0224905014	3.25461101532	0.653328001499	0	0	0	0	0	0	0	0	59.0573959351	0	0	0	0	0	0	0	0	0	0	0	0	0	0	0
Feb 22 2023 18:06:13	1.28004992008	88.9544067383	96.4370498657	0.000807390490081	58.4925460815	6.59564161301	51.731754303	-	0	0	0	0	0	0	0	0	0	0	0	0	0	0	0	0	15.5821352005	1.09767785139e-10	0	0	0	0	0	0	0	0	0.258663475513	0.927847802639	1.97274577618	3.23462748528	4.36472940445	4.9150762558	4.54169750214	3.23277115822	1.39478969574	0	0	0	0	0	0	0	0	0	59.5749206543	0	0	0	0	0	0	0	0	0	0	0	0	0	0	0
Feb 22 2023 18:06:14	1.30147397518	89.2756652832	96.5577087402	0.000722023542039	60.8536224365	7.76544189453	61.0266456604	-	0	0	0	0	0	0	0	0	0	0	0	0	0	0	0	1.16857568495e-32	12.8148231506	1.73404335595e-12	0	0	0	0	0	0	0	0	0.20743393898	0.693380653858	1.47659361362	2.51585459709	3.64550423622	4.56202459335	4.88039064407	4.27817583084	2.68551898003	0.449394702911	0	0	0	0	0	0	0	5.28001629913e-15	61.7909088135	0	0	0	0	0	0	0	0	0	0	0	0	0	0	0
Feb 22 2023 18:06:15	1.32077634335	89.6823577881	96.7100601196	0.000563714420423	63.1938896179	8.47796535492	70.5230026245	-	0	0	0	0	0	0	0	0	0	0	0	0	0	0	0	0	11.4076156616	0	0	0	0	0	0	0	0	0	0.190596595407	0.869740366936	1.88775789738	3.07704305649	4.11996412277	4.62940311432	4.31500720978	3.16345024109	1.50804913044	0	0	0	0	0	0	0	0	0	64.8313674927	0	0	0	0	0	0	0	0	0	0	0	0	0	0	0
Feb 22 2023 18:06:16	1.2882515192	89.2382049561	96.5436553955	0.000800169422291	60.2980651855	7.09836959839	54.5982551575	-	0	0	0	0	0	0	0	0	0	0	0	0	0	0	0	0	14.3866958618	1.23186595473e-12	0	0	0	0	0	0	0	0	0.143973499537	0.662185847759	1.56351268291	2.775431633	4.01598262787	4.8273525238	4.75432825089	3.62095785141	1.72506332397	0	0	0	0	0	0	0	0	0	61.5245170593	0	0	0	0	0	0	0	0	0	0	0	0	0	0	0
Feb 22 2023 18:06:17	1.30042994022	89.5411071777	96.6571960449	0.000648776127491	61.950504303	7.64099740982	63.7682304382	-	0	0	0	0	0	0	0	0	0	0	0	0	0	0	0	0	12.9258108139	0	0	0	0	0	0	0	0	0	0.308160960674	1.14720439911	2.39428162575	3.72630548477	4.62830495834	4.64693641663	3.69118499756	2.14342355728	0.644728004932	0	0	0	0	0	0	0	0	0	63.7436561584	0	0	0	0	0	0	0	0	0	0	0	0	0	0	0
Feb 22 2023 18:06:18	1.35731899738	88.2284851074	96.2797546387	0.000540984445252	56.8562965393	6.84861803055	65.9307632446	-	0	0	0	0	0	0	0	0	0	0	0	0	0	0	2.61430290749e-08	0.0786916688085	10.0706062317	5.64958572388	0.0494727343321	7.7369659266e-06	6.95724077307e-12	3.05023986839e-22	0	0	0	0	0.0895504578948	0.384773075581	1.01132547855	2.05155730247	3.43618917465	4.84084844589	5.68223810196	5.32751941681	3.52239871025	0.894790172577	0	0	0	0	0	0	0	0	56.9104423523	0	0	0	0	0	0	0	0	0	0	0	0	0	0	0
Feb 22 2023 18:06:19	1.29517424107	89.4132995605	96.6093215942	0.000775184424128	61.1742973328	7.38850975037	57.2135391235	-	0	0	0	0	0	0	0	0	0	0	0	0	0	0	0	0	13.5165452957	0	0	0	0	0	0	0	0	0	0.197770953178	1.02343666553	2.27261948586	3.64046359062	4.62619352341	4.76436519623	3.91589260101	2.40462088585	0.849136054516	0	0	0	0	0	0	0	0	0	62.7889556885	0	0	0	0	0	0	0	0	0	0	0	0	0	0	0
Feb 22 2023 18:06:20	1.29330444336	89.571937561	96.6687393188	0.00074259575922	62.3670845032	7.4558801651	58.5518226624	-	0	0	0	0	0	0	0	0	0	0	0	0	0	0	0	0	13.7405796051	0	0	0	0	0	0	0	0	0	0.0179439838976	0.429561167955	1.25655126572	2.46748805046	3.77354025841	4.65664100647	4.60370445251	3.45803356171	1.61784958839	0	0	0	0	0	0	0	0	0	63.9781074524	0	0	0	0	0	0	0	0	0	0	0	0	0	0	0
Feb 22 2023 18:06:21	1.34422242641	87.6901473999	96.1890106201	0.000908063666429	55.3972854614	6.55747127533	48.2113647461	-	0	0	0	0	0	0	0	0	0	0	0	0	0	0	0	0	10.9834003448	5.32820892334	0	0	0	0	0	0	0	0.0344649814069	0.322642475367	0.887803733349	1.76533424854	2.89658427238	4.09114456177	5.02171754837	5.29006242752	4.57926750183	2.84586453438	0.476363241673	0	0	0	0	0	0	0	0	55.477142334	0	0	0	0	0	0	0	0	0	0	0	0	0	0	0
Feb 22 2023 18:06:22	1.29254245758	89.4368133545	96.6181335449	0.000475640001241	61.2372245789	7.25594806671	70.4947662354	-	0	0	0	0	0	0	0	0	0	0	0	0	0	0	0	0	13.8341217041	0	0	0	0	0	0	0	0	0	0.31656947732	1.14635157585	2.3578145504	3.64429545403	4.52692604065	4.57927513123	3.69696807861	2.21242880821	0.722704946995	0	0	0	0	0	0	0	0	0	62.9625434875	0	0	0	0	0	0	0	0	0	0	0	0	0	0	0
Feb 22 2023 18:06:23	1.35247838497	88.3652648926	96.3027420044	0.000503180373926	57.4417381287	6.93853759766	68.0661621094	-	0	0	0	0	0	0	0	0	0	0	0	0	0	0	0	0	10.4481077194	5.31428623199	0	0	0	0	0	0	0	0	0.0282248780131	0.205875694752	0.639609873295	1.45191121101	2.68269133568	4.16385269165	5.42409944534	5.76095676422	4.58506584167	2.01028323174	0	0	0	0	0	0	0	7.66591752913e-15	57.2850341797	0	0	0	0	0	0	0	0	0	0	0	0	0	0	0
Feb 22 2023 18:06:24	1.30842888355	89.1997833252	96.5292358398	0.000699976808392	60.6556358337	8.09915542603	63.348941803	-	0	0	0	0	0	0	0	0	0	0	0	0	0	0	0	0	12.1234807968	0	0	0	0	0	0	0	0	0	0.150825098157	0.600318074226	1.34827196598	2.3723692894	3.53350257874	4.55222225189	5.04819583893	4.6663274765	3.26200008392	1.08897662163	0	0	0	0	0	0	0	0	61.2535133362	0	0	0	0	0	0	0	0	0	0	0	0	0	0	0
Feb 22 2023 18:06:25	1.31924426556	86.5031738281	95.9881896973	0.000477402441902	54.0000038147	8.00719738007	73.5693283081	-	0	0	0	0	0	0	0	0	0	0	0	0	0	0	0	1.32983316199e-12	11.4639110565	1.11533414629e-24	0	0	0	0	0	0	0.0372085236013	0.204126834869	0.559255540371	1.14933383465	1.99306178093	3.05606579781	4.22502613068	5.28589725494	5.932970047	5.83314466476	4.74947881699	2.72387695313	0.255504190922	0	0	0	0	0	0	0	52.5311393738	0	0	0	0	0	0	0	0	0	0	0	0	0	0	0
Feb 22 2023 18:06:26	1.37672960758	86.8584518433	96.0478820801	0.000724752433598	54.3560562134	7.05414295197	58.7201538086	-	0	0	0	0	0	0	0	0	0	0	0	0	0	0	0.000834042555653	0.934976518154	8.39503765106	5.12753105164	0.389653712511	0.0040842005983	3.9351975829e-06	6.99213256738e-11	2.60538608305e-21	0	0	0.0221105776727	0.171496525407	0.539934158325	1.22590374947	2.28301119804	3.64899086952	5.06756210327	6.06050682068	6.04156970978	4.62227344513	2.08081865311	0	0	0	0	0	0	0	0	53.3837013245	0	0	0	0	0	0	0	0	0	0	0	0	0	0	0
Feb 22 2023 18:06:27	1.37918412685	25.0373020172	95.8792419434	0.00064562872285	51.2283706665	6.60634088516	60.5467147827	-	0	0	0	0	0	0	0	0	0	0	0	0	0	0	0.00098395254463	0.86452549696	8.28273487091	6.02276563644	0.573104500771	0.00783207733184	1.0862914678e-05	4.14931838888e-10	1.60489706525e-18	0	0.0128624243662	0.200117200613	0.599996685982	1.24966740608	2.14935183525	3.23939728737	4.37966871262	5.33596992493	5.79774332047	5.44814682007	4.0870923996	1.80760192871	0	0	0	0	0	0	0	0	49.9404373169	0	0	0	0	0	0	0	0	0	0	0	0	0	0	0
Feb 22 2023 18:06:28	1.36937355995	23.4457530975	95.8608703613	0.000626184570137	50.8198814392	6.51282596588	61.0089073181	-	0	0	0	0	0	0	0	0	0	0	0	0	0	0	0.00115885946434	0.958220183849	8.596534729	5.80602502823	0.506648540497	0.00622226065025	7.46627711123e-06	2.26438423567e-10	6.18353180047e-19	0	0.0381296016276	0.252436459064	0.685118019581	1.3664162159	2.28700900078	3.37710499763	4.48901700974	5.38799571991	5.77307605743	5.3472495079	3.9363515377	1.6571149826	0	0	0	0	0	0	0	0	49.5281639099	0	0	0	0	0	0	0	0	0	0	0	0	0	0	0
Feb 22 2023 18:06:29	1.32003724575	88.5395889282	96.3319854736	0.000752231921069	57.9915504456	6.91343259811	55.8057060242	-	0	0	0	0	0	0	0	0	0	0	0	0	0	0	2.66246708222e-42	1.64860486374e-10	12.0124330521	3.7636692524	1.72431935397e-09	9.18826991211e-28	0	0	0	0	0	0	0	0.0489072650671	0.276701152325	0.869899332523	2.02347993851	3.7380759716	5.54431915283	6.42379951477	5.30353069305	2.22637963295	0	0	0	0	0	0	0	0	57.7688026428	0	0	0	0	0	0	0	0	0	0	0	0	0	0	0
Feb 22 2023 18:06:30	1.19360899925	40.7927627563	84.2662200928	0.000337547709933	41.9660491943	5.34951496124	71.9060058594	-	0	0	0	0	0	0	0	0	0	0	0	0	0	0	2.14693236351	6.70544338226	6.3677148819	3.01296591759	0.812550663948	0.125601366162	0.00946041475981	0.000160423413035	0	0	0	0	0	0	0.0764457732439	0.754632353783	1.88745450974	3.29654693604	4.64313983917	5.47266101837	5.39400005341	4.33757019043	2.7249019146	1.32651484013	0.777176976204	1.44714045525	4.0409488678	8.67271137238	13.3379354477	14.1913127899	8.43807792664	0	0	0	0	0	0	0	0	0	0	0	0	0	0	0
Feb 22 2023 18:06:31	1.28386795521	56.950553894	86.1503829956	0.000644929416012	46.9031791687	6.91587686539	60.4469604492	-	0	0	0	0	0	0	0	0	0	0	0	0	0	0	0	0	15.0008859634	0	0	0	0	0	0	0	0	0	0	0	0.344579517841	1.25141453743	2.41221570969	3.61517453194	4.54801177979	4.86798620224	4.34312915802	3.03195047379	1.39950346947	0.215794935822	0.0350900813937	1.30267989635	4.94530677795	10.4504470825	15.452580452	16.3534069061	10.4298439026	0	0	0	0	0	0	0	0	0	0	0	0	0	0	0
Feb 22 2023 18:06:32	1.36345100403	86.0672302246	95.9468307495	0.000393900467316	53.1896934509	6.64784812927	73.2982940674	-	0	0	0	0	0	0	0	0	0	0	0	0	0	0	0.00106809323188	0.942053079605	8.86434841156	6.12738323212	0.520280778408	0.00543240550905	3.49909214492e-06	5.07312074294e-12	0	0	0	0	0.0104061495513	0.101665221155	0.408621281385	1.13116753101	2.45609402657	4.35981035233	6.33426380157	7.31129074097	6.21149301529	3.21220445633	0.485465914011	0	0	0	0	0	0	0	51.5169487	0	0	0	0	0	0	0	0	0	0	0	0	0	0	0
Feb 22 2023 18:06:33	1.36817026138	85.7195739746	95.9137115479	0.000522542395629	52.4286422729	6.46709394455	65.5703277588	-	0	0	0	0	0	0	0	0	0	0	0	0	0	0	0.00215137051418	1.10773086548	8.47572517395	6.60010194778	0.880634129047	0.0207507479936	4.79007649119e-05	7.37421235186e-10	0	0	0	0	0.0156998988241	0.128219947219	0.480619162321	1.26951014996	2.65471506119	4.56227493286	6.43902730942	7.23435497284	5.98348999023	2.99661803246	0.416039675474	0	0	0	0	0	0	0	50.7322921753	0	0	0	0	0	0	0	0	0	0	0	0	0	0	0
Feb 22 2023 18:06:34	1.34331536293	26.4921512604	83.3393554688	0.000526859832462	39.4368782043	6.25888156891	64.4827957153	-	0	0	0	0	0	0	0	0	0	0	0	0	0	0	8.99195219972e-05	0.67022049427	10.2805938721	5.62050294876	0.242461308837	0.000928074470721	1.70884391082e-07	1.1756501534e-13	6.19304908176e-32	0	0	0	0.259775996208	0.801073133945	1.57844591141	2.53830075264	3.5773639679	4.53328990936	5.18918609619	5.32104969025	4.78896474838	3.65752029419	2.27177524567	1.17915678024	0.873601734638	1.76501893997	4.32968044281	8.31126022339	11.9774827957	12.49305439	7.73920202255	0	0	0	0	0	0	0	0	0	0	0	0	0	0	0
Feb 22 2023 18:06:35	1.29953825474	46.1294746399	84.6088409424	0.000333426403813	41.9609451294	6.61716794968	76.7070922852	-	0	0	0	0	0	0	0	0	0	0	0	0	0	0	0	0	13.5048303604	1.62630808353	0	0	0	0	0	0	0	0.079337798059	0.451971739531	1.06174004078	1.87423336506	2.81989955902	3.7795112133	4.58073186874	5.01302576065	4.88245582581	4.10040187836	2.7923681736	1.35888266563	0.37872427702	0.281209409237	1.51313316822	4.65714931488	9.24257087708	13.3053760529	13.894701004	8.8014383316	0	0	0	0	0	0	0	0	0	0	0	0	0	0	0
Feb 22 2023 18:06:36	1.29650080204	87.536491394	96.1630249023	0.000425278645707	55.8812179565	7.3883972168	73.7330703735	-	0	0	0	0	0	0	0	0	0	0	0	0	0	0	0	0	13.3621797562	0	0	0	0	0	0	0	0	0.0154755441472	0.186277210712	0.577793896198	1.26842367649	2.2927646637	3.58404827118	4.91241407394	5.86248540878	5.91596126556	4.679292202	2.26324224472	0	0	0	0	0	0	0	0	55.0796432495	0	0	0	0	0	0	0	0	0	0	0	0	0	0	0
Feb 22 2023 18:06:37	1.37031185627	86.4127578735	95.9796295166	0.000709731655661	53.4303131104	6.84197950363	58.4156913757	-	0	0	0	0	0	0	0	0	0	0	0	0	0	0	0.00193480961025	1.14527702332	8.41184806824	5.31177616119	0.494485080242	0.00733481347561	1.15372477012e-05	3.79112796711e-10	3.83989922706e-21	0	0	0.0219770818949	0.177723973989	0.564675092697	1.28220927715	2.37872743607	3.78020715714	5.21371984482	6.18495798111	6.10177946091	4.59528493881	2.0081307888	0	0	0	0	0	0	0	0	52.3179397583	0	0	0	0	0	0	0	0	0	0	0	0	0	0	0
Feb 22 2023 18:06:38	1.35757803917	87.434928894	96.1458282471	0.000540269946214	55.3951835632	6.44685983658	64.5761947632	-	0	0	0	0	0	0	0	0	0	0	0	0	0	0	0.0481258071959	2.37319493294	7.65750551224	5.60879325867	1.31379187107	0.102049902081	0.00190893863328	2.15031536754e-06	0	0	0	0	0.0553709976375	0.274503737688	0.741440355778	1.54695272446	2.71062421799	4.09173202515	5.31299877167	5.78681993484	4.93159198761	2.62295675278	0	0	0	0	0	0	0	7.26602565143e-15	54.8196372986	0	0	0	0	0	0	0	0	0	0	0	0	0	0	0
Feb 22 2023 18:06:39	1.33191561699	90.4096374512	96.9813690186	0.000458254362457	68.4460754395	9.22592067719	76.6627349854	-	0	0	0	0	0	0	0	0	0	0	0	0	0	0	0	0	11.0161895752	0	0	0	0	0	0	0	0	0	0	0	0.0474424064159	0.554475069046	2.42144083977	5.20923662186	5.79682445526	3.20379257202	0.707187533379	0	0	0	0	0	0	0	0	0	71.0434112549	0	0	0	0	0	0	0	0	0	0	0	0	0	0	0
Feb 22 2023 18:06:40	1.32455265522	50.8584327698	85.1880722046	0.000347422406776	43.9794235229	6.39439535141	74.8292236328	-	0	0	0	0	0	0	0	0	0	0	0	0	0	0	3.63507695056e-08	0.124093532562	12.2092294693	4.70659208298	0.0289404541254	3.62181754099e-06	3.36188390494e-12	2.69121071641e-22	0	0	0	0	0	0	0.423492342234	1.26963913441	2.39782071114	3.62333321571	4.6457862854	5.11251068115	4.75920820236	3.5972840786	2.03782439232	0.787793755531	0.436700373888	1.42391324043	4.49939823151	9.44541358948	14.123301506	14.9868268967	9.36089420319	0	0	0	0	0	0	0	0	0	0	0	0	0	0	0
Feb 22 2023 18:06:41	1.31618022919	90.37890625	96.9699325562	0.000706525577698	68.1134643555	8.32942581177	63.0241317749	-	0	0	0	0	0	0	0	0	0	0	0	0	0	0	0	0	12.7367200851	0	0	0	0	0	0	0	0	0	0	0	0	0	0	6.5739887221e-14	16.5052433014	5.63838351009e-11	0	0	0	0	0	0	0	0	0	0	70.7580413818	0	0	0	0	0	0	0	0	0	0	0	0	0	0	0
Feb 22 2023 18:06:42	1.35587525368	87.1917953491	96.1045837402	0.000498558103573	55.5523490906	7.09718132019	69.029838562	-	0	0	0	0	0	0	0	0	0	0	0	0	0	0	0.000106381252408	0.636874616146	9.57762527466	4.82276582718	0.163493528962	0.000380863610189	2.58503796147e-08	8.89864544661e-16	0	0	0	0	0.000103982893052	0.0263580288738	0.184833228588	0.692349135876	1.84771358967	3.80878448486	6.15414237976	7.59766769409	6.61762952805	3.28989624977	0.373410403728	0	0	0	0	0	0	0	54.2058639526	0	0	0	0	0	0	0	0	0	0	0	0	0	0	0
Feb 22 2023 18:06:43	1.30318892002	89.0664520264	96.4791641235	0.000436347560026	59.4791107178	7.6837220192	74.1676940918	-	0	0	0	0	0	0	0	0	0	0	0	0	0	0	0	0	12.6367721558	0	0	0	0	0	0	0	0	0	0.42529758811	1.18245339394	2.21070408821	3.35504889488	4.35711574554	4.90007591248	4.71077823639	3.69354200363	2.02690315247	0.17091435194	0	0	0	0	0	0	0	0	60.3303985596	0	0	0	0	0	0	0	0	0	0	0	0	0	0	0
Feb 22 2023 18:06:44	1.29664027691	89.522354126	96.650177002	0.000327858404489	62.0936431885	7.58501243591	79.3590698242	-	0	0	0	0	0	0	0	0	0	0	0	0	0	0	0	0	13.3461551666	1.47086206062e-12	0	0	0	0	0	0	0	0	0.130416199565	0.590514361858	1.42647862434	2.58786320686	3.80892086029	4.63352680206	4.60027503967	3.53348135948	1.74051380157	0	0	0	0	0	0	0	0	0	63.6018562317	0	0	0	0	0	0	0	0	0	0	0	0	0	0	0
Feb 22 2023 18:06:45	1.34521305561	88.8936233521	96.4141921997	0.000498641747981	58.9893493652	8.6584482193	74.3565826416	-	0	0	0	0	0	0	0	0	0	0	0	0	0	0	0	1.24556483439e-33	10.5865087509	4.46132117794e-13	0	0	0	0	0	0	0	0.090578712523	0.464528203011	1.12851750851	2.08006978035	3.22200512886	4.3474354744	5.15083694458	5.30130577087	4.57313632965	2.98538613319	0.897171616554	0	0	0	0	0	0	0	0	59.1725158691	0	0	0	0	0	0	0	0	0	0	0	0	0	0	0
Feb 22 2023 18:06:46	1.20659410954	85.4903259277	95.8918075562	0.000401220924687	51.3045959473	6.14018726349	71.3502502441	-	0	0	0	0	0	0	0	0	0	0	0	0	0	0	0.134841278195	7.82794857025	6.29674720764	0.47868964076	0.00582818081602	1.22775973068e-05	3.10416026217e-09	2.48601307048e-14	2.59766500281e-23	0	0.0551205463707	0.364379644394	0.929055154324	1.73600816727	2.72790646553	3.79333639145	4.76313114166	5.41645908356	5.51448822021	4.86995410919	3.43839979172	1.42156052589	0	0	0	0	0	0	0	0	50.2261352539	0	0	0	0	0	0	0	0	0	0	0	0	0	0	0
Feb 22 2023 18:06:47	1.39178693295	27.1834983826	95.8776702881	0.000431557302363	51.7695884705	7.11641645432	73.3245620728	-	0	0	0	0	0	0	0	0	0	0	0	0	0	0	0.00171781482641	1.04401814938	7.80793714523	4.97484254837	0.463257133961	0.006855298765	1.10282680907e-05	4.50451564937e-10	3.03886744157e-19	0	0.00118519295938	0.101627245545	0.372836470604	0.880783975124	1.67104041576	2.73936748505	3.99419283867	5.21950531006	6.06717205048	6.12311983109	5.07306957245	2.97824764252	0.574331581593	0	0	0	0	0	0	3.70429530691e-15	49.9048805237	0	0	0	0	0	0	0	0	0	0	0	0	0	0	0
Feb 22 2023 18:06:48	1.29961109161	87.4309387207	96.145149231	0.000677356380038	55.2257995605	6.92276620865	60.0820426941	-	0	0	0	0	0	0	0	0	0	0	0	0	0	0	0.0112140290439	3.22016191483	8.91647815704	1.78897118568	0.0445707552135	0.000141152297147	3.12757748588e-08	3.87932145175e-14	0	0	0	0.0988308340311	0.486411750317	1.12739348412	2.0165014267	3.08388948441	4.17505502701	5.04419517517	5.38472700119	4.9159283638	3.51315784454	1.36291110516	0	0	0	0	0	0	0	0	54.809463501	0	0	0	0	0	0	0	0	0	0	0	0	0	0	0
Feb 22 2023 18:06:49	1.34137558937	87.9672012329	96.2357711792	0.000564399291761	56.2914924622	6.63597202301	63.6769065857	-	0	0	0	0	0	0	0	0	0	0	0	0	0	0	2.10194769649e-42	1.29873362065e-10	11.176030159	5.21453285217	5.04908115317e-09	1.34631054242e-26	0	0	0	0	0	0	0.0999179556966	0.431830585003	1.06490182877	2.04544615746	3.3011534214	4.57377624512	5.41030406952	5.28315734863	3.85511207581	1.33708691597	0	0	0	0	0	0	0	6.59391983086e-15	56.2067489624	0	0	0	0	0	0	0	0	0	0	0	0	0	0	0
Feb 22 2023 18:06:50	1.29577744007	89.5235748291	96.6506347656	0.000429431471275	62.271648407	7.61015701294	73.8562316895	-	0	0	0	0	0	0	0	0	0	0	0	0	0	0	0	0	13.4458999634	0	0	0	0	0	0	0	0	0	0.0223325509578	0.351090878248	1.01745593548	2.05085420609	3.30573868752	4.41220378876	4.85537052155	4.21909379959	2.48879313469	0.220117717981	0	0	0	0	0	0	0	0	63.6110496521	0	0	0	0	0	0	0	0	0	0	0	0	0	0	0
Feb 22 2023 18:06:51	1.07283854485	86.2278213501	95.9620895386	0.000711022003088	51.9398956299	5.02753448486	48.7648086548	-	0	0	0	0	0	0	0	0	0	0	0	0	0	0	3.88654208183	12.8059043884	0.509374022484	0.00164228747599	7.09176731561e-07	4.20708294591e-11	2.0501622513e-16	1.08338141421e-23	0	0	0	0.253289341927	0.986215591431	2.01997327805	3.19998598099	4.29328727722	5.03264284134	5.18034553528	4.61114215851	3.38591074944	1.76927411556	0.177921772003	0	0	0	0	0	0	0	0	51.8865470886	0	0	0	0	0	0	0	0	0	0	0	0	0	0	0
Feb 22 2023 18:06:52	1.30651271343	88.2330780029	96.2805252075	0.000440624746261	56.6642684937	6.70612859726	70.8387680054	-	0	0	0	0	0	0	0	0	0	0	0	0	0	0	0.0101470667869	2.68758440018	9.34210681915	2.92908430099	0.140478819609	0.00109260343015	8.76877493283e-07	1.15115486587e-11	1.3760111555e-26	0	0	0.0343639925122	0.385432064533	1.00185680389	1.88125431538	2.94426560402	4.01551151276	4.82231807709	5.04090642929	4.40231990814	2.83395695686	0.604382514954	0	0	0	0	0	0	0	0	56.9229354858	0	0	0	0	0	0	0	0	0	0	0	0	0	0	0
Feb 22 2023 18:06:53	1.290574193	89.3585891724	96.5888137817	0.000464046082925	61.0000572205	6.96951961517	69.8038787842	-	0	0	0	0	0	0	0	0	0	0	0	0	0	0	0	9.45716774884e-15	14.4434528351	0.57817876339	3.72248830407e-15	4.90454462514e-42	0	0	0	0	0	0	0.0647210776806	0.435054898262	1.17704379559	2.29712510109	3.58290934563	4.58118772507	4.75256633759	3.79055452347	1.90858948231	0	0	0	0	0	0	0	0	0	62.3886184692	0	0	0	0	0	0	0	0	0	0	0	0	0	0	0
Feb 22 2023 18:06:54	1.3077391386	90.0973510742	96.8650436401	0.000536968524102	65.6070861816	8.18871974945	70.5521774292	-	0	0	0	0	0	0	0	0	0	0	0	0	0	0	0	0	12.188536644	1.32509090506e-11	0	0	0	0	0	0	0	0	0	0.577020227909	1.98015236855	3.72998166084	4.78195047379	4.3632683754	2.79323220253	1.14869618416	0.194992303848	0	0	0	0	0	0	0	0	0	68.2421722412	0	0	0	0	0	0	0	0	0	0	0	0	0	0	0
Feb 22 2023 18:06:55	1.33117461205	90.3934020996	96.9753341675	0.000818247091956	67.3797607422	8.57533550262	60.7667388916	-	0	0	0	0	0	0	0	0	0	0	0	0	0	0	0	1.13805622463e-25	11.0412912369	1.40677573757e-11	0	0	0	0	0	0	0	0	0	3.63762521744	5.90775823593	4.9004907608	2.55138587952	0.863534331322	0.183893844485	0.0212749633938	0.000349808571627	0	0	0	0	0	0	0	0	0	70.8923950195	0	0	0	0	0	0	0	0	0	0	0	0	0	0	0
Feb 22 2023 18:06:56	1.48849356174	86.0269622803	95.9430007935	0.000386991567211	51.342830658	5.91907739639	73.7835922241	-	0	0	0	0	0	0	0	0	0	0	0	0	0	0	1.61996519566	2.83103847504	3.45633101463	3.48979282379	3.05814814568	2.35308027267	1.56175792217	0.837097525597	0.307775110006	0.0686726048589	0.149005711079	0.538187503815	1.20349669456	2.0617351532	2.99476575851	3.84901237488	4.45169782639	4.62616443634	4.23160457611	3.21674895287	1.66894173622	0	0	0	0	0	0	0	0	0	51.4249801636	0	0	0	0	0	0	0	0	0	0	0	0	0	0	0
Feb 22 2023 18:06:57	-1.00000001505e+30	-1.00000001505e+30	-1.00000001505e+30	-1.00000002538e+26	-1.00000001505e+30	-1.00000001505e+30	99.9215087891	-	0	0	0	0	0	0	0	0	0	0	0	0	0	0	0	0	0	0	0	0	0	0	0	0	0	0	0	0	0	0	0	0	0	0	0	0	0	0	0	0	0	0	0	0	0	0	0	0	0	0	0	0	0	0	0	0	0	0	0	0
Feb 22 2023 18:06:58	-1.00000001505e+30	-1.00000001505e+30	-1.00000001505e+30	-1.00000002538e+26	-1.00000001505e+30	-1.00000001505e+30	99.9890823364	-	0	0	0	0	0	0	0	0	0	0	0	0	0	0	0	0	0	0	0	0	0	0	0	0	0	0	0	0	0	0	0	0	0	0	0	0	0	0	0	0	0	0	0	0	0	0	0	0	0	0	0	0	0	0	0	0	0	0	0	0
Feb 22 2023 18:06:59	-1.00000001505e+30	-1.00000001505e+30	-1.00000001505e+30	-1.00000002538e+26	-1.00000001505e+30	-1.00000001505e+30	99.957321167	-	0	0	0	0	0	0	0	0	0	0	0	0	0	0	0	0	0	0	0	0	0	0	0	0	0	0	0	0	0	0	0	0	0	0	0	0	0	0	0	0	0	0	0	0	0	0	0	0	0	0	0	0	0	0	0	0	0	0	0	0
Feb 22 2023 18:07:00	-1.00000001505e+30	-1.00000001505e+30	-1.00000001505e+30	-1.00000002538e+26	-1.00000001505e+30	-1.00000001505e+30	100.012039185	-	0	0	0	0	0	0	0	0	0	0	0	0	0	0	0	0	0	0	0	0	0	0	0	0	0	0	0	0	0	0	0	0	0	0	0	0	0	0	0	0	0	0	0	0	0	0	0	0	0	0	0	0	0	0	0	0	0	0	0	0
Feb 22 2023 18:07:01	-1.00000001505e+30	-1.00000001505e+30	-1.00000001505e+30	-1.00000002538e+26	-1.00000001505e+30	-1.00000001505e+30	99.9825057983	-	0	0	0	0	0	0	0	0	0	0	0	0	0	0	0	0	0	0	0	0	0	0	0	0	0	0	0	0	0	0	0	0	0	0	0	0	0	0	0	0	0	0	0	0	0	0	0	0	0	0	0	0	0	0	0	0	0	0	0	0
Feb 22 2023 18:07:02	-1.00000001505e+30	-1.00000001505e+30	-1.00000001505e+30	-1.00000002538e+26	-1.00000001505e+30	-1.00000001505e+30	99.9320144653	-	0	0	0	0	0	0	0	0	0	0	0	0	0	0	0	0	0	0	0	0	0	0	0	0	0	0	0	0	0	0	0	0	0	0	0	0	0	0	0	0	0	0	0	0	0	0	0	0	0	0	0	0	0	0	0	0	0	0	0	0
Feb 22 2023 18:07:03	-1.00000001505e+30	-1.00000001505e+30	-1.00000001505e+30	-1.00000002538e+26	-1.00000001505e+30	-1.00000001505e+30	99.9732131958	-	0	0	0	0	0	0	0	0	0	0	0	0	0	0	0	0	0	0	0	0	0	0	0	0	0	0	0	0	0	0	0	0	0	0	0	0	0	0	0	0	0	0	0	0	0	0	0	0	0	0	0	0	0	0	0	0	0	0	0	0
Feb 22 2023 18:07:04	-1.00000001505e+30	-1.00000001505e+30	-1.00000001505e+30	-1.00000002538e+26	-1.00000001505e+30	-1.00000001505e+30	99.8239059448	-	0	0	0	0	0	0	0	0	0	0	0	0	0	0	0	0	0	0	0	0	0	0	0	0	0	0	0	0	0	0	0	0	0	0	0	0	0	0	0	0	0	0	0	0	0	0	0	0	0	0	0	0	0	0	0	0	0	0	0	0
Feb 22 2023 18:07:05	-1.00000001505e+30	-1.00000001505e+30	-1.00000001505e+30	-1.00000002538e+26	-1.00000001505e+30	-1.00000001505e+30	99.8817672729	-	0	0	0	0	0	0	0	0	0	0	0	0	0	0	0	0	0	0	0	0	0	0	0	0	0	0	0	0	0	0	0	0	0	0	0	0	0	0	0	0	0	0	0	0	0	0	0	0	0	0	0	0	0	0	0	0	0	0	0	0
Feb 22 2023 18:07:06	-1.00000001505e+30	-1.00000001505e+30	-1.00000001505e+30	-1.00000002538e+26	-1.00000001505e+30	-1.00000001505e+30	99.9797515869	-	0	0	0	0	0	0	0	0	0	0	0	0	0	0	0	0	0	0	0	0	0	0	0	0	0	0	0	0	0	0	0	0	0	0	0	0	0	0	0	0	0	0	0	0	0	0	0	0	0	0	0	0	0	0	0	0	0	0	0	0
Feb 22 2023 18:07:07	-1.00000001505e+30	-1.00000001505e+30	-1.00000001505e+30	-1.00000002538e+26	-1.00000001505e+30	-1.00000001505e+30	99.9750213623	-	0	0	0	0	0	0	0	0	0	0	0	0	0	0	0	0	0	0	0	0	0	0	0	0	0	0	0	0	0	0	0	0	0	0	0	0	0	0	0	0	0	0	0	0	0	0	0	0	0	0	0	0	0	0	0	0	0	0	0	0
Feb 22 2023 18:07:08	-1.00000001505e+30	-1.00000001505e+30	-1.00000001505e+30	-1.00000002538e+26	-1.00000001505e+30	-1.00000001505e+30	99.9643478394	-	0	0	0	0	0	0	0	0	0	0	0	0	0	0	0	0	0	0	0	0	0	0	0	0	0	0	0	0	0	0	0	0	0	0	0	0	0	0	0	0	0	0	0	0	0	0	0	0	0	0	0	0	0	0	0	0	0	0	0	0
Feb 22 2023 18:07:09	-1.00000001505e+30	-1.00000001505e+30	-1.00000001505e+30	-1.00000002538e+26	-1.00000001505e+30	-1.00000001505e+30	99.9852676392	-	0	0	0	0	0	0	0	0	0	0	0	0	0	0	0	0	0	0	0	0	0	0	0	0	0	0	0	0	0	0	0	0	0	0	0	0	0	0	0	0	0	0	0	0	0	0	0	0	0	0	0	0	0	0	0	0	0	0	0	0
Feb 22 2023 18:07:10	-1.00000001505e+30	-1.00000001505e+30	-1.00000001505e+30	-1.00000002538e+26	-1.00000001505e+30	-1.00000001505e+30	99.9936065674	-	0	0	0	0	0	0	0	0	0	0	0	0	0	0	0	0	0	0	0	0	0	0	0	0	0	0	0	0	0	0	0	0	0	0	0	0	0	0	0	0	0	0	0	0	0	0	0	0	0	0	0	0	0	0	0	0	0	0	0	0
Feb 22 2023 18:07:11	-1.00000001505e+30	-1.00000001505e+30	-1.00000001505e+30	-1.00000002538e+26	-1.00000001505e+30	-1.00000001505e+30	99.9975967407	-	0	0	0	0	0	0	0	0	0	0	0	0	0	0	0	0	0	0	0	0	0	0	0	0	0	0	0	0	0	0	0	0	0	0	0	0	0	0	0	0	0	0	0	0	0	0	0	0	0	0	0	0	0	0	0	0	0	0	0	0
Feb 22 2023 18:07:12	-1.00000001505e+30	-1.00000001505e+30	-1.00000001505e+30	-1.00000002538e+26	-1.00000001505e+30	-1.00000001505e+30	99.9954071045	-	0	0	0	0	0	0	0	0	0	0	0	0	0	0	0	0	0	0	0	0	0	0	0	0	0	0	0	0	0	0	0	0	0	0	0	0	0	0	0	0	0	0	0	0	0	0	0	0	0	0	0	0	0	0	0	0	0	0	0	0
Feb 22 2023 18:07:13	-1.00000001505e+30	-1.00000001505e+30	-1.00000001505e+30	-1.00000002538e+26	-1.00000001505e+30	-1.00000001505e+30	100.004302979	-	0	0	0	0	0	0	0	0	0	0	0	0	0	0	0	0	0	0	0	0	0	0	0	0	0	0	0	0	0	0	0	0	0	0	0	0	0	0	0	0	0	0	0	0	0	0	0	0	0	0	0	0	0	0	0	0	0	0	0	0
Feb 22 2023 18:07:14	-1.00000001505e+30	-1.00000001505e+30	-1.00000001505e+30	-1.00000002538e+26	-1.00000001505e+30	-1.00000001505e+30	100.00920105	-	0	0	0	0	0	0	0	0	0	0	0	0	0	0	0	0	0	0	0	0	0	0	0	0	0	0	0	0	0	0	0	0	0	0	0	0	0	0	0	0	0	0	0	0	0	0	0	0	0	0	0	0	0	0	0	0	0	0	0	0
Feb 22 2023 18:07:15	-1.00000001505e+30	-1.00000001505e+30	-1.00000001505e+30	-1.00000002538e+26	-1.00000001505e+30	-1.00000001505e+30	99.9708557129	-	0	0	0	0	0	0	0	0	0	0	0	0	0	0	0	0	0	0	0	0	0	0	0	0	0	0	0	0	0	0	0	0	0	0	0	0	0	0	0	0	0	0	0	0	0	0	0	0	0	0	0	0	0	0	0	0	0	0	0	0
Feb 22 2023 18:07:16	-1.00000001505e+30	-1.00000001505e+30	-1.00000001505e+30	-1.00000002538e+26	-1.00000001505e+30	-1.00000001505e+30	99.9711380005	-	0	0	0	0	0	0	0	0	0	0	0	0	0	0	0	0	0	0	0	0	0	0	0	0	0	0	0	0	0	0	0	0	0	0	0	0	0	0	0	0	0	0	0	0	0	0	0	0	0	0	0	0	0	0	0	0	0	0	0	0
Feb 22 2023 18:07:17	-1.00000001505e+30	-1.00000001505e+30	-1.00000001505e+30	-1.00000002538e+26	-1.00000001505e+30	-1.00000001505e+30	100.009559631	-	0	0	0	0	0	0	0	0	0	0	0	0	0	0	0	0	0	0	0	0	0	0	0	0	0	0	0	0	0	0	0	0	0	0	0	0	0	0	0	0	0	0	0	0	0	0	0	0	0	0	0	0	0	0	0	0	0	0	0	0
Feb 22 2023 18:07:18	-1.00000001505e+30	-1.00000001505e+30	-1.00000001505e+30	-1.00000002538e+26	-1.00000001505e+30	-1.00000001505e+30	100.029823303	-	0	0	0	0	0	0	0	0	0	0	0	0	0	0	0	0	0	0	0	0	0	0	0	0	0	0	0	0	0	0	0	0	0	0	0	0	0	0	0	0	0	0	0	0	0	0	0	0	0	0	0	0	0	0	0	0	0	0	0	0
