Date-Time	Dx(10)	Dx(50)	Dx(90)	Cv(%)	D[4][3]	D[3][2]	Transmission	0.10000020	0.11659167	0.13593590	0.15848963	0.18478534	0.21544389	0.25118914	0.29286504	0.34145555	0.39810795	0.46415979	0.54117060	0.63095856	0.73564368	0.85769761	1.00000191	1.16591668	1.35935903	1.58489633	1.84785342	2.15443897	2.51189137	2.92865038	3.41455555	3.98107958	4.64159775	5.41170597	6.30958605	7.35643721	8.57697582	10.00002003	11.65916729	13.59359074	15.84896278	18.47853470	21.54438972	25.11891365	29.28650284	34.14555740	39.81079483	46.41598129	54.11705780	63.09585953	73.56436920	85.76976013	100.00019836	116.59166718	135.93591309	158.48962402	184.78533936	215.44389343	251.18913269	292.86502075	341.45556641	398.10794067	464.15979004	541.17059326	630.95855713	735.64367676	857.69757080	1000.00195313
Feb 22 2023 18:03:26	1.56936502457	88.7649307251	96.369720459	0.000198613255634	57.2773132324	7.19717168808	87.7006759644	-	0	0	0	0	0	0	0	0	0	0	0	0	0	0	1.13330566883	2.6358089447	3.35388374329	3.05687975883	2.13639140129	1.14173710346	0.428890168667	0.0842691734433	0.00236775400117	0.00636797631159	0.115889541805	0.495790690184	1.248939991	2.33261203766	3.54455757141	4.55381631851	5.00222015381	4.63406467438	3.45381236076	1.82417535782	0.409280508757	0	0	0	0	0	0	0	0	0	58.4049415588	0	0	0	0	0	0	0	0	0	0	0	0	0	0	0
Feb 22 2023 18:03:27	5.52767848969	90.623374939	97.060836792	0.000304842571495	68.9155578613	9.66712093353	85.7767333984	-	0	0	0	0	0	0	0	0	0	0	0	0	0	0	0	0	8.02366256714	0	0	0	0	0	0	0	0	0	16.8257923126	2.05794978142	0.00167388026603	2.35814496818e-07	8.89936561943e-12	9.16739655997e-17	2.04730546377e-22	4.4333697595e-29	1.40129846432e-43	0	0	0	0	0	0	0	0	0	73.0909194946	0	0	0	0	0	0	0	0	0	0	0	0	0	0	0
Feb 22 2023 18:03:28	5.37878131866	90.0511703491	96.8478240967	1.6437488739e-05	64.2746505737	8.20708847046	99.0270385742	-	0	0	0	0	0	0	0	0	0	0	0	0	0	0	0	0	9.5465965271	0	0	0	0	0	0	0	0	0	22.6075839996	0	0	0	0	0	0	0	0	0	0	0	0	0	0	0	0	0	67.8458251953	0	0	0	0	0	0	0	0	0	0	0	0	0	0	0
Feb 22 2023 18:03:29	6.29599237442	90.6514511108	97.0712661743	0.00022462492052	69.3019866943	9.20378017426	88.2369537354	-	0	0	0	0	0	0	0	0	0	0	0	0	0	0	0	0	9.74160194397	0	0	0	0	0	0	0	0	0	0	10.6058263779	5.58404874802	0.672117829323	0.0276474077255	0.000404745456763	1.86426325399e-06	1.69278546736e-09	0	0	0	0	0	0	0	0	0	0	73.3683547974	0	0	0	0	0	0	0	0	0	0	0	0	0	0	0
Feb 22 2023 18:03:30	6.57259178162	90.8386611938	97.1407546997	0.000371040630853	71.0596389771	10.7018184662	84.0688323975	-	0	0	0	0	0	0	0	0	0	0	0	0	0	0	0	0	7.83437776566	0	0	0	0	0	0	0	0	0	0	10.2107133865	5.12561893463	1.32586121559	0.210490912199	0.0208295583725	0.00121384277008	3.42187122442e-05	0	0	0	0	0	0	0	0	0	0	75.2708587646	0	0	0	0	0	0	0	0	0	0	0	0	0	0	0
Feb 22 2023 18:03:31	6.37914037704	90.537361145	97.0288696289	0.0004910340067	68.5868530273	9.77384567261	77.5109710693	-	0	0	0	0	0	0	0	0	0	0	0	0	0	0	0	0	8.9446849823	0	0	0	0	0	0	0	0	0	0.764030337334	5.43261861801	6.02395534515	4.01275396347	1.83537638187	0.588460803032	0.127783253789	0.0164124574512	0.000442568998551	0	0	0	0	0	0	0	0	0	72.2534866333	0	0	0	0	0	0	0	0	0	0	0	0	0	0	0
Feb 22 2023 18:03:32	6.50267934799	90.6379089355	97.0662384033	0.000500627793372	69.3254623413	9.79527854919	77.1588821411	-	0	0	0	0	0	0	0	0	0	0	0	0	0	0	0	0	8.91285133362	0	0	0	0	0	0	0	0	0	0	8.14790534973	6.18130874634	2.62744641304	0.737765491009	0.140010342002	0.0172338169068	0.00117082730867	7.45537045077e-06	0	0	0	0	0	0	0	0	0	73.2342987061	0	0	0	0	0	0	0	0	0	0	0	0	0	0	0
Feb 22 2023 18:03:33	5.63550853729	89.7752075195	96.7447738647	0.000549540505745	63.5135421753	9.07467079163	73.3798370361	-	0	0	0	0	0	0	0	0	0	0	0	0	0	0	0	0	9.8975610733	0	0	0	0	0	0	0	0	0	0.774920463562	2.18171977997	3.59791994095	4.54682779312	4.69667816162	4.01475763321	2.78773784637	1.47293233871	0.463048130274	0	0	0	0	0	0	0	0	0	65.5658950806	0	0	0	0	0	0	0	0	0	0	0	0	0	0	0
Feb 22 2023 18:03:34	5.90538263321	89.9561080933	96.8123474121	0.000525802548509	64.4962692261	9.25663757324	75.0252456665	-	0	0	0	0	0	0	0	0	0	0	0	0	0	0	0	0	9.41125011444	6.67951479717e-14	0	0	0	0	0	0	0	0	1.41810154915	3.31709313393	4.65960454941	4.93549537659	4.17302131653	2.83805251122	1.51315259933	0.580716729164	0.109956614673	0	0	0	0	0	0	0	0	0	67.0435562134	0	0	0	0	0	0	0	0	0	0	0	0	0	0	0
Feb 22 2023 18:03:35	6.08459186554	90.3037490845	96.9419555664	0.000519842549693	66.7615814209	10.0002641678	77.3692092896	-	0	0	0	0	0	0	0	0	0	0	0	0	0	0	0	0	8.09152030945	0	0	0	0	0	0	0	0	0	2.89129471779	5.82697677612	6.03453540802	4.16219472885	2.03048753738	0.70298987627	0.166218265891	0.0236208904535	0.000880493375007	0	0	0	0	0	0	0	0	0	70.0692825317	0	0	0	0	0	0	0	0	0	0	0	0	0	0	0
Feb 22 2023 18:03:36	7.1782579422	90.7359848022	97.1026535034	0.0007165618008	70.4726333618	12.1853256226	75.1273117065	-	0	0	0	0	0	0	0	0	0	0	0	0	0	0	0	0	6.38168811798	0	0	0	0	0	0	0	0	0	0	4.59884500504	6.81696462631	4.92929553986	2.24180698395	0.670953273773	0.129458636045	0.014553187415	0.000573958794121	0	0	0	0	0	0	0	0	0	74.2158584595	0	0	0	0	0	0	0	0	0	0	0	0	0	0	0
Feb 22 2023 18:03:37	7.21134328842	90.3494110107	96.9589614868	0.000637868361082	67.4915390015	10.4278211594	73.4669113159	-	0	0	0	0	0	0	0	0	0	0	0	0	0	0	0	0	8.29337120056	3.16518729629e-14	0	0	0	0	0	0	0	0	0	2.11511898041	4.58815431595	5.58267211914	4.65301036835	2.76763415337	1.15841519833	0.31552708149	0.0398956537247	0	0	0	0	0	0	0	0	0	70.4861984253	0	0	0	0	0	0	0	0	0	0	0	0	0	0	0
Feb 22 2023 18:03:38	6.73503160477	89.9124679565	96.7960586548	0.00050966400886	64.4292526245	9.84128189087	77.0985565186	-	0	0	0	0	0	0	0	0	0	0	0	0	0	0	0	3.78350585368e-42	8.69546508789	1.00623177325e-12	0	0	0	0	0	0	0	0	0.501601994038	2.50713634491	4.33353662491	5.23491621017	4.93066835403	3.70954155922	2.19787716866	0.962859749794	0.245081052184	0	0	0	0	0	0	0	0	0	66.681312561	0	0	0	0	0	0	0	0	0	0	0	0	0	0	0
Feb 22 2023 18:03:39	1.36366403103	90.2650604248	96.9275512695	0.000312544492772	66.8022460938	9.29301452637	83.998374939	-	0	0	0	0	0	0	0	0	0	0	0	0	0	0	0	1.40129846432e-43	10.0490198135	1.09296621233e-12	0	0	0	0	0	0	0	0	0	0.900932133198	3.28785181046	5.46838998795	5.44885635376	3.43471503258	1.35439145565	0.307953923941	0.0281566642225	0	0	0	0	0	0	0	0	0	69.7197341919	0	0	0	0	0	0	0	0	0	0	0	0	0	0	0
Feb 22 2023 18:03:40	6.51841640472	90.1332244873	96.8784255981	0.000444052508101	66.0950088501	9.42768383026	78.3356399536	-	0	0	0	0	0	0	0	0	0	0	0	0	0	0	0	0	9.91482639313	0	0	0	0	0	0	0	0	0	0	0.909937083721	2.56298184395	4.0771317482	4.75431632996	4.28883552551	2.9819662571	1.51034271717	0.446522295475	0	0	0	0	0	0	0	0	0	68.5531387329	0	0	0	0	0	0	0	0	0	0	0	0	0	0	0
Feb 22 2023 18:03:41	6.44698762894	90.100227356	96.8661193848	0.000522663176525	65.8556747437	9.38967895508	74.9499282837	-	0	0	0	0	0	0	0	0	0	0	0	0	0	0	0	0	9.93519687653	0	0	0	0	0	0	0	0	0	0	0.973586857319	2.62459158897	4.12984132767	4.79309463501	4.31294536591	2.99508190155	1.51752257347	0.451147079468	0	0	0	0	0	0	0	0	0	68.2669906616	0	0	0	0	0	0	0	0	0	0	0	0	0	0	0
Feb 22 2023 18:03:42	1.30511295795	89.1324996948	96.5039749146	0.000648034387268	59.8351783752	7.77741575241	64.5388717651	-	0	0	0	0	0	0	0	0	0	0	0	0	0	0	0	0	12.4430866241	8.82253530113e-16	0	0	0	0	0	0	0	0	0.33709743619	1.18158340454	2.30359745026	3.50209474564	4.4781537056	4.90786600113	4.56508159637	3.44897961617	1.83548855782	0.212648928165	0	0	0	0	0	0	0	0	60.7843208313	0	0	0	0	0	0	0	0	0	0	0	0	0	0	0
Feb 22 2023 18:03:43	1.31267881393	89.4265365601	96.6142807007	0.000450091145467	61.1590766907	7.97237730026	74.5903930664	-	0	0	0	0	0	0	0	0	0	0	0	0	0	0	0	0	11.7381706238	0	0	0	0	0	0	0	0	0.0227247867733	1.04324257374	2.34505319595	3.59525752068	4.43576955795	4.61289644241	4.07052326202	2.98359537125	1.6950905323	0.571116924286	0	0	0	0	0	0	0	0	0	62.8865585327	0	0	0	0	0	0	0	0	0	0	0	0	0	0	0
Feb 22 2023 18:03:44	1.32679307461	90.2027282715	96.9043273926	0.000381742720492	65.9145812988	8.34980869293	78.8558120728	-	0	0	0	0	0	0	0	0	0	0	0	0	0	0	0	0	11.1923971176	0	0	0	0	0	0	0	0	0	0.750020265579	4.09592485428	5.68821287155	4.81924438477	2.79680275917	1.1322876215	0.309367924929	0.0502421632409	0.00204933830537	0	0	0	0	0	0	0	0	0	69.1634521484	0	0	0	0	0	0	0	0	0	0	0	0	0	0	0
Feb 22 2023 18:03:45	5.50080490112	90.0126190186	96.833442688	0.000509456149302	64.8778915405	9.0247926712	74.9189376831	-	0	0	0	0	0	0	0	0	0	0	0	0	0	0	0	0	9.95562171936	2.13640520205e-12	0	0	0	0	0	0	0	0	0.948464512825	2.92484951019	4.45419073105	4.90330266953	4.21999073029	2.87874507904	1.52043116093	0.571356534958	0.104824014008	0	0	0	0	0	0	0	0	0	67.5182189941	0	0	0	0	0	0	0	0	0	0	0	0	0	0	0
Feb 22 2023 18:03:46	6.91325426102	90.3439712524	96.9569320679	0.000321152096149	67.3681793213	9.88689517975	84.7338104248	-	0	0	0	0	0	0	0	0	0	0	0	0	0	0	0	0	9.02686595917	0	0	0	0	0	0	0	0	0	0.0437588766217	2.0533182621	4.47590446472	5.54950332642	4.5778799057	2.59278321266	0.988718748093	0.232488378882	0.0225039795041	0	0	0	0	0	0	0	0	0	70.4362716675	0	0	0	0	0	0	0	0	0	0	0	0	0	0	0
Feb 22 2023 18:03:47	7.38655519485	89.9412307739	96.8067932129	0.000446747872047	65.0352706909	10.3256587982	80.3432998657	-	0	0	0	0	0	0	0	0	0	0	0	0	0	0	0	0	8.48639297485	0	0	0	0	0	0	0	0	0	0.196435347199	1.25684511662	2.60464167595	3.87527823448	4.64952087402	4.62885141373	3.79702115059	2.45337963104	1.06991040707	0.0620891824365	0	0	0	0	0	0	0	0	66.9196395874	0	0	0	0	0	0	0	0	0	0	0	0	0	0	0
Feb 22 2023 18:03:48	1.33890151978	89.2741165161	96.5571289063	0.000351442984538	60.8062705994	8.59865283966	80.9557342529	-	0	0	0	0	0	0	0	0	0	0	0	0	0	0	0	0	10.7856664658	0	0	0	0	0	0	0	0	0	0.488405019045	1.32157444954	2.40732502937	3.55821108818	4.49643039703	4.91534614563	4.59090185165	3.50424194336	1.9016122818	0.250410228968	0	0	0	0	0	0	0	0	61.7798728943	0	0	0	0	0	0	0	0	0	0	0	0	0	0	0
Feb 22 2023 18:03:49	1.30273425579	88.2732849121	96.2872848511	0.000616589502897	57.1922874451	7.62957382202	65.40234375	-	0	0	0	0	0	0	0	0	0	0	0	0	0	0	0	0	12.6834630966	0	0	0	0	0	0	0	0	0.0415749400854	0.379702806473	0.976653754711	1.84284186363	2.91726994514	4.04211711884	4.95562267303	5.33078527451	4.87897443771	3.49717617035	1.4211615324	0	0	0	0	0	0	0	0	57.0326576233	0	0	0	0	0	0	0	0	0	0	0	0	0	0	0
Feb 22 2023 18:03:50	1.33500218391	89.4392929077	96.6190643311	0.000413460016716	61.8194046021	8.64573574066	77.9760513306	-	0	0	0	0	0	0	0	0	0	0	0	0	0	0	0	0	10.912981987	0	0	0	0	0	0	0	0	0	0.219677954912	0.99311208725	2.084597826	3.30825376511	4.35496139526	4.8689661026	4.58980035782	3.50240325928	1.89664006233	0.287687003613	0	0	0	0	0	0	0	0	62.9809188843	0	0	0	0	0	0	0	0	0	0	0	0	0	0	0
Feb 22 2023 18:03:51	1.3272690773	89.1960678101	96.5278396606	0.000566566188354	60.2501296997	8.33561038971	70.3272094727	-	0	0	0	0	0	0	0	0	0	0	0	0	0	0	0	3.77649936136e-40	11.1757535934	6.53307052553e-13	0	0	0	0	0	0	0	0	0.526450276375	1.47502553463	2.65248155594	3.81882596016	4.66879701614	4.91571855545	4.40796232224	3.22417283058	1.67928373814	0.228149190545	0	0	0	0	0	0	0	0	61.2273826599	0	0	0	0	0	0	0	0	0	0	0	0	0	0	0
Feb 22 2023 18:03:52	6.5018696785	90.6787872314	97.0814208984	0.000806714815553	69.6517868042	9.83942604065	65.9641113281	-	0	0	0	0	0	0	0	0	0	0	0	0	0	0	0	0	8.87548446655	0	0	0	0	0	0	0	0	0	0	8.45448684692	6.24560928345	2.21600699425	0.490857094526	0.0705669373274	0.00632416037843	0.000298118713545	1.43925331031e-06	0	0	0	0	0	0	0	0	0	73.6403656006	0	0	0	0	0	0	0	0	0	0	0	0	0	0	0
Feb 22 2023 18:03:53	7.04010534286	90.5776596069	97.0438537598	0.000945801497437	69.1251296997	10.3142309189	62.741394043	-	0	0	0	0	0	0	0	0	0	0	0	0	0	0	0	0	8.5714225769	0	0	0	0	0	0	0	0	0	0	2.46455454826	5.28366851807	5.52227878571	3.56754922867	1.48979485035	0.394299119711	0.0597781315446	0.00308944913559	0	0	0	0	0	0	0	0	0	72.6435699463	0	0	0	0	0	0	0	0	0	0	0	0	0	0	0
Feb 22 2023 18:03:54	6.51337099075	90.4239273071	96.9866867065	0.000849519914482	67.7945556641	9.50723457336	63.2643814087	-	0	0	0	0	0	0	0	0	0	0	0	0	0	0	0	0	9.48553562164	0	0	0	0	0	0	0	0	0	0.103138670325	3.41264533997	5.51743984222	5.15365219116	3.2432641983	1.41378450394	0.41567966342	0.073774933815	0.00417579617351	0	0	0	0	0	0	0	0	0	71.1769104004	0	0	0	0	0	0	0	0	0	0	0	0	0	0	0
Feb 22 2023 18:03:55	1.29303538799	89.0738296509	96.4819412231	0.000663426995743	59.2892417908	7.20871591568	61.3425750732	-	0	0	0	0	0	0	0	0	0	0	0	0	0	0	0	0	13.7734527588	1.63350875795e-12	0	0	0	0	0	0	0	0	0.406718164682	1.20145273209	2.31592965126	3.53440499306	4.50822925568	4.86441516876	4.3780169487	3.12331414223	1.48875415325	0.0245174821466	0	0	0	0	0	0	0	0	60.3807907104	0	0	0	0	0	0	0	0	0	0	0	0	0	0	0
Feb 22 2023 18:03:56	1.29111289978	89.2819290161	96.5600585938	0.000732443411835	60.2489852905	7.11711502075	57.8332176208	-	0	0	0	0	0	0	0	0	0	0	0	0	0	0	0	0	14.0132322311	0	0	0	0	0	0	0	0	0	0.440800756216	1.41311788559	2.71918749809	3.98030018806	4.71131515503	4.56399345398	3.55061006546	2.07307219505	0.698695719242	0	0	0	0	0	0	0	0	0	61.8356781006	0	0	0	0	0	0	0	0	0	0	0	0	0	0	0
Feb 22 2023 18:03:57	1.27855324745	88.3010482788	96.2919540405	0.000531605270226	56.5743217468	6.45623779297	64.2565155029	-	0	0	0	0	0	0	0	0	0	0	0	0	0	0	0	0	15.8229780197	1.75802146278e-12	0	0	0	0	0	0	0	0.00755568128079	0.386150032282	1.0882409811	2.09622216225	3.26894807816	4.33750915527	4.95380306244	4.80864429474	3.79019379616	2.09710121155	0.234030425549	0	0	0	0	0	0	0	0	57.1086235046	0	0	0	0	0	0	0	0	0	0	0	0	0	0	0
Feb 22 2023 18:03:58	1.30183708668	89.2219390869	96.5375518799	0.000529221550096	59.9023857117	7.48918151855	69.0671386719	-	0	0	0	0	0	0	0	0	0	0	0	0	0	0	0	0	12.776676178	0	0	0	0	0	0	0	0	0.0438793860376	0.955641388893	2.18131256104	3.43619704247	4.3729929924	4.70184850693	4.29694461823	3.2637386322	1.91510343552	0.64619499445	0	0	0	0	0	0	0	0	0	61.4094657898	0	0	0	0	0	0	0	0	0	0	0	0	0	0	0
Feb 22 2023 18:03:59	5.78612375259	89.9081192017	96.7944335938	0.00045268330723	64.1882095337	9.12624645233	77.743057251	-	0	0	0	0	0	0	0	0	0	0	0	0	0	0	0	0	9.63674449921	0	0	0	0	0	0	0	0	0	1.3320980072	3.1317460537	4.48256111145	4.88441228867	4.28529310226	3.04930138588	1.71458983421	0.698503196239	0.139370635152	0	0	0	0	0	0	0	0	0	66.6453781128	0	0	0	0	0	0	0	0	0	0	0	0	0	0	0
Feb 22 2023 18:04:00	5.62615060806	89.3610916138	96.5897521973	0.000199672154849	60.7226638794	8.74666976929	89.1609954834	-	0	0	0	0	0	0	0	0	0	0	0	0	0	0	0	0	9.77842330933	0	0	0	0	0	0	0	0	0	1.58041453362	3.56750607491	5.01194810867	5.47011804581	4.91249704361	3.66939377785	2.24002242088	1.0531899929	0.309662252665	0	0	0	0	0	0	0	0	0	62.4068336487	0	0	0	0	0	0	0	0	0	0	0	0	0	0	0
Feb 22 2023 18:04:01	6.42520046234	90.2975311279	96.9396438599	0.000304281158606	66.8104095459	10.0135202408	85.9540863037	-	0	0	0	0	0	0	0	0	0	0	0	0	0	0	0	0	8.31088829041	0	0	0	0	0	0	0	0	0	1.27177977562	4.80684947968	6.23263549805	5.05777549744	2.83688902855	1.11753797531	0.300335049629	0.0495571754873	0.00290088821203	0	0	0	0	0	0	0	0	0	70.0128479004	0	0	0	0	0	0	0	0	0	0	0	0	0	0	0
Feb 22 2023 18:04:02	6.70032548904	90.3165435791	96.946723938	0.000378505355911	67.0318756104	9.9987745285	82.6749649048	-	0	0	0	0	0	0	0	0	0	0	0	0	0	0	0	0	8.55105209351	0	0	0	0	0	0	0	0	0	0.37531465292	3.76728034019	5.94549417496	5.55394983292	3.51762628555	1.54925906658	0.4631729424	0.0852481201291	0.00595562020317	0	0	0	0	0	0	0	0	0	70.1856460571	0	0	0	0	0	0	0	0	0	0	0	0	0	0	0
Feb 22 2023 18:04:03	6.79301404953	90.3684616089	96.9660491943	0.000391387817217	67.4853134155	9.7953004837	81.5655517578	-	0	0	0	0	0	0	0	0	0	0	0	0	0	0	0	0	9.10180664063	0	0	0	0	0	0	0	0	0	0.0303293000907	2.56502103806	5.0008764267	5.54861497879	4.11045646667	2.09688425064	0.720700502396	0.151619061828	0.0121242152527	0	0	0	0	0	0	0	0	0	70.661567688	0	0	0	0	0	0	0	0	0	0	0	0	0	0	0
Feb 22 2023 18:04:04	1.2886043787	88.8166122437	96.3852081299	0.000533526181243	58.1177902222	7.02322387695	66.6594238281	-	0	0	0	0	0	0	0	0	0	0	0	0	0	0	0	0	14.3395214081	3.35047246024e-12	0	0	0	0	0	0	0	0	0.262423336506	0.863310039043	1.79569923878	2.96402454376	4.12487077713	4.91610527039	4.97139978409	4.10241985321	2.45442819595	0.535720407963	0	0	0	0	0	0	0	0	58.6700782776	0	0	0	0	0	0	0	0	0	0	0	0	0	0	0
Feb 22 2023 18:04:05	1.32908332348	89.6302261353	96.6905517578	0.000702229735907	62.664024353	8.47665023804	64.989982605	-	0	0	0	0	0	0	0	0	0	0	0	0	0	0	0	0	11.1128368378	1.15730348753e-14	0	0	0	0	0	0	0	0	0.388125747442	1.50242495537	2.83211946487	4.00395488739	4.62872648239	4.46460103989	3.54890298843	2.20437598228	0.888088881969	0	0	0	0	0	0	0	0	0	64.4258422852	0	0	0	0	0	0	0	0	0	0	0	0	0	0	0
Feb 22 2023 18:04:06	6.49660778046	90.8579101563	97.1478881836	0.000637835124508	71.158996582	10.6542510986	74.1903152466	-	0	0	0	0	0	0	0	0	0	0	0	0	0	0	0	0	7.73814678192	0	0	0	0	0	0	0	0	0	0	14.8726682663	1.91723680496	0.000120800839795	5.21393518638e-11	2.25933630971e-19	6.19557519561e-30	1.40129846432e-43	0	0	0	0	0	0	0	0	0	0	75.471824646	0	0	0	0	0	0	0	0	0	0	0	0	0	0	0
Feb 22 2023 18:04:07	1.35822963715	90.2045211792	96.9049987793	0.000548780721147	66.4244766235	9.21578598022	73.3838043213	-	0	0	0	0	0	0	0	0	0	0	0	0	0	0	0	0	10.2008295059	0	0	0	0	0	0	0	0	0	0	0.857689797878	2.80243659019	4.89372348785	5.44941520691	4.02476024628	1.94574487209	0.571249723434	0.0748028457165	0	0	0	0	0	0	0	0	0	69.1793518066	0	0	0	0	0	0	0	0	0	0	0	0	0	0	0
Feb 22 2023 18:04:08	1.35687375069	89.9236068726	96.8002166748	0.000451471365523	64.3906326294	8.92129135132	77.0784301758	-	0	0	0	0	0	0	0	0	0	0	0	0	0	0	0	0	10.2395191193	0	0	0	0	0	0	0	0	0	0.746980965137	2.27506113052	3.72994756699	4.56584739685	4.4850935936	3.58198666573	2.27584552765	1.06390941143	0.262392610312	0	0	0	0	0	0	0	0	0	66.7734146118	0	0	0	0	0	0	0	0	0	0	0	0	0	0	0
Feb 22 2023 18:04:09	1.34925568104	90.0712738037	96.8553237915	0.000541464483831	65.3819503784	8.89546871185	72.9538879395	-	0	0	0	0	0	0	0	0	0	0	0	0	0	0	0	0	10.4632377625	0	0	0	0	0	0	0	0	0	0.397083669901	2.04642438889	3.66456389427	4.56723070145	4.41123104095	3.37552905083	2.00835943222	0.859619319439	0.188929438591	0	0	0	0	0	0	0	0	0	68.017791748	0	0	0	0	0	0	0	0	0	0	0	0	0	0	0
Feb 22 2023 18:04:10	6.65675258636	90.4925460815	97.0122146606	0.000787280267105	68.4219512939	9.52950286865	65.210357666	-	0	0	0	0	0	0	0	0	0	0	0	0	0	0	0	0	9.74144172668	2.45679561764e-13	0	0	0	0	0	0	0	0	0	1.50483429432	4.49641609192	5.59828948975	4.16623067856	1.9741717577	0.587975263596	0.100124649704	0.00604201387614	0	0	0	0	0	0	0	0	0	71.82447052	0	0	0	0	0	0	0	0	0	0	0	0	0	0	0
Feb 22 2023 18:04:11	1.30287766457	88.0507659912	96.2498550415	0.000414938665926	56.557434082	7.54576063156	75.0024185181	-	0	0	0	0	0	0	0	0	0	0	0	0	0	0	0	0	12.6686964035	0	0	0	0	0	0	0	0	0.124296069145	0.576776087284	1.29376959801	2.24346971512	3.32222390175	4.34509515762	5.05697154999	5.18312454224	4.52678394318	3.0845041275	1.14416015148	0	0	0	0	0	0	0	0	56.4301300049	0	0	0	0	0	0	0	0	0	0	0	0	0	0	0
Feb 22 2023 18:04:12	1.29482400417	87.7753982544	96.203414917	0.000348385015968	56.098323822	7.25464963913	77.57371521	-	0	0	0	0	0	0	0	0	0	0	0	0	0	0	0	0	13.5579328537	0	0	0	0	0	0	0	0	0.0037001951132	0.339276283979	0.927757918835	1.78011715412	2.84516215324	3.98149967194	4.94449901581	5.4114484787	5.07131624222	3.76785850525	1.66956651211	0	0	0	0	0	0	0	0	55.6998672485	0	0	0	0	0	0	0	0	0	0	0	0	0	0	0
Feb 22 2023 18:04:13	7.00512838364	90.4322357178	96.9897766113	0.000481423223391	68.044303894	10.0505504608	78.3249282837	-	0	0	0	0	0	0	0	0	0	0	0	0	0	0	0	0	8.88261985779	1.12987288796e-12	0	0	0	0	0	0	0	0	0	2.06413841248	4.55317592621	5.42157506943	4.30859231949	2.38228821754	0.900483250618	0.212371602654	0.0200979765505	0	0	0	0	0	0	0	0	0	71.2546615601	0	0	0	0	0	0	0	0	0	0	0	0	0	0	0
Feb 22 2023 18:04:14	6.67797756195	89.9195556641	96.7987060547	0.000512474158313	64.6203918457	9.68916225433	76.4168167114	-	0	0	0	0	0	0	0	0	0	0	0	0	0	0	0	0	9.15555763245	2.03044368428e-14	0	0	0	0	0	0	0	0	0.370434999466	1.76323795319	3.30557489395	4.46278953552	4.80598545074	4.22659111023	2.99880766869	1.62323820591	0.547916889191	0	0	0	0	0	0	0	0	0	66.7398605347	0	0	0	0	0	0	0	0	0	0	0	0	0	0	0
Feb 22 2023 18:04:15	1.31197559834	89.7743225098	96.7444458008	0.000368399196304	63.4629669189	8.19752502441	78.9631729126	-	0	0	0	0	0	0	0	0	0	0	0	0	0	0	0	0	11.8001375198	4.29528967597e-15	0	0	0	0	0	0	0	0	0.231301665306	1.22092556953	2.65050792694	4.03749084473	4.75236320496	4.41481781006	3.18444633484	1.66614019871	0.483020663261	0	0	0	0	0	0	0	0	0	65.55884552	0	0	0	0	0	0	0	0	0	0	0	0	0	0	0
Feb 22 2023 18:04:16	5.83526420593	89.9948043823	96.826789856	0.000603504478931	64.7846832275	9.23822498322	71.7702713013	-	0	0	0	0	0	0	0	0	0	0	0	0	0	0	0	0	9.53085613251	3.4129779081e-13	0	0	0	0	0	0	0	0	1.38021171093	3.06874394417	4.36863470078	4.76238489151	4.17149162292	2.94871759415	1.63477683067	0.647921621799	0.118349552155	0	0	0	0	0	0	0	0	0	67.3679122925	0	0	0	0	0	0	0	0	0	0	0	0	0	0	0
Feb 22 2023 18:04:17	5.99482536316	89.7097244263	96.7202911377	0.000325772591168	63.3560676575	9.2893447876	83.5523910522	-	0	0	0	0	0	0	0	0	0	0	0	0	0	0	0	0	9.75308227539	0	0	0	0	0	0	0	0	0	0.502780079842	1.49370932579	2.70913958549	3.85268211365	4.57249307632	4.58979034424	3.83958101273	2.53722834587	1.10324764252	0	0	0	0	0	0	0	0	0	65.0462722778	0	0	0	0	0	0	0	0	0	0	0	0	0	0	0
Feb 22 2023 18:04:18	7.18638467789	90.383895874	96.9717941284	0.000494793639518	67.8421554565	10.0451202393	77.6508026123	-	0	0	0	0	0	0	0	0	0	0	0	0	0	0	0	0	9.07018661499	0	0	0	0	0	0	0	0	0	0	1.22281849384	3.21858143806	4.66489982605	4.73503446579	3.53358125687	1.91897690296	0.704619824886	0.127095431089	0	0	0	0	0	0	0	0	0	70.8041992188	0	0	0	0	0	0	0	0	0	0	0	0	0	0	0
Feb 22 2023 18:04:19	1.29410195351	87.9239730835	96.2284851074	0.000520405883435	56.0365600586	7.12134552002	68.0598754883	-	0	0	0	0	0	0	0	0	0	0	0	0	0	0	0	0	13.6440887451	0	0	0	0	0	0	0	0	0.0902699679136	0.599641799927	1.40896439552	2.45580196381	3.59018063545	4.58092260361	5.14768791199	5.03771257401	4.1347026825	2.55135893822	0.66688477993	0	0	0	0	0	0	0	0	56.0917854309	0	0	0	0	0	0	0	0	0	0	0	0	0	0	0
Feb 22 2023 18:04:20	1.31526124477	88.8204269409	96.3866424561	0.000341128179571	58.8604850769	8.27229118347	80.5791702271	-	0	0	0	0	0	0	0	0	0	0	0	0	0	0	0	0	11.6132116318	0	0	0	0	0	0	0	0	0	0.170248836279	0.633277773857	1.38474726677	2.41119265556	3.59742760658	4.69924497604	5.3642745018	5.23120975494	4.09552621841	2.1048848629	0	0	0	0	0	0	0	0	58.6947517395	0	0	0	0	0	0	0	0	0	0	0	0	0	0	0
Feb 22 2023 18:04:21	6.00082588196	88.9042816162	96.4181976318	0.000304309098283	59.2292823792	9.1809091568	84.4618988037	-	0	0	0	0	0	0	0	0	0	0	0	0	0	0	0	0	9.73453140259	2.97424248858e-13	0	0	0	0	0	0	0	0.0411766581237	0.421777635813	1.09095430374	2.0459189415	3.19338130951	4.33360719681	5.17102146149	5.38374567032	4.74926328659	3.27935481071	1.3125923872	0	0	0	0	0	0	0	0	59.2426757813	0	0	0	0	0	0	0	0	0	0	0	0	0	0	0
Feb 22 2023 18:04:22	1.34810173512	89.2871932983	96.5620422363	0.000372825132217	61.3066711426	8.95220661163	80.5570373535	-	0	0	0	0	0	0	0	0	0	0	0	0	0	0	0	0	10.498093605	0	0	0	0	0	0	0	0	0	0.139009952545	0.693296670914	1.55597829819	2.66303515434	3.83015346527	4.75454330444	5.08311891556	4.55225896835	3.14671349525	1.21040964127	0	0	0	0	0	0	0	0	61.8733901978	0	0	0	0	0	0	0	0	0	0	0	0	0	0	0
Feb 22 2023 18:04:23	1.3599448204	89.3155441284	96.5726699829	0.000358521414455	61.1305656433	8.9612493515	81.4410552979	-	0	0	0	0	0	0	0	0	0	0	0	0	0	0	0	0	10.1523580551	0	0	0	0	0	0	0	0	0.0170936528593	0.53033554554	1.36643981934	2.44406414032	3.5734064579	4.48290729523	4.88041210175	4.56050634384	3.51613640785	1.98690831661	0.412460148335	0	0	0	0	0	0	0	0	62.0769729614	0	0	0	0	0	0	0	0	0	0	0	0	0	0	0
Feb 22 2023 18:04:24	6.18194484711	89.680015564	96.7091827393	0.000325432134559	63.403591156	9.36443805695	83.5930709839	-	0	0	0	0	0	0	0	0	0	0	0	0	0	0	0	0	9.85499000549	0	0	0	0	0	0	0	0	0	0.198874086142	0.953080952168	2.02030658722	3.21804666519	4.24142074585	4.7398724556	4.45959234238	3.39209389687	1.82931625843	0.27934589982	0	0	0	0	0	0	0	0	64.8130569458	0	0	0	0	0	0	0	0	0	0	0	0	0	0	0
Feb 22 2023 18:04:25	6.5657992363	89.4733734131	96.6318283081	0.000391405745177	62.4981307983	9.49861812592	80.8445892334	-	0	0	0	0	0	0	0	0	0	0	0	0	0	0	0	0	9.7454662323	0	0	0	0	0	0	0	0	0	0.142441689968	0.664784908295	1.48611605167	2.54997158051	3.68337965012	4.59634208679	4.94635534286	4.47348070145	3.15609121323	1.3212865591	0	0	0	0	0	0	0	0	63.234287262	0	0	0	0	0	0	0	0	0	0	0	0	0	0	0
Feb 22 2023 18:04:26	1.30105507374	89.1343536377	96.5046691895	0.000554338330403	60.411239624	7.81730031967	68.5197906494	-	0	0	0	0	0	0	0	0	0	0	0	0	0	0	0	0	12.8591117859	0	0	0	0	0	0	0	0	0	0.0598857291043	0.391190767288	0.998723387718	1.90920829773	3.04817509651	4.19267177582	4.97313833237	4.97018051147	3.90663075447	1.89390802383	0	0	0	0	0	0	0	0	60.7971725464	0	0	0	0	0	0	0	0	0	0	0	0	0	0	0
Feb 22 2023 18:04:27	1.31224811077	89.6828536987	96.7102432251	0.000411954242736	63.3765449524	8.392329216	77.1096420288	-	0	0	0	0	0	0	0	0	0	0	0	0	0	0	0	0	11.7760362625	1.61462870526e-13	0	0	0	0	0	0	0	0	0.0317702926695	0.519669592381	1.34163296223	2.4319832325	3.57473874092	4.41739225388	4.57771730423	3.82939505577	2.27314734459	0.391216993332	0	0	0	0	0	0	0	0	64.8352966309	0	0	0	0	0	0	0	0	0	0	0	0	0	0	0
Feb 22 2023 18:04:28	8.26105117798	90.5815505981	97.0452957153	0.000347395834979	69.597038269	10.3624401093	83.9723587036	-	0	0	0	0	0	0	0	0	0	0	0	0	0	0	0	0	9.16223430634	0	0	0	0	0	0	0	0	0	0	0.152388125658	1.09181809425	2.98606061935	4.76733827591	4.79791069031	3.04144620895	1.1342331171	0.185114741325	0	0	0	0	0	0	0	0	0	72.6814575195	0	0	0	0	0	0	0	0	0	0	0	0	0	0	0
Feb 22 2023 18:04:29	7.91987228394	90.484916687	97.0093688965	0.00038620896521	68.7945098877	11.2988605499	84.1919555664	-	0	0	0	0	0	0	0	0	0	0	0	0	0	0	0	1.40129846432e-42	7.65146255493	7.60253473131e-14	0	0	0	0	0	0	0	0	0	1.12761569023	3.02655482292	4.54928302765	4.83487844467	3.81050300598	2.20508980751	0.87138992548	0.171355038881	0	0	0	0	0	0	0	0	0	71.7518768311	0	0	0	0	0	0	0	0	0	0	0	0	0	0	0
Feb 22 2023 18:04:30	7.09765338898	89.3326644897	96.5790939331	0.000363588478649	61.9278717041	9.61229896545	82.2601547241	-	0	0	0	0	0	0	0	0	0	0	0	0	0	0	0	0	9.6503944397	0	0	0	0	0	0	0	0	0	0.0489615835249	0.455765336752	1.15756547451	2.1552233696	3.34207487106	4.47205448151	5.18286514282	5.104845047	4.03715991974	2.14343619347	0.0490653924644	0	0	0	0	0	0	0	62.2005882263	0	0	0	0	0	0	0	0	0	0	0	0	0	0	0
Feb 22 2023 18:04:31	1.33773219585	90.0105667114	96.8326721191	0.000336880271789	65.3018722534	8.91206455231	82.0115356445	-	0	0	0	0	0	0	0	0	0	0	0	0	0	0	0	0	10.8234930038	8.32246530263e-14	0	0	0	0	0	0	0	0	0.0181978493929	0.676237761974	1.85362589359	3.28983259201	4.41175460815	4.63089370728	3.76971745491	2.24445772171	0.78090184927	0	0	0	0	0	0	0	0	3.47213116548e-13	67.5008926392	0	0	0	0	0	0	0	0	0	0	0	0	0	0	0
Feb 22 2023 18:04:32	6.87702274323	90.3515548706	96.9597549438	0.000350460701156	67.6776428223	9.62344169617	82.7082366943	-	0	0	0	0	0	0	0	0	0	0	0	0	0	0	0	0	9.86365890503	0	0	0	0	0	0	0	0	0	0	0.435013890266	1.88060605526	3.85309314728	5.05054092407	4.49696063995	2.70489215851	1.02598714828	0.183383211493	0	0	0	0	0	0	0	0	0	70.5058670044	0	0	0	0	0	0	0	0	0	0	0	0	0	0	0
Feb 22 2023 18:04:33	6.92255210876	90.4509963989	96.9967575073	0.000314980337862	68.2524032593	10.016910553	85.108253479	-	0	0	0	0	0	0	0	0	0	0	0	0	0	0	0	0	9.05048656464	3.50592357879e-13	0	0	0	0	0	0	0	0	0.141153842211	1.71518468857	3.69071578979	4.84705972672	4.44254159927	2.91570115089	1.33774936199	0.387514144182	0.0409001410007	0	0	0	0	0	0	0	0	0	71.4309921265	0	0	0	0	0	0	0	0	0	0	0	0	0	0	0
Feb 22 2023 18:04:34	7.38563299179	90.3731079102	96.9677810669	0.000377783784643	67.8619918823	10.1637897491	82.605430603	-	0	0	0	0	0	0	0	0	0	0	0	0	0	0	0	0	9.00016307831	0	0	0	0	0	0	0	0	0	0	0.941214680672	2.70487642288	4.22494602203	4.70459222794	3.94111013412	2.46516942978	1.07359147072	0.239883869886	0	0	0	0	0	0	0	0	0	70.7044525146	0	0	0	0	0	0	0	0	0	0	0	0	0	0	0
Feb 22 2023 18:04:35	7.90619754791	90.4703903198	97.0039672852	0.000425304489909	68.6852035522	10.686126709	81.5708084106	-	0	0	0	0	0	0	0	0	0	0	0	0	0	0	0	4.20389539297e-43	8.46640968323	2.90405313729e-13	0	0	0	0	0	0	0	0	0	0.654660046101	2.38541936874	4.10607337952	4.81168937683	4.10626554489	2.54565095901	1.07491612434	0.234797358513	0	0	0	0	0	0	0	0	0	71.614112854	0	0	0	0	0	0	0	0	0	0	0	0	0	0	0
Feb 22 2023 18:04:36	1.35722017288	89.795425415	96.7523345947	0.000392029556679	63.7954711914	9.02570343018	79.9166183472	-	0	0	0	0	0	0	0	0	0	0	0	0	0	0	0	0	10.2296047211	5.03784243055e-13	0	0	0	0	0	0	0	0	0.394469350576	1.48202586174	2.80599880219	3.9842069149	4.60626649857	4.41679620743	3.46290588379	2.0955183506	0.794258832932	0	0	0	0	0	0	0	0	0	65.7279510498	0	0	0	0	0	0	0	0	0	0	0	0	0	0	0
Feb 22 2023 18:04:37	1.30844211578	88.8431777954	96.3952102661	0.000334242387908	58.6589393616	7.94890499115	80.210105896	-	0	0	0	0	0	0	0	0	0	0	0	0	0	0	0	0	12.1222343445	0	0	0	0	0	0	0	0	0	0.249286696315	0.872798800468	1.78621339798	2.91125965118	4.06186151505	4.94741678238	5.23116159439	4.65416669846	3.18432569504	1.13678312302	0	0	0	0	0	0	0	0	58.8424911499	0	0	0	0	0	0	0	0	0	0	0	0	0	0	0
Feb 22 2023 18:04:38	6.79174757004	89.8329467773	96.7663497925	0.000340891216183	64.1665878296	9.72567081451	83.6621017456	-	0	0	0	0	0	0	0	0	0	0	0	0	0	0	0	0	9.14958190918	0	0	0	0	0	0	0	0	0	0.317277997732	1.45966136456	2.86234498024	4.12075185776	4.79668140411	4.61494159698	3.62319040298	2.19305706024	0.831780016422	0	0	0	0	0	0	0	0	0	66.0307312012	0	0	0	0	0	0	0	0	0	0	0	0	0	0	0
Feb 22 2023 18:04:39	6.95801544189	90.2358779907	96.9166793823	0.000549182470422	66.9108810425	9.67848491669	74.4891662598	-	0	0	0	0	0	0	0	0	0	0	0	0	0	0	0	0	9.69666576385	0	0	0	0	0	0	0	0	0	0	0.679087102413	2.14880228043	3.68120145798	4.57126522064	4.36273336411	3.19227790833	1.69212198257	0.517634034157	0	0	0	0	0	0	0	0	0	69.4582138062	0	0	0	0	0	0	0	0	0	0	0	0	0	0	0
Feb 22 2023 18:04:40	6.95097780228	89.8451309204	96.770904541	0.000403987767641	64.362739563	9.82374095917	81.0702514648	-	0	0	0	0	0	0	0	0	0	0	0	0	0	0	0	0	9.13157939911	0	0	0	0	0	0	0	0	0	0.238751485944	1.20809864998	2.4689950943	3.71458601952	4.55792188644	4.67639923096	3.97586035728	2.67002439499	1.19898676872	0.0291970781982	0	0	0	0	0	0	0	0	66.1296005249	0	0	0	0	0	0	0	0	0	0	0	0	0	0	0
Feb 22 2023 18:04:41	7.59746694565	90.4585418701	96.9995651245	0.000692622445058	68.4661865234	10.6691122055	71.9035949707	-	0	0	0	0	0	0	0	0	0	0	0	0	0	0	0	0	8.3022403717	0	0	0	0	0	0	0	0	0	0	1.17604184151	3.34507679939	4.87811994553	4.8456697464	3.46705174446	1.77415633202	0.606092691422	0.103418715298	0	0	0	0	0	0	0	0	0	71.5021286011	0	0	0	0	0	0	0	0	0	0	0	0	0	0	0
Feb 22 2023 18:04:42	6.46384572983	89.9416732788	96.8069610596	0.000344375323039	64.7796936035	9.53876113892	83.1362915039	-	0	0	0	0	0	0	0	0	0	0	0	0	0	0	0	0	9.45237541199	2.03295572989e-15	0	0	0	0	0	0	0	0	0.381305098534	1.63230204582	3.0487382412	4.18200397491	4.62961673737	4.22393083572	3.1316652298	1.77707314491	0.617689669132	0	0	0	0	0	0	0	0	0	66.9233016968	0	0	0	0	0	0	0	0	0	0	0	0	0	0	0
Feb 22 2023 18:04:43	7.59044313431	89.9817276001	96.8219146729	0.00079101260053	65.3175354004	10.911907196	69.6853713989	-	0	0	0	0	0	0	0	0	0	0	0	0	0	0	0	0	7.69965791702	5.1820451142e-13	0	0	0	0	0	0	0	0	0.303963363171	1.5090931654	2.94141697884	4.17629766464	4.79350948334	4.56346607208	3.57505488396	2.20357275009	0.918107032776	0.0578720457852	0	0	0	0	0	0	0	0	67.2579879761	0	0	0	0	0	0	0	0	0	0	0	0	0	0	0
Feb 22 2023 18:04:44	6.76246356964	89.917427063	96.7979049683	0.00042211971595	64.6585235596	9.93082523346	80.6588745117	-	0	0	0	0	0	0	0	0	0	0	0	0	0	0	0	0	8.79877567291	0	0	0	0	0	0	0	0	0	0.562288582325	1.80032813549	3.19975805283	4.31285667419	4.73520183563	4.29792547226	3.17159295082	1.78804969788	0.610965192318	0	0	0	0	0	0	0	0	0	66.7222595215	0	0	0	0	0	0	0	0	0	0	0	0	0	0	0
Feb 22 2023 18:04:45	6.80433750153	90.3421859741	96.9562683105	0.000363570696209	67.4166412354	9.89257240295	82.8723526001	-	0	0	0	0	0	0	0	0	0	0	0	0	0	0	0	0	9.08315658569	5.59069934444e-13	0	0	0	0	0	0	0	0	0.177037745714	2.04331231117	3.95154905319	4.87654542923	4.40061235428	2.98357963562	1.48916304111	0.500818252563	0.0742997676134	0	0	0	0	0	0	0	0	0	70.419921875	0	0	0	0	0	0	0	0	0	0	0	0	0	0	0
Feb 22 2023 18:04:46	1.3636277914	90.1789016724	96.8954467773	0.000334534939611	66.4890670776	9.42697906494	83.1208267212	-	0	0	0	0	0	0	0	0	0	0	0	0	0	0	0	0	10.0500154495	0	0	0	0	0	0	0	0	0	0	0.752960145473	2.08649516106	3.52151250839	4.44444942474	4.38478183746	3.35479044914	1.86829829216	0.583610415459	0	0	0	0	0	0	0	0	0	68.953086853	0	0	0	0	0	0	0	0	0	0	0	0	0	0	0
Feb 22 2023 18:04:47	1.32087111473	87.6675720215	96.1851959229	0.000486313132569	55.7134513855	7.96069097519	73.0950088501	-	0	0	0	0	0	0	0	0	0	0	0	0	0	0	0	0	11.4041547775	0	0	0	0	0	0	0	0	0.234647348523	0.831669449806	1.71914625168	2.8197581768	3.97262454033	4.94597101212	5.46885824203	5.30490779877	4.35225868225	2.72713518143	0.800441861153	0	0	0	0	0	0	0	0	55.4184265137	0	0	0	0	0	0	0	0	0	0	0	0	0	0	0
Feb 22 2023 18:04:48	1.3127644062	89.1650390625	96.5161972046	0.000539960456081	59.9210281372	8.01806354523	70.4578552246	-	0	0	0	0	0	0	0	0	0	0	0	0	0	0	0	0	11.7306728363	0	0	0	0	0	0	0	0	0.0522335991263	0.670574486256	1.62968742847	2.79741764069	3.92548775673	4.70439815521	4.85343170166	4.24123620987	2.97756409645	1.40690970421	0	0	0	0	0	0	0	0	0	61.010383606	0	0	0	0	0	0	0	0	0	0	0	0	0	0	0
Feb 22 2023 18:04:49	5.6122918129	89.7712783813	96.743309021	0.000343133404385	63.6963500977	9.1893157959	82.5309295654	-	0	0	0	0	0	0	0	0	0	0	0	0	0	0	0	0	9.94898319244	0	0	0	0	0	0	0	0	0	0.474152386189	1.47868359089	2.72163271904	3.87964725494	4.57294988632	4.51636743546	3.67356920242	2.31105613708	0.888477563858	0	0	0	0	0	0	0	0	0	65.5344772339	0	0	0	0	0	0	0	0	0	0	0	0	0	0	0
Feb 22 2023 18:04:50	6.05334472656	89.8054504395	96.7560806274	0.000361252110451	64.0026016235	9.28941059113	81.83253479	-	0	0	0	0	0	0	0	0	0	0	0	0	0	0	0	0	9.9199848175	0	0	0	0	0	0	0	0	0	0.191282317042	1.15140962601	2.43769335747	3.72514867783	4.58881759644	4.67734050751	3.90516519547	2.53444504738	1.06012690067	0	0	0	0	0	0	0	0	0	65.8085861206	0	0	0	0	0	0	0	0	0	0	0	0	0	0	0
Feb 22 2023 18:04:51	1.32693123817	89.8462524414	96.7713241577	0.000354629562935	64.1625518799	8.6194486618	80.5839691162	-	0	0	0	0	0	0	0	0	0	0	0	0	0	0	0	0	11.1875591278	0	0	0	0	0	0	0	0	0	0.04697483778	0.941480398178	2.17782592773	3.44676852226	4.33046579361	4.47195720673	3.7682864666	2.46054840088	1.02937734127	0	0	0	0	0	0	0	0	0	66.1387557983	0	0	0	0	0	0	0	0	0	0	0	0	0	0	0
Feb 22 2023 18:04:52	6.5318031311	89.6191329956	96.6864013672	0.00041424355004	63.0070877075	9.44147586823	79.8464889526	-	0	0	0	0	0	0	0	0	0	0	0	0	0	0	0	0	9.6367521286	0	0	0	0	0	0	0	0	0	0.208642333746	1.08739125729	2.25817513466	3.48856306076	4.45114946365	4.81796836853	4.39988517761	3.26331472397	1.73929357529	0.308714985847	0	0	0	0	0	0	0	0	64.3401489258	0	0	0	0	0	0	0	0	0	0	0	0	0	0	0
Feb 22 2023 18:04:53	6.63940954208	90.251373291	96.922454834	0.000533116224688	66.7568969727	9.5703086853	75.0894699097	-	0	0	0	0	0	0	0	0	0	0	0	0	0	0	0	0	9.5463848114	0	0	0	0	0	0	0	0	0	0.0734458789229	1.79714131355	3.68665742874	4.78795146942	4.57871198654	3.32693934441	1.80654847622	0.676973938942	0.122427180409	0	0	0	0	0	0	0	0	0	69.5968170166	0	0	0	0	0	0	0	0	0	0	0	0	0	0	0
Feb 22 2023 18:04:54	6.91474962234	90.3665313721	96.9653320313	0.00064798083622	67.5234527588	10.4586400986	73.3448867798	-	0	0	0	0	0	0	0	0	0	0	0	0	0	0	0	0	8.08591842651	0	0	0	0	0	0	0	0	0	0.435641646385	3.01408600807	5.23973941803	5.55553197861	4.04782485962	2.07320904732	0.729255437851	0.160650208592	0.014362283051	0	0	0	0	0	0	0	0	0	70.6437911987	0	0	0	0	0	0	0	0	0	0	0	0	0	0	0
Feb 22 2023 18:04:55	7.28851890564	90.1983184814	96.9026870728	0.000484009506181	66.5934906006	10.38139534	78.9788513184	-	0	0	0	0	0	0	0	0	0	0	0	0	0	0	0	0	8.44284248352	5.82738000107e-14	0	0	0	0	0	0	0	0	0.103918291628	1.59692311287	3.30532336235	4.53692579269	4.77001094818	3.96638298035	2.57906866074	1.2329698801	0.341177403927	0	0	0	0	0	0	0	0	0	69.124458313	0	0	0	0	0	0	0	0	0	0	0	0	0	0	0
Feb 22 2023 18:04:56	1.35530996323	89.1352386475	96.5050048828	0.000473341497127	60.0690879822	8.78774166107	75.899055481	-	0	0	0	0	0	0	0	0	0	0	0	0	0	0	0	0	10.2845602036	9.9653826044e-14	0	0	0	0	0	0	0	0.0923878923059	0.64367634058	1.51054549217	2.60265278816	3.72796201706	4.6211643219	4.99987840652	4.66433286667	3.60254955292	2.04029226303	0.40669682622	0	0	0	0	0	0	0	0	60.8032989502	0	0	0	0	0	0	0	0	0	0	0	0	0	0	0
Feb 22 2023 18:04:57	6.43546295166	90.223739624	96.9121551514	0.000441961368779	66.5705795288	9.45056629181	78.5712814331	-	0	0	0	0	0	0	0	0	0	0	0	0	0	0	0	0	9.73809432983	0	0	0	0	0	0	0	0	0	0.132630467415	1.76335299015	3.49224472046	4.54836606979	4.48310375214	3.44335103035	2.02666664124	0.845411539078	0.176757752895	0	0	0	0	0	0	0	0	0	69.3500213623	0	0	0	0	0	0	0	0	0	0	0	0	0	0	0
Feb 22 2023 18:04:58	6.34691381454	90.396194458	96.9763717651	0.000363973347703	67.8076553345	9.44044113159	81.828994751	-	0	0	0	0	0	0	0	0	0	0	0	0	0	0	0	0	9.97885417938	6.16588443646e-15	0	0	0	0	0	0	0	0	0	0.835419535637	2.95424556732	5.0406999588	5.19190406799	3.37836074829	1.36543762684	0.311687648296	0.025044247508	0	0	0	0	0	0	0	0	0	70.9183425903	0	0	0	0	0	0	0	0	0	0	0	0	0	0	0
Feb 22 2023 18:04:59	1.34139561653	89.9118347168	96.7958221436	0.00037494461867	64.5263671875	8.84199619293	80.1759033203	-	0	0	0	0	0	0	0	0	0	0	0	0	0	0	0	0	10.7059669495	5.77505599765e-13	0	0	0	0	0	0	0	0	0.156218037009	1.21491360664	2.58798861504	3.85610389709	4.5420050621	4.34693717957	3.33654999733	1.92700767517	0.650265514851	0	0	0	0	0	0	0	0	0	66.6760406494	0	0	0	0	0	0	0	0	0	0	0	0	0	0	0
Feb 22 2023 18:05:00	1.33533465862	89.4028930664	96.6054229736	0.000492999621201	61.5716285706	8.61462688446	74.2894439697	-	0	0	0	0	0	0	0	0	0	0	0	0	0	0	0	5.6051938573e-43	10.9019956589	7.82441928089e-13	0	0	0	0	0	0	0	0	0.319559276104	1.12094962597	2.21323609352	3.40350413322	4.39252614975	4.84776210785	4.53329086304	3.44338011742	1.854565382	0.256776690483	0	0	0	0	0	0	0	0	62.7124557495	0	0	0	0	0	0	0	0	0	0	0	0	0	0	0
Feb 22 2023 18:05:01	1.33583724499	89.2617492676	96.5524902344	0.000509630481247	60.9898681641	8.66491699219	73.6491394043	-	0	0	0	0	0	0	0	0	0	0	0	0	0	0	0	0	10.8854351044	0	0	0	0	0	0	0	0	0	0.30923256278	0.906909883022	1.79064500332	2.87620687485	3.96647596359	4.7620806694	4.93494987488	4.26310300827	2.77453422546	0.838737845421	0	0	0	0	0	0	0	0	61.6916885376	0	0	0	0	0	0	0	0	0	0	0	0	0	0	0
Feb 22 2023 18:05:02	1.3536645174	89.585395813	96.6737747192	0.00043919289601	63.3313674927	9.30174922943	78.1029281616	-	0	0	0	0	0	0	0	0	0	0	0	0	0	0	0	0	10.3324365616	9.80501704134e-13	0	0	0	0	0	0	0	0	0.0057570207864	0.320775896311	0.928929328918	1.8496016264	2.99329900742	4.11661148071	4.84174156189	4.77965641022	3.73609256744	1.92970132828	0.0844790786505	0	0	0	0	0	0	0	64.0809173584	0	0	0	0	0	0	0	0	0	0	0	0	0	0	0
Feb 22 2023 18:05:03	1.30564057827	87.8731842041	96.2199172974	0.00049819733249	57.0944747925	7.93283653259	71.7670059204	-	0	0	0	0	0	0	0	0	0	0	0	0	0	0	0	0	12.391043663	9.48989476411e-13	0	0	0	0	0	0	0	0	0.0620217882097	0.342537045479	0.897173702717	1.7861071825	2.98756313324	4.33128833771	5.46192359924	5.89905977249	5.23298454285	3.44684410095	1.20419108868	0	0	0	0	0	0	0	55.9572639465	0	0	0	0	0	0	0	0	0	0	0	0	0	0	0
Feb 22 2023 18:05:04	1.30816888809	89.1411590576	96.5072250366	0.000561180757359	60.4295349121	8.10375881195	69.3416519165	-	0	0	0	0	0	0	0	0	0	0	0	0	0	0	0	0	12.1479072571	0	0	0	0	0	0	0	0	0	0.0814732089639	0.515793681145	1.24447321892	2.25234079361	3.41372561455	4.46773958206	5.05009126663	4.80929279327	3.58402013779	1.58879852295	0	0	0	0	0	0	0	0	60.8443450928	0	0	0	0	0	0	0	0	0	0	0	0	0	0	0
Feb 22 2023 18:05:05	1.34834241867	89.8859710693	96.7861633301	0.000471739942441	64.7489624023	9.15513134003	76.356086731	-	0	0	0	0	0	0	0	0	0	0	0	0	0	0	0	0	10.4908008575	0	0	0	0	0	0	0	0	0	0	0.502758264542	1.46963405609	2.68612384796	3.84244990349	4.52862977982	4.40899944305	3.42249083519	1.87022745609	0.314749419689	0	0	0	0	0	0	0	0	66.4631347656	0	0	0	0	0	0	0	0	0	0	0	0	0	0	0
Feb 22 2023 18:05:06	7.28122997284	89.5336456299	96.6544036865	0.000445786427008	63.0148200989	9.69870090485	78.8373718262	-	0	0	0	0	0	0	0	0	0	0	0	0	0	0	0	0	9.6158952713	1.02918216484e-13	0	0	0	0	0	0	0	0	0.020973129198	0.407100200653	1.11338949203	2.14419174194	3.37111353874	4.50061130524	5.12111282349	4.85620832443	3.57729148865	1.58497369289	0	0	0	0	0	0	0	0	63.6871414185	0	0	0	0	0	0	0	0	0	0	0	0	0	0	0
Feb 22 2023 18:05:07	1.34328877926	90.1121063232	96.870552063	0.000395327835577	65.9387817383	9.02582073212	79.4960861206	-	0	0	0	0	0	0	0	0	0	0	0	0	0	0	0	0	10.6463451385	0	0	0	0	0	0	0	0	0	0.0208480898291	0.697254896164	1.99525678158	3.56664133072	4.64413166046	4.55975627899	3.33663344383	1.70228123665	0.461071878672	0	0	0	0	0	0	0	0	0	68.3697814941	0	0	0	0	0	0	0	0	0	0	0	0	0	0	0
Feb 22 2023 18:05:08	1.31502330303	89.9132461548	96.7963485718	0.000420934957219	64.5631790161	8.44171714783	76.8446807861	-	0	0	0	0	0	0	0	0	0	0	0	0	0	0	0	0	11.6222667694	5.15060043227e-12	0	0	0	0	0	0	0	0	0.0211483780295	0.670062065125	1.8418315649	3.27982258797	4.40995836258	4.63832521439	3.78229427338	2.25682902336	0.789757609367	0	0	0	0	0	0	0	0	0	66.6877059937	0	0	0	0	0	0	0	0	0	0	0	0	0	0	0
Feb 22 2023 18:05:09	7.30487585068	89.639465332	96.6940155029	0.000548778043594	63.3176689148	10.0702428818	75.8367767334	-	0	0	0	0	0	0	0	0	0	0	0	0	0	0	0	0	8.78928565979	3.44820633025e-15	0	0	0	0	0	0	0	0	0.261381417513	1.01695048809	2.08045101166	3.27764296532	4.31743335724	4.85933589935	4.6452088356	3.6415104866	2.10270214081	0.510711848736	0	0	0	0	0	0	0	0	64.4973907471	0	0	0	0	0	0	0	0	0	0	0	0	0	0	0
Feb 22 2023 18:05:10	6.19267368317	89.5431060791	96.6579437256	0.000442755437689	62.2630577087	9.2891998291	78.5000686646	-	0	0	0	0	0	0	0	0	0	0	0	0	0	0	0	0	9.51679992676	0	0	0	0	0	0	0	0	0	0.606117725372	1.81972312927	3.19062137604	4.34785223007	4.92951059341	4.7201924324	3.76398444176	2.36918878555	0.977217197418	0	0	0	0	0	0	0	0	0	63.7587890625	0	0	0	0	0	0	0	0	0	0	0	0	0	0	0
Feb 22 2023 18:05:11	1.3223388195	88.4720077515	96.3206558228	0.000515026098583	57.4160995483	8.09936332703	72.0583114624	-	0	0	0	0	0	0	0	0	0	0	0	0	0	0	0	1.40129846432e-43	11.3508415222	2.86664984285e-12	0	0	0	0	0	0	0	0.0945482775569	0.642293989658	1.51614046097	2.64672017097	3.85706543922	4.87871599197	5.39865255356	5.15990018845	4.08490657806	2.35865831375	0.431154251099	0	0	0	0	0	0	0	0	57.5804100037	0	0	0	0	0	0	0	0	0	0	0	0	0	0	0
Feb 22 2023 18:05:12	6.73341178894	90.0335159302	96.8412322998	0.000479603040731	65.2720794678	10.13468647	78.9115066528	-	0	0	0	0	0	0	0	0	0	0	0	0	0	0	0	0	8.36315917969	0	0	0	0	0	0	0	0	0	0.772547543049	2.57503795624	4.17399311066	4.95056343079	4.66371488571	3.54339408875	2.12526869774	0.928843855858	0.208088830113	0	0	0	0	0	0	0	0	0	67.6953887939	0	0	0	0	0	0	0	0	0	0	0	0	0	0	0
Feb 22 2023 18:05:13	6.929728508	90.2160186768	96.9092788696	0.000367833446944	66.5297317505	10.4453649521	83.8642196655	-	0	0	0	0	0	0	0	0	0	0	0	0	0	0	0	0	8.07699680328	0	0	0	0	0	0	0	0	0	0.54596811533	2.66363453865	4.47632741928	5.14800214767	4.50571870804	3.06246042252	1.58073031902	0.566806316376	0.0919802114367	0	0	0	0	0	0	0	0	0	69.2813720703	0	0	0	0	0	0	0	0	0	0	0	0	0	0	0
Feb 22 2023 18:05:14	7.14827442169	90.4423751831	96.9935531616	0.000428516417742	68.1582717896	10.5151700974	81.4295654297	-	0	0	0	0	0	0	0	0	0	0	0	0	0	0	0	0	8.22120189667	0	0	0	0	0	0	0	0	0	0	2.42771196365	4.82782697678	5.50533485413	4.26415586472	2.31869268417	0.866212069988	0.201438486576	0.0175775680691	0	0	0	0	0	0	0	0	0	71.3498458862	0	0	0	0	0	0	0	0	0	0	0	0	0	0	0
Feb 22 2023 18:05:15	6.88504648209	89.9407272339	96.8066101074	0.00035727431532	64.7270584106	10.4551458359	84.4300460815	-	0	0	0	0	0	0	0	0	0	0	0	0	0	0	0	0	7.87513685226	0	0	0	0	0	0	0	0	0	0.87190580368	2.55601072311	4.09506464005	4.94543409348	4.83544111252	3.87848949432	2.50079250336	1.20483016968	0.321468621492	0	0	0	0	0	0	0	0	0	66.9154205322	0	0	0	0	0	0	0	0	0	0	0	0	0	0	0
Feb 22 2023 18:05:16	7.05367708206	90.0549926758	96.8492507935	0.00057415291667	65.5402984619	10.412935257	75.8935089111	-	0	0	0	0	0	0	0	0	0	0	0	0	0	0	0	0	8.14090442657	9.34094720518e-14	0	0	0	0	0	0	0	0	0.509139358997	2.09639263153	3.73965358734	4.79395484924	4.84688043594	3.94094991684	2.53330230713	1.20157063007	0.318787574768	0	0	0	0	0	0	0	0	0	67.8784637451	0	0	0	0	0	0	0	0	0	0	0	0	0	0	0
Feb 22 2023 18:05:17	1.31644117832	88.2411880493	96.2818908691	0.000452537758974	57.1937599182	8.0913848877	74.8210601807	-	0	0	0	0	0	0	0	0	0	0	0	0	0	0	0	0	11.5685281754	0	0	0	0	0	0	0	0	0.0247932747006	0.428547203541	1.12026298046	2.08829259872	3.23745131493	4.37402868271	5.21409797668	5.44367551804	4.8334069252	3.36876392365	1.35309886932	0	0	0	0	0	0	0	0	56.9450492859	0	0	0	0	0	0	0	0	0	0	0	0	0	0	0
Feb 22 2023 18:05:18	1.31946969032	87.2193756104	96.1092681885	0.000568600837141	55.3655014038	8.10301589966	69.5775909424	-	0	0	0	0	0	0	0	0	0	0	0	0	0	0	0	0	11.4555921555	0	0	0	0	0	0	0	0	0.0876194834709	0.427638173103	1.02115893364	1.88628065586	2.97834062576	4.16354370117	5.20348453522	5.78008270264	5.5809044838	4.43375349045	2.46990728378	0.236817494035	0	0	0	0	0	0	0	54.2748756409	0	0	0	0	0	0	0	0	0	0	0	0	0	0	0
Feb 22 2023 18:05:19	1.33551347256	89.0775222778	96.4833221436	0.000646917847916	59.7771682739	8.49359798431	67.4761276245	-	0	0	0	0	0	0	0	0	0	0	0	0	0	0	0	0	10.8960971832	5.88514913885e-13	0	0	0	0	0	0	0	0.0666817724705	0.531438410282	1.3010725975	2.32716917992	3.45900440216	4.44977140427	4.99793672562	4.84309005737	3.89168643951	2.30800390244	0.522018313408	0	0	0	0	0	0	0	2.62188223742e-14	60.4060287476	0	0	0	0	0	0	0	0	0	0	0	0	0	0	0
Feb 22 2023 18:05:20	1.29255020618	88.4275131226	96.3131866455	0.000676229246892	57.1856613159	7.1417183876	60.5491294861	-	0	0	0	0	0	0	0	0	0	0	0	0	0	0	0	0	13.8331651688	0	0	0	0	0	0	0	0	0.00683867698535	0.415600031614	1.11942005157	2.09343123436	3.22118020058	4.28706169128	4.99590778351	5.04550075531	4.24772596359	2.65216517448	0.625052332878	0	0	0	0	0	0	0	0	57.4569511414	0	0	0	0	0	0	0	0	0	0	0	0	0	0	0
Feb 22 2023 18:05:21	1.31199812889	89.0816802979	96.4848861694	0.000428884115536	59.4198112488	7.93627595901	75.5359191895	-	0	0	0	0	0	0	0	0	0	0	0	0	0	0	0	0	11.7981424332	0	0	0	0	0	0	0	0	0.135763943195	0.805894374847	1.78241455555	2.92327189445	3.992415905	4.70863389969	4.82125711441	4.2110581398	2.97195529938	1.41467988491	0	0	0	0	0	0	0	0	0	60.434513092	0	0	0	0	0	0	0	0	0	0	0	0	0	0	0
Feb 22 2023 18:05:22	7.49393367767	90.404510498	96.9794616699	0.000501738511957	68.0353317261	10.7209062576	78.9473495483	-	0	0	0	0	0	0	0	0	0	0	0	0	0	0	0	0	8.12583446503	0	0	0	0	0	0	0	0	0	0	1.52248251438	3.68649625778	5.05610132217	4.84764146805	3.39157986641	1.70904195309	0.573938071728	0.0912303626537	0	0	0	0	0	0	0	0	0	70.9956512451	0	0	0	0	0	0	0	0	0	0	0	0	0	0	0
Feb 22 2023 18:05:23	1.30986750126	89.412689209	96.6090927124	0.000355276366463	61.3851776123	8.0331325531	79.2932891846	-	0	0	0	0	0	0	0	0	0	0	0	0	0	0	0	0	11.9901075363	0	0	0	0	0	0	0	0	0	0.337347239256	1.26838696003	2.44498205185	3.61492967606	4.45534944534	4.66984415054	4.11688232422	2.90584278107	1.3863376379	0.025479465723	0	0	0	0	0	0	0	0	62.7845115662	0	0	0	0	0	0	0	0	0	0	0	0	0	0	0
Feb 22 2023 18:05:24	6.55890750885	90.4535369873	96.9977035522	0.00059828319354	68.0260467529	10.0661497116	74.1459960938	-	0	0	0	0	0	0	0	0	0	0	0	0	0	0	0	0	8.51965141296	0	0	0	0	0	0	0	0	0	0.698081076145	4.36059236526	5.93575000763	4.88063526154	2.74245023727	1.07496583462	0.285208165646	0.0455787964165	0.0021730507724	0	0	0	0	0	0	0	0	0	71.4549102783	0	0	0	0	0	0	0	0	0	0	0	0	0	0	0
Feb 22 2023 18:05:25	1.30412852764	88.0935440063	96.2570571899	0.000666921027005	56.8377418518	7.67166471481	63.3988189697	-	0	0	0	0	0	0	0	0	0	0	0	0	0	0	0	0	12.5413970947	3.80125781112e-13	0	0	0	0	0	0	0	0.0686706379056	0.393310844898	0.979819417	1.84660851955	2.93734908104	4.09294605255	5.042345047	5.44481611252	5.00078630447	3.60520744324	1.50166428089	0	0	0	0	0	0	0	0	56.5450782776	0	0	0	0	0	0	0	0	0	0	0	0	0	0	0
Feb 22 2023 18:05:26	1.29647040367	87.6308746338	96.1789932251	0.000475363485748	55.5674591064	6.94851398468	69.625213623	-	0	0	0	0	0	0	0	0	0	0	0	0	0	0	9.48078683906e-16	0.00391916092485	13.6980161667	0.645942568779	6.40296502752e-06	2.37662198407e-14	8.65246753489e-27	0	0	0	0	0.121384978294	0.471835166216	1.08201932907	1.95559465885	3.02184796333	4.11621952057	4.97607898712	5.28300237656	4.76343393326	3.32682394981	1.21067488194	0	0	0	0	0	0	0	0	55.3232002258	0	0	0	0	0	0	0	0	0	0	0	0	0	0	0
Feb 22 2023 18:05:27	1.30052936077	87.7443008423	96.1981582642	0.000489279162139	56.2499465942	7.536652565	71.0469818115	-	0	0	0	0	0	0	0	0	0	0	0	0	0	0	0	0	12.9151525497	3.42724167188e-14	0	0	0	0	0	0	0	0.00686916243285	0.317451477051	0.867327094078	1.67296922207	2.69645929337	3.81784033775	4.81834363937	5.39683103561	5.24555158615	4.17980051041	2.30495381355	0.142011210322	0	0	0	0	0	0	0	55.6184425354	0	0	0	0	0	0	0	0	0	0	0	0	0	0	0
Feb 22 2023 18:05:28	1.29448914528	88.3399276733	96.2984848022	0.0005350188585	56.8776245117	7.16220331192	67.4550170898	-	0	0	0	0	0	0	0	0	0	0	0	0	0	0	0	0	13.5977478027	8.55220960646e-15	0	0	0	0	0	0	0	0.0902578607202	0.632433474064	1.45812737942	2.49297237396	3.58335709572	4.50399827957	4.99082565308	4.81272697449	3.87296724319	2.29470920563	0.454554706812	0	0	0	0	0	0	0	0	57.2153205872	0	0	0	0	0	0	0	0	0	0	0	0	0	0	0
Feb 22 2023 18:05:29	1.31190729141	87.6994628906	96.1905822754	0.000516063650139	55.4295425415	7.64614391327	70.7657165527	-	0	0	0	0	0	0	0	0	0	0	0	0	0	0	0	0	11.8061962128	0	0	0	0	0	0	0	0.101206302643	0.524590611458	1.26360952854	2.25814342499	3.37223672867	4.40117025375	5.10679721832	5.2640581131	4.73501777649	3.54298233986	1.90631580353	0.216270685196	0	0	0	0	0	0	0	0	55.5013999939	0	0	0	0	0	0	0	0	0	0	0	0	0	0	0
Feb 22 2023 18:05:30	1.35570693016	90.1344985962	96.8788986206	0.000426707410952	65.9798660278	9.16014194489	78.4923248291	-	0	0	0	0	0	0	0	0	0	0	0	0	0	0	0	0	10.2730836868	0	0	0	0	0	0	0	0	0	0.0129696968943	1.0257089138	2.74932265282	4.43070030212	5.03806829453	4.18506765366	2.50654435158	1.0091329813	0.205143302679	0	0	0	0	0	0	0	0	0	68.5642623901	0	0	0	0	0	0	0	0	0	0	0	0	0	0	0
Feb 22 2023 18:05:31	6.45845794678	90.6050872803	97.0540466309	0.000499443849549	69.2125778198	10.9223747253	79.8571853638	-	0	0	0	0	0	0	0	0	0	0	0	0	0	0	0	0	7.34041023254	0	0	0	0	0	0	0	0	0	1.96384418011	5.74993848801	5.86768198013	3.78868460655	1.70480716228	0.54112547636	0.116752892733	0.0149627421051	0.00042159477016	0	0	0	0	0	0	0	0	0	72.9113693237	0	0	0	0	0	0	0	0	0	0	0	0	0	0	0
Feb 22 2023 18:05:32	7.2210726738	90.8089675903	97.129737854	0.000606354267802	71.0557479858	11.0890283585	75.8763580322	-	0	0	0	0	0	0	0	0	0	0	0	0	0	0	0	0	7.82421159744	0	0	0	0	0	0	0	0	0	0	2.67820000648	5.83175802231	5.01615047455	2.60525298119	0.873025596142	0.18549053371	0.0223424807191	0.000785037816968	0	0	0	0	0	0	0	0	0	74.9627838135	0	0	0	0	0	0	0	0	0	0	0	0	0	0	0
Feb 22 2023 18:05:33	7.46487140656	90.8047027588	97.1281509399	0.000560631626286	71.0689926147	11.034658432	77.2640457153	-	0	0	0	0	0	0	0	0	0	0	0	0	0	0	0	0	7.99634361267	0	0	0	0	0	0	0	0	0	0	1.60294401646	5.24778938293	5.40519571304	3.24827313423	1.24048864841	0.297933936119	0.0405859015882	0.00174484064337	0	0	0	0	0	0	0	0	0	74.9187011719	0	0	0	0	0	0	0	0	0	0	0	0	0	0	0
Feb 22 2023 18:05:34	7.4750623703	90.5802154541	97.0447998047	0.000570138799958	69.2842788696	10.8914451599	76.7896270752	-	0	0	0	0	0	0	0	0	0	0	0	0	0	0	0	9.66895940384e-42	7.96460437775	2.83082832484e-14	0	0	0	0	0	0	0	0	0	1.66621315479	4.50140047073	5.7128329277	4.43455648422	2.21454715729	0.700599074364	0.128095060587	0.00871091894805	0	0	0	0	0	0	0	0	0	72.6684417725	0	0	0	0	0	0	0	0	0	0	0	0	0	0	0
Feb 22 2023 18:05:35	6.45045900345	89.7956695557	96.7524261475	0.000658375560306	63.6843490601	9.82912349701	71.5636291504	-	0	0	0	0	0	0	0	0	0	0	0	0	0	0	0	0	8.57451057434	0	0	0	0	0	0	0	0	0	1.1261780262	2.70285725594	4.11611413956	4.88703632355	4.77502679825	3.87328910828	2.55550098419	1.281665802	0.377873152494	0	0	0	0	0	0	0	0	0	65.7299423218	0	0	0	0	0	0	0	0	0	0	0	0	0	0	0
Feb 22 2023 18:05:36	6.98545265198	90.4629898071	97.0012207031	0.000384088314604	68.2866821289	10.4774951935	83.1321029663	-	0	0	0	0	0	0	0	0	0	0	0	0	0	0	0	0	8.24062919617	7.45907025382e-13	0	0	0	0	0	0	0	0	0.350372821093	2.54483366013	4.77051353455	5.37614059448	4.09288358688	2.14942026138	0.757856369019	0.161416873336	0.0117829153314	0	0	0	0	0	0	0	0	0	71.5441513062	0	0	0	0	0	0	0	0	0	0	0	0	0	0	0
Feb 22 2023 18:05:37	1.3436473608	89.5777435303	96.6709136963	0.000445503508672	62.6557617188	8.83803462982	76.9636154175	-	0	0	0	0	0	0	0	0	0	0	0	0	0	0	0	0	10.635137558	3.54055353828e-13	0	0	0	0	0	0	0	0	0.279970943928	1.0577224493	2.113478899	3.26277923584	4.21926450729	4.66390228271	4.36824131012	3.32398271561	1.79580426216	0.25729444623	0	0	0	0	0	0	0	0	64.0224227905	0	0	0	0	0	0	0	0	0	0	0	0	0	0	0
Feb 22 2023 18:05:38	6.37123441696	90.1826171875	96.8968353271	0.00035460232175	66.4154205322	9.47403621674	82.3828430176	-	0	0	0	0	0	0	0	0	0	0	0	0	0	0	0	0	9.83002376556	0	0	0	0	0	0	0	0	0	0.121280282736	1.25644397736	2.70780229568	3.95444345474	4.46523332596	4.01091814041	2.82279205322	1.44777107239	0.397488206625	0	0	0	0	0	0	0	0	0	68.9858016968	0	0	0	0	0	0	0	0	0	0	0	0	0	0	0
Feb 22 2023 18:05:39	6.04760026932	89.7730026245	96.7439498901	0.00048671188415	63.6113739014	9.26271057129	76.4596633911	-	0	0	0	0	0	0	0	0	0	0	0	0	0	0	0	0	9.68967342377	0	0	0	0	0	0	0	0	0	0.567721486092	1.86474132538	3.2770011425	4.3646068573	4.75387859344	4.30315208435	3.18562984467	1.8136909008	0.631626069546	0	0	0	0	0	0	0	0	0	65.5482788086	0	0	0	0	0	0	0	0	0	0	0	0	0	0	0
Feb 22 2023 18:05:40	1.35753512383	89.8226089478	96.7624893188	0.000523364404216	64.0775909424	9.11170864105	74.2784042358	-	0	0	0	0	0	0	0	0	0	0	0	0	0	0	0	0	10.2206068039	0	0	0	0	0	0	0	0	0	0.264437168837	1.19532620907	2.41422724724	3.61990857124	4.42771339417	4.51798915863	3.80341720581	2.50837683678	1.08093333244	0	0	0	0	0	0	0	0	0	65.9470596313	0	0	0	0	0	0	0	0	0	0	0	0	0	0	0
Feb 22 2023 18:05:41	1.31201481819	89.0684585571	96.4799194336	0.000421985139837	59.4785842896	7.99770259857	75.9858703613	-	0	0	0	0	0	0	0	0	0	0	0	0	0	0	0	0	11.7966585159	0	0	0	0	0	0	0	0	0.0115920333192	0.600004255772	1.50938117504	2.63232827187	3.76027297974	4.61665487289	4.92186641693	4.49578094482	3.35937523842	1.77224218845	0.179729133844	0	0	0	0	0	0	0	0	60.3441123962	0	0	0	0	0	0	0	0	0	0	0	0	0	0	0
Feb 22 2023 18:05:42	1.30432736874	89.0867385864	96.4867858887	0.000514522602316	59.6841163635	7.76923274994	70.5594482422	-	0	0	0	0	0	0	0	0	0	0	0	0	0	0	0	0	12.5214099884	0	0	0	0	0	0	0	0	0	0.327500373125	1.04854679108	2.05134630203	3.19613552094	4.23597335815	4.85542917252	4.76793432236	3.85161161423	2.25549554825	0.419472813606	0	0	0	0	0	0	0	0	60.4691429138	0	0	0	0	0	0	0	0	0	0	0	0	0	0	0
Feb 22 2023 18:05:43	1.29079401493	87.9476852417	96.2324829102	0.00054158520652	56.1365127563	7.01382780075	66.4433288574	-	0	0	0	0	0	0	0	0	0	0	0	0	0	0	0	0	14.053853035	0	0	0	0	0	0	0	0	0.0321355052292	0.479364961386	1.21081256866	2.19250917435	3.30990934372	4.3599562645	5.06650781631	5.14052248001	4.38776063919	2.82752251625	0.784343600273	0	0	0	0	0	0	0	0	56.154800415	0	0	0	0	0	0	0	0	0	0	0	0	0	0	0
Feb 22 2023 18:05:44	1.33061146736	89.9335327148	96.8039169312	0.000389744323911	64.5385055542	8.61414146423	78.9474639893	-	0	0	0	0	0	0	0	0	0	0	0	0	0	0	0	0	11.0604553223	0	0	0	0	0	0	0	0	0	0.188530743122	1.27614331245	2.82037806511	4.22549819946	4.7957649231	4.22454738617	2.84232378006	1.36152756214	0.349175989628	0	0	0	0	0	0	0	0	0	66.8556518555	0	0	0	0	0	0	0	0	0	0	0	0	0	0	0
Feb 22 2023 18:05:45	1.35836732388	89.6334228516	96.6917495728	0.000599074410275	62.8381462097	8.99405860901	70.9712600708	-	0	0	0	0	0	0	0	0	0	0	0	0	0	0	0	0	10.1969203949	0	0	0	0	0	0	0	0	0	0.481481492519	1.49417698383	2.7184817791	3.85909414291	4.57441854477	4.59777736664	3.86745262146	2.58781194687	1.15963733196	0.0121611161157	0	0	0	0	0	0	0	0	64.4505844116	0	0	0	0	0	0	0	0	0	0	0	0	0	0	0
Feb 22 2023 18:05:46	5.82480478287	90.2174072266	96.9097976685	0.000201389833819	65.9934997559	9.30375862122	89.7583312988	-	0	0	0	0	0	0	0	0	0	0	0	0	0	0	0	1.1350517561e-39	8.97085952759	8.01174380202e-14	0	0	0	0	0	0	0	0	3.2014131546	6.63965034485	6.10017681122	3.6636133194	1.55316114426	0.468310296535	0.0967384651303	0.0120325628668	0.000380289042369	0	0	0	0	0	0	0	0	0	69.2936630249	0	0	0	0	0	0	0	0	0	0	0	0	0	0	0
Feb 22 2023 18:05:47	6.13717365265	90.3870391846	96.9729614258	0.000312842690619	67.3159408569	9.2908115387	84.2956619263	-	0	0	0	0	0	0	0	0	0	0	0	0	0	0	0	0	9.41140270233	9.49574332332e-15	0	0	0	0	0	0	0	0	1.09676241875	6.40481805801	6.32673406601	3.79225730896	1.57190954685	0.459725022316	0.0917290225625	0.0109701277688	0.00031855769339	0	0	0	0	0	0	0	0	0	70.8333740234	0	0	0	0	0	0	0	0	0	0	0	0	0	0	0
Feb 22 2023 18:05:48	6.49508619308	90.2784347534	96.9325332642	0.000525284558535	66.7390594482	9.69648361206	76.0158996582	-	0	0	0	0	0	0	0	0	0	0	0	0	0	0	0	0	8.99914169312	7.49163860288e-13	0	0	0	0	0	0	0	0	0.604024589062	3.31408762932	5.45896959305	5.50035667419	3.77765035629	1.80226671696	0.581152498722	0.114186041057	0.00797186698765	0	0	0	0	0	0	0	0	0	69.8402023315	0	0	0	0	0	0	0	0	0	0	0	0	0	0	0
Feb 22 2023 18:05:49	6.76269388199	90.5211410522	97.0228424072	0.000796223175712	68.596321106	10.4645090103	68.3306732178	-	0	0	0	0	0	0	0	0	0	0	0	0	0	0	0	0	8.06837940216	0	0	0	0	0	0	0	0	0	0.353179842234	4.53741312027	6.13290834427	4.87990808487	2.63958644867	0.995288908482	0.254406690598	0.039379760623	0.0019140340155	0	0	0	0	0	0	0	0	0	72.0976333618	0	0	0	0	0	0	0	0	0	0	0	0	0	0	0
Feb 22 2023 18:05:50	6.36160564423	89.7391738892	96.7313079834	0.0005877322983	63.2554283142	10.2394866943	75.5586547852	-	0	0	0	0	0	0	0	0	0	0	0	0	0	0	0	0	7.69002723694	2.60674923487e-12	0	0	0	0	0	0	0	0.290803968906	1.85812735558	3.48258161545	4.66286277771	5.05340576172	4.59932470322	3.52338218689	2.21611309052	1.06066632271	0.283721655607	0	0	0	0	0	0	0	0	0	65.2789840698	0	0	0	0	0	0	0	0	0	0	0	0	0	0	0
Feb 22 2023 18:05:51	6.60584831238	89.7360458374	96.7301330566	0.000580963678658	63.5377578735	9.67269611359	73.7390594482	-	0	0	0	0	0	0	0	0	0	0	0	0	0	0	0	0	9.11179447174	5.32443555391e-13	0	0	0	0	0	0	0	0	0.515872001648	1.67191529274	2.99790024757	4.13716459274	4.73386192322	4.5692358017	3.6746404171	2.34036326408	0.991346716881	0.00171084923204	0	0	0	0	0	0	0	0	65.254196167	0	0	0	0	0	0	0	0	0	0	0	0	0	0	0
Feb 22 2023 18:05:52	6.41496658325	90.0945968628	96.8640213013	0.000521904556081	65.5529785156	9.45747852325	75.4850692749	-	0	0	0	0	0	0	0	0	0	0	0	0	0	0	0	0	9.41428565979	0	0	0	0	0	0	0	0	0	0.411605507135	2.5066242218	4.37309932709	5.12614488602	4.53892755508	3.10842347145	1.61451470852	0.585725367069	0.10223570466	0	0	0	0	0	0	0	0	0	68.2184143066	0	0	0	0	0	0	0	0	0	0	0	0	0	0	0
Feb 22 2023 18:05:53	1.34574401379	89.772819519	96.7438812256	0.000651938724332	63.4612579346	8.72923183441	68.0055007935	-	0	0	0	0	0	0	0	0	0	0	0	0	0	0	0	0	10.5701332092	4.33427436736e-13	0	0	0	0	0	0	0	0	0.536846995354	1.96842586994	3.44796848297	4.47079706192	4.67894029617	4.02670192719	2.80460619926	1.48295867443	0.465823888779	0	0	0	0	0	0	0	0	0	65.5467987061	0	0	0	0	0	0	0	0	0	0	0	0	0	0	0
Feb 22 2023 18:05:54	1.32091200352	88.7841644287	96.3729934692	0.000591234012973	58.7099456787	8.3610124588	69.1301116943	-	0	0	0	0	0	0	0	0	0	0	0	0	0	0	0	0	11.4026651382	0	0	0	0	0	0	0	0	0	0.21542096138	0.702273607254	1.4618896246	2.47296047211	3.62201404572	4.68017292023	5.32138347626	5.2090716362	4.14278078079	2.24065089226	0.0679345875978	0	0	0	0	0	0	0	58.4607849121	0	0	0	0	0	0	0	0	0	0	0	0	0	0	0
Feb 22 2023 18:05:55	1.31290960312	89.7178115845	96.7233200073	0.000554751837626	62.9616851807	8.12588310242	69.9930953979	-	0	0	0	0	0	0	0	0	0	0	0	0	0	0	0	0	11.7179775238	0	0	0	0	0	0	0	0	0	0.497116744518	1.80481696129	3.37884473801	4.57084274292	4.81663036346	4.01259994507	2.5903031826	1.20341515541	0.297462582588	0	0	0	0	0	0	0	0	0	65.109992981	0	0	0	0	0	0	0	0	0	0	0	0	0	0	0
Feb 22 2023 18:05:56	7.10933017731	90.4758224487	97.0059890747	0.000546053168364	68.3636703491	10.4900255203	76.9310073853	-	0	0	0	0	0	0	0	0	0	0	0	0	0	0	0	2.31700095849e-36	8.22329711914	5.23617390766e-12	0	0	0	0	0	0	0	0	0	2.61384534836	5.2892947197	5.73514938354	3.98438024521	1.83648598194	0.549425065517	0.0965159982443	0.00599855510518	0	0	0	0	0	0	0	0	0	71.6656112671	0	0	0	0	0	0	0	0	0	0	0	0	0	0	0
Feb 22 2023 18:05:57	1.3565312624	89.9544448853	96.8117294312	0.000516275700647	64.6637191772	8.98479938507	74.3466567993	-	0	0	0	0	0	0	0	0	0	0	0	0	0	0	0	0	10.2493476868	0	0	0	0	0	0	0	0	0	0.531756639481	1.93734300137	3.4104115963	4.40904140472	4.55062294006	3.80996656418	2.53305315971	1.23310482502	0.305675417185	0	0	0	0	0	0	0	0	0	67.0296783447	0	0	0	0	0	0	0	0	0	0	0	0	0	0	0
Feb 22 2023 18:05:58	1.35558652878	89.843170166	96.7701721191	0.000449489569291	63.822807312	8.83350086212	77.0126953125	-	0	0	0	0	0	0	0	0	0	0	0	0	0	0	0	2.45866223357e-38	10.276558876	1.90228909014e-12	0	0	0	0	0	0	0	0	0.927314996719	2.44585561752	3.87639522552	4.67156791687	4.54166078568	3.59462714195	2.2618458271	1.04307568073	0.247397303581	0	0	0	0	0	0	0	0	0	66.1137008667	0	0	0	0	0	0	0	0	0	0	0	0	0	0	0
Feb 22 2023 18:05:59	6.2511343956	89.607421875	96.6820220947	0.000749727303628	62.5781517029	9.43333435059	66.9639129639	-	0	0	0	0	0	0	0	0	0	0	0	0	0	0	0	0	9.19807815552	0	0	0	0	0	0	0	0	0	0.89076590538	2.1946284771	3.56306314468	4.5832862854	4.91643810272	4.43911981583	3.31551885605	1.9325094223	0.716619074345	0	0	0	0	0	0	0	0	0	64.2499771118	0	0	0	0	0	0	0	0	0	0	0	0	0	0	0
Feb 22 2023 18:06:00	6.29690361023	90.1068725586	96.868598938	0.000701479788404	65.6205978394	9.51263999939	68.7506027222	-	0	0	0	0	0	0	0	0	0	0	0	0	0	0	0	0	9.28005027771	1.14719919762e-12	0	0	0	0	0	0	0	0	0.729785084724	2.72945976257	4.41190624237	5.00605106354	4.36184167862	2.96668052673	1.53872156143	0.557428658009	0.0935941264033	0	0	0	0	0	0	0	0	0	68.3244857788	0	0	0	0	0	0	0	0	0	0	0	0	0	0	0
Feb 22 2023 18:06:01	7.16357517242	90.4348297119	96.9907455444	0.000651156587992	68.109588623	10.6247348785	73.4992523193	-	0	0	0	0	0	0	0	0	0	0	0	0	0	0	0	0	8.06035900116	0	0	0	0	0	0	0	0	0	0.149338170886	2.37468695641	4.78217506409	5.58569002151	4.36457777023	2.34686088562	0.85036444664	0.189758434892	0.0171356610954	0	0	0	0	0	0	0	0	0	71.2790527344	0	0	0	0	0	0	0	0	0	0	0	0	0	0	0
Feb 22 2023 18:06:02	6.57538938522	90.9488525391	97.1816101074	0.000753194268327	72.0494995117	11.5041484833	72.4414291382	-	0	0	0	0	0	0	0	0	0	0	0	0	0	0	0	0	6.91862630844	3.42220202914e-13	0	0	0	0	0	0	0	0	0	13.4441595078	2.9404540062	0.249765306711	0.0111933173612	0.000272206321824	3.3245466966e-06	1.55744714903e-08	0	0	0	0	0	0	0	0	0	0	76.4355239868	0	0	0	0	0	0	0	0	0	0	0	0	0	0	0
Feb 22 2023 18:06:03	6.56812286377	90.9436035156	97.1796646118	0.000541957851965	71.9956436157	11.4673700333	79.2372741699	-	0	0	0	0	0	0	0	0	0	0	0	0	0	0	0	0	6.9379940033	7.82105838968e-14	0	0	0	0	0	0	0	0	0	13.7621641159	2.75453829765	0.161791607738	0.00414560362697	4.81490460515e-05	2.29647483252e-07	3.14984288652e-10	0	0	0	0	0	0	0	0	0	0	76.3793182373	0	0	0	0	0	0	0	0	0	0	0	0	0	0	0
Feb 22 2023 18:06:04	6.67155075073	90.9196548462	97.1707839966	0.000648519024253	71.8425598145	11.3701972961	75.348815918	-	0	0	0	0	0	0	0	0	0	0	0	0	0	0	0	0	7.20467948914	1.45798036323e-14	0	0	0	0	0	0	0	0	0	9.20898723602	5.50396585464	1.60767734051	0.307416826487	0.0401064231992	0.00344293331727	0.000166232479387	9.17728186778e-07	0	0	0	0	0	0	0	0	0	76.1235580444	0	0	0	0	0	0	0	0	0	0	0	0	0	0	0
Feb 22 2023 18:06:05	6.81394910812	90.2079925537	96.906288147	0.000720169220585	66.37474823	10.4628562927	71.0777130127	-	0	0	0	0	0	0	0	0	0	0	0	0	0	0	0	0	7.88309669495	0	0	0	0	0	0	0	0	0	0.766821682453	3.31998920441	5.22019290924	5.47611761093	4.24152326584	2.47279310226	1.06120300293	0.307534605265	0.0406227819622	0	0	0	0	0	0	0	0	0	69.210105896	0	0	0	0	0	0	0	0	0	0	0	0	0	0	0
Feb 22 2023 18:06:06	6.11725091934	90.1304168701	96.8773803711	0.000463917443994	65.6491928101	9.46600437164	78.0750274658	-	0	0	0	0	0	0	0	0	0	0	0	0	0	0	0	0	9.15404605865	1.00043949091e-13	0	0	0	0	0	0	0	0	1.25707352161	3.63095712662	5.16393613815	5.12218761444	3.81589531898	2.15700316429	0.8977227211	0.247296348214	0.0251486375928	0	0	0	0	0	0	0	0	0	68.5287322998	0	0	0	0	0	0	0	0	0	0	0	0	0	0	0
Feb 22 2023 18:06:07	1.31933033466	90.0524520874	96.8483047485	0.000465157121653	65.142288208	8.38861274719	74.7637710571	-	0	0	0	0	0	0	0	0	0	0	0	0	0	0	0	0	11.4607334137	2.50697401206e-12	0	0	0	0	0	0	0	0	0.0550765134394	1.31246888638	3.45500922203	5.18881416321	5.14834022522	3.47780179977	1.56759691238	0.430624693632	0.0467952117324	0	0	0	0	0	0	0	0	0	67.8567428589	0	0	0	0	0	0	0	0	0	0	0	0	0	0	0
Feb 22 2023 18:06:08	1.35358250141	89.6071929932	96.6819381714	0.000539849512279	62.5233078003	8.82780170441	73.0292663574	-	0	0	0	0	0	0	0	0	0	0	0	0	0	0	0	0	10.3348350525	0	0	0	0	0	0	0	0	0	0.460810154676	1.81195700169	3.28293967247	4.42810678482	4.87233495712	4.46677780151	3.3698618412	1.98035335541	0.743831574917	0	0	0	0	0	0	0	0	0	64.2481918335	0	0	0	0	0	0	0	0	0	0	0	0	0	0	0
Feb 22 2023 18:06:09	6.54278707504	91.1272888184	97.2477035522	0.000759302522056	73.6880340576	11.6969146729	72.3995361328	-	0	0	0	0	0	0	0	0	0	0	0	0	0	0	0	0	6.99848890305	0	0	0	0	0	0	0	0	0	0	14.6046743393	0	0	0	0	0	0	0	0	0	0	0	0	0	0	0	0	78.3968353271	0	0	0	0	0	0	0	0	0	0	0	0	0	0	0
Feb 22 2023 18:06:10	6.67558288574	90.8099822998	97.1301116943	0.000444082485046	70.8677444458	10.4275951385	80.5863647461	-	0	0	0	0	0	0	0	0	0	0	0	0	0	0	0	0	8.37150382996	0	0	0	0	0	0	0	0	0	0	5.95352554321	6.67523670197	3.00420022011	0.844217956066	0.157682210207	0.0190797727555	0.00130457605701	1.75237255462e-05	0	0	0	0	0	0	0	0	0	74.9732284546	0	0	0	0	0	0	0	0	0	0	0	0	0	0	0
Feb 22 2023 18:06:11	6.28803491592	90.5664138794	97.0396728516	0.000744974240661	68.7773208618	9.25139427185	65.9903793335	-	0	0	0	0	0	0	0	0	0	0	0	0	0	0	0	0	9.92708015442	1.09112740544e-12	0	0	0	0	0	0	0	0	0	4.56858825684	6.38304042816	4.242000103	1.76830267906	0.483832418919	0.0844600051641	0.00821508746594	0.000159546325449	0	0	0	0	0	0	0	0	0	72.534324646	0	0	0	0	0	0	0	0	0	0	0	0	0	0	0
Feb 22 2023 18:06:12	1.29582118988	89.4827575684	96.635345459	0.000917969387956	61.6376190186	7.4581413269	51.8941116333	-	0	0	0	0	0	0	0	0	0	0	0	0	0	0	0	0	13.4408025742	1.72085289086e-23	0	0	0	0	0	0	0	0	0.125062182546	0.877869307995	2.08541035652	3.47128772736	4.52774858475	4.75191307068	3.968064785	2.49175477028	0.955705225468	0	0	0	0	0	0	0	0	0	63.3043823242	0	0	0	0	0	0	0	0	0	0	0	0	0	0	0
Feb 22 2023 18:06:13	1.29349672794	89.4988479614	96.6413726807	0.000896678713616	61.379650116	7.2220492363	51.731754303	-	0	0	0	0	0	0	0	0	0	0	0	0	0	0	0	0	13.7171926498	0	0	0	0	0	0	0	0	0	0.388752192259	1.72215998173	3.39153957367	4.66954135895	4.90650510788	4.00265789032	2.4804391861	1.07382440567	0.222460255027	0	0	0	0	0	0	0	0	0	63.4249267578	0	0	0	0	0	0	0	0	0	0	0	0	0	0	0
Feb 22 2023 18:06:14	1.3263566494	89.8076553345	96.7569046021	0.000801805639639	63.709487915	8.47270107269	61.0266456604	-	0	0	0	0	0	0	0	0	0	0	0	0	0	0	0	0	11.207701683	0	0	0	0	0	0	0	0	0	0.372186511755	1.55523121357	2.94460010529	4.08247327805	4.54277944565	4.14168787003	3.04922485352	1.70461642742	0.573152899742	0	0	0	0	0	0	0	0	0	65.8263473511	0	0	0	0	0	0	0	0	0	0	0	0	0	0	0
Feb 22 2023 18:06:15	6.12808847427	90.1191253662	96.8731689453	0.000625906337518	65.710899353	9.21228694916	70.5230026245	-	0	0	0	0	0	0	0	0	0	0	0	0	0	0	0	0	9.89216709137	0	0	0	0	0	0	0	0	0	0.252424776554	2.28390955925	4.15927553177	4.98556995392	4.48982620239	3.12344431877	1.65091919899	0.614868223667	0.116977483034	0	0	0	0	0	0	0	0	0	68.4306182861	0	0	0	0	0	0	0	0	0	0	0	0	0	0	0
Feb 22 2023 18:06:16	1.30339181423	89.7347259521	96.729637146	0.00088904495351	63.0001449585	7.76038265228	54.5982551575	-	0	0	0	0	0	0	0	0	0	0	0	0	0	0	0	0	12.6160488129	0	0	0	0	0	0	0	0	0	0.207010686398	1.43022167683	3.14516830444	4.5884103775	4.96098041534	4.06861591339	2.48365092278	1.04269194603	0.21349580586	0	0	0	0	0	0	0	0	0	65.2437057495	0	0	0	0	0	0	0	0	0	0	0	0	0	0	0
Feb 22 2023 18:06:17	1.320712924	89.9541091919	96.8116073608	0.000713149434887	64.3170394897	8.25285339355	63.7682304382	-	0	0	0	0	0	0	0	0	0	0	0	0	0	0	0	0	11.4099378586	0	0	0	0	0	0	0	0	0	0.442236304283	2.34814119339	4.61398124695	5.6089515686	4.63430500031	2.64548039436	1.01481306553	0.235871464014	0.0193876307458	0	0	0	0	0	0	0	0	0	67.0268936157	0	0	0	0	0	0	0	0	0	0	0	0	0	0	0
Feb 22 2023 18:06:18	1.29084086418	89.223197937	96.5380249023	0.000559274107218	60.1208152771	7.16878175735	65.9307632446	-	0	0	0	0	0	0	0	0	0	0	0	0	0	0	0	0	14.0478668213	1.00592169143e-12	0	0	0	0	0	0	0	0	0.228792667389	0.93314230442	2.0335419178	3.3278427124	4.41877126694	4.85098981857	4.35025405884	3.02586293221	1.36453962326	0	0	0	0	0	0	0	0	0	61.4183959961	0	0	0	0	0	0	0	0	0	0	0	0	0	0	0
Feb 22 2023 18:06:19	1.31769418716	89.9554748535	96.8121109009	0.000878961174749	64.3203353882	8.2098493576	57.2135391235	-	0	0	0	0	0	0	0	0	0	0	0	0	0	0	0	0	11.5215044022	1.8153108682e-13	0	0	0	0	0	0	0	0	0.163298770785	2.30987071991	4.77539348602	5.75499820709	4.64595317841	2.58234119415	0.966655552387	0.221894770861	0.0198527369648	0	0	0	0	0	0	0	0	0	67.0382385254	0	0	0	0	0	0	0	0	0	0	0	0	0	0	0
Feb 22 2023 18:06:20	1.30909740925	89.9864273071	96.8236694336	0.000825551222079	64.7814254761	8.16084861755	58.5518226624	-	0	0	0	0	0	0	0	0	0	0	0	0	0	0	0	0	12.0611143112	3.98728662934e-12	0	0	0	0	0	0	0	0	0	0.725268602371	2.44036698341	4.40496206284	5.25759410858	4.34071111679	2.45095849037	0.877731502056	0.143854886293	0	0	0	0	0	0	0	0	0	67.2974395752	0	0	0	0	0	0	0	0	0	0	0	0	0	0	0
Feb 22 2023 18:06:21	1.28547000885	88.914894104	96.4221878052	0.000929075991735	58.2262382507	6.79165220261	48.2113647461	-	0	0	0	0	0	0	0	0	0	0	0	0	0	0	0	0	14.770190239	8.49479341036e-13	0	0	0	0	0	0	0	0	0.465660721064	1.37596929073	2.60653042793	3.86672067642	4.74681329727	4.87799310684	4.12856006622	2.71646928787	1.13237297535	0	0	0	0	0	0	0	0	0	59.3127174377	0	0	0	0	0	0	0	0	0	0	0	0	0	0	0
Feb 22 2023 18:06:22	1.30926012993	89.9096603394	96.7950057983	0.000530243094545	63.9621276855	7.94641685486	70.4947662354	-	0	0	0	0	0	0	0	0	0	0	0	0	0	0	0	0	12.0460395813	0	0	0	0	0	0	0	0	0	0.414640873671	2.28966927528	4.53461837769	5.53962039948	4.59818601608	2.63885998726	1.01950311661	0.239920035005	0.0208277963102	0	0	0	0	0	0	0	0	0	66.6581115723	0	0	0	0	0	0	0	0	0	0	0	0	0	0	0
Feb 22 2023 18:06:23	1.28973007202	89.2015533447	96.5298995972	0.000515769992489	60.2454071045	7.19708490372	68.0661621094	-	0	0	0	0	0	0	0	0	0	0	0	0	0	0	0	0	14.1911745071	0	0	0	0	0	0	0	0	0	0.0557124614716	0.538366496563	1.39854609966	2.57602381706	3.81896042824	4.70920801163	4.81490039825	3.93278193474	2.27066636086	0.427760601044	0	0	0	0	0	0	0	0	61.2658996582	0	0	0	0	0	0	0	0	0	0	0	0	0	0	0
Feb 22 2023 18:06:24	1.3393021822	89.7314376831	96.7284088135	0.00076958007412	63.4690513611	8.77872371674	63.348941803	-	0	0	0	0	0	0	0	0	0	0	0	0	0	0	0	0	10.772772789	0	0	0	0	0	0	0	0	0	0.178527012467	1.09179329872	2.32741451263	3.57969331741	4.44904565811	4.59643173218	3.91901397705	2.63334059715	1.18704497814	0.0472326204181	0	0	0	0	0	0	0	0	65.2176895142	0	0	0	0	0	0	0	0	0	0	0	0	0	0	0
Feb 22 2023 18:06:25	1.34788119793	88.1355361938	96.2641220093	0.000511686899699	56.9003219604	8.4953250885	73.5693283081	-	0	0	0	0	0	0	0	0	0	0	0	0	0	0	0	0	10.504784584	7.08069128504e-13	0	0	0	0	0	0	0	0.219004392624	0.73492193222	1.54237306118	2.5899245739	3.73798131943	4.76261758804	5.38367557526	5.34021425247	4.49999761581	2.95592975616	1.07024347782	0	0	0	0	0	0	0	0	56.6583328247	0	0	0	0	0	0	0	0	0	0	0	0	0	0	0
Feb 22 2023 18:06:26	1.29545652866	88.4346847534	96.3143920898	0.000733949593268	57.3051338196	7.28912687302	58.7201538086	-	0	0	0	0	0	0	0	0	0	0	0	0	0	0	0	0	13.4833917618	0	0	0	0	0	0	0	0	0.0200540907681	0.398357868195	1.06325817108	2.00230312347	3.1157643795	4.20228815079	4.97164154053	5.11116409302	4.40753412247	2.87903857231	0.868387639523	0	0	0	0	0	0	0	0	57.4768180847	0	0	0	0	0	0	0	0	0	0	0	0	0	0	0
Feb 22 2023 18:06:27	1.28837490082	87.1709899902	96.1010513306	0.000644372950774	54.3165359497	6.76654720306	60.5467147827	-	0	0	0	0	0	0	0	0	0	0	0	0	0	0	0	4.66068952779e-30	14.3701686859	3.05890946253e-13	0	0	0	0	0	0	0	0.222066536546	0.804745793343	1.67334151268	2.74457859993	3.85630583763	4.78049659729	5.25524806976	5.05457496643	4.08351755142	2.45828413963	0.542778730392	0	0	0	0	0	0	0	0	54.1539001465	0	0	0	0	0	0	0	0	0	0	0	0	0	0	0
Feb 22 2023 18:06:28	1.28757703304	87.0841293335	96.0862884521	0.000629010610282	54.0694580078	6.70265865326	61.0089073181	-	0	0	0	0	0	0	0	0	0	0	0	0	0	0	0	0	14.4777793884	0	0	0	0	0	0	0	0	0.292876511812	0.909931182861	1.80205249786	2.87588024139	3.96309828758	4.83641242981	5.24343633652	4.97486352921	3.95458078384	2.31307482719	0.418102055788	0	0	0	0	0	0	0	0	53.9379119873	0	0	0	0	0	0	0	0	0	0	0	0	0	0	0
Feb 22 2023 18:06:29	1.28972947598	89.2501754761	96.5481491089	0.00078584154835	60.6450386047	7.25335597992	55.8057060242	-	0	0	0	0	0	0	0	0	0	0	0	0	0	0	0	0	14.1912431717	2.34379193571e-13	0	0	0	0	0	0	0	0	0	0.279642164707	1.02083098888	2.16049695015	3.50496816635	4.63245487213	5.02045631409	4.32413196564	2.64812493324	0.608258247375	0	0	0	0	0	0	0	0	61.6093940735	0	0	0	0	0	0	0	0	0	0	0	0	0	0	0
Feb 22 2023 18:06:30	1.26927244663	53.2335624695	85.4812850952	0.000353460753104	44.451751709	5.87323522568	71.9060058594	-	0	0	0	0	0	0	0	0	0	0	0	0	0	0	0	1.00540943626e-10	18.0027580261	0.413141161203	1.41541726256e-12	1.04728887578e-33	0	0	0	0	0	0	0	0	0.110568523407	0.873225927353	2.03852939606	3.39003133774	4.57230901718	5.15379095078	4.8054728508	3.53847336769	1.84678077698	0.542060732841	0.173458114266	1.0049598217	4.0666809082	9.38530158997	14.6514892578	15.7626094818	9.6683588028	0	0	0	0	0	0	0	0	0	0	0	0	0	0	0
Feb 22 2023 18:06:31	1.29363417625	89.1203613281	96.499420166	0.000711036205757	60.843120575	7.65857505798	60.4469604492	-	0	0	0	0	0	0	0	0	0	0	0	0	0	0	0	0	13.7005138397	0	0	0	0	0	0	0	0	0	0	0	0.00125442515127	0.0536059886217	0.476299732924	2.09671854973	5.42509794235	8.36671352386	6.9557094574	2.19718956947	0.0264826193452	0	0	0	0	0	0	0	60.7004165649	0	0	0	0	0	0	0	0	0	0	0	0	0	0	0
Feb 22 2023 18:06:32	1.28386843204	87.9972076416	96.2408294678	0.000394593924284	56.5588874817	6.82513809204	73.2982940674	-	0	0	0	0	0	0	0	0	0	0	0	0	0	0	0	0	15.0008144379	0	0	0	0	0	0	0	0	0	0.10333365947	0.504577219486	1.20513367653	2.21701645851	3.44013237953	4.62209653854	5.37105035782	5.26669597626	4.06185340881	1.92052614689	0	0	0	0	0	0	0	0	56.2867698669	0	0	0	0	0	0	0	0	0	0	0	0	0	0	0
Feb 22 2023 18:06:33	1.27965497971	87.6417007446	96.1808242798	0.000516028841957	55.7392654419	6.58769607544	65.5703277588	-	0	0	0	0	0	0	0	0	0	0	0	0	0	0	0	0	15.6449394226	2.57357679547e-14	0	0	0	0	0	0	0	0	0.124414950609	0.531703531742	1.2365809679	2.24960541725	3.47052741051	4.64896583557	5.39627933502	5.29430246353	4.09472751617	1.95668697357	0	0	0	0	0	0	0	0	55.3512649536	0	0	0	0	0	0	0	0	0	0	0	0	0	0	0
Feb 22 2023 18:06:34	1.27736616135	46.7759170532	84.8887481689	0.000517943582963	42.1467475891	6.30972576141	64.4827957153	-	0	0	0	0	0	0	0	0	0	0	0	0	0	0	0	0	16.0195560455	1.34953777754e-12	0	0	0	0	0	0	0	0	0.217876419425	0.787045240402	1.598741889	2.58631372452	3.62877392769	4.54171085358	5.09019041061	5.04725074768	4.29281187057	2.9373986721	1.39762043953	0.305694758892	0.122251421213	1.24442887306	4.38135242462	9.1113653183	13.4192304611	14.2009706497	9.06941604614	0	0	0	0	0	0	0	0	0	0	0	0	0	0	0
Feb 22 2023 18:06:35	1.29015159607	86.8423461914	96.0451431274	0.000352215196472	54.6060943604	7.06495475769	76.7070922852	-	0	0	0	0	0	0	0	0	0	0	0	0	0	0	0	0	14.1364355087	3.95912642948e-12	0	0	0	0	0	0	0	0.00612452859059	0.225694715977	0.660481333733	1.35100591183	2.30024838448	3.43773508072	4.58539772034	5.44572496414	5.65020227432	4.88770532608	3.12368321419	0.845022797585	0	0	0	0	0	0	0	53.3445358276	0	0	0	0	0	0	0	0	0	0	0	0	0	0	0
Feb 22 2023 18:06:36	1.30904221535	88.9214553833	96.424659729	0.00046168625704	58.8802642822	7.92385721207	73.7330703735	-	0	0	0	0	0	0	0	0	0	0	0	0	0	0	0	0	12.0662326813	3.31794840084e-13	0	0	0	0	0	0	0	0	0.379885077477	1.11800444126	2.14482283592	3.31986069679	4.39334487915	5.04499435425	4.98289299011	4.0804977417	2.48347401619	0.629890143871	0	0	0	0	0	0	0	0	59.356098175	0	0	0	0	0	0	0	0	0	0	0	0	0	0	0
Feb 22 2023 18:06:37	1.29048466682	87.94115448	96.2313842773	0.000711273809429	56.1624565125	7.01174879074	58.4156913757	-	0	0	0	0	0	0	0	0	0	0	0	0	0	0	0	0	14.0934886932	0	0	0	0	0	0	0	0	0.0378045290709	0.451804131269	1.1492344141	2.10526251793	3.21361899376	4.27705812454	5.02016639709	5.14885616302	4.4586558342	2.95558142662	0.95103430748	0	0	0	0	0	0	0	0	56.1374320984	0	0	0	0	0	0	0	0	0	0	0	0	0	0	0
Feb 22 2023 18:06:38	1.27985286713	88.7976379395	96.3780670166	0.00053910195129	58.1248855591	6.67007541656	64.5761947632	-	0	0	0	0	0	0	0	0	0	0	0	0	0	0	0	0	15.6134109497	0	0	0	0	0	0	0	0	0	0.075956761837	0.442822128534	1.12782549858	2.14943027496	3.38501143456	4.52698755264	5.12365102768	4.74896430969	3.25669717789	1.00172364712	0	0	0	0	0	0	0	0	58.5475196838	0	0	0	0	0	0	0	0	0	0	0	0	0	0	0
Feb 22 2023 18:06:39	7.76806688309	90.7012023926	97.0897369385	0.000514223589562	70.2339477539	10.0677118301	76.6627349854	-	0	0	0	0	0	0	0	0	0	0	0	0	0	0	0	0	9.37269592285	1.02133708121e-13	0	0	0	0	0	0	0	0	0	0	2.89362192154	5.85914230347	4.990234375	2.32336854935	0.608696103096	0.0833343490958	0.00408864300698	0	0	0	0	0	0	0	0	0	73.8648147583	0	0	0	0	0	0	0	0	0	0	0	0	0	0	0
Feb 22 2023 18:06:40	1.30030596256	87.6760253906	96.1866226196	0.000366299675079	56.8201293945	6.84123277664	74.8292236328	-	0	0	0	0	0	0	0	0	0	0	0	0	0	0	1.07992989551e-10	0.0423834584653	13.4565038681	2.45002818108	0.00161611021031	4.94008123297e-09	1.474014014e-17	4.16880255311e-32	0	0	0	0	0	0	0.00670714210719	0.0984396189451	0.560112178326	1.94866168499	4.61864614487	7.55411815643	8.08308601379	4.8137960434	0.925509810448	0	0	0	0	0	0	0	55.4403915405	0	0	0	0	0	0	0	0	0	0	0	0	0	0	0
Feb 22 2023 18:06:41	1.3326716423	90.651763916	97.0713806152	0.000790829712059	69.8481216431	9.12714195251	63.0241317749	-	0	0	0	0	0	0	0	0	0	0	0	0	0	0	0	0	10.9907064438	1.16855606612e-14	0	0	0	0	0	0	0	0	0	0	0.96296620369	3.62735772133	5.21280527115	3.90779685974	1.58521473408	0.32137876749	0.0203826799989	0	0	0	0	0	0	0	0	0	73.3713912964	0	0	0	0	0	0	0	0	0	0	0	0	0	0	0
Feb 22 2023 18:06:42	1.29180860519	88.7903213501	96.3753128052	0.000505340751261	58.4867019653	7.30430650711	69.029838562	-	0	0	0	0	0	0	0	0	0	0	0	0	0	0	0	0	13.9254722595	5.10420785499e-12	0	0	0	0	0	0	0	0	0	0.313137531281	0.97111594677	1.98074650764	3.24964237213	4.51234340668	5.34188652039	5.27679491043	4.05291557312	1.8755402565	0	0	0	0	0	0	0	5.13394207924e-15	58.5004043579	0	0	0	0	0	0	0	0	0	0	0	0	0	0	0
Feb 22 2023 18:06:43	1.33262884617	89.6536254883	96.6993103027	0.000487325654831	62.6329650879	8.43657207489	74.1676940918	-	0	0	0	0	0	0	0	0	0	0	0	0	0	0	0	0	10.9921455383	0	0	0	0	0	0	0	0	0	0.660708427429	2.11029338837	3.57855081558	4.56619882584	4.72994375229	4.04001379013	2.79581689835	1.46715629101	0.451916396618	0	0	0	0	0	0	0	0	0	64.6072540283	0	0	0	0	0	0	0	0	0	0	0	0	0	0	0
Feb 22 2023 18:06:44	1.31101226807	89.9087142944	96.7946548462	0.00035949802259	64.2859573364	8.19544410706	79.3590698242	-	0	0	0	0	0	0	0	0	0	0	0	0	0	0	0	0	11.8861570358	2.10050848785e-13	0	0	0	0	0	0	0	0	0.176418915391	1.17903578281	2.70227956772	4.15147781372	4.76144838333	4.17389678955	2.7497549057	1.26639664173	0.302839159966	0	0	0	0	0	0	0	0	0	66.6502990723	0	0	0	0	0	0	0	0	0	0	0	0	0	0	0
Feb 22 2023 18:06:45	6.18955802917	89.4998855591	96.6417617798	0.000545061950106	62.0246353149	9.3231420517	74.3565826416	-	0	0	0	0	0	0	0	0	0	0	0	0	0	0	0	0	9.42830467224	0	0	0	0	0	0	0	0	0	0.710242509842	1.85022854805	3.17007160187	4.31202888489	4.91378879547	4.74716758728	3.83642578125	2.4706158638	1.08004522324	0.0483502820134	0	0	0	0	0	0	0	0	63.4327278137	0	0	0	0	0	0	0	0	0	0	0	0	0	0	0
Feb 22 2023 18:06:46	1.29735410213	87.5537261963	96.1659393311	0.000461814575829	55.0936660767	7.13379573822	71.3502502441	-	0	0	0	0	0	0	0	0	0	0	0	0	0	0	0	0	13.2648067474	0	0	0	0	0	0	0	0	0.305483192205	0.988800823689	1.94753682613	3.06000232697	4.13354063034	4.93065214157	5.21240997314	4.81174850464	3.71588253975	2.11432981491	0.390831142664	0	0	0	0	0	0	0	0	55.1239738464	0	0	0	0	0	0	0	0	0	0	0	0	0	0	0
Feb 22 2023 18:06:47	1.29876196384	87.2575302124	96.1157455444	0.000434678222518	55.0445365906	7.34887218475	73.3245620728	-	0	0	0	0	0	0	0	0	0	0	0	0	0	0	0	0	13.1073560715	1.04250670596e-11	0	0	0	0	0	0	0	0.109339997172	0.478268742561	1.10904479027	2.00773978233	3.11039733887	4.26003599167	5.19864845276	5.60233354568	5.17717504501	3.79914307594	1.66991090775	0	0	0	0	0	0	0	0	54.3706054688	0	0	0	0	0	0	0	0	0	0	0	0	0	0	0
Feb 22 2023 18:06:48	1.30369436741	88.9050064087	96.41847229	0.000740476883948	58.5214309692	7.60982036591	60.0820426941	-	0	0	0	0	0	0	0	0	0	0	0	0	0	0	0	0	12.5852804184	1.94397731419e-12	0	0	0	0	0	0	0	0.0245472714305	0.607999324799	1.51368439198	2.63621425629	3.76955485344	4.63779687881	4.9592218399	4.5484380722	3.42000508308	1.82904958725	0.220738604665	0	0	0	0	0	0	0	0	59.2474708557	0	0	0	0	0	0	0	0	0	0	0	0	0	0	0
Feb 22 2023 18:06:49	1.28698861599	89.1291427612	96.5027160645	0.000588716822676	59.6345596313	6.99552106857	63.6769065857	-	0	0	0	0	0	0	0	0	0	0	0	0	0	0	0	0	14.5582151413	0	0	0	0	0	0	0	0	0	0.145701020956	0.780378043652	1.79847574234	3.05376195908	4.21357250214	4.84287309647	4.59691762924	3.43905234337	1.72709548473	0.0828236490488	0	0	0	0	0	0	0	0	60.7611312866	0	0	0	0	0	0	0	0	0	0	0	0	0	0	0
Feb 22 2023 18:06:50	1.31189036369	89.9614028931	96.8143234253	0.000476826477097	64.7367401123	8.31532859802	73.8562316895	-	0	0	0	0	0	0	0	0	0	0	0	0	0	0	0	0	11.8076992035	1.1479906652e-12	0	0	0	0	0	0	0	0	0	0.694705665112	2.15596866608	3.87202167511	4.90068864822	4.56700468063	3.10770177841	1.44851112366	0.357955396175	0	0	0	0	0	0	0	0	0	67.0877380371	0	0	0	0	0	0	0	0	0	0	0	0	0	0	0
Feb 22 2023 18:06:51	1.28042888641	87.9601898193	96.234588623	0.000866188143846	55.5471572876	6.41703033447	48.7648086548	-	0	0	0	0	0	0	0	0	0	0	0	0	0	0	0	0	15.5223579407	0	0	0	0	0	0	0	0	0.09411547333	0.764407753944	1.82549417019	3.11145997047	4.31048107147	5.05205965042	5.04068994522	4.20102977753	2.75186944008	1.13797461987	0	0	0	0	0	0	0	0	0	56.1880569458	0	0	0	0	0	0	0	0	0	0	0	0	0	0	0
Feb 22 2023 18:06:52	1.29539120197	89.1749343872	96.5199127197	0.000476183922729	59.8022346497	7.31825971603	70.8387680054	-	0	0	0	0	0	0	0	0	0	0	0	0	0	0	0	0	13.4910535812	0	0	0	0	0	0	0	0	0	0.372175842524	1.23476397991	2.47417473793	3.79790592194	4.75175666809	4.91202878952	4.13141822815	2.67075610161	1.0845195055	0	0	0	0	0	0	0	0	0	61.0794487	0	0	0	0	0	0	0	0	0	0	0	0	0	0	0
Feb 22 2023 18:06:53	1.29956400394	89.8558349609	96.7749023438	0.000518635031767	63.8153610229	7.68449687958	69.8038787842	-	0	0	0	0	0	0	0	0	0	0	0	0	0	0	0	0	13.0193967819	0	0	0	0	0	0	0	0	0	0.0331564955413	0.82516258955	2.44293761253	4.27618122101	5.12665987015	4.34713077545	2.5663626194	0.975852549076	0.170407891273	0	0	0	0	0	0	0	0	0	66.2167510986	0	0	0	0	0	0	0	0	0	0	0	0	0	0	0
Feb 22 2023 18:06:54	1.34620010853	90.4284515381	96.9883728027	0.000595442019403	67.7109069824	8.87243747711	70.5521774292	-	0	0	0	0	0	0	0	0	0	0	0	0	0	0	0	0	10.5561094284	0	0	0	0	0	0	0	0	0	0	3.14467334747	5.95205688477	5.16539812088	2.7642352581	0.959768414497	0.211388647556	0.0262464862317	0.000883361557499	0	0	0	0	0	0	0	0	0	71.2192459106	0	0	0	0	0	0	0	0	0	0	0	0	0	0	0
Feb 22 2023 18:06:55	6.38002872467	90.6790161133	97.0815048218	0.000917006458621	69.5727462769	9.41644763947	60.7667388916	-	0	0	0	0	0	0	0	0	0	0	0	0	0	0	0	0	9.48429965973	0	0	0	0	0	0	0	0	0	0	8.30646133423	8.19054603577	0.37341812253	0.00262613059022	3.40541987498e-06	6.9876909814e-10	1.11030696559e-14	4.22474640754e-28	0	0	0	0	0	0	0	0	0	73.6426467896	0	0	0	0	0	0	0	0	0	0	0	0	0	0	0
Feb 22 2023 18:06:56	1.28491199017	87.84765625	96.2156066895	0.000375717296265	55.1285514832	6.49946689606	73.7835922241	-	0	0	0	0	0	0	0	0	0	0	0	0	0	0	0	1.27812189543e-15	14.8496990204	5.74092910797e-13	0	0	0	0	0	0	0.00652313604951	0.544218242168	1.51084423065	2.71863293648	3.88973999023	4.71881961823	4.96716403961	4.53163385391	3.49590444565	2.12028717995	0.756668329239	0	0	0	0	0	0	0	0	0	55.8898620605	0	0	0	0	0	0	0	0	0	0	0	0	0	0	0
Feb 22 2023 18:06:57	5.09677505493	12.402015686	94.9290847778	2.68075996246e-06	38.4578819275	11.263048172	99.9215087891	-	0	0	0	0	0	0	0	0	0	0	0	0	0	0	0	0	0	0	0	0	0	0	0.794034838676	2.33590054512	3.84217023849	5.19846773148	6.30730819702	7.08428859711	7.46927022934	7.42926073074	6.96529817581	6.11413526535	4.95111274719	3.58992171288	2.17658758163	0.88022172451	0	0	0	0	0	0	0	0	34.8620223999	0	0	0	0	0	0	0	0	0	0	0	0	0	0	0
Feb 22 2023 18:06:58	-1.00000001505e+30	-1.00000001505e+30	-1.00000001505e+30	-1.00000002538e+26	-1.00000001505e+30	-1.00000001505e+30	99.9890823364	-	0	0	0	0	0	0	0	0	0	0	0	0	0	0	0	0	0	0	0	0	0	0	0	0	0	0	0	0	0	0	0	0	0	0	0	0	0	0	0	0	0	0	0	0	0	0	0	0	0	0	0	0	0	0	0	0	0	0	0	0
Feb 22 2023 18:06:59	3.38718533516	5.20270586014	93.8068084717	7.29102680452e-07	27.2653980255	5.8388209343	99.957321167	-	0	0	0	0	0	0	0	0	0	0	0	0	0	0	1.63257588004e-10	6.03858040904e-07	7.44540448068e-05	0.00214940542355	0.0267547722906	0.188187435269	0.861322343349	2.77567648888	6.57805871964	11.7129278183	15.7732782364	15.9484224319	11.8197727203	6.14982414246	2.08963179588	0.411257207394	0.0378782264888	0.00106922455598	3.21025686389e-06	9.35532467466e-12	0	0	0	0	0	0	0	0	0	0	25.6237125397	0	0	0	0	0	0	0	0	0	0	0	0	0	0	0
Feb 22 2023 18:07:00	8.26474380493	23.7477302551	63.9301948547	0	30.4960727692	17.5663204193	100.012039185	-	0	0	0	0	0	0	0	0	0	0	0	0	0	0	0	0	0	0	0	0	0	0	0	0.109540380538	0.630334019661	1.32166516781	2.12321448326	2.97981071472	3.83493828773	4.63935232162	5.34134197235	5.8926897049	6.25391578674	6.41631984711	6.42111301422	6.34788560867	6.27517938614	6.2418680191	6.25545454025	6.29581069946	6.2461643219	5.90410232544	5.06804227829	3.63673305511	1.764523983	0	0	0	0	0	0	0	0	0	0	0	0	0	0	0
Feb 22 2023 18:07:01	-1.00000001505e+30	-1.00000001505e+30	-1.00000001505e+30	-1.00000002538e+26	-1.00000001505e+30	-1.00000001505e+30	99.9825057983	-	0	0	0	0	0	0	0	0	0	0	0	0	0	0	0	0	0	0	0	0	0	0	0	0	0	0	0	0	0	0	0	0	0	0	0	0	0	0	0	0	0	0	0	0	0	0	0	0	0	0	0	0	0	0	0	0	0	0	0	0
Feb 22 2023 18:07:02	-1.00000001505e+30	-1.00000001505e+30	-1.00000001505e+30	-1.00000002538e+26	-1.00000001505e+30	-1.00000001505e+30	99.9320144653	-	0	0	0	0	0	0	0	0	0	0	0	0	0	0	0	0	0	0	0	0	0	0	0	0	0	0	0	0	0	0	0	0	0	0	0	0	0	0	0	0	0	0	0	0	0	0	0	0	0	0	0	0	0	0	0	0	0	0	0	0
Feb 22 2023 18:07:03	7.54154205322	27.3776493073	75.5364532471	8.47471881116e-07	36.2964057922	12.2121324539	99.9732131958	-	0	0	0	0	0	0	0	0	0	0	0	0	0	0	2.59865903854	0.19638620317	0.00516547542065	4.51233499916e-05	1.05863300348e-08	0	0	0	0	0	0.333945721388	1.06394529343	2.04098176956	3.14204883575	4.22741031647	5.16077232361	5.80400037766	6.03554677963	5.77684926987	5.05536270142	4.05367898941	3.0815923214	2.46723008156	2.46053242683	3.26045751572	4.98339700699	7.34182214737	9.406291008	9.8731842041	7.85763645172	3.77304601669	0	0	0	0	0	0	0	0	0	0	0	0	0	0	0
Feb 22 2023 18:07:04	4.06157398224	16.9380283356	45.0303459167	4.36020127381e-06	21.6787624359	9.13836193085	99.8239059448	-	0	0	0	0	0	0	0	0	0	0	0	0	0	0	0.243591964245	0.472098171711	0.674561023712	0.845243513584	0.984412312508	1.09827709198	1.19785010815	1.29694986343	1.41109323502	1.5587362051	1.76320409775	2.05079221725	2.44747328758	2.97831106186	3.66047358513	4.49538230896	5.45688343048	6.47617959976	7.42782115936	8.13054847717	8.37861347198	8.01393127441	7.01847219467	5.57347297668	4.03281354904	2.79984974861	2.13450694084	2.01212644577	2.1154718399	1.98229384422	1.26855397224	0	0	0	0	0	0	0	0	0	0	0	0	0	0	0
Feb 22 2023 18:07:05	4.29615020752	15.9589109421	94.6073455811	3.11326516567e-06	37.3672943115	9.67215156555	99.8817672729	-	0	0	0	0	0	0	0	0	0	0	0	0	0	0	0.218107923865	0.419409632683	0.593187451363	0.736216247082	0.85353821516	0.95784419775	1.06725537777	1.20218622684	1.38367044926	1.63412070274	1.97698533535	2.43184709549	3.01004981995	3.70900821686	4.50310182571	5.33373451233	6.10486698151	6.67725801468	6.88112735748	6.55199670792	5.58846282959	4.03101539612	2.13460445404	0.391648381948	0	0	0	0	0	0	31.608757019	0	0	0	0	0	0	0	0	0	0	0	0	0	0	0
Feb 22 2023 18:07:06	-1.00000001505e+30	-1.00000001505e+30	-1.00000001505e+30	-1.00000002538e+26	-1.00000001505e+30	-1.00000001505e+30	99.9797515869	-	0	0	0	0	0	0	0	0	0	0	0	0	0	0	0	0	0	0	0	0	0	0	0	0	0	0	0	0	0	0	0	0	0	0	0	0	0	0	0	0	0	0	0	0	0	0	0	0	0	0	0	0	0	0	0	0	0	0	0	0
Feb 22 2023 18:07:07	-1.00000001505e+30	-1.00000001505e+30	-1.00000001505e+30	-1.00000002538e+26	-1.00000001505e+30	-1.00000001505e+30	99.9750213623	-	0	0	0	0	0	0	0	0	0	0	0	0	0	0	0	0	0	0	0	0	0	0	0	0	0	0	0	0	0	0	0	0	0	0	0	0	0	0	0	0	0	0	0	0	0	0	0	0	0	0	0	0	0	0	0	0	0	0	0	0
Feb 22 2023 18:07:08	-1.00000001505e+30	-1.00000001505e+30	-1.00000001505e+30	-1.00000002538e+26	-1.00000001505e+30	-1.00000001505e+30	99.9643478394	-	0	0	0	0	0	0	0	0	0	0	0	0	0	0	0	0	0	0	0	0	0	0	0	0	0	0	0	0	0	0	0	0	0	0	0	0	0	0	0	0	0	0	0	0	0	0	0	0	0	0	0	0	0	0	0	0	0	0	0	0
Feb 22 2023 18:07:09	-1.00000001505e+30	-1.00000001505e+30	-1.00000001505e+30	-1.00000002538e+26	-1.00000001505e+30	-1.00000001505e+30	99.9852676392	-	0	0	0	0	0	0	0	0	0	0	0	0	0	0	0	0	0	0	0	0	0	0	0	0	0	0	0	0	0	0	0	0	0	0	0	0	0	0	0	0	0	0	0	0	0	0	0	0	0	0	0	0	0	0	0	0	0	0	0	0
Feb 22 2023 18:07:10	9.22610664368	89.8048629761	96.755859375	4.93859602102e-07	64.8203201294	24.6821212769	99.9936065674	-	0	0	0	0	0	0	0	0	0	0	0	0	0	0	0	0	0	0	0	0	0	0	0	0.0561428964138	0.241899251938	0.618413150311	1.26126682758	2.21986269951	3.46771359444	4.83872175217	5.98629760742	6.39132404327	5.52761650085	3.24067282677	0.34618511796	0	0	0	0	0	0	0	0	2.6522851298e-13	65.8038864136	0	0	0	0	0	0	0	0	0	0	0	0	0	0	0
Feb 22 2023 18:07:11	-1.00000001505e+30	-1.00000001505e+30	-1.00000001505e+30	-1.00000002538e+26	-1.00000001505e+30	-1.00000001505e+30	99.9975967407	-	0	0	0	0	0	0	0	0	0	0	0	0	0	0	0	0	0	0	0	0	0	0	0	0	0	0	0	0	0	0	0	0	0	0	0	0	0	0	0	0	0	0	0	0	0	0	0	0	0	0	0	0	0	0	0	0	0	0	0	0
Feb 22 2023 18:07:12	9.70437717438	79.1645202637	93.1819915771	3.79683825713e-07	61.5731582642	26.3157901764	99.9954071045	-	0	0	0	0	0	0	0	0	0	0	0	0	0	0	0	0	0	0	0	0	0	0	0	0.00334868417121	0.0532293058932	0.245936185122	0.739519417286	1.71583271027	3.25294137001	5.12221336365	6.62243938446	6.71069335938	4.73906040192	1.61169302464	0	0	0	0	2.33681203099e-06	0.000825383176561	0.0409988798201	0.794984936714	7.2739815712	29.3438911438	31.7284069061	0	0	0	0	0	0	0	0	0	0	0	0	0	0	0
Feb 22 2023 18:07:13	-1.00000001505e+30	-1.00000001505e+30	-1.00000001505e+30	-1.00000002538e+26	-1.00000001505e+30	-1.00000001505e+30	100.004302979	-	0	0	0	0	0	0	0	0	0	0	0	0	0	0	0	0	0	0	0	0	0	0	0	0	0	0	0	0	0	0	0	0	0	0	0	0	0	0	0	0	0	0	0	0	0	0	0	0	0	0	0	0	0	0	0	0	0	0	0	0
Feb 22 2023 18:07:14	0.876975655556	0.926244854927	0.978095710278	0	0.926120519638	0.926120519638	100.00920105	-	0	0	0	0	0	0	0	0	0	0	0	0	0	0	100	6.87952163769e-14	0	0	0	0	0	0	0	0	0	0	0	0	0	0	0	0	0	0	0	0	0	0	0	0	0	0	0	0	0	0	0	0	0	0	0	0	0	0	0	0	0	0	0	0
Feb 22 2023 18:07:15	0.876975655556	0.926244854927	0.978095710278	5.4327653487e-08	0.926120519638	0.926120519638	99.9708557129	-	0	0	0	0	0	0	0	0	0	0	0	0	0	0	100	0	0	0	0	0	0	0	0	0	0	0	0	0	0	0	0	0	0	0	0	0	0	0	0	0	0	0	0	0	0	0	0	0	0	0	0	0	0	0	0	0	0	0	0	0
Feb 22 2023 18:07:16	0.899027168751	88.974899292	96.4447555542	1.32318902502e-07	55.6733589172	2.26516151428	99.9711380005	-	0	0	0	0	0	0	0	0	0	0	0	0	0	0	40.2882919312	3.32153006271e-13	0	0	0	0	0	0	0	0	0	0	0	0	0	0	0	0	0	0	0	0	0	0	0	0	0	0	0	0	59.7117080688	0	0	0	0	0	0	0	0	0	0	0	0	0	0	0
Feb 22 2023 18:07:17	6.67622995377	65.7344512939	71.1486358643	0	45.9598731995	7.56531047821	100.009559631	-	0	0	0	0	0	0	0	0	0	0	0	0	0	0	8.82590293884	0	0	0	0	0	0	0	0	0	0	0.114763282239	0.599839508533	1.64566266537	3.28717637062	5.21216964722	6.62040996552	6.42452001572	3.97201061249	0.489012807608	0	0	0	0	0	0	0	0	62.8085327148	0	0	0	0	0	0	0	0	0	0	0	0	0	0	0	0	0
Feb 22 2023 18:07:18	-1.00000001505e+30	-1.00000001505e+30	-1.00000001505e+30	-1.00000002538e+26	-1.00000001505e+30	-1.00000001505e+30	100.029823303	-	0	0	0	0	0	0	0	0	0	0	0	0	0	0	0	0	0	0	0	0	0	0	0	0	0	0	0	0	0	0	0	0	0	0	0	0	0	0	0	0	0	0	0	0	0	0	0	0	0	0	0	0	0	0	0	0	0	0	0	0
